26/11/24 10:47:34 0000 s 01511ver01 44.792542 8.739350 00 00
26/11/24 11:17:07 0001 1                  44.836623 8.610788 00 00 3139313130304A3032313230            
26/11/24 11:19:42 0002 1                  44.836833 8.606547 00 00 313831323045303233303737            
26/11/24 11:20:22 0003 1                  44.837050 8.606275 00 00 313831323045303233343634            
26/11/24 11:22:31 0004 1                  44.836650 8.600667 00 00 30396061C3C0768043B1A786            
26/11/24 11:22:31 0005 1                  44.836650 8.600667 00 00 30396061C3C07640A22684AE            
26/11/24 11:22:31 0006 1                  44.836650 8.600667 00 00 313831323045303232323332            
26/11/24 11:22:34 0007 1                  44.836650 8.600667 00 00 30396061C3C28401CDA6E7C0            
26/11/24 11:22:48 0008 1                  44.836653 8.600663 00 00 30396061C3C283423CF48B3A            
26/11/24 11:23:16 0009 1                  44.836660 8.600658 00 00 313831313030533031303130            
26/11/24 11:26:57 0010 1                  44.840923 8.589605 00 00 313831323045303232373735            
26/11/24 11:29:09 0011 1                  44.841725 8.584410 00 00 313831323045303230323131            
26/11/24 11:29:56 0012 1                  44.841698 8.585808 00 00 3035EB8ADC494B87FE004167            
26/11/24 11:29:56 0013 1                  44.841695 8.585805 00 00 3035EBB320425DC80004055B            
26/11/24 11:29:56 0014 1                  44.841695 8.585805 00 00 3035EBB320293F8800041240            
26/11/24 11:29:57 0015 1                  44.841695 8.585805 00 00 3035EBB3204277C80004100E            
26/11/24 11:29:59 0016 1                  44.841693 8.585803 00 00 3035EBB3204270C8000407B4            
26/11/24 11:30:04 0017 1                  44.841690 8.585800 00 00 30395DFA830CC7C000151DE1            
26/11/24 11:30:04 0018 1                  44.841688 8.585798 00 00 3035EBE314178408000434E3            
26/11/24 11:30:06 0019 1                  44.841688 8.585798 00 00 313831323045303138363230            
26/11/24 11:31:31 0020 1                  44.841367 8.586965 00 00 313831323045303233373537            
26/11/24 11:33:40 0021 1                  44.842600 8.588623 00 00 313831323045303230373836            
26/11/24 11:36:02 0022 1                  44.841500 8.588925 00 00 313831313030533030313236            
26/11/24 11:39:43 0023 1                  44.842555 8.587948 00 00 313831323045303230373731            
26/11/24 11:41:50 0024 1                  44.842427 8.586275 00 00 3234303132304A3030343335            
26/11/24 11:43:07 0025 1                  44.842413 8.586297 00 00 313831323045303232363439            
26/11/24 11:43:17 0026 1                  44.842417 8.586298 00 00 313831323045303232363435            
26/11/24 11:43:28 0027 1                  44.842417 8.586300 00 00 313831323045303232353730            
26/11/24 11:43:42 0028 1                  44.842415 8.586302 00 00 313831323045303232353734            
26/11/24 11:44:31 0029 1                  44.842240 8.585498 00 00 313831323045303231313030            
26/11/24 11:47:30 0030 1                  44.843040 8.582268 00 00 3234303132304A3031313433            
26/11/24 11:47:40 0031 1                  44.843040 8.582270 00 00 3234303132304A3032323638            
26/11/24 11:47:54 0032 1                  44.843053 8.582275 00 00 313931323050303034383038            
26/11/24 11:48:05 0033 1                  44.843063 8.582277 00 00 3233303033304D3030343537            
26/11/24 11:48:49 0034 1                  44.843247 8.582418 00 00 313831323045303232323137            
26/11/24 11:49:30 0035 1                  44.843248 8.582487 00 00 3231303033304D3032353731            
26/11/24 11:49:49 0036 1                  44.843248 8.582428 00 00 31383033304D303033353634            
26/11/24 11:51:25 0037 1                  44.844777 8.583425 00 00 313831323045303230303039            
26/11/24 11:52:19 0038 1                  44.845380 8.582490 00 00 313831323045303234303839            
26/11/24 11:53:04 0039 1                  44.845493 8.582295 00 00 313831323045303234303836            
26/11/24 11:53:35 0040 1                  44.845595 8.582177 00 00 313931323050303036373330            
26/11/24 11:54:56 0041 1                  44.845897 8.581447 00 00 30348165A0000023852DA76F            
26/11/24 11:54:57 0042 1                  44.845897 8.581445 00 00 3234303132304A3030333632            
26/11/24 11:55:44 0043 1                  44.846195 8.581030 00 00 313831323045303232323530            
26/11/24 11:56:31 0044 1                  44.846625 8.581037 00 00 313931323050303037303331            
26/11/24 11:56:43 0045 1                  44.846633 8.581022 00 00 313831323045303233313234            
26/11/24 11:57:12 0046 1                  44.846622 8.581002 00 00 313831323045303213109100            
26/11/24 11:58:04 0047 1                  44.847532 8.579898 00 00 3234303132304A3030333930            
26/11/24 11:58:12 0048 1                  44.847540 8.579895 00 00 3234303132304A3030333631            
26/11/24 12:00:02 0049 1                  44.848248 8.579008 00 00 3138B1323045303232323134            
26/11/24 12:00:03 0050 1                  44.848248 8.579008 00 00 3035EBA1BC1716801E02D954            
26/11/24 12:00:06 0051 1                  44.848253 8.579010 00 00 313831323045303232323033            
26/11/24 12:00:06 0052 1                  44.848253 8.579010 00 00 3035E88440001AA2842FE9D5            
26/11/24 12:01:06 0053 1                  44.848187 8.577953 00 00 313831323045303233303931            
26/11/24 12:02:20 0054 1                  44.847868 8.577537 00 00 31383132304A303230393139            
26/11/24 12:03:10 0055 1                  44.847425 8.576997 00 00 313831323045303233393039            
26/11/24 12:03:54 0056 1                  44.847443 8.577013 00 00 313831323045303235303437            
26/11/24 12:04:37 0057 1                  44.847245 8.576803 00 00 313831323045303233353933            
26/11/24 12:04:48 0058 1                  44.847252 8.576795 00 00 313831323045303233393038            
26/11/24 12:07:25 0059 1                  44.848938 8.575482 00 00 313831323045303234303433            
26/11/24 12:07:26 0060 1                  44.848937 8.575485 00 00 313831323045303139343737            
26/11/24 12:09:02 0061 1                  44.848818 8.576492 00 00 313831313030533031303133            
26/11/24 12:09:32 0062 1                  44.848820 8.576497 00 00 313831313030533031303135            
26/11/24 12:11:27 0063 1                  44.849938 8.576305 00 00 313831323045303233393630            
26/11/24 12:16:27 0064 1                  44.853668 8.581282 00 00 3139313130304A3032313131            
26/11/24 12:16:27 0065 1                  44.853668 8.581282 00 00 3139313130304A3032313131            
26/11/24 12:20:06 0066 1                  44.854158 8.583942 00 00 313831323045303232333739            
26/11/24 12:24:03 0067 1                  44.852425 8.582277 00 00 313831323045303233303439            
26/11/24 12:24:43 0068 1                  44.851797 8.581495 00 00 313832343045303034333135            
26/11/24 12:27:30 0069 1                  44.850885 8.579555 00 00 313831323045303233313138            
26/11/24 12:28:29 0070 1                  44.850108 8.579613 00 00 313831323045303232303037            
26/11/24 12:29:01 0071 1                  44.850100 8.579605 00 00 313831323045303233303434            
26/11/24 12:30:20 0072 1                  44.849338 8.579732 00 00 313831323045303234313335            
26/11/24 12:30:20 0073 1                  44.849338 8.579732 00 00 313831323045303232373637            
26/11/24 12:30:47 0074 1                  44.849328 8.579738 00 00 313831323045303234323234            
26/11/24 12:31:45 0075 1                  44.848898 8.579042 00 00 313831323045303233363432            
26/11/24 12:32:04 0076 1                  44.848900 8.579035 00 00 313831323045303231333038            
26/11/24 12:32:39 0077 1                  44.848822 8.578837 00 00 313831323045303234383836            
26/11/24 12:34:20 0078 1                  44.848833 8.577755 00 00 313831323045303234313231            
26/11/24 12:34:52 0079 1                  44.848943 8.577522 00 00 313931323050303030303736            
26/11/24 12:35:33 0080 1                  44.848812 8.577258 00 00 3233303132304A3030353733            
26/11/24 12:36:54 0081 1                  44.848585 8.576870 00 00 313831323045303233313534            
26/11/24 12:41:57 0082 1                  44.848640 8.577003 00 00 313831323045303230373736            
26/11/24 12:46:23 0083 1                  44.846817 8.580585 00 00 313831323045303233303332            
26/11/24 12:46:56 0084 1                  44.846352 8.580875 00 00 30395DFA82D879400019CA14            
26/11/24 12:46:56 0085 1                  44.846352 8.580875 00 00 313831323045303232383133            
26/11/24 12:47:41 0086 1                  44.846137 8.580792 00 00 313831323045303232303533            
26/11/24 12:48:18 0087 1                  44.845707 8.580705 00 00 313831323045303232373430            
26/11/24 12:48:55 0088 1                  44.845562 8.580715 00 00 3234303132304A3030333838            
26/11/24 12:49:03 0089 1                  44.845555 8.580717 00 00 313831323045303231393331            
26/11/24 12:50:00 0090 1                  44.844245 8.580293 00 00 313831323045303232303137            
26/11/24 12:51:37 0091 1                  44.844665 8.580725 00 00 313831313030533031313031            
26/11/24 12:56:21 0092 1                  44.844942 8.580762 00 00 313831323045303232373433            
26/11/24 12:56:59 0093 1                  44.844955 8.580748 00 00 313831313030533031313335            
26/11/24 12:58:22 0094 1                  44.845370 8.580823 00 00 313831323045303138383634            
26/11/24 12:58:41 0095 1                  44.845387 8.580853 00 00 313831323045303230303635            
26/11/24 12:59:39 0096 1                  44.845825 8.580890 00 00 3234303132304A3032323832            
26/11/24 13:01:21 0097 1                  44.844460 8.583635 00 00 313831323045303232343433            
26/11/24 13:01:32 0098 1                  44.844463 8.583635 00 00 313831323045303232323936            
26/11/24 13:01:49 0099 1                  44.844463 8.583638 00 00 313831323045303232343733            
26/11/24 13:02:38 0100 1                  44.844085 8.584125 00 00 3234303132304A3030333931            
26/11/24 13:03:11 0101 1                  44.843877 8.584368 00 00 313831323045303232353736            
26/11/24 13:04:06 0102 1                  44.843580 8.584782 00 00 313831323045303139393739            
26/11/24 13:04:19 0103 1                  44.843567 8.584785 00 00 313831323045303232343730            
26/11/24 13:05:10 0104 1                  44.843078 8.585475 00 00 313831323045303233353038            
26/11/24 13:06:22 0105 1                  44.843128 8.586013 00 00 3036241B283C9D438D5115F6            
26/11/24 13:06:22 0106 1                  44.843128 8.586013 00 00 3036241B283C9D638D0BA02B            
26/11/24 13:06:22 0107 1                  44.843128 8.586013 00 00 3034815C90000022851F787C            
26/11/24 13:07:12 0108 1                  44.843157 8.586538 00 00 313831323045303234303132            
26/11/24 13:07:54 0109 1                  44.843175 8.586855 00 00 313931323050303031343634            
26/11/24 13:08:35 0110 1                  44.843265 8.587268 00 00 30396062C38C8AC0001EC37D            
26/11/24 13:08:35 0111 1                  44.843265 8.587268 00 00 313931323050303037343834            
26/11/24 13:08:35 0112 1                  44.843265 8.587268 00 00 30396062436E1DC0006ACBD7            
26/11/24 13:08:37 0113 1                  44.843265 8.587268 00 00 30396062C38C0E00002B3BA1            
26/11/24 13:11:29 0114 1                  44.843603 8.589270 00 00 313831313030533031313035            
26/11/24 13:11:37 0115 1                  44.843612 8.589267 00 00 30396062436E1DC0005D5BF4            
26/11/24 13:11:39 0116 1                  44.843613 8.589267 00 00 303960624377DE010E222CDF            
26/11/24 13:13:06 0117 1                  44.843208 8.585155 00 00 313831323045303234303736            
26/11/24 13:13:50 0118 1                  44.843118 8.584375 00 00 313931323050303130363735            
26/11/24 13:14:49 0119 1                  44.843065 8.584103 00 00 313831323045303234303834            
26/11/24 13:15:23 0120 1                  44.843045 8.584103 00 00 313831323045303232373633            
26/11/24 13:16:59 0121 1                  44.842995 8.583357 00 00 313831323045303234313830            
26/11/24 13:18:45 0122 1                  44.842812 8.581687 00 00 313931323050303133383230            
26/11/24 13:19:22 0123 1                  44.842673 8.581537 00 00 313831323045303233373236            
26/11/24 13:19:57 0124 1                  44.842528 8.581288 00 00 3233303132304A3030373234            
26/11/24 13:20:07 0125 1                  44.842535 8.581290 00 00 313831323045303236323539            
26/11/24 13:21:28 0126 1                  44.842572 8.581117 00 00 313831323045303232373736            
26/11/24 13:22:15 0127 1                  44.842600 8.580778 00 00 3234303132304A3033323136            
26/11/24 13:22:55 0128 1                  44.842653 8.580458 00 00 3234303132304A3032323335            
26/11/24 13:23:28 0129 1                  44.842732 8.580023 00 00 313831323045303234323530            
26/11/24 13:24:33 0130 1                  44.842505 8.579258 00 00 313831323045303232363630            
26/11/24 13:26:42 0131 1                  44.842582 8.576737 00 00 313831323045303232393736            
26/11/24 13:26:58 0132 1                  44.842582 8.576767 00 00 313831323045303230393036            
26/11/24 13:27:13 0133 1                  44.842575 8.576780 00 00 313831323045303230393433            
26/11/24 13:27:25 0134 1                  44.842572 8.576792 00 00 31383033304D303034363033            
26/11/24 13:28:14 0135 1                  44.842727 8.576675 00 00 313831323045303232343031            
26/11/24 13:28:32 0136 1                  44.842730 8.576662 00 00 313931323050303030323939            
26/11/24 13:29:37 0137 1                  44.842648 8.576448 00 00 313831323045303233393934            
26/11/24 13:30:22 0138 1                  44.842465 8.576177 00 00 313831323045303232383531            
26/11/24 13:31:23 0139 1                  44.842327 8.575635 00 00 313831323045303232353837            
26/11/24 13:31:34 0140 1                  44.842330 8.575628 00 00 313831323045303232383439            
26/11/24 13:32:07 0141 1                  44.842337 8.575618 00 00 313831323045303232313639            
26/11/24 13:33:25 0142 1                  44.842182 8.575032 00 00 3234303132304A3030383532            
26/11/24 13:33:26 0143 1                  44.842182 8.575030 00 00 30348158F800002C5253751F            
26/11/24 13:33:58 0144 1                  44.842178 8.575015 00 00 313932343045303030363834            
26/11/24 13:34:51 0145 1                  44.842085 8.574760 00 00 313831323045303232383530            
26/11/24 13:35:00 0146 1                  44.842090 8.574762 00 00 313931323050303133383939            
26/11/24 13:35:35 0147 1                  44.842088 8.574767 00 00 313832343045303034313331            
26/11/24 14:00:48 0148 1                  44.849705 8.580787 00 00 3234303132304A3030383534            
26/11/24 14:01:40 0149 1                  44.849785 8.581255 00 00 313831323045303230343336            
26/11/24 14:02:17 0150 1                  44.849847 8.581433 00 00 313831323045303230343237            
26/11/24 14:02:40 0151 1                  44.849847 8.581437 00 00 3233303234304A3030353131            
26/11/24 14:03:37 0152 1                  44.849908 8.581938 00 00 313831323045303230333739            
26/11/24 14:03:51 0153 1                  44.849907 8.581935 00 00 313831323045303230343335            
26/11/24 14:04:15 0154 1                  44.849915 8.581933 00 00 313831323045303230333833            
26/11/24 14:05:10 0155 1                  44.849957 8.582318 00 00 313831323045303230333737            
26/11/24 14:09:51 0156 1                  44.854358 8.605357 00 00 313831323045303230343239            
26/11/24 14:10:02 0157 1                  44.854362 8.605362 00 00 313831323045303230343334            
26/11/24 14:13:14 0158 1                  44.850818 8.612748 00 00 313831323045303138393739            
26/11/24 14:20:17 0159 1                  44.857537 8.608967 00 00 313831323045303230343338            
26/11/24 14:22:47 0160 1                  44.859933 8.605590 00 00 313831323045303234343635            
26/11/24 14:33:11 0161 1                  44.859945 8.550625 00 00 313931323050303036393239            
26/11/24 14:34:27 0162 1                  44.858600 8.549728 00 00 30396062437249800014F549            
26/11/24 14:34:28 0163 1                  44.858600 8.549727 00 00 313931323050303036383630            
26/11/24 14:35:05 0164 1                  44.858388 8.549582 00 00 313831323045303230393830            
26/11/24 14:35:37 0165 1                  44.858198 8.549438 00 00 313831323045303231323431            
26/11/24 14:37:19 0166 1                  44.855972 8.547870 00 00 313831323045303231353837            
26/11/24 14:37:28 0167 1                  44.855970 8.547862 00 00 313831323045303230393930            
26/11/24 14:50:51 0000 s 01511ver01 44.854710 8.545175 00 00
26/11/24 15:32:42 0168 1                  44.912908 8.871225 00 00 30396062437249800014F549            
26/11/24 16:07:35 0000 s 01511ver01 44.882517 8.860290 00 00
26/11/24 16:32:12 0000 s 01511ver01 44.882730 8.860080 00 00
26/11/24 17:06:20 0000 s 01511ver01 44.792567 8.739367 00 00
