26/11/24 11:14:27 0000 s 01891ver01 44.792550 8.739512 00 00
26/11/24 11:37:47 0001 1                  44.838842 8.587090 00 00 313931323050303039353032            
26/11/24 11:37:50 0002 1                  44.838845 8.587090 00 00 313831323045303230393832            
26/11/24 11:38:46 0003 1                  44.839463 8.586155 00 00 3233303132304A3030373138            
26/11/24 11:40:08 0004 1                  44.839853 8.585882 00 00 313832343045303034313730            
26/11/24 11:40:10 0005 1                  44.839853 8.585880 00 00 313832343045303034323533            
26/11/24 11:41:17 0006 1                  44.840108 8.585713 00 00 313832343045303034323532            
26/11/24 11:42:43 0007 1                  44.840343 8.585545 00 00 313831323045303233323932            
26/11/24 11:43:00 0008 1                  44.840362 8.585548 00 00 313931323050303035323530            
26/11/24 11:44:13 0009 1                  44.840700 8.585363 00 00 3233303132304A3030363633            
26/11/24 11:47:24 0010 1                  44.840392 8.586262 00 00 313831323045303139333336            
26/11/24 11:47:24 0011 1                  44.840388 8.586267 00 00 313931323050303035313336            
26/11/24 11:47:56 0012 1                  44.840413 8.586277 00 00 313831323045303231333636            
26/11/24 11:49:01 0013 1                  44.840635 8.587088 00 00 313831323045303233363435            
26/11/24 11:49:03 0014 1                  44.840637 8.587082 00 00 313831323045303231333631            
26/11/24 11:49:50 0015 1                  44.840633 8.587092 00 00 313931323050303035323537            
26/11/24 11:49:50 0016 1                  44.840633 8.587092 00 00 313831323045303232353535            
26/11/24 11:49:52 0017 1                  44.840635 8.587092 00 00 30395DFA82F40780002B68CD            
26/11/24 11:50:16 0018 1                  44.840645 8.587100 00 00 313831323045303139303633            
26/11/24 11:50:29 0019 1                  44.840647 8.587095 00 00 313931323050303036323633            
26/11/24 11:51:10 0020 1                  44.840620 8.587107 00 00 3234303132304A3030333638            
26/11/24 11:51:20 0021 1                  44.840615 8.587107 00 00 3233303132304A3030363936            
26/11/24 11:51:20 0022 1                  44.840615 8.587107 00 00 313931323050303131353333            
26/11/24 11:53:07 0023 1                  44.840922 8.587027 00 00 313831323045303234313636            
26/11/24 11:53:07 0024 1                  44.840922 8.587027 00 00 3035E89800156B400001146F            
26/11/24 11:55:26 0025 1                  44.841038 8.587515 00 00 30396120C1A7E48000000304            
26/11/24 11:55:26 0026 1                  44.841038 8.587515 00 00 313931323045303630343632            
26/11/24 11:55:28 0027 1                  44.841038 8.587515 00 00 313831323045303233333032            
26/11/24 11:55:29 0028 1                  44.841038 8.587515 00 00 31393132304530363034363A            
26/11/24 11:56:40 0029 1                  44.840697 8.586728 00 00 313831323045303231313132            
26/11/24 11:58:47 0030 1                  44.840938 8.584908 00 00 313831323045303234303331            
26/11/24 11:59:51 0031 1                  44.841113 8.584743 00 00 313831323045303233363536            
26/11/24 11:59:51 0032 1                  44.841113 8.584743 00 00 313831323045303233323530            
26/11/24 12:01:46 0033 1                  44.841903 8.583675 00 00 3234303132304A3031303638            
26/11/24 12:01:48 0034 1                  44.841905 8.583672 00 00 313831323445303233363733            
26/11/24 12:02:42 0035 1                  44.842108 8.583312 00 00 313931323050303037383638            
26/11/24 12:03:49 0036 1                  44.842590 8.582488 00 00 313831323045303234353437            
26/11/24 12:03:49 0037 1                  44.842590 8.582488 00 00 3036142C281F7DDF3305F75C            
26/11/24 12:05:11 0038 1                  44.843127 8.581522 00 00 313831323045303234303130            
26/11/24 12:06:12 0039 1                  44.843518 8.580900 00 00 313831323045303138353635            
26/11/24 12:06:14 0040 1                  44.843518 8.580898 00 00 313831323045303139363735            
26/11/24 12:07:53 0041 1                  44.844098 8.579830 00 00 313831323045303230333530            
26/11/24 12:08:56 0042 1                  44.844235 8.579782 00 00 313831323045303233353236            
26/11/24 12:08:57 0043 1                  44.844235 8.579782 00 00 313831323045303235313338            
26/11/24 12:08:57 0044 1                  44.844235 8.579782 00 00 3138313A3045303233353236            
26/11/24 12:08:57 0045 1                  44.844235 8.579782 00 00 313831323045303235313338            
26/11/24 12:10:15 0046 1                  44.844418 8.579428 00 00 313831323045303230373739            
26/11/24 12:10:17 0047 1                  44.844413 8.579427 00 00 313831323045303235353535            
26/11/24 12:10:20 0048 1                  44.844415 8.579425 00 00 30395DFA82D93D80000EC6AF            
26/11/24 12:10:55 0049 1                  44.844410 8.579387 00 00 313831323045303233363339            
26/11/24 12:11:09 0050 1                  44.844403 8.579390 00 00 313931323050303039363538            
26/11/24 12:13:03 0051 1                  44.844607 8.579330 00 00 313831323045303232333035            
26/11/24 12:15:08 0052 1                  44.844730 8.578935 00 00 313931323050303133383332            
26/11/24 12:16:15 0053 1                  44.845222 8.579008 00 00 313831323045303232323037            
26/11/24 12:17:25 0054 1                  44.845567 8.579038 00 00 313831323045303233333835            
26/11/24 12:18:19 0055 1                  44.845712 8.578920 00 00 313831323045303233383330            
26/11/24 12:19:14 0056 1                  44.845857 8.578795 00 00 313831323045303233313638            
26/11/24 12:20:20 0057 1                  44.846015 8.578547 00 00 313931323050303032303132            
26/11/24 12:20:22 0058 1                  44.846013 8.578547 00 00 313831323045303233333831            
26/11/24 12:22:00 0059 1                  44.846248 8.578277 00 00 313931323050303035343834            
26/11/24 12:22:01 0060 1                  44.846248 8.578277 00 00 313831323045303233313437            
26/11/24 12:23:17 0061 1                  44.846422 8.577935 00 00 3234303132304A3030393132            
26/11/24 12:23:36 0062 1                  44.846420 8.577903 00 00 313831323045303233303638            
26/11/24 12:24:23 0063 1                  44.846405 8.577892 00 00 313831323045303232323234            
26/11/24 12:24:24 0064 1                  44.846405 8.577892 00 00 313831323045303230313335            
26/11/24 12:25:49 0065 1                  44.846425 8.577437 00 00 313931323050303030373439            
26/11/24 12:25:50 0066 1                  44.846433 8.577433 00 00 3233303234304A3030353437            
26/11/24 12:27:28 0067 1                  44.845397 8.577833 00 00 313832343045303034303332            
26/11/24 12:29:59 0068 1                  44.846828 8.576777 00 00 31383033304D303034353637            
26/11/24 12:30:03 0069 1                  44.846842 8.576783 00 00 31383033304D303034353937            
26/11/24 12:30:07 0070 1                  44.846852 8.576787 00 00 313831323045303230313930            
26/11/24 12:31:11 0071 1                  44.847232 8.576535 00 00 313831323045303233333035            
26/11/24 12:31:53 0072 1                  44.847428 8.576238 00 00 313831323045303233383238            
26/11/24 12:34:01 0073 1                  44.847632 8.575782 00 00 313931323050303032333630            
26/11/24 12:34:03 0074 1                  44.847632 8.575782 00 00 313831323045303233333131            
26/11/24 12:34:11 0075 1                  44.847632 8.575780 00 00 313931323050303032333630            
26/11/24 12:36:15 0076 1                  44.849212 8.572923 00 00 313831323045303233303336            
26/11/24 12:38:53 0077 1                  44.849467 8.572360 00 00 313831323045303233303431            
26/11/24 12:38:55 0078 1                  44.849467 8.572358 00 00 313831323045303233363638            
26/11/24 12:40:45 0079 1                  44.850533 8.570577 00 00 313831323045303232313939            
26/11/24 12:43:29 0080 1                  44.849022 8.572842 00 00 3234303132304A3030333637            
26/11/24 12:44:56 0081 1                  44.848682 8.573493 00 00 313931323050303032373435            
26/11/24 12:47:43 0082 1                  44.846937 8.576275 00 00 31B83132304A303230353331            
26/11/24 12:48:39 0083 1                  44.846878 8.576098 00 00 313931323050303032323830            
26/11/24 12:48:42 0084 1                  44.846883 8.576100 00 00 313831323045303234313633            
26/11/24 12:49:11 0085 1                  44.846917 8.576072 00 00 313831323045303233353936            
26/11/24 12:49:14 0086 1                  44.846917 8.576072 00 00 313931323050303035303331            
26/11/24 12:50:24 0087 1                  44.846795 8.575845 00 00 313831323045303233313634            
26/11/24 12:51:10 0088 1                  44.846615 8.575617 00 00 313831323045303233353838            
26/11/24 12:54:51 0089 1                  44.845843 8.574625 00 00 313831323045303139303237            
26/11/24 12:55:45 0090 1                  44.845670 8.574417 00 00 313831323045303232383032            
26/11/24 12:57:16 0091 1                  44.845063 8.573883 00 00 313831323045303232353D36            
26/11/24 12:57:16 0092 1                  44.845063 8.573883 00 00 313831323045303232333138            
26/11/24 12:58:36 0093 1                  44.844795 8.573677 00 00 313831323045303232373938            
26/11/24 12:59:09 0094 1                  44.844770 8.573648 00 00 3233303132304A3030373133            
26/11/24 12:59:10 0095 1                  44.844770 8.573648 00 00 3233303132304A3030373132            
26/11/24 13:00:24 0096 1                  44.844610 8.573533 00 00 313831323045303234303431            
26/11/24 13:01:11 0097 1                  44.844135 8.573228 00 00 313931323050303036373830            
26/11/24 13:01:58 0098 1                  44.843845 8.573038 00 00 313831323045303232303933            
26/11/24 13:02:38 0099 1                  44.843548 8.572860 00 00 313831323045303233343433            
26/11/24 13:02:38 0100 1                  44.843548 8.572860 00 00 3034F722D4079FC261A96EE6            
26/11/24 13:03:14 0101 1                  44.843402 8.572753 00 00 313931323050303133333636            
26/11/24 13:06:10 0102 1                  44.843665 8.577698 00 00 313831323045303232313134            
26/11/24 13:06:16 0103 1                  44.843670 8.577707 00 00 313831323045303234313138            
26/11/24 13:06:42 0104 1                  44.843685 8.577727 00 00 313831323045303232383033            
26/11/24 13:07:28 0105 1                  44.843675 8.577833 00 00 3231313130304A3030373939            
26/11/24 13:08:16 0106 1                  44.843675 8.577877 00 00 3231313130304A3032333939            
26/11/24 13:08:57 0107 1                  44.843692 8.577893 00 00 313931313030503030303833            
26/11/24 13:11:04 0108 1                  44.844105 8.577915 00 00 3233303234304A3030353037            
26/11/24 13:11:04 0109 1                  44.844105 8.577915 00 00 3231303234304A3031333033            
26/11/24 13:23:32 0110 1                  44.849978 8.575685 00 00 3034F8372808474AB41DC639            
26/11/24 13:23:34 0111 1                  44.849977 8.575685 00 00 3034F837285DF6CAB41DBB4C            
26/11/24 13:24:14 0112 1                  44.849975 8.575685 00 00 3034F8372854F94AB41DBE09            
26/11/24 13:24:35 0113 1                  44.849977 8.575688 00 00 3036241B283CA9952B59B7A0            
26/11/24 13:24:42 0114 1                  44.849975 8.575688 00 00 30348165A000002385533508            
26/11/24 13:24:58 0115 1                  44.849975 8.575688 00 00 3034A1ADD80000038D3DCCD4            
26/11/24 13:25:16 0116 1                  44.849978 8.575690 00 00 3035E8C6B8006C172B0F54B7            
26/11/24 13:35:25 0117 1                  44.850002 8.575672 00 00 3039EE2242D270800002B93B            
26/11/24 13:36:30 0118 1                  44.850010 8.575682 00 00 303481AF60000023853FC8EE            
26/11/24 13:36:30 0119 1                  44.850010 8.575682 00 00 3034A7B1B0000022850461A7            
26/11/24 13:37:26 0120 1                  44.850018 8.575723 00 00 3035E9426803E5BC5A7B62CA            
26/11/24 13:37:28 0121 1                  44.850020 8.575723 00 00 30396061C3C3A701842A1478            
26/11/24 13:38:05 0122 1                  44.850017 8.575732 00 00 3034823250000017290EAFEE            
26/11/24 13:38:23 0123 1                  44.850018 8.575737 00 00 3035E9426803E597A9652505            
26/11/24 13:38:25 0124 1                  44.850018 8.575735 00 00 303482E830000003AD650D87            
26/11/24 13:38:55 0125 1                  44.850023 8.575728 00 00 3035E88440001AD52B46AB51            
26/11/24 13:50:22 0126 1                  44.850498 8.569968 00 00 313831323045303232323031            
26/11/24 13:50:24 0127 1                  44.850498 8.569967 00 00 313931323050303130383932            
26/11/24 13:53:30 0128 1                  44.859227 8.554405 00 00 313831323045303233373239            
26/11/24 13:54:33 0129 1                  44.859453 8.553612 00 00 313831323045303234343230            
26/11/24 13:54:33 0130 1                  44.859453 8.553612 00 00 999000480431900000000000            
26/11/24 13:55:51 0131 1                  44.859825 8.552512 00 00 313931323050303039323732            
26/11/24 13:57:07 0132 1                  44.860068 8.551985 00 00 313931323050303036363836            
26/11/24 13:58:02 0133 1                  44.860225 8.551537 00 00 313931323050303132323539            
26/11/24 13:58:16 0134 1                  44.860213 8.551545 00 00 313831323045303138383936            
26/11/24 13:58:18 0135 1                  44.860212 8.551543 00 00 30396061C03D154000001DF1            
26/11/24 14:00:42 0136 1                  44.858277 8.549395 00 00 313831313030533031303239            
26/11/24 14:00:42 0137 1                  44.858277 8.549395 00 00 30348165A0000007AD1C4F14            
26/11/24 14:00:43 0138 1                  44.858277 8.549395 00 00 30348165A0000007AD131628            
26/11/24 14:02:50 0139 1                  44.857140 8.548048 00 00 3138324546484B3335303033            
26/11/24 14:03:31 0140 1                  44.857037 8.548062 00 00 3231303234304A3032313230            
26/11/24 14:04:14 0141 1                  44.857010 8.548083 00 00 3233313130304A3030313739            
26/11/24 14:06:36 0142 1                  44.856808 8.548508 00 00 313831323045303234343538            
26/11/24 14:07:48 0143 1                  44.856540 8.548185 00 00 313831323045303231353930            
26/11/24 14:09:09 0144 1                  44.856092 8.547803 00 00 313831313030533031303230            
26/11/24 14:10:40 0145 1                  44.855847 8.547415 00 00 3230313130304A3030323132            
26/11/24 14:10:40 0146 1                  44.855847 8.547415 00 00 3230313130304A303032313A            
26/11/24 14:10:50 0147 1                  44.855845 8.547418 00 00 999000480431900000000000            
26/11/24 14:14:37 0148 1                  44.857235 8.546562 00 00 313831313030533031303334            
26/11/24 14:18:45 0149 1                  44.855037 8.544938 00 00 313831313030533030313131            
26/11/24 14:20:25 0150 1                  44.854860 8.544787 00 00 3139313130304A3032303034            
26/11/24 14:21:41 0151 1                  44.854650 8.544630 00 00 3231313130304A3030373731            
26/11/24 14:25:07 0152 1                  44.854105 8.544160 00 00 3231313130304A3030353936            
26/11/24 14:27:07 0153 1                  44.853717 8.543855 00 00 3234313130304A3030323938            
26/11/24 14:28:30 0154 1                  44.852600 8.543020 00 00 313831323045303234343039            
26/11/24 14:36:28 0155 1                  44.851823 8.542475 00 00 313831313030533031303530            
26/11/24 14:37:13 0156 1                  44.851822 8.542478 00 00 313831313030533031303839            
26/11/24 14:38:06 0157 1                  44.851827 8.542483 00 00 3231313130304A3031373433            
26/11/24 14:39:00 0158 1                  44.851827 8.542470 00 00 3231313130304A3031373432            
26/11/24 14:39:08 0159 1                  44.851827 8.542467 00 00 999000480431900000000000            
26/11/24 14:50:50 0000 s 01891ver01 44.854790 8.545255 00 00
26/11/24 14:53:42 0160 1                  44.851262 8.541393 00 00 3231313130304A3032353532            
26/11/24 14:56:40 0161 1                  44.851447 8.540123 00 00 313831313030533031303330            
26/11/24 15:07:50 0000 s 01891ver01 44.854623 8.545147 00 00
26/11/24 15:12:06 0162 1                  44.849608 8.544418 00 00 3234313130304A3030333037            
26/11/24 15:15:48 0163 1                  44.849543 8.544788 00 00 3233313130304A3030313733            
26/11/24 15:21:57 0164 1                  44.857132 8.548475 00 00 3035EBE3145E5288000806FA            
26/11/24 15:23:42 0165 1                  44.857082 8.548468 00 00 0828159C8FE9C180051DA704            
26/11/24 15:23:53 0166 1                  44.857078 8.548467 00 00 30360392A03882C406000CE2            
26/11/24 15:29:17 0167 1                  44.857072 8.548450 00 00 3035E8C6B801DCAAC4665C0B            
26/11/24 15:30:39 0168 1                  44.857055 8.548427 00 00 30396120C0B5CC8000000C7E            
26/11/24 17:04:39 0000 s 01891ver01 44.882615 8.859945 00 00
26/11/24 17:10:24 0000 s 01891ver01 44.882567 8.859983 00 00
26/11/24 17:17:47 0000 s 01891ver01 44.882592 8.859873 00 00
26/11/24 17:55:38 0000 s 01891ver01 44.792910 8.739730 00 00
