26/11/24 04:44:23 0000 s 01506ver01 44.792757 8.739480 00 00
26/11/24 05:17:51 0001 1                  44.732093 8.832775 00 00 3233303032334D3030373737            
26/11/24 05:21:31 0002 1                  44.735680 8.830662 00 00 3231303132304A3037363137            
26/11/24 05:22:44 0003 1                  44.735688 8.830668 00 00 323031323055303030303937            
26/11/24 05:24:05 0004 1                  44.735542 8.832130 00 00 31383032334D303132393630            
26/11/24 05:28:59 0005 1                  44.730910 8.842012 00 00 3231303234304A3034333631            
26/11/24 05:30:10 0006 1                  44.730948 8.842338 00 00 3231303132304A3037343133            
26/11/24 05:31:56 0007 1                  44.729885 8.843608 00 00 31383032334D303134353338            
26/11/24 05:32:24 0008 1                  44.729795 8.843775 00 00 31383032334D303134353438            
26/11/24 05:35:37 0009 1                  44.730133 8.842325 00 00 323030323545303038303733            
26/11/24 05:39:31 0010 1                  44.730415 8.843233 00 00 3232303032334D3031353632            
26/11/24 05:44:32 0011 1                  44.728925 8.852257 00 00 3231303032334D3032383234            
26/11/24 05:44:41 0012 1                  44.728925 8.852247 00 00 31383032334D303139353739            
26/11/24 05:44:46 0013 1                  44.728925 8.852240 00 00 31383032334D303139313036            
26/11/24 05:44:49 0014 1                  44.728925 8.852238 00 00 3232303032334D3030353031            
26/11/24 05:47:53 0015 1                  44.728905 8.850460 00 00 31383032334D303033393931            
26/11/24 05:47:56 0016 1                  44.728903 8.850465 00 00 3231303032334D3031383736            
26/11/24 05:47:59 0017 1                  44.728903 8.850468 00 00 3234303032334D3030373032            
26/11/24 05:48:13 0018 1                  44.728895 8.850497 00 00 31383032334D303039323334            
26/11/24 05:49:33 0019 1                  44.729275 8.850273 00 00 31383234304A303030333936            
26/11/24 05:51:16 0020 1                  44.729417 8.849962 00 00 31383032334D303130393438            
26/11/24 05:51:20 0021 1                  44.729412 8.849955 00 00 31383032334D303134373630            
26/11/24 05:52:07 0022 1                  44.728650 8.850467 00 00 31383032334D303130393933            
26/11/24 05:53:22 0023 1                  44.727617 8.848597 00 00 31383032334D303037363936            
26/11/24 05:53:27 0024 1                  44.727622 8.848592 00 00 3232303032334D3031343338            
26/11/24 05:54:38 0025 1                  44.727802 8.847353 00 00 31383032334D303134373539            
26/11/24 05:55:16 0026 1                  44.727937 8.847137 00 00 31383032334D303134363137            
26/11/24 05:55:22 0027 1                  44.727933 8.847132 00 00 31383032334D303130333139            
26/11/24 05:56:25 0028 1                  44.728048 8.846670 00 00 31383032334D303038323131            
26/11/24 05:56:25 0029 1                  44.728048 8.846670 00 00 31383032334D703038323131            
26/11/24 05:56:32 0030 1                  44.728045 8.846668 00 00 31383032334D303134363433            
26/11/24 05:57:35 0031 1                  44.728588 8.847463 00 00 3232303032334D3031343234            
26/11/24 05:57:39 0032 1                  44.728590 8.847463 00 00 31383032334D303037363330            
26/11/24 05:57:43 0033 1                  44.728592 8.847460 00 00 31383032334D303131313433            
26/11/24 05:59:01 0034 1                  44.729828 8.847628 00 00 31383032334D303134343431            
26/11/24 05:59:57 0035 1                  44.730032 8.847328 00 00 31383032334D303038303730            
26/11/24 06:00:04 0036 1                  44.730032 8.847327 00 00 31383032334D303038303732            
26/11/24 06:00:07 0037 1                  44.730033 8.847327 00 00 31383032334D303038303731            
26/11/24 06:01:20 0038 1                  44.730158 8.847037 00 00 31383032334D303038323135            
26/11/24 06:01:29 0039 1                  44.730160 8.847047 00 00 31383032334D303033393432            
26/11/24 06:01:31 0040 1                  44.730162 8.847048 00 00 31383032334D303134343032            
26/11/24 06:01:33 0041 1                  44.730168 8.847057 00 00 31383032334D303036343436            
26/11/24 06:03:34 0042 1                  44.730810 8.845955 00 00 31383032334D303038303937            
26/11/24 06:03:41 0043 1                  44.730810 8.845953 00 00 31383032334D303038303936            
26/11/24 06:03:41 0044 1                  44.730810 8.845953 00 00 31383032334D303238303936            
26/11/24 06:04:28 0045 1                  44.730690 8.846150 00 00 31383032334D303038303935            
26/11/24 06:05:01 0046 1                  44.730623 8.846258 00 00 31383032334D303038303735            
26/11/24 06:05:05 0047 1                  44.730630 8.846255 00 00 31383032334D303038323031            
26/11/24 06:05:15 0048 1                  44.730647 8.846255 00 00 31383032334D303038303734            
26/11/24 06:05:20 0049 1                  44.730650 8.846255 00 00 31383032334D303038303938            
26/11/24 06:05:26 0050 1                  44.730655 8.846257 00 00 31383032334D303038303939            
26/11/24 06:06:16 0051 1                  44.730552 8.846403 00 00 31383032334D303139353839            
26/11/24 06:07:10 0052 1                  44.730462 8.846548 00 00 31383032334D303038303931            
26/11/24 06:07:15 0053 1                  44.730467 8.846550 00 00 31383032334D303038303933            
26/11/24 06:07:59 0054 1                  44.730408 8.846645 00 00 31383032334D303038323134            
26/11/24 06:08:06 0055 1                  44.730405 8.846640 00 00 31383032334D303038323133            
26/11/24 06:08:58 0056 1                  44.730173 8.847065 00 00 3232303032334D3030323239            
26/11/24 06:09:04 0057 1                  44.730158 8.847078 00 00 31383032334D303134363837            
26/11/24 06:09:56 0058 1                  44.730025 8.847255 00 00 323030323545303038333933            
26/11/24 06:11:05 0059 1                  44.728882 8.847763 00 00 31383032334D303134343038            
26/11/24 06:11:15 0060 1                  44.728877 8.847765 00 00 3233303032334D3030393830            
26/11/24 06:11:53 0061 1                  44.728808 8.847877 00 00 31383032334D303037363932            
26/11/24 06:12:27 0062 1                  44.728672 8.848110 00 00 31383032334D303037363933            
26/11/24 06:12:35 0063 1                  44.728670 8.848107 00 00 31383032334D303037363934            
26/11/24 06:13:17 0064 1                  44.728382 8.848525 00 00 31383032334D303037363132            
26/11/24 06:15:19 0065 1                  44.727957 8.848008 00 00 31383032334D303037383139            
26/11/24 06:15:52 0066 1                  44.728015 8.847945 00 00 31383032334D303535313131            
26/11/24 06:16:05 0067 1                  44.728023 8.847952 00 00 31383032334D303130303632            
26/11/24 06:17:04 0068 1                  44.728105 8.847763 00 00 31383032334D303130333635            
26/11/24 06:17:09 0069 1                  44.728107 8.847768 00 00 3232303032334D3030323733            
26/11/24 06:17:25 0070 1                  44.728103 8.847785 00 00 31383032334D303130313835            
26/11/24 06:18:46 0071 1                  44.728613 8.846857 00 00 3231303132304A3037353439            
26/11/24 06:18:51 0072 1                  44.728615 8.846852 00 00 31383032334D303037363339            
26/11/24 06:18:51 0073 1                  44.728615 8.846852 00 00 3234303032334D3030393937            
26/11/24 06:19:03 0074 1                  44.728615 8.846845 00 00 31383032334D303130303231            
26/11/24 06:19:04 0075 1                  44.728613 8.846845 00 00 31383032334D303037363635            
26/11/24 06:19:07 0076 1                  44.728613 8.846845 00 00 31383032334D303139363035            
26/11/24 06:19:12 0077 1                  44.728613 8.846847 00 00 3232303032334D3030363936            
26/11/24 06:20:49 0078 1                  44.728638 8.845955 00 00 31383032334D303134353434            
26/11/24 06:21:04 0079 1                  44.728627 8.845923 00 00 3233303032334D3030343134            
26/11/24 06:22:19 0080 1                  44.729177 8.845943 00 00 323031323055303030313135            
26/11/24 06:22:43 0081 1                  44.729192 8.845917 00 00 3231303132304A3037343433            
26/11/24 06:23:34 0082 1                  44.729688 8.845042 00 00 31383032334D303131303338            
26/11/24 06:24:03 0083 1                  44.729825 8.844863 00 00 71383832334D303134353436            
26/11/24 06:24:42 0084 1                  44.729965 8.844642 00 00 31383032334D303131303337            
26/11/24 06:24:48 0085 1                  44.729968 8.844638 00 00 31383032334D303131313834            
26/11/24 06:25:29 0086 1                  44.730148 8.844312 00 00 31383032334D303037363433            
26/11/24 06:25:35 0087 1                  44.730152 8.844310 00 00 31383032334D303134363738            
26/11/24 06:26:43 0088 1                  44.730103 8.844232 00 00 31383032334D303130333537            
26/11/24 06:26:47 0089 1                  44.730095 8.844240 00 00 31383032334D303130333538            
26/11/24 06:26:55 0090 1                  44.730077 8.844260 00 00 31383032334D303036373535            
26/11/24 06:28:14 0091 1                  44.727688 8.848305 00 00 31383032334D303130313633            
26/11/24 06:28:20 0092 1                  44.727685 8.848302 00 00 31383032334D303130313638            
26/11/24 06:30:37 0093 1                  44.727132 8.848458 00 00 31383032334D303131303039            
26/11/24 06:31:57 0094 1                  44.727057 8.848065 00 00 31383032334D303130383339            
26/11/24 06:31:57 0095 1                  44.727057 8.848065 00 00 31383032334D303131303033            
26/11/24 06:32:20 0096 1                  44.727095 8.848060 00 00 31383032334D303131303035            
26/11/24 06:33:54 0097 1                  44.726828 8.848332 00 00 31383032334D303131303036            
26/11/24 06:34:07 0098 1                  44.726830 8.848318 00 00 323030323545303037393432            
26/11/24 06:36:19 0099 1                  44.726712 8.849887 00 00 31383032334D303134363134            
26/11/24 06:36:19 0100 1                  44.726712 8.849887 00 00 323030323545303038393939            
26/11/24 06:36:29 0101 1                  44.726708 8.849892 00 00 31383032334D303134373533            
26/11/24 06:36:46 0102 1                  44.726700 8.849898 00 00 31383032334D303134363135            
26/11/24 06:36:46 0103 1                  44.726700 8.849898 00 00 31383032334D303134373537            
26/11/24 06:36:46 0104 1                  44.726700 8.849898 00 00 31383032334D303134373538            
26/11/24 06:36:59 0105 1                  44.726702 8.849907 00 00 3234303032334D3030383538            
26/11/24 06:37:39 0106 1                  44.726500 8.849897 00 00 31383032334D303134373535            
26/11/24 06:39:09 0107 1                  44.727120 8.849873 00 00 31383032334D303134383935            
26/11/24 06:39:16 0108 1                  44.727127 8.849873 00 00 323030323545303030333833            
26/11/24 06:39:26 0109 1                  44.727133 8.849875 00 00 3234303032334D3031313330            
26/11/24 06:39:30 0110 1                  44.727135 8.849877 00 00 323030323545303033333831            
26/11/24 06:40:48 0111 1                  44.727343 8.849443 00 00 31383032334D303130303338            
26/11/24 06:40:52 0112 1                  44.727337 8.849448 00 00 31383032334D303130323939            
26/11/24 06:40:52 0113 1                  44.727337 8.849448 00 00 31383032334D303130333630            
26/11/24 06:41:02 0114 1                  44.727313 8.849447 00 00 31383032334D303130323731            
26/11/24 06:41:13 0115 1                  44.727285 8.849447 00 00 31383032334D303130323732            
26/11/24 06:44:14 0116 1                  44.731640 8.844015 00 00 31383032334D303131313832            
26/11/24 06:46:10 0117 1                  44.731948 8.841887 00 00 3231303132304A3037363231            
26/11/24 06:47:19 0118 1                  44.732503 8.841020 00 00 3231303132304A3037363133            
26/11/24 06:47:33 0119 1                  44.732500 8.841013 00 00 3231303132304A3037363039            
26/11/24 06:47:33 0120 1                  44.732500 8.841013 00 00 3231303132304A3037363132            
26/11/24 06:48:19 0121 1                  44.732518 8.840990 00 00 3231303132304A3037363130            
26/11/24 06:50:39 0122 1                  44.732030 8.840765 00 00 31383032334D303139373035            
26/11/24 06:52:59 0123 1                  44.732032 8.839795 00 00 31383032334D303039343438            
26/11/24 06:53:44 0000 s 01506ver01 44.731557 8.840305 00 00
26/11/24 06:56:30 0124 1                  44.729227 8.839258 00 00 31383234304A303030333330            
26/11/24 07:02:32 0125 1                  44.730467 8.844880 00 00 31383032334D303033383636            
26/11/24 07:02:36 0126 1                  44.730462 8.844873 00 00 31383032334D303134363432            
26/11/24 07:02:39 0127 1                  44.730462 8.844870 00 00 31383032334D303134343930            
26/11/24 07:03:09 0128 1                  44.730393 8.845000 00 00 31383032334D303033383935            
26/11/24 07:03:46 0129 1                  44.730137 8.845395 00 00 31383032334D303037393839            
26/11/24 07:03:50 0130 1                  44.730133 8.845387 00 00 31383032334D303134383135            
26/11/24 07:04:47 0131 1                  44.730055 8.845668 00 00 31383032334D303037393235            
26/11/24 07:04:47 0132 1                  44.730055 8.845668 00 00 31383032334D303033393439            
26/11/24 07:04:52 0133 1                  44.730060 8.845683 00 00 31383032334D303033373439            
26/11/24 07:04:57 0134 1                  44.730063 8.845690 00 00 31383032334D303033363634            
26/11/24 07:05:14 0135 1                  44.730068 8.845712 00 00 31383032334D303139333631            
26/11/24 07:05:18 0136 1                  44.730073 8.845717 00 00 3234303032334D3030353738            
26/11/24 07:05:25 0137 1                  44.730078 8.845722 00 00 3234303032334D3030333637            
26/11/24 07:06:09 0138 1                  44.729842 8.846118 00 00 31383032334D303134353538            
26/11/24 07:06:48 0139 1                  44.729735 8.846288 00 00 3232303032334D3031373234            
26/11/24 07:06:56 0140 1                  44.729733 8.846290 00 00 3234303032334D3030383832            
26/11/24 07:07:17 0141 1                  44.729733 8.846302 00 00 3234303032334D3030393435            
26/11/24 07:08:11 0142 1                  44.729598 8.846548 00 00 31383032334D303134353832            
26/11/24 07:08:16 0143 1                  44.729592 8.846560 00 00 31383032334D303134343839            
26/11/24 07:09:19 0144 1                  44.729402 8.846843 00 00 31383032334D303134343F36            
26/11/24 07:09:24 0145 1                  44.729408 8.846842 00 00 31383032334D303134363636            
26/11/24 07:09:54 0146 1                  44.729278 8.846983 00 00 31383032334D303134343433            
26/11/24 07:10:23 0147 1                  44.729190 8.847113 00 00 31383032334D303134373938            
26/11/24 07:11:23 0148 1                  44.729025 8.847393 00 00 3232303032334D3030373934            
26/11/24 07:11:29 0149 1                  44.729028 8.847392 00 00 31383032334D303037383431            
26/11/24 07:12:39 0150 1                  44.728912 8.848510 00 00 31383032334D303134373939            
26/11/24 07:14:33 0151 1                  44.730653 8.844850 00 00 31383032334D303130383930            
26/11/24 07:15:08 0152 1                  44.730653 8.844215 00 00 31383032334D303135313434            
26/11/24 07:15:12 0153 1                  44.730653 8.844208 00 00 31383032334D303134363637            
26/11/24 07:17:17 0154 1                  44.730825 8.843750 00 00 31383132304A303039323138            
26/11/24 07:17:20 0155 1                  44.730828 8.843750 00 00 313831323045303039303235            
26/11/24 07:19:29 0156 1                  44.729558 8.844218 00 00 31383032334D303131333536            
26/11/24 07:20:07 0157 1                  44.729417 8.844095 00 00 31383032334D303134373432            
26/11/24 07:21:15 0158 1                  44.729203 8.844365 00 00 31383032334D303036343437            
26/11/24 07:21:24 0159 1                  44.729202 8.844367 00 00 313C3032334D303134373436            
26/11/24 07:22:51 0160 1                  44.729303 8.844062 00 00 31383032334D303139363239            
26/11/24 07:23:30 0161 1                  44.729062 8.843907 00 00 31383032334D303130303539            
26/11/24 07:24:52 0162 1                  44.729058 8.843630 00 00 31383032334D303139323234            
26/11/24 07:24:58 0163 1                  44.729058 8.843643 00 00 31383032334D303038313131            
26/11/24 07:25:51 0164 1                  44.728610 8.843832 00 00 31383032334D303130383133            
26/11/24 07:25:58 0165 1                  44.728603 8.843823 00 00 31383032334D303130383138            
26/11/24 07:26:53 0166 1                  44.728430 8.843755 00 00 31383032334D303134363331            
26/11/24 07:27:37 0167 1                  44.728268 8.843710 00 00 31383032334D303131303635            
26/11/24 07:29:00 0168 1                  44.727667 8.843532 00 00 31383032334D303134343731            
26/11/24 07:29:41 0169 1                  44.727390 8.842852 00 00 31383032334D303134343639            
26/11/24 07:29:51 0170 1                  44.727402 8.842855 00 00 31383032334D303037383734            
26/11/24 07:32:02 0171 1                  44.728273 8.842827 00 00 31383032334D303139373738            
26/11/24 07:33:15 0172 1                  44.726813 8.843005 00 00 31383032334D303134343636            
26/11/24 07:33:15 0173 1                  44.726813 8.843005 00 00 31383232334D303134343636            
26/11/24 07:33:39 0174 1                  44.726822 8.843080 00 00 31383032334D303134383030            
26/11/24 07:33:43 0175 1                  44.726815 8.843088 00 00 31383032334D303134343738            
26/11/24 07:35:02 0176 1                  44.727030 8.842685 00 00 31383032334D303134373835            
26/11/24 07:35:42 0177 1                  44.727343 8.843457 00 00 31383032334D303130383132            
26/11/24 07:36:20 0178 1                  44.727268 8.844198 00 00 31383032334D303134363438            
26/11/24 07:36:20 0179 1                  44.727268 8.844198 00 00 31383032335D303134363438            
26/11/24 07:38:03 0180 1                  44.725848 8.844047 00 00 31383032334D303134343831            
26/11/24 07:38:45 0181 1                  44.726490 8.844345 00 00 31383032334DB03134343834            
26/11/24 07:39:14 0182 1                  44.726660 8.844423 00 00 31383032334D303134343837            
26/11/24 07:39:59 0183 1                  44.727210 8.844743 00 00 31383032334D303134363530            
26/11/24 07:40:06 0184 1                  44.727218 8.844745 00 00 31383032334D303134363532            
26/11/24 07:42:14 0185 1                  44.725587 8.844977 00 00 3232303032334D3030323732            
26/11/24 07:42:19 0186 1                  44.725585 8.844975 00 00 31383032334D303134363439            
26/11/24 07:43:05 0187 1                  44.725960 8.845243 00 00 31383032334D303134363937            
26/11/24 07:43:43 0188 1                  44.726410 8.845443 00 00 31383032334D303134363939            
26/11/24 07:45:47 0189 1                  44.725817 8.845662 00 00 31383032334D303134373632            
26/11/24 07:45:51 0190 1                  44.725815 8.845663 00 00 31383032334D303134373634            
26/11/24 07:46:31 0191 1                  44.725600 8.845553 00 00 31383032334D303134363032            
26/11/24 07:46:47 0192 1                  44.725578 8.845535 00 00 31383032334D303134373631            
26/11/24 07:46:53 0193 1                  44.725578 8.845530 00 00 31383032334D303134373633            
26/11/24 07:50:16 0194 1                  44.726627 8.846048 00 00 31383032334D303134353839            
26/11/24 07:51:46 0195 1                  44.727278 8.845258 00 00 31383032334D303134363237            
26/11/24 07:53:10 0196 1                  44.728437 8.844672 00 00 31383032334D303134343437            
26/11/24 07:54:04 0197 1                  44.728132 8.845095 00 00 31383032334D303134343530            
26/11/24 07:54:38 0198 1                  44.727957 8.845420 00 00 31383032334D303134343439            
26/11/24 07:55:18 0199 1                  44.727787 8.845635 00 00 31383032334D303036353739            
26/11/24 07:55:27 0200 1                  44.727793 8.845638 00 00 31383032334D303038303536            
26/11/24 07:56:08 0201 1                  44.727630 8.845948 00 00 31383032334D303134343532            
26/11/24 07:56:22 0202 1                  44.727628 8.845975 00 00 31383032334D303038303736            
26/11/24 07:57:32 0203 1                  44.727347 8.846467 00 00 31383032334D303134353633            
26/11/24 07:58:07 0204 1                  44.727175 8.846658 00 00 3234303032334D3030313534            
26/11/24 07:58:42 0205 1                  44.726935 8.846997 00 00 31383032334D303134363730            
26/11/24 07:59:22 0206 1                  44.726805 8.847250 00 00 31383032334D303134363732            
26/11/24 07:59:36 0207 1                  44.726812 8.847263 00 00 31383032334D303134353037            
26/11/24 08:00:35 0208 1                  44.726750 8.847458 00 00 31383032334D303134373937            
26/11/24 08:04:47 0209 1                  44.725532 8.836357 00 00 3039613540EAFF89502F92A3            
26/11/24 08:05:49 0210 1                  44.725438 8.836543 00 00 323032343055303030313635            
26/11/24 08:10:26 0211 1                  44.712825 8.840110 00 00 31383032334D303134353637            
26/11/24 08:12:06 0212 1                  44.712598 8.836342 00 00 31383032334D303036363331            
26/11/24 08:14:35 0213 1                  44.718705 8.830785 00 00 31383032334D303130303735            
26/11/24 08:21:33 0214 1                  44.723653 8.846813 00 00 323030323545303033343734            
26/11/24 08:24:33 0215 1                  44.728108 8.852772 00 00 31383234304A303030323033            
26/11/24 08:25:26 0216 1                  44.728123 8.852562 00 00 3231303234304A3034333639            
26/11/24 08:25:38 0217 1                  44.728115 8.852567 00 00 3231303234304A3034353438            
26/11/24 08:27:19 0218 1                  44.728125 8.852658 00 00 323031323055303030303931            
26/11/24 08:27:26 0219 1                  44.728127 8.852650 00 00 323031323055303030303739            
26/11/24 08:27:33 0220 1                  44.728135 8.852623 00 00 323031323055303030303637            
26/11/24 08:28:39 0221 1                  44.728182 8.852898 00 00 3231303234304A3034353834            
26/11/24 08:28:44 0222 1                  44.728175 8.852915 00 00 3231303234304A3034323637            
26/11/24 09:04:25 0000 s 01506ver01 44.743762 8.836918 00 00
26/11/24 09:28:24 0223 1                  44.758873 8.793410 00 00 3742040208235940FF940000            
26/11/24 11:25:05 0000 s 01506ver01 44.792700 8.739328 00 00
26/11/24 11:42:14 0224 1                  44.822502 8.613427 00 00 313931323050303034363935            
26/11/24 11:42:22 0225 1                  44.822505 8.613425 00 00 313831323045303233323432            
26/11/24 11:43:43 0226 1                  44.823400 8.614905 00 00 313831323045303233323235            
26/11/24 11:48:25 0227 1                  44.835517 8.623645 00 00 E200001A07130175245098F3            
26/11/24 11:52:38 0228 1                  44.839497 8.598015 00 00 313931323050303036313932            
26/11/24 11:55:41 0229 1                  44.840490 8.595798 00 00 313831323045303231383538            
26/11/24 11:59:45 0230 1                  44.841300 8.585555 00 00 313831323045303233383739            
26/11/24 12:00:59 0231 1                  44.841647 8.585718 00 00 313931323050303036393634            
26/11/24 12:02:43 0232 1                  44.841217 8.586050 00 00 313931323050303030373532            
26/11/24 12:05:49 0233 1                  44.842857 8.581338 00 00 313831323045303233393933            
26/11/24 12:05:56 0234 1                  44.842855 8.581328 00 00 313931323050303038393938            
26/11/24 12:06:55 0235 1                  44.842852 8.581292 00 00 3234303132304A3030343033            
26/11/24 12:07:02 0236 1                  44.842848 8.581282 00 00 31383033304D303034373638            
26/11/24 12:07:57 0237 1                  44.842872 8.581275 00 00 313931323050303036333339            
26/11/24 12:09:52 0238 1                  44.842985 8.580480 00 00 313831323045303234333536            
26/11/24 12:11:13 0239 1                  44.843145 8.580975 00 00 313831323045303234323531            
26/11/24 12:15:56 0240 1                  44.843945 8.581040 00 00 313831323045303233353233            
26/11/24 12:16:44 0241 1                  44.844113 8.581202 00 00 313831323045303233373534            
26/11/24 12:17:53 0242 1                  44.844278 8.581448 00 00 313831323045303230313234            
26/11/24 12:18:56 0243 1                  44.844370 8.581568 00 00 313831323045303230313230            
26/11/24 12:20:33 0244 1                  44.844633 8.581792 00 00 313931323050303133323935            
26/11/24 12:20:39 0245 1                  44.844632 8.581792 00 00 313831323045303230303938            
26/11/24 12:21:09 0246 1                  44.844632 8.581787 00 00 313931323050303032363030            
26/11/24 12:24:12 0247 1                  44.844697 8.582352 00 00 313831323045303232313236            
26/11/24 12:26:35 0248 1                  44.844193 8.581948 00 00 31383132B045303233353736            
26/11/24 12:28:03 0249 1                  44.844153 8.581842 00 00 313831323045303232323938            
26/11/24 12:30:01 0250 1                  44.843997 8.581650 00 00 313831323045303232333730            
26/11/24 12:30:02 0251 1                  44.843997 8.581650 00 00 313831323045303232313533            
26/11/24 12:31:23 0252 1                  44.843882 8.581570 00 00 313831323045303232333733            
26/11/24 12:31:34 0253 1                  44.843878 8.581577 00 00 313831323045303232333034            
26/11/24 12:32:47 0254 1                  44.843832 8.581472 00 00 313831323045303232333032            
26/11/24 12:32:51 0255 1                  44.843830 8.581470 00 00 313831323045303232343638            
26/11/24 12:34:20 0256 1                  44.843717 8.581323 00 00 313831323045303230393534            
26/11/24 12:34:40 0257 1                  44.843713 8.581322 00 00 313831323045303232343732            
26/11/24 12:35:09 0258 1                  44.843692 8.581330 00 00 31383132304A303138363031            
26/11/24 12:36:48 0259 1                  44.843605 8.581228 00 00 313831323045303234323537            
26/11/24 12:40:56 0260 1                  44.845808 8.579550 00 00 313831323045303232323131            
26/11/24 12:42:04 0261 1                  44.845817 8.579740 00 00 313831323045303233313039            
26/11/24 12:43:01 0262 1                  44.845812 8.579713 00 00 313831323045303233333832            
26/11/24 12:48:11 0263 1                  44.846045 8.579935 00 00 30348165A000002385533508            
26/11/24 12:48:11 0264 1                  44.846045 8.579935 00 00 313931323050303035363933            
26/11/24 12:49:48 0265 1                  44.846097 8.580063 00 00 313831323045303233313831            
26/11/24 12:51:40 0266 1                  44.846738 8.579918 00 00 3034A1ADD80000038D3DCCD4            
26/11/24 12:51:42 0267 1                  44.846742 8.579918 00 00 313831323045303236323632            
26/11/24 12:52:25 0268 1                  44.846488 8.580203 00 00 313831323045303233313635            
26/11/24 12:53:33 0269 1                  44.846325 8.580422 00 00 313831323045303233323439            
26/11/24 12:56:21 0270 1                  44.845670 8.580220 00 00 313831323045303232373339            
26/11/24 12:57:15 0271 1                  44.845633 8.580242 00 00 313931323050303132353532            
26/11/24 12:58:20 0272 1                  44.845442 8.579945 00 00 313931323050303133313333            
26/11/24 12:58:22 0273 1                  44.845442 8.579943 00 00 313831323045303234313933            
26/11/24 12:59:52 0274 1                  44.845337 8.579777 00 00 313831323045303234323534            
26/11/24 13:00:46 0275 1                  44.845308 8.579773 00 00 313931323050303132313936            
26/11/24 13:02:35 0276 1                  44.844627 8.580028 00 00 313831323045303233303836            
26/11/24 13:03:11 0277 1                  44.844772 8.579808 00 00 313931323050303038333139            
26/11/24 13:04:24 0278 1                  44.844818 8.579700 00 00 313931323050303132323333            
26/11/24 13:05:29 0279 1                  44.844872 8.579592 00 00 313831323045303236323634            
26/11/24 13:06:59 0280 1                  44.845038 8.579450 00 00 313831323045303234353932            
26/11/24 13:07:06 0281 1                  44.845042 8.579453 00 00 313931323050303033353736            
26/11/24 13:08:17 0282 1                  44.845160 8.579343 00 00 313831323045303233313038            
26/11/24 13:10:25 0283 1                  44.846458 8.579582 00 00 313831323045303233313439            
26/11/24 13:11:41 0284 1                  44.846353 8.579330 00 00 313831323045303233313631            
26/11/24 13:12:47 0285 1                  44.846143 8.579000 00 00 313831323045303233303432            
26/11/24 13:16:04 0286 1                  44.846630 8.578945 00 00 313831323045303232323231            
26/11/24 13:17:13 0287 1                  44.846655 8.578932 00 00 313831323045303233303639            
26/11/24 13:17:43 0288 1                  44.846803 8.579115 00 00 3034F837285DF6CAB41DBB4C            
26/11/24 13:18:01 0289 1                  44.846800 8.579210 00 00 3034F8372808474AB41DC639            
26/11/24 13:18:01 0290 1                  44.846800 8.579210 00 00 313831323045303233303433            
26/11/24 13:18:05 0291 1                  44.846788 8.579213 00 00 313831323045303233303732            
26/11/24 13:18:17 0292 1                  44.846765 8.579218 00 00 3034F8372854F94AB41DBE09            
26/11/24 13:19:41 0293 1                  44.846887 8.576835 00 00 31383033304D303034353637            
26/11/24 13:28:42 0294 1                  44.849122 8.576240 00 00 313831323045303233303837            
26/11/24 13:29:57 0295 1                  44.848767 8.576773 00 00 313931323050303039363435            
26/11/24 13:29:57 0296 1                  44.848767 8.576773 00 00 313931323050303131353332            
26/11/24 13:30:07 0297 1                  44.848762 8.576778 00 00 313831323045303233383834            
26/11/24 13:30:07 0298 1                  44.848762 8.576778 00 00 313831323045303233393834            
26/11/24 13:30:21 0299 1                  44.848752 8.576783 00 00 3230303033304D3038383533            
26/11/24 13:31:12 0300 1                  44.848717 8.576782 00 00 313831323045303233343131            
26/11/24 13:32:36 0301 1                  44.848268 8.577045 00 00 3234303132304A3030393339            
26/11/24 13:32:40 0302 1                  44.848265 8.577043 00 00 313931323045303630343431            
26/11/24 13:34:20 0303 1                  44.848003 8.577422 00 00 313831323045303233313431            
26/11/24 13:35:48 0304 1                  44.847695 8.577115 00 00 3234303132304A3030343139            
26/11/24 13:36:20 0305 1                  44.847708 8.577108 00 00 313831323045303233303838            
26/11/24 13:38:08 0306 1                  44.847010 8.578985 00 00 313831323045303233313836            
26/11/24 13:40:40 0307 1                  44.847795 8.578448 00 00 313831323045303230353933            
26/11/24 13:41:39 0308 1                  44.847945 8.578248 00 00 313831323045303138373331            
26/11/24 13:42:11 0309 1                  44.847940 8.578238 00 00 313831323045303232313833            
26/11/24 13:43:08 0310 1                  44.847373 8.578938 00 00 313931323050303035333535            
26/11/24 13:43:58 0311 1                  44.847082 8.579422 00 00 313831323045303138393434            
26/11/24 13:46:17 0312 1                  44.846348 8.575982 00 00 313831323045303233313837            
26/11/24 13:47:16 0313 1                  44.846552 8.576292 00 00 313832343045303034313739            
26/11/24 13:48:23 0314 1                  44.846632 8.576490 00 00 313832343045303034323037            
26/11/24 13:48:31 0315 1                  44.846635 8.576510 00 00 313832343045303034323039            
26/11/24 13:48:41 0316 1                  44.846632 8.576518 00 00 313832343045303034323135            
26/11/24 13:49:50 0317 1                  44.846668 8.576560 00 00 313831323045303233313136            
26/11/24 13:49:52 0318 1                  44.846670 8.576558 00 00 313831323045303233393837            
26/11/24 13:51:02 0319 1                  44.846908 8.576753 00 00 31383033304D303034353637            
26/11/24 13:51:54 0320 1                  44.847812 8.576122 00 00 313831323045303231323432            
26/11/24 13:52:14 0321 1                  44.847810 8.576120 00 00 313831323045303230313031            
26/11/24 13:52:40 0322 1                  44.847815 8.576123 00 00 313831323045303233393838            
26/11/24 13:54:04 0323 1                  44.847462 8.575502 00 00 313831323045303232373931            
26/11/24 13:56:42 0324 1                  44.849100 8.578263 00 00 313831323045303233313338            
26/11/24 13:56:45 0325 1                  44.849102 8.578263 00 00 313831323045303233373132            
26/11/24 13:58:56 0326 1                  44.849493 8.578217 00 00 300ED89F3350014A1DFC7465            
26/11/24 13:59:10 0327 1                  44.849495 8.578213 00 00 313831323045303232373436            
26/11/24 13:59:43 0328 1                  44.849498 8.578218 00 00 313831323045303233383332            
26/11/24 14:00:33 0329 1                  44.849322 8.578432 00 00 31383132304A303233323637            
26/11/24 14:01:25 0330 1                  44.849035 8.578728 00 00 313831323045303233303932            
26/11/24 14:03:02 0331 1                  44.849435 8.579075 00 00 313931323050303036303734            
26/11/24 14:04:46 0332 1                  44.848858 8.580057 00 00 313931323045303630323331            
26/11/24 14:04:48 0333 1                  44.848858 8.580060 00 00 313931323050303036353130            
26/11/24 14:06:38 0334 1                  44.849872 8.579252 00 00 313831323045303233313238            
26/11/24 14:07:17 0335 1                  44.849708 8.579427 00 00 313831323045303233373035            
26/11/24 14:07:17 0336 1                  44.849708 8.579427 00 00 31383132304530323337303D            
26/11/24 14:08:59 0337 1                  44.850333 8.579233 00 00 313831323045303232393133            
26/11/24 14:10:33 0338 1                  44.850357 8.579202 00 00 3231313130304A3032353833            
26/11/24 14:21:09 0339 1                  44.842972 8.574558 00 00 313831323045303232383533            
26/11/24 14:22:53 0340 1                  44.842855 8.575387 00 00 313831323045343232333539            
26/11/24 14:26:09 0341 1                  44.843040 8.576323 00 00 313831323045303232343033            
26/11/24 14:27:31 0342 1                  44.843077 8.576127 00 00 3234303132304A3030333038            
26/11/24 14:27:49 0343 1                  44.843070 8.576083 00 00 31383132304530323B373634            
26/11/24 14:27:56 0344 1                  44.843063 8.576070 00 00 313831323045303233383035            
26/11/24 14:28:16 0345 1                  44.843067 8.576075 00 00 313831323045303232333335            
26/11/24 14:31:03 0346 1                  44.845198 8.575728 00 00 31383032334D303034313631            
26/11/24 14:31:46 0347 1                  44.845230 8.575860 00 00 313831323045303234303239            
26/11/24 14:32:21 0348 1                  44.845255 8.575893 00 00 313831323045303233323533            
26/11/24 14:33:18 0349 1                  44.845348 8.575757 00 00 313831323045303234393232            
26/11/24 14:35:35 0350 1                  44.845473 8.576252 00 00 313931323050303030313934            
26/11/24 14:36:49 0351 1                  44.846747 8.576887 00 00 31383033304D303034353637            
26/11/24 14:38:13 0352 1                  44.849223 8.574978 00 00 313831323045303233393537            
26/11/24 14:38:22 0353 1                  44.849247 8.574960 00 00 313831323045303233373839            
26/11/24 14:39:40 0354 1                  44.849558 8.574318 00 00 313831323045303233373437            
26/11/24 14:41:09 0355 1                  44.849977 8.573617 00 00 313831313030533031313232            
26/11/24 14:42:59 0356 1                  44.850088 8.573397 00 00 3234303132304A3030393335            
26/11/24 14:44:29 0357 1                  44.849645 8.573950 00 00 313831323045303233373436            
26/11/24 14:45:29 0358 1                  44.849397 8.574220 00 00 313831323045303232333337            
26/11/24 14:49:37 0359 1                  44.859995 8.554710 00 00 3234303132304A3031303332            
26/11/24 14:51:39 0360 1                  44.861055 8.553403 00 00 3234303132304A3032313835            
26/11/24 14:51:48 0361 1                  44.861062 8.553393 00 00 31383032334D303136373130            
26/11/24 14:53:00 0362 1                  44.861115 8.553322 00 00 3234303234304A3030383338            
26/11/24 14:55:05 0363 1                  44.861083 8.549495 00 00 313831323045303232373532            
26/11/24 14:55:13 0364 1                  44.861082 8.549475 00 00 313831323045303230383536            
26/11/24 14:55:20 0365 1                  44.861077 8.549463 00 00 313831323045303233393035            
26/11/24 14:56:00 0366 1                  44.861057 8.549430 00 00 313831323045303230393732            
26/11/24 15:00:03 0367 1                  44.859203 8.529800 00 00 313931323050303033343533            
26/11/24 15:01:12 0368 1                  44.859215 8.529985 00 00 313831323045303035363733            
26/11/24 15:04:33 0369 1                  44.860722 8.541173 00 00 313831323045303231363434            
26/11/24 15:06:01 0370 1                  44.861148 8.546567 00 00 313831323045303231383835            
26/11/24 15:07:28 0371 1                  44.860938 8.546955 00 00 313831323045303138363932            
26/11/24 15:09:59 0372 1                  44.858715 8.550448 00 00 313831323045303233333937            
26/11/24 15:10:19 0373 1                  44.858720 8.550442 00 00 31383132304A303236353831            
26/11/24 15:10:41 0374 1                  44.858717 8.550440 00 00 313931323050303133343631            
26/11/24 15:11:09 0375 1                  44.858727 8.550435 00 00 313831323045303233343533            
26/11/24 15:20:23 0376 1                  44.857308 8.548355 00 00 300ED89F335001401E106D62            
26/11/24 15:33:50 0377 1                  44.850628 8.515043 00 00 313931323050303130323431            
26/11/24 15:34:03 0378 1                  44.850627 8.515037 00 00 313931323050303033753739            
26/11/24 15:39:07 0379 1                  44.846482 8.531778 00 00 3233303132304A3030363234            
26/11/24 15:39:17 0380 1                  44.846498 8.531773 00 00 313831323045303139303038            
26/11/24 15:39:36 0381 1                  44.846512 8.531765 00 00 313831323045303139393132            
26/11/24 15:44:32 0382 1                  44.850418 8.544343 00 00 313831323045303232363635            
26/11/24 15:50:49 0383 1                  44.833502 8.548347 00 00 313831323045303138353834            
26/11/24 16:13:32 0384 1                  44.823890 8.680212 00 00 000000000851908200000000            
26/11/24 16:33:53 0000 s 01506ver01 44.792902 8.739647 00 00
26/11/24 16:36:27 0000 s 01506ver01 44.792875 8.739588 00 00
