26/11/24 04:44:20 0000 s 01508ver01 44.792613 8.739395 00 00
26/11/24 05:03:40 0001 1                  44.727132 8.854473 00 00 31383032334D303033363331            
26/11/24 05:03:42 0002 1                  44.727133 8.854473 00 00 3231303032334D3031393939            
26/11/24 05:03:45 0003 1                  44.727133 8.854473 00 00 31383032334D303139313234            
26/11/24 05:03:53 0004 1                  44.727135 8.854477 00 00 31383032334D303135313435            
26/11/24 05:04:16 0005 1                  44.727135 8.854492 00 00 31383032334D303035353231            
26/11/24 05:04:18 0006 1                  44.727135 8.854492 00 00 31383032334D303033363239            
26/11/24 05:04:26 0007 1                  44.727137 8.854500 00 00 31383032334D303033363237            
26/11/24 05:05:25 0008 1                  44.727045 8.854685 00 00 3234303032334D3030353632            
26/11/24 05:05:30 0009 1                  44.727045 8.854685 00 00 3234303032334D3030343431            
26/11/24 05:05:34 0010 1                  44.727043 8.854687 00 00 3234303032334D3030343430            
26/11/24 05:05:40 0011 1                  44.727050 8.854698 00 00 3234303032334D3030353631            
26/11/24 05:06:57 0012 1                  44.726687 8.854883 00 00 31383032334D303033363236            
26/11/24 05:07:03 0013 1                  44.726677 8.854875 00 00 31383032334D303037383830            
26/11/24 05:07:07 0014 1                  44.726672 8.854875 00 00 3232303032334D3031393633            
26/11/24 05:08:02 0015 1                  44.726690 8.854903 00 00 31383032334D303130343536            
26/11/24 05:08:08 0016 1                  44.726693 8.854903 00 00 3231303032334D3035373932            
26/11/24 05:08:13 0017 1                  44.726697 8.854902 00 00 3232303032334D3030313733            
26/11/24 05:12:21 0018 1                  44.726417 8.854425 00 00 2F383234304A303030333237            
26/11/24 05:15:03 0019 1                  44.727368 8.853488 00 00 31383234304A303030323133            
26/11/24 05:17:48 0020 1                  44.726900 8.855902 00 00 31383132304A303039303834            
26/11/24 05:18:26 0021 1                  44.726910 8.855865 00 00 31383132304A303039303833            
26/11/24 05:19:09 0022 1                  44.726850 8.855597 00 00 3234303132304A3032313233            
26/11/24 05:19:11 0023 1                  44.726848 8.855597 00 00 3233303032334D3030343236            
26/11/24 05:21:16 0024 1                  44.725612 8.856733 00 00 31383032334D303037373130            
26/11/24 05:21:16 0025 1                  44.725612 8.856733 00 00 31383032334D303077373130            
26/11/24 05:21:17 0026 1                  44.725612 8.856733 00 00 31383032334D303033363436            
26/11/24 05:21:28 0027 1                  44.725623 8.856742 00 00 31383032334D303033363630            
26/11/24 05:21:48 0028 1                  44.725647 8.856728 00 00 31383032334D303033363836            
26/11/24 05:21:49 0029 1                  44.725648 8.856727 00 00 31383032334D303033363836            
26/11/24 05:21:53 0030 1                  44.725648 8.856722 00 00 31383032334D303134393732            
26/11/24 05:22:06 0031 1                  44.725652 8.856718 00 00 31383032334D303033363434            
26/11/24 05:22:06 0032 1                  44.725652 8.856718 00 00 3035EB5FA01DE2C01400EFC0            
26/11/24 05:22:11 0033 1                  44.725648 8.856722 00 00 3231303032334D3031363038            
26/11/24 05:22:38 0034 1                  44.725635 8.856738 00 00 3231303032334D3034343139            
26/11/24 05:22:47 0035 1                  44.725642 8.856747 00 00 31383032334D303033363539            
26/11/24 05:22:51 0036 1                  44.725645 8.856750 00 00 31383032334D303033383134            
26/11/24 05:22:56 0037 1                  44.725647 8.856752 00 00 31383032334D303033363935            
26/11/24 05:24:17 0038 1                  44.725438 8.856825 00 00 31383032334D303139323539            
26/11/24 05:25:36 0039 1                  44.723722 8.857717 00 00 31383032334D303139323239            
26/11/24 05:25:40 0040 1                  44.723717 8.857722 00 00 31383032334D303037363032            
26/11/24 05:25:48 0041 1                  44.723703 8.857735 00 00 3232303032334D3031343631            
26/11/24 05:25:56 0042 1                  44.723682 8.857753 00 00 31383032334D303036363634            
26/11/24 05:26:06 0043 1                  44.723655 8.857777 00 00 3233303032334D3030313236            
26/11/24 05:26:10 0044 1                  44.723650 8.857780 00 00 31383032334D303032323732            
26/11/24 05:26:23 0045 1                  44.723657 8.857775 00 00 3232303032334D3031343537            
26/11/24 05:26:27 0046 1                  44.723663 8.857770 00 00 3232303032334D3031393338            
26/11/24 05:26:43 0047 1                  44.723653 8.857775 00 00 3234303032334D3030363734            
26/11/24 05:27:43 0048 1                  44.724223 8.857510 00 00 3233303032334D3030303238            
26/11/24 05:28:50 0049 1                  44.724422 8.857348 00 00 31383032334D303139333930            
26/11/24 05:29:23 0050 1                  44.724653 8.857313 00 00 3231303032334D3030303930            
26/11/24 05:30:00 0051 1                  44.724855 8.857337 00 00 31383032334D303033383937            
26/11/24 05:31:50 0052 1                  44.723748 8.857367 00 00 3232303032334D3031303838            
26/11/24 05:31:55 0053 1                  44.723745 8.857363 00 00 3232303032334D3030323331            
26/11/24 05:32:13 0054 1                  44.723755 8.857362 00 00 3232303032334D3030323031            
26/11/24 05:32:57 0055 1                  44.723963 8.857178 00 00 3234303032334D3030353537            
26/11/24 05:33:15 0056 1                  44.723972 8.857182 00 00 3234303032334D3030313538            
26/11/24 05:34:13 0057 1                  44.724362 8.856760 00 00 31383032334D303037373937            
26/11/24 05:34:14 0058 1                  44.724362 8.856760 00 00 31383032334D303130323436            
26/11/24 05:34:18 0059 1                  44.724358 8.856750 00 00 31383032334D303037373938            
26/11/24 05:36:21 0060 1                  44.724712 8.856580 00 00 3232303032334D3030333035            
26/11/24 05:36:22 0061 1                  44.724712 8.856580 00 00 31383032334D303033393539            
26/11/24 05:36:38 0062 1                  44.724728 8.856562 00 00 3231303032334D3032383137            
26/11/24 05:36:42 0063 1                  44.724727 8.856563 00 00 31383032334D303033393139            
26/11/24 05:37:31 0064 1                  44.724725 8.856553 00 00 3232303032334D3031323335            
26/11/24 05:37:38 0065 1                  44.724725 8.856553 00 00 31383032334D303033393630            
26/11/24 05:37:43 0066 1                  44.724725 8.856555 00 00 31383032334D303033393537            
26/11/24 05:37:47 0067 1                  44.724722 8.856555 00 00 31383032334D303033393935            
26/11/24 05:38:05 0068 1                  44.724712 8.856562 00 00 31383032334D303130313435            
26/11/24 05:38:07 0069 1                  44.724712 8.856563 00 00 31383032334D303033393536            
26/11/24 05:38:18 0070 1                  44.724718 8.856580 00 00 31383032334D303139323936            
26/11/24 05:38:35 0071 1                  44.724710 8.856632 00 00 31383032334D303033393934            
26/11/24 05:40:04 0072 1                  44.725072 8.856342 00 00 31383032334D303139373431            
26/11/24 05:40:37 0073 1                  44.725067 8.856365 00 00 31383032334D303037373137            
26/11/24 05:40:42 0074 1                  44.725060 8.856375 00 00 3234303032334D3030383930            
26/11/24 05:41:19 0075 1                  44.725077 8.856368 00 00 31383032334D303037373136            
26/11/24 05:41:21 0076 1                  44.725077 8.856368 00 00 3231303032334D3031373037            
26/11/24 05:41:29 0077 1                  44.725075 8.856367 00 00 3233303032334D3030393235            
26/11/24 05:43:23 0078 1                  44.725655 8.855673 00 00 323030323545303038393438            
26/11/24 05:44:06 0079 1                  44.725308 8.855992 00 00 31383032334D303139313835            
26/11/24 05:44:10 0080 1                  44.725305 8.855997 00 00 31383032334D303037383334            
26/11/24 05:45:42 0081 1                  44.724907 8.856288 00 00 3231303132304A3035333431            
26/11/24 05:48:38 0082 1                  44.723377 8.857227 00 00 31383032334D303139373138            
26/11/24 05:48:39 0083 1                  44.723380 8.857228 00 00 31383032334D303033383534            
26/11/24 05:49:00 0084 1                  44.723397 8.857243 00 00 3233303032334D3030343436            
26/11/24 05:49:48 0085 1                  44.723188 8.856985 00 00 31383032334D303130383838            
26/11/24 05:49:55 0086 1                  44.723202 8.856977 00 00 31383032334D303139373735            
26/11/24 05:50:04 0087 1                  44.723205 8.856972 00 00 31383032334D303135373438            
26/11/24 05:50:34 0088 1                  44.723128 8.856815 00 00 31383032334D303037383938            
26/11/24 05:52:08 0089 1                  44.722860 8.857192 00 00 31383032334D303133303436            
26/11/24 05:52:11 0090 1                  44.722857 8.857193 00 00 31383032334D303130323438            
26/11/24 05:52:27 0091 1                  44.722825 8.857223 00 00 31383032334D303033363230            
26/11/24 05:52:31 0092 1                  44.722813 8.857233 00 00 31383032334D303130303035            
26/11/24 05:53:19 0093 1                  44.722943 8.857425 00 00 313831323045303039313636            
26/11/24 05:59:57 0000 s 01508ver01 44.722945 8.857455 00 00
26/11/24 06:02:11 0094 1                  44.722882 8.856308 00 00 3232303032334D3031323938            
26/11/24 06:02:15 0095 1                  44.722878 8.856310 00 00 31383032334D303033393036            
26/11/24 06:02:19 0096 1                  44.722877 8.856313 00 00 31383032334D303139313332            
26/11/24 06:02:26 0097 1                  44.722878 8.856313 00 00 31383032334D30303339303300000000    
26/11/24 06:02:26 0098 1                  44.722878 8.856313 00 00 31383032334D303033393033            
26/11/24 06:02:53 0099 1                  44.722888 8.856323 00 00 31383032334D303033383239            
26/11/24 06:02:54 0100 1                  44.722887 8.856323 00 00 31383032334D303033383236            
26/11/24 06:02:58 0101 1                  44.722887 8.856318 00 00 3233303032334D3030373831            
26/11/24 06:02:59 0102 1                  44.722887 8.856318 00 00 31383032334D303033393130            
26/11/24 06:03:31 0103 1                  44.722893 8.856300 00 00 31383032334D303033383234            
26/11/24 06:03:38 0104 1                  44.722893 8.856300 00 00 323030323545303039353132            
26/11/24 06:04:00 0105 1                  44.722900 8.856302 00 00 323030323545303036323131            
26/11/24 06:04:00 0106 1                  44.722900 8.856302 00 00 3232303032334D3031333031            
26/11/24 06:04:04 0107 1                  44.722903 8.856305 00 00 31383032334D303139323232            
26/11/24 06:04:39 0108 1                  44.722858 8.856348 00 00 31383032334D303139313430            
26/11/24 06:05:02 0109 1                  44.722845 8.856325 00 00 31383032334D303139313339            
26/11/24 06:05:07 0110 1                  44.722850 8.856322 00 00 3233303032334D3030383332            
26/11/24 06:06:16 0111 1                  44.723562 8.855832 00 00 31383032334D303130353934            
26/11/24 06:06:18 0112 1                  44.723562 8.855832 00 00 31383032334D303033373336            
26/11/24 06:06:23 0113 1                  44.723560 8.855838 00 00 31383032334D303033373338            
26/11/24 06:06:29 0114 1                  44.723557 8.855847 00 00 31383032334D303033373430            
26/11/24 06:07:30 0115 1                  44.724135 8.855563 00 00 3233303132304A3032313435            
26/11/24 06:09:55 0116 1                  44.724718 8.855328 00 00 31383234304A303030323032            
26/11/24 06:10:51 0117 1                  44.724385 8.855400 00 00 3234303032334D3030333837            
26/11/24 06:11:27 0118 1                  44.724318 8.855573 00 00 3232303032334D3031363234            
26/11/24 06:11:31 0119 1                  44.724313 8.855577 00 00 3232303032334D3031363237            
26/11/24 06:12:16 0120 1                  44.724342 8.856047 00 00 31383032334D303037393634            
26/11/24 06:12:21 0121 1                  44.724342 8.856043 00 00 31383032334D303037393635            
26/11/24 06:12:32 0122 1                  44.724335 8.856030 00 00 31383032334D303033393A32            
26/11/24 06:12:55 0123 1                  44.724383 8.856212 00 00 31383032334D303037363832            
26/11/24 06:13:06 0124 1                  44.724448 8.856208 00 00 31383032334D303132383230            
26/11/24 06:13:13 0125 1                  44.724458 8.856227 00 00 3233303032334D3030393431            
26/11/24 06:13:19 0126 1                  44.724448 8.856212 00 00 31383032334D303037383037            
26/11/24 06:13:23 0127 1                  44.724440 8.856197 00 00 31383032334D303139313739            
26/11/24 06:13:57 0128 1                  44.724402 8.856127 00 00 3233303032334D3030363634            
26/11/24 06:14:02 0129 1                  44.724405 8.856105 00 00 31383032334D303139363034            
26/11/24 06:15:45 0130 1                  44.723883 8.856683 00 00 3231303032334D3031383436            
26/11/24 06:16:33 0131 1                  44.723792 8.856535 00 00 31383032334D303130323236            
26/11/24 06:16:37 0132 1                  44.723797 8.856532 00 00 31383032334D3030373A3333            
26/11/24 06:16:40 0133 1                  44.723797 8.856528 00 00 3232303032334D3030353739            
26/11/24 06:16:58 0134 1                  44.723790 8.856522 00 00 31383032334D303130323330            
26/11/24 06:17:01 0135 1                  44.723790 8.856518 00 00 31383032334D303130323233            
26/11/24 06:17:18 0136 1                  44.723837 8.856497 00 00 31383032334D303139373031            
26/11/24 06:17:42 0137 1                  44.723892 8.856435 00 00 3231303234304A3032373731            
26/11/24 06:18:52 0138 1                  44.723783 8.856327 00 00 31383032334D303033373330            
26/11/24 06:18:56 0139 1                  44.723790 8.856320 00 00 31383032334D303033373235            
26/11/24 06:19:00 0140 1                  44.723795 8.856317 00 00 323030323545303032313533            
26/11/24 06:19:48 0141 1                  44.723708 8.856123 00 00 31383032334D303130333434            
26/11/24 06:19:48 0142 1                  44.723708 8.856123 00 00 3232303032334D3031363031            
26/11/24 06:20:00 0143 1                  44.723708 8.856167 00 00 3234303032334D3031303235            
26/11/24 06:20:11 0144 1                  44.723712 8.856192 00 00 31383032334D303130333435            
26/11/24 06:20:26 0145 1                  44.723725 8.856203 00 00 31383032334D303130303239            
26/11/24 06:20:27 0146 1                  44.723725 8.856203 00 00 31383032334D303139373437            
26/11/24 06:21:15 0147 1                  44.723727 8.856025 00 00 31383032334D303033383833            
26/11/24 06:21:17 0148 1                  44.723717 8.856025 00 00 31383032334D303134383738            
26/11/24 06:21:31 0149 1                  44.723670 8.856012 00 00 3234303032334D3031333731            
26/11/24 06:21:36 0150 1                  44.723657 8.856010 00 00 3234303032334D3031333730            
26/11/24 06:31:04 0151 1                  44.722622 8.856978 00 00 31383032334D303130313438            
26/11/24 06:31:10 0152 1                  44.722593 8.856953 00 00 31383032334D303033383632            
26/11/24 06:31:22 0153 1                  44.722558 8.856935 00 00 31383032334D303032373535            
26/11/24 06:31:29 0154 1                  44.722545 8.856932 00 00 31383032334D303037363338            
26/11/24 06:33:08 0155 1                  44.724002 8.854787 00 00 3138B032334D303037373438            
26/11/24 06:33:08 0156 1                  44.724002 8.854787 00 00 31383032334D303037373438            
26/11/24 06:33:08 0157 1                  44.724002 8.854787 00 00 31383032334D303037363235            
26/11/24 06:33:19 0158 1                  44.724003 8.854782 00 00 31383032334D303037363135            
26/11/24 06:33:23 0159 1                  44.724003 8.854787 00 00 31383032334D303037373439            
26/11/24 06:34:18 0160 1                  44.724237 8.854733 00 00 3231303132304A3037373733            
26/11/24 06:35:35 0161 1                  44.724432 8.854718 00 00 3231303132304A3037343934            
26/11/24 06:37:19 0162 1                  44.724573 8.854705 00 00 3231303132304A3037363834            
26/11/24 06:40:13 0163 1                  44.722930 8.855000 00 00 3231303234304A3034333637            
26/11/24 06:41:34 0164 1                  44.723078 8.854612 00 00 31383032334D303038313930            
26/11/24 06:41:38 0165 1                  44.723077 8.854602 00 00 31383032334D303038323534            
26/11/24 06:41:42 0166 1                  44.723072 8.854597 00 00 31383032334D303038323533            
26/11/24 06:41:52 0167 1                  44.723060 8.854592 00 00 3232303032334D3030313138            
26/11/24 06:42:53 0168 1                  44.723027 8.853967 00 00 3234303032334D3030323030            
26/11/24 06:43:44 0169 1                  44.722958 8.853683 00 00 31383132304A303039323336            
26/11/24 06:47:27 0170 1                  44.722190 8.853993 00 00 31383032334D303038313836            
26/11/24 06:48:09 0171 1                  44.722330 8.853848 00 00 31383032334D303038313838            
26/11/24 06:48:16 0172 1                  44.722333 8.853845 00 00 31383032334D303038313837            
26/11/24 06:49:03 0173 1                  44.722590 8.853628 00 00 31383032334D303038323530            
26/11/24 06:49:40 0174 1                  44.722735 8.853330 00 00 31383032334D303130333035            
26/11/24 06:51:08 0175 1                  44.721465 8.852630 00 00 31383032334D303139353837            
26/11/24 06:52:25 0176 1                  44.721693 8.852443 00 00 31383234304A303030333931            
26/11/24 06:54:20 0177 1                  44.721653 8.853188 00 00 31383132304A303039323432            
26/11/24 06:56:56 0178 1                  44.721560 8.854137 00 00 31383032334D303036363136            
26/11/24 06:57:08 0179 1                  44.721548 8.854172 00 00 31383032334D303139303538            
26/11/24 06:57:41 0180 1                  44.721432 8.854360 00 00 31383032334D303134343336            
26/11/24 07:01:08 0181 1                  44.721017 8.853075 00 00 31383234304A303030323138            
26/11/24 07:01:56 0182 1                  44.720950 8.853302 00 00 31383032334D303130333634            
26/11/24 07:01:58 0183 1                  44.720953 8.853305 00 00 3231303032334D3033323836            
26/11/24 07:01:58 0184 1                  44.720953 8.853305 00 00 3232303032334D3030303238            
26/11/24 07:02:14 0185 1                  44.720978 8.853303 00 00 323030323545303031393832            
26/11/24 07:02:14 0186 1                  44.720978 8.853303 00 00 31383032334D303130383337            
26/11/24 07:02:27 0187 1                  44.720977 8.853300 00 00 31383032334D303033393734            
26/11/24 07:02:39 0188 1                  44.720970 8.853298 00 00 31383032334D303037363138            
26/11/24 07:03:28 0189 1                  44.720627 8.853210 00 00 31383032334D303139333135            
26/11/24 07:04:11 0190 1                  44.720488 8.853358 00 00 31383032334D303134363834            
26/11/24 07:04:15 0191 1                  44.720490 8.853358 00 00 31383032334D303134363835            
26/11/24 07:04:45 0192 1                  44.720540 8.853452 00 00 31383032334D303139333639            
26/11/24 07:04:50 0193 1                  44.720547 8.853467 00 00 31383032334D303139333134            
26/11/24 07:04:54 0194 1                  44.720552 8.853477 00 00 31383032334D303139323733            
26/11/24 07:05:41 0195 1                  44.720402 8.853563 00 00 31383032334D303033373532            
26/11/24 07:05:44 0196 1                  44.720403 8.853560 00 00 31383032334D303033373534            
26/11/24 07:07:10 0197 1                  44.720207 8.853813 00 00 31383032334D303130323632            
26/11/24 07:08:00 0198 1                  44.720428 8.854230 00 00 31383032334D303037393332            
26/11/24 07:08:58 0199 1                  44.720383 8.854240 00 00 3233303032334D3030313838            
26/11/24 07:09:08 0200 1                  44.720388 8.854242 00 00 31383032334D303033363534            
26/11/24 07:09:16 0201 1                  44.720395 8.854242 00 00 31383032334D303130313030            
26/11/24 07:09:17 0202 1                  44.720395 8.854242 00 00 31383032334D303037393331            
26/11/24 07:11:46 0203 1                  44.719717 8.855202 00 00 31383032334D303133383531            
26/11/24 07:12:36 0204 1                  44.719817 8.855550 00 00 3234303032334D3031333832            
26/11/24 07:14:19 0205 1                  44.720275 8.854965 00 00 31383234304A303030323034            
26/11/24 07:15:27 0206 1                  44.720862 8.854957 00 00 31383032334D303038303538            
26/11/24 07:16:21 0207 1                  44.720922 8.855123 00 00 31383032334D303133303737            
26/11/24 07:16:21 0208 1                  44.720922 8.855123 00 00 3232303032334D3031383138            
26/11/24 07:16:34 0209 1                  44.720923 8.855128 00 00 3138303A334D303033383034            
26/11/24 07:16:34 0210 1                  44.720923 8.855128 00 00 31383032334D303033383034            
26/11/24 07:16:41 0211 1                  44.720925 8.855125 00 00 31383032334D303139363230            
26/11/24 07:16:48 0212 1                  44.720932 8.855118 00 00 31383032334D303033393735            
26/11/24 07:16:55 0213 1                  44.720938 8.855115 00 00 31383032334D303033393736            
26/11/24 07:17:01 0214 1                  44.720942 8.855122 00 00 31383032334D303033373937            
26/11/24 07:17:49 0215 1                  44.721177 8.855300 00 00 3231303032334D3033333737            
26/11/24 07:17:55 0216 1                  44.721182 8.855313 00 00 31383032334D303134343733            
26/11/24 07:18:02 0217 1                  44.721185 8.855320 00 00 31383032334D303130303334            
26/11/24 07:18:52 0218 1                  44.721330 8.855495 00 00 3231303132304A3035323737            
26/11/24 07:19:59 0219 1                  44.721480 8.855615 00 00 31383032334D303134343139            
26/11/24 07:20:03 0220 1                  44.721482 8.855608 00 00 31383032334D303134343130            
26/11/24 07:20:35 0221 1                  44.721588 8.855742 00 00 31383032334D303038303832            
26/11/24 07:20:40 0222 1                  44.721587 8.855747 00 00 31383032334D303036393838            
26/11/24 07:22:01 0223 1                  44.721847 8.855942 00 00 313831323045303039303734            
26/11/24 07:22:01 0224 1                  44.721847 8.855942 00 00 313831323045303039303734            
26/11/24 07:22:16 0225 1                  44.721833 8.855938 00 00 313831323045303039303438            
26/11/24 07:25:58 0226 1                  44.722423 8.854905 00 00 31383234304A303030333631            
26/11/24 07:28:16 0227 1                  44.723340 8.854287 00 00 31383032334D303037383231            
26/11/24 07:28:21 0228 1                  44.723350 8.854285 00 00 3233303032334D3031303536            
26/11/24 07:28:26 0229 1                  44.723355 8.854285 00 00 3234303032334D3030313432            
26/11/24 07:29:38 0230 1                  44.723490 8.854400 00 00 31383032334D303038323838            
26/11/24 07:29:59 0231 1                  44.723500 8.854402 00 00 3232303032334D3030363331            
26/11/24 07:30:58 0232 1                  44.723568 8.853992 00 00 31383032334D303038333038            
26/11/24 07:30:59 0233 1                  44.723567 8.853992 00 00 31383032334D303130303676            
26/11/24 07:31:01 0234 1                  44.723565 8.853993 00 00 31383032334D303038323330            
26/11/24 07:31:02 0235 1                  44.723565 8.853993 00 00 31383032334D303038333034            
26/11/24 07:31:30 0236 1                  44.723552 8.853995 00 00 323030323545303039353430            
26/11/24 07:31:35 0237 1                  44.723552 8.853995 00 00 31383032334D303130303634            
26/11/24 07:32:33 0238 1                  44.724068 8.853760 00 00 31383032334D303134373935            
26/11/24 07:33:19 0239 1                  44.724437 8.853820 00 00 3233303032334D3031303231            
26/11/24 07:33:37 0240 1                  44.724447 8.853825 00 00 31383032334D303134373733            
26/11/24 07:34:54 0241 1                  44.724523 8.853260 00 00 31383032334D303038303337            
26/11/24 07:34:56 0242 1                  44.724525 8.853257 00 00 31383032334D303038303337            
26/11/24 07:35:54 0243 1                  44.724738 8.852942 00 00 31383132304A303039303034            
26/11/24 07:37:14 0244 1                  44.725065 8.852900 00 00 31383032334D303038313739            
26/11/24 07:37:19 0245 1                  44.725065 8.852902 00 00 31383032334D303038313735            
26/11/24 07:37:24 0246 1                  44.725067 8.852897 00 00 31383032334D303038313736            
26/11/24 07:37:30 0247 1                  44.725063 8.852885 00 00 31383032334D303038313737            
26/11/24 07:38:27 0248 1                  44.725032 8.852823 00 00 31383234304A303030323137            
26/11/24 07:39:27 0249 1                  44.725263 8.853260 00 00 31383032334D303038323837            
26/11/24 07:40:08 0250 1                  44.725273 8.853465 00 00 31383032334D303038323836            
26/11/24 07:41:47 0251 1                  44.725632 8.853488 00 00 31383032334D303038313830            
26/11/24 07:42:32 0252 1                  44.725107 8.853588 00 00 31383032334D303038303737            
26/11/24 07:43:09 0253 1                  44.724893 8.853658 00 00 31383032334D303038303739            
26/11/24 07:43:42 0254 1                  44.724725 8.853720 00 00 3231303032334D3031393832            
26/11/24 07:45:19 0255 1                  44.724165 8.852800 00 00 31383234304A303030323730            
26/11/24 07:47:41 0256 1                  44.724190 8.852872 00 00 31383234304A303030323638            
26/11/24 07:47:57 0257 1                  44.724187 8.852882 00 00 31383234304A303030323134            
26/11/24 07:49:35 0258 1                  44.724307 8.852233 00 00 31383032334D303038313932            
26/11/24 07:50:23 0259 1                  44.724053 8.852068 00 00 3232303032334D3031383336            
26/11/24 07:51:03 0260 1                  44.723722 8.852245 00 00 31383032334D303139373436            
26/11/24 07:51:09 0261 1                  44.723720 8.852240 00 00 3231303032334D3031353631            
26/11/24 07:52:11 0262 1                  44.723167 8.852972 00 00 31383032334D303134373931            
26/11/24 07:52:51 0263 1                  44.723533 8.852763 00 00 31383032334D303038303339            
26/11/24 07:53:54 0264 1                  44.723862 8.852530 00 00 31383032334D303131303137            
26/11/24 07:57:05 0265 1                  44.721570 8.856028 00 00 31383032334D303038303539            
26/11/24 07:57:05 0266 1                  44.721570 8.856028 00 00 31383032334D303038303630            
26/11/24 07:57:07 0267 1                  44.721570 8.856030 00 00 31383032334D303038323130            
26/11/24 07:57:10 0268 1                  44.721570 8.856033 00 00 31383032334D303038303733            
26/11/24 07:58:18 0269 1                  44.721463 8.856095 00 00 3234303032334D3030373635            
26/11/24 07:59:43 0270 1                  44.721372 8.856475 00 00 3231303132304A3037363434            
26/11/24 08:01:23 0271 1                  44.721120 8.857097 00 00 31383032334D303132383234            
26/11/24 08:01:31 0272 1                  44.721123 8.857107 00 00 31383032334D303033373935            
26/11/24 08:01:35 0273 1                  44.721122 8.857110 00 00 31383032334D303033373933            
26/11/24 08:01:44 0274 1                  44.721118 8.857115 00 00 31383032334D303037383533            
26/11/24 08:02:34 0275 1                  44.721277 8.857562 00 00 31383032334D303037393339            
26/11/24 08:02:48 0276 1                  44.721285 8.857568 00 00 31383032334D303033373836            
26/11/24 08:02:56 0277 1                  44.721293 8.857565 00 00 31383032334D303139363934            
26/11/24 08:04:25 0278 1                  44.721072 8.858283 00 00 3232303032334D3030373233            
26/11/24 08:04:32 0279 1                  44.721078 8.858298 00 00 3233303032334D3031303533            
26/11/24 08:04:38 0280 1                  44.721085 8.858313 00 00 3232303032334D3030353430            
26/11/24 08:05:15 0281 1                  44.721067 8.858362 00 00 3233303032334D3030343835            
26/11/24 08:05:36 0282 1                  44.721085 8.858380 00 00 31383032334D303130323332            
26/11/24 08:05:40 0283 1                  44.721090 8.858385 00 00 31383032334D303139333130            
26/11/24 08:17:01 0284 1                  44.730968 8.850135 00 00 323032343055303030303637            
26/11/24 08:19:28 0285 1                  44.732668 8.846065 00 00 31383032334D303130393434            
26/11/24 08:24:31 0286 1                  44.730932 8.854883 00 00 323031323055303030313637            
26/11/24 08:27:24 0287 1                  44.734600 8.852858 00 00 3234303032334D3030313936            
26/11/24 08:28:30 0288 1                  44.731980 8.853528 00 00 31383032334D303039343439            
26/11/24 08:28:32 0289 1                  44.731977 8.853528 00 00 31383072334D303039343439            
26/11/24 08:31:54 0290 1                  44.735953 8.847705 00 00 3233303132304A3032303731            
26/11/24 08:34:09 0291 1                  44.738595 8.850315 00 00 31383032334D303039323532            
26/11/24 08:35:23 0292 1                  44.739145 8.852925 00 00 31383032334D303134343034            
26/11/24 08:36:38 0293 1                  44.737642 8.853352 00 00 31383032334D303130393133            
26/11/24 08:39:59 0294 1                  44.742743 8.852142 00 00 3233303032334D3031303931            
26/11/24 08:42:23 0295 1                  44.750383 8.851305 00 00 3234303032334D3030303436            
26/11/24 08:44:17 0296 1                  44.754550 8.850715 00 00 31383032334D303132393236            
26/11/24 08:53:19 0297 1                  44.753130 8.845675 00 00 31383234304A303030323635            
26/11/24 08:58:44 0298 1                  44.748868 8.848447 00 00 3231303132304A3037363833            
26/11/24 09:01:27 0299 1                  44.745923 8.849220 00 00 31383032334D303131373833            
26/11/24 09:04:01 0300 1                  44.742522 8.846240 00 00 3231303032334D3031373930            
26/11/24 09:05:45 0301 1                  44.741915 8.846615 00 00 3231303234304A3034333038            
26/11/24 09:07:50 0302 1                  44.744317 8.844970 00 00 31383032334D303039333938            
26/11/24 09:08:46 0303 1                  44.745895 8.844327 00 00 3232303032334D3031383335            
26/11/24 09:12:22 0304 1                  44.741460 8.844428 00 00 31383032334D303036363336            
26/11/24 09:13:15 0305 1                  44.741477 8.843922 00 00 31383032334D303134343335            
26/11/24 09:13:24 0306 1                  44.741473 8.843922 00 00 31383032334D303137333332            
26/11/24 09:13:36 0307 1                  44.741468 8.843923 00 00 31383032334D303137393139            
26/11/24 09:13:38 0308 1                  44.741468 8.843923 00 00 31383032334D303137393139            
26/11/24 09:17:23 0309 1                  44.743688 8.836850 00 00 3231303132304A3037363236            
26/11/24 09:17:29 0310 1                  44.743687 8.836845 00 00 3231303132304A3037363233            
26/11/24 09:23:48 0311 1                  44.736310 8.842018 00 00 31383032334D303039333935            
26/11/24 09:23:56 0312 1                  44.736305 8.842015 00 00 31383032334D303130323733            
26/11/24 09:26:24 0313 1                  44.736815 8.844595 00 00 31383032334D303039333936            
26/11/24 09:29:07 0314 1                  44.730728 8.849917 00 00 313831323045303039303832            
26/11/24 09:38:35 0000 s 01508ver01 44.730818 8.842167 00 00
