26/11/24 05:17:40 0000 s 01885ver01 44.792843 8.739427 00 00
26/11/24 05:49:53 0001 1                  44.755478 8.890047 00 00 300ED89F3350005FE2CDBD44            
26/11/24 05:49:59 0002 1                  44.755468 8.890052 00 00 3035EB5FA01FF5C00C02F1DA            
26/11/24 05:57:30 0003 1                  44.752343 8.895220 00 00 3231303132304A3038383536            
26/11/24 05:59:50 0004 1                  44.750687 8.894002 00 00 313831323045303037393638            
26/11/24 06:01:05 0005 1                  44.750297 8.892562 00 00 313831323045303037373930            
26/11/24 06:04:56 0006 1                  44.752460 8.895627 00 00 313932343045303030323239            
26/11/24 06:04:56 0007 1                  44.752460 8.895627 00 00 313932343045303030323239            
26/11/24 06:07:10 0008 1                  44.751503 8.896555 00 00 313831323045303037383435            
26/11/24 06:07:15 0009 1                  44.751498 8.896555 00 00 303ACB0343209A99D8B631B7            
26/11/24 06:07:57 0010 1                  44.751593 8.896547 00 00 313831323045303038313434            
26/11/24 06:07:57 0011 1                  44.751593 8.896547 00 00 3035EBE314178EC800053196            
26/11/24 06:09:17 0012 1                  44.751665 8.896628 00 00 313831323045303036383234            
26/11/24 06:09:18 0013 1                  44.751665 8.896628 00 00 313831323045303036383A34            
26/11/24 06:14:58 0014 1                  44.753870 8.904967 00 00 313831323045303038313532            
26/11/24 06:14:58 0015 1                  44.753870 8.904967 00 00 303ACB03410B9499D8B6653D            
26/11/24 06:16:21 0016 1                  44.753558 8.906173 00 00 313831323045303037383335            
26/11/24 06:17:24 0017 1                  44.753480 8.906330 00 00 303ACB03432416D9D8B64C18            
26/11/24 06:17:25 0018 1                  44.753478 8.906330 00 00 313931323045303030303538            
26/11/24 06:18:59 0019 1                  44.753417 8.906447 00 00 3234303132304A3030323039            
26/11/24 06:21:07 0020 1                  44.753362 8.907278 00 00 313931323053303132343638            
26/11/24 06:22:20 0021 1                  44.753417 8.907085 00 00 313831323045303036313735            
26/11/24 06:25:21 0022 1                  44.753582 8.908568 00 00 313831323045303037383130            
26/11/24 06:41:55 0023 1                  44.769597 8.925998 00 00 313831323045303037303131            
26/11/24 06:44:37 0024 1                  44.768680 8.924367 00 00 313831323045303038313130            
26/11/24 06:50:27 0025 1                  44.775990 8.931568 00 00 313831323045303038303530            
26/11/24 06:52:12 0026 1                  44.776138 8.932177 00 00 313C31323045303037313236            
26/11/24 06:59:31 0027 1                  44.782055 8.937382 00 00 313831323045303037333732            
26/11/24 07:11:15 0028 1                  44.801530 8.891757 00 00 31383132304A303038393638            
26/11/24 07:26:03 0029 1                  44.811942 8.883057 00 00 31383132304A303038383030            
26/11/24 07:27:20 0030 1                  44.812268 8.882693 00 00 313931323045303030343039            
26/11/24 07:31:58 0031 1                  44.806712 8.898175 00 00 31383132304A303036323233            
26/11/24 07:34:12 0032 1                  44.806780 8.898597 00 00 31383132304A303037323636            
26/11/24 07:35:37 0033 1                  44.807518 8.898597 00 00 31383132304A303038393732            
26/11/24 07:39:26 0034 1                  44.807122 8.899602 00 00 313931323053303035323030            
26/11/24 07:39:26 0035 1                  44.807122 8.899602 00 00 30396062C3AFF38235CCE3C4            
26/11/24 07:40:44 0036 1                  44.806212 8.899312 00 00 313831323045303031343333            
26/11/24 07:43:50 0037 1                  44.806988 8.903450 00 00 31383132304A303036313139            
26/11/24 07:51:02 0038 1                  44.800138 8.913645 00 00 3231303132304A3034343139            
26/11/24 07:57:55 0039 1                  44.809193 8.903922 00 00 30395DFA82EA40400035E0A2            
26/11/24 07:58:01 0040 1                  44.809190 8.903913 00 00 31383132304A303038373931            
26/11/24 08:03:18 0041 1                  44.813070 8.904308 00 00 303ACB03410B9499D8B6653D            
26/11/24 08:16:10 0042 1                  44.812873 8.903810 00 00 31383132304A303036313533            
26/11/24 08:17:30 0043 1                  44.812733 8.903530 00 00 31383132304A303036343530            
26/11/24 08:18:42 0044 1                  44.812440 8.903472 00 00 313831323045303037303934            
26/11/24 08:20:47 0045 1                  44.812018 8.903443 00 00 31383132304A303036313632            
26/11/24 08:21:00 0046 1                  44.812017 8.903442 00 00 31383132304A303036363737            
26/11/24 08:29:57 0047 1                  44.810652 8.914290 00 00 30396062C3863E40001BFBCD            
26/11/24 08:30:50 0048 1                  44.810617 8.914365 00 00 31383132304A303036393433            
26/11/24 08:32:25 0049 1                  44.810043 8.914247 00 00 31383132304A303036313633            
26/11/24 08:42:34 0050 1                  44.833310 8.872395 00 00 3231303132304A3030363737            
26/11/24 08:42:37 0051 1                  44.833310 8.872398 00 00 313931323053303034303039            
26/11/24 08:44:26 0052 1                  44.835108 8.871895 00 00 313931323053303036343531            
26/11/24 08:46:34 0053 1                  44.837203 8.871972 00 00 313931323053303034303133            
26/11/24 08:48:04 0054 1                  44.837507 8.872550 00 00 313931323053303036353539            
26/11/24 08:53:53 0055 1                  44.837710 8.869653 00 00 313931323053303031343433            
26/11/24 08:55:17 0056 1                  44.837643 8.868588 00 00 313931323053303034333630            
26/11/24 09:39:12 0000 s 01885ver01 44.849845 8.870905 00 00
26/11/24 09:57:06 0000 s 01885ver01 44.849887 8.870942 00 00
26/11/24 09:57:53 0057 1                  44.849972 8.870923 00 00 102803880004FD4E463F8810            
26/11/24 10:46:15 0000 s 01885ver01 44.792933 8.739772 00 00
26/11/24 17:46:42 0000 s 01885ver01 44.792907 8.739465 00 00
