25/01/25 04:45:53 0000 s 01889ver01 44.882305 8.859753 00 00
25/01/25 05:37:26 0000 s 01889ver01 44.882237 8.860073 00 00
25/01/25 05:46:53 0001 1                  44.844005 8.852998 00 00 313931323050303039373536            
25/01/25 05:46:53 0002 1                  44.844005 8.852998 00 00 313931323050303039393334            
25/01/25 05:49:02 0003 1                  44.837973 8.853427 00 00 313931323050303039393333            
25/01/25 05:50:43 0004 1                  44.836177 8.853538 00 00 3231303234304A3034363238            
25/01/25 05:53:24 0005 1                  44.829508 8.853932 00 00 313931323050303036363430            
25/01/25 05:54:17 0006 1                  44.829157 8.853997 00 00 313931323050303035353037            
25/01/25 05:55:12 0007 1                  44.828778 8.854057 00 00 313931323050303039393337            
25/01/25 05:56:02 0008 1                  44.828513 8.854097 00 00 313931323050303039393432            
25/01/25 05:57:04 0009 1                  44.828463 8.853993 00 00 313931323050303039363334            
25/01/25 05:57:53 0010 1                  44.828483 8.853435 00 00 313931323050303039393338            
25/01/25 05:58:43 0011 1                  44.828460 8.853122 00 00 313931323050303039383731            
25/01/25 05:59:55 0012 1                  44.828470 8.852890 00 00 313931323050303039343734            
25/01/25 06:00:52 0013 1                  44.828453 8.852668 00 00 313931323050303039373232            
25/01/25 06:01:43 0014 1                  44.828442 8.852448 00 00 313931323050303039393339            
25/01/25 06:02:47 0015 1                  44.828198 8.851907 00 00 313931323050303039303335            
25/01/25 06:03:39 0016 1                  44.828000 8.851828 00 00 313931323050303039373437            
25/01/25 06:05:03 0017 1                  44.827372 8.851440 00 00 313931323050303039373435            
25/01/25 06:12:29 0018 1                  44.834650 8.850272 00 00 313931323050303039373933            
25/01/25 06:12:55 0019 1                  44.834625 8.850225 00 00 313931323050303130383834            
25/01/25 06:14:30 0020 1                  44.832705 8.850390 00 00 313931323050303039393534            
25/01/25 06:17:04 0021 1                  44.829667 8.850842 00 00 313931323050303037303234            
25/01/25 06:17:51 0022 1                  44.829483 8.850993 00 00 313931323050303039363235            
25/01/25 06:18:50 0023 1                  44.829143 8.852180 00 00 313931323050303035353238            
25/01/25 06:18:51 0024 1                  44.829143 8.852180 00 00 313931323050303132353337            
25/01/25 06:20:34 0025 1                  44.829682 8.852300 00 00 313931323050303039393332            
25/01/25 06:21:23 0026 1                  44.830240 8.852365 00 00 313931323050303039353539            
25/01/25 06:21:46 0027 1                  44.830538 8.852390 00 00 313931323050303031393036            
25/01/25 06:23:58 0028 1                  44.830038 8.851783 00 00 313931323050303039353430            
25/01/25 06:23:59 0029 1                  44.830038 8.851783 00 00 313931323050303130383832            
25/01/25 06:25:51 0030 1                  44.829012 8.853457 00 00 313931323050303039353532            
25/01/25 06:26:37 0031 1                  44.828990 8.853872 00 00 313931323050303039353531            
25/01/25 06:27:59 0032 1                  44.827993 8.854117 00 00 313931323050303039393533            
25/01/25 06:27:59 0033 1                  44.827993 8.854117 00 00 313931323050303039393532            
25/01/25 06:28:24 0034 1                  44.827983 8.854140 00 00 313931323050303039393431            
25/01/25 06:28:24 0035 1                  44.827983 8.854140 00 00 313931323050303039393530            
25/01/25 06:31:07 0036 1                  44.827407 8.855918 00 00 313931323050303131303539            
25/01/25 06:31:48 0037 1                  44.827568 8.855257 00 00 313931323050303039333033            
25/01/25 06:31:50 0038 1                  44.827572 8.855257 00 00 313931323450303039333033            
25/01/25 06:33:31 0039 1                  44.825950 8.854218 00 00 313931323050303133343937            
25/01/25 06:33:31 0040 1                  44.825950 8.854218 00 00 313D31323050303133343937            
25/01/25 06:34:32 0041 1                  44.825578 8.854212 00 00 313931323050303036343238            
25/01/25 06:36:21 0042 1                  44.824270 8.854398 00 00 313931323050303039333432            
25/01/25 06:37:54 0043 1                  44.823650 8.854268 00 00 313931323050303039323139            
25/01/25 06:45:01 0044 1                  44.875577 8.862628 00 00 313931323050303036353733            
25/01/25 06:46:04 0045 1                  44.875657 8.863005 00 00 313931323050303037313837            
25/01/25 06:47:09 0046 1                  44.875983 8.864430 00 00 313931323050303037313838            
25/01/25 06:48:06 0047 1                  44.876067 8.864922 00 00 313931323050303036353736            
25/01/25 06:48:06 0048 1                  44.876067 8.864922 00 00 313931323050303036353735            
25/01/25 06:49:07 0049 1                  44.876150 8.865288 00 00 313931323050303036353737            
25/01/25 06:51:51 0050 1                  44.871568 8.870355 00 00 313931323050303039363038            
25/01/25 06:54:25 0051 1                  44.869040 8.867860 00 00 3234303132304A30303326F0            
25/01/25 06:54:28 0052 1                  44.869042 8.867860 00 00 30395DFA832CB4C227BFCEE9            
25/01/25 06:56:00 0053 1                  44.868203 8.870842 00 00 3234303132304A3031303337            
25/01/25 06:58:06 0054 1                  44.866948 8.870612 00 00 313931323050303039303237            
25/01/25 06:59:54 0055 1                  44.867485 8.870657 00 00 313931323050303039303239            
25/01/25 06:59:54 0056 1                  44.867485 8.870657 00 00 313931323050303039303238            
25/01/25 07:01:01 0057 1                  44.867480 8.870787 00 00 313931323050303039323936            
25/01/25 07:01:01 0058 1                  44.867480 8.870787 00 00 313931323050303039323036            
25/01/25 07:04:58 0059 1                  44.864125 8.872753 00 00 313931323050303039393935            
25/01/25 07:05:00 0060 1                  44.864127 8.872755 00 00 313931323050303039393933            
25/01/25 07:06:19 0061 1                  44.862997 8.873465 00 00 313931323050303039303636            
25/01/25 07:07:59 0062 1                  44.862170 8.877778 00 00 313931323050303039313333            
25/01/25 07:09:34 0063 1                  44.862813 8.877398 00 00 313931323050303039383633            
25/01/25 07:11:46 0064 1                  44.861472 8.879922 00 00 3036144B4C3A361F3305D016            
25/01/25 07:11:46 0065 1                  44.861472 8.879922 00 00 313931323050303039383635            
25/01/25 07:11:47 0066 1                  44.861468 8.879925 00 00 313931323050303039363131            
25/01/25 07:13:35 0067 1                  44.861518 8.882432 00 00 313931323050303130333732            
25/01/25 07:14:47 0068 1                  44.861840 8.883538 00 00 313931323050303039363234            
25/01/25 07:15:42 0069 1                  44.861720 8.883710 00 00 3234303234304A3030333636            
25/01/25 07:16:31 0070 1                  44.861622 8.883843 00 00 30396062439DF4C0C244E8A3            
25/01/25 07:16:31 0071 1                  44.861622 8.883843 00 00 313931323050303036333738            
25/01/25 07:16:32 0072 1                  44.861622 8.883845 00 00 30396062439DF400005CD8D6            
25/01/25 07:16:33 0073 1                  44.861622 8.883845 00 00 30396062439DF4C0C244106D            
25/01/25 07:17:34 0074 1                  44.861462 8.884082 00 00 313931323050303036333830            
25/01/25 07:17:34 0075 1                  44.861462 8.884082 00 00 313931323050303036333739            
25/01/25 07:18:56 0076 1                  44.861342 8.884297 00 00 313931323050303036333831            
25/01/25 07:18:57 0077 1                  44.861342 8.884297 00 00 313931323050303036333832            
25/01/25 07:19:00 0078 1                  44.861343 8.884298 00 00 3035E8BF6058BD00000217C9            
25/01/25 07:20:58 0079 1                  44.861208 8.884928 00 00 313931323050303039313930            
25/01/25 07:23:20 0080 1                  44.860078 8.884302 00 00 313931323050303039313334            
25/01/25 07:25:06 0081 1                  44.861192 8.885040 00 00 313931323050303039363231            
25/01/25 07:25:07 0082 1                  44.861192 8.885040 00 00 313931323050303039333938            
25/01/25 07:25:08 0083 1                  44.861190 8.885043 00 00 313931323050303039363231            
25/01/25 07:26:25 0084 1                  44.861458 8.886028 00 00 313931323050303035373636            
25/01/25 07:26:25 0085 1                  44.861458 8.886028 00 00 313931323050303039323138            
25/01/25 07:27:14 0086 1                  44.861555 8.886162 00 00 313931323050303035373635            
25/01/25 07:30:25 0087 1                  44.862327 8.887733 00 00 313931323050303039383232            
25/01/25 07:31:10 0088 1                  44.862252 8.887473 00 00 313931323050303036363831            
25/01/25 07:31:59 0089 1                  44.862187 8.887265 00 00 313931323050303039383433            
25/01/25 07:31:59 0090 1                  44.862187 8.887265 00 00 313931323050303036363739            
25/01/25 07:33:10 0091 1                  44.862132 8.886853 00 00 313931323050303036363738            
25/01/25 07:33:10 0092 1                  44.862132 8.886853 00 00 313931323050303037323132            
25/01/25 07:33:38 0093 1                  44.862150 8.886830 00 00 313931323050303039383432            
25/01/25 07:34:47 0094 1                  44.862188 8.885802 00 00 313931323050303030333235            
25/01/25 07:35:18 0095 1                  44.862203 8.885568 00 00 313931323050303036353739            
25/01/25 07:36:46 0096 1                  44.862113 8.883265 00 00 313931323050303036343137            
25/01/25 07:37:37 0097 1                  44.862230 8.883098 00 00 313931323050303039383434            
25/01/25 07:38:33 0098 1                  44.862392 8.882697 00 00 313931323050303035353137            
25/01/25 07:39:24 0099 1                  44.862678 8.881815 00 00 313931323050303033343038            
25/01/25 07:40:22 0100 1                  44.862872 8.881145 00 00 313931323050303034343530            
25/01/25 07:40:35 0101 1                  44.862867 8.881142 00 00 3035E8BF6058BD00000217C9            
25/01/25 07:41:16 0102 1                  44.862930 8.880913 00 00 313931323050303033323132            
25/01/25 07:41:18 0103 1                  44.862932 8.880915 00 00 313931323050303039313932            
25/01/25 07:42:25 0104 1                  44.862875 8.880118 00 00 313931323050303038343530            
25/01/25 07:43:10 0105 1                  44.862835 8.879872 00 00 313931323050303036303337            
25/01/25 07:44:12 0106 1                  44.862752 8.879453 00 00 313931323050303039313931            
25/01/25 07:45:26 0107 1                  44.862355 8.877068 00 00 313931323050303132353335            
25/01/25 07:46:07 0108 1                  44.862465 8.876898 00 00 313931323050303132363732            
25/01/25 07:47:11 0109 1                  44.862840 8.876263 00 00 3234303132304A3030343039            
25/01/25 07:48:33 0110 1                  44.862987 8.875227 00 00 313931323050303035363738            
25/01/25 07:48:33 0111 1                  44.862987 8.875227 00 00 313931323050303039303637            
25/01/25 07:48:57 0112 1                  44.862998 8.875228 00 00 313931323050303039353636            
25/01/25 07:50:05 0113 1                  44.862983 8.874960 00 00 313931323050303039303732            
25/01/25 07:50:08 0114 1                  44.862980 8.874955 00 00 393931323050303039333137            
25/01/25 07:51:16 0115 1                  44.862973 8.874702 00 00 313931323050303039303638            
25/01/25 07:52:08 0116 1                  44.862962 8.874347 00 00 31383132304A303233313933            
25/01/25 07:52:08 0117 1                  44.862962 8.874347 00 00 313931323050303033383735            
25/01/25 07:52:31 0118 1                  44.862958 8.874352 00 00 313931323050303038333533            
25/01/25 07:53:29 0119 1                  44.863008 8.873870 00 00 3234303132304A3033313330            
25/01/25 07:54:32 0120 1                  44.862725 8.873730 00 00 313931323050303039303931            
25/01/25 07:54:36 0121 1                  44.862725 8.873730 00 00 313931323050303039303737            
25/01/25 07:55:03 0122 1                  44.862718 8.873742 00 00 313931323050303039303733            
25/01/25 07:55:04 0123 1                  44.862718 8.873742 00 00 313931323050303039303734            
25/01/25 07:55:35 0124 1                  44.862708 8.873697 00 00 313931323050303037323134            
25/01/25 07:55:37 0125 1                  44.862708 8.873690 00 00 313931323050303039303735            
25/01/25 07:55:51 0126 1                  44.862707 8.873668 00 00 3035E8BF6058BD00000217C9            
25/01/25 07:57:42 0127 1                  44.861675 8.873447 00 00 313931323050303039373439            
25/01/25 07:58:40 0128 1                  44.861755 8.873682 00 00 313931323050303039343430            
25/01/25 07:58:52 0129 1                  44.861757 8.873682 00 00 313931323050303039313337            
25/01/25 08:01:14 0130 1                  44.862097 8.875550 00 00 313931323050303039343431            
25/01/25 08:01:14 0131 1                  44.862097 8.875550 00 00 313931323050303039323839            
25/01/25 08:02:15 0132 1                  44.862093 8.875113 00 00 313931323050303039373531            
25/01/25 08:03:04 0133 1                  44.862067 8.874643 00 00 313931323050303039373530            
25/01/25 08:05:16 0134 1                  44.857903 8.876847 00 00 3231303234304A3034363136            
25/01/25 08:26:19 0000 s 01889ver01 44.849108 8.887147 00 00
25/01/25 08:33:32 0135 1                  44.873303 8.873732 00 00 313931323050303039343534            
25/01/25 08:34:32 0136 1                  44.873462 8.874957 00 00 313931323050303039343533            
25/01/25 08:36:55 0137 1                  44.872892 8.882913 00 00 313931323050303039323635            
25/01/25 08:38:06 0138 1                  44.872682 8.883743 00 00 313931B23050303039343634            
25/01/25 08:40:13 0139 1                  44.872068 8.888158 00 00 3231313130304A3030363932            
25/01/25 08:40:40 0140 1                  44.872057 8.888192 00 00 3231313130304A3032343135            
25/01/25 08:43:19 0141 1                  44.876892 8.890973 00 00 313931323050303039393539            
25/01/25 08:44:18 0142 1                  44.877842 8.890577 00 00 3231303033304D3032363636            
25/01/25 08:44:41 0143 1                  44.877820 8.890567 00 00 313931323050303130333637            
25/01/25 08:44:44 0144 1                  44.877823 8.890568 00 00 3035EBB3204245880004118A            
25/01/25 08:47:26 0145 1                  44.878240 8.889680 00 00 313931323050303039373532            
25/01/25 08:47:26 0146 1                  44.878240 8.889680 00 00 313931323050303039333235            
25/01/25 08:48:28 0147 1                  44.878428 8.889455 00 00 313931323050303039323437            
25/01/25 08:49:10 0148 1                  44.878482 8.889267 00 00 313931323050303033333635            
25/01/25 08:50:04 0149 1                  44.878552 8.889127 00 00 313931323050303039383832            
25/01/25 08:50:06 0150 1                  44.878550 8.889127 00 00 313931323050303039383830            
25/01/25 08:50:54 0151 1                  44.878758 8.889317 00 00 3234303132304A3032313936            
25/01/25 08:52:03 0152 1                  44.879205 8.889633 00 00 313931323050303039313430            
25/01/25 08:52:49 0153 1                  44.879658 8.890138 00 00 313931323050303031313336            
25/01/25 08:53:34 0154 1                  44.879918 8.890362 00 00 313931323050303033383638            
25/01/25 08:54:03 0155 1                  44.880370 8.890492 00 00 313931323050303039383739            
25/01/25 08:54:51 0156 1                  44.880530 8.890332 00 00 313931323050303131303630            
25/01/25 08:56:13 0157 1                  44.880287 8.890050 00 00 313931323050303039313432            
25/01/25 08:58:10 0158 1                  44.882467 8.891377 00 00 313931323050303131303533            
25/01/25 08:58:11 0159 1                  44.882467 8.891377 00 00 313931323050303039383737            
25/01/25 09:00:00 0160 1                  44.883392 8.892528 00 00 3231303033304D3033313333            
25/01/25 09:00:45 0161 1                  44.883420 8.892985 00 00 313931323050303035353031            
25/01/25 09:02:51 0162 1                  44.882978 8.897200 00 00 313931323050303039323334            
25/01/25 09:04:18 0163 1                  44.882582 8.899593 00 00 313931323050303039383533            
25/01/25 09:05:15 0164 1                  44.881947 8.900168 00 00 313931323050303039353438            
25/01/25 09:06:15 0165 1                  44.881555 8.900420 00 00 313931323050303039353439            
25/01/25 09:08:12 0166 1                  44.879767 8.901138 00 00 313931323050303039373738            
25/01/25 09:09:08 0167 1                  44.879193 8.901300 00 00 313931323050303039373739            
25/01/25 09:10:18 0168 1                  44.878453 8.901553 00 00 3231303234304A3034363139            
25/01/25 09:14:27 0169 1                  44.883628 8.891147 00 00 313931323050303032393138            
25/01/25 09:15:27 0170 1                  44.883610 8.889957 00 00 313931323050303039343730            
25/01/25 09:17:01 0171 1                  44.884197 8.886322 00 00 313931323050303039343731            
25/01/25 09:17:02 0172 1                  44.884195 8.886320 00 00 313931323050303039343637            
25/01/25 09:18:17 0173 1                  44.884708 8.884598 00 00 313931323050303130383737            
25/01/25 09:18:27 0174 1                  44.884705 8.884587 00 00 3034F848F856D18AB41DBA54            
25/01/25 09:18:27 0175 1                  44.884705 8.884587 00 00 3034F848F850084AB41DBA78            
25/01/25 09:19:20 0176 1                  44.884840 8.883910 00 00 313931323050303039343436            
25/01/25 09:20:15 0177 1                  44.884823 8.883467 00 00 313931323050303039373930            
25/01/25 09:20:38 0178 1                  44.884815 8.883467 00 00 313931323050303039353236            
25/01/25 09:21:52 0179 1                  44.884797 8.882298 00 00 313831323045303235323332            
25/01/25 09:24:57 0180 1                  44.882992 8.890022 00 00 3035EBEA0802EA080004F311            
25/01/25 09:24:59 0181 1                  44.882990 8.890020 00 00 313931323050303036313532            
25/01/25 09:25:53 0182 1                  44.882607 8.889918 00 00 313931323050303033343231            
25/01/25 09:26:52 0183 1                  44.882063 8.889728 00 00 313931323050303036313533            
25/01/25 09:28:02 0184 1                  44.880975 8.889162 00 00 313931323050303033363236            
25/01/25 09:28:57 0185 1                  44.880475 8.889080 00 00 313931323050303039313433            
25/01/25 09:29:43 0186 1                  44.880350 8.889017 00 00 313931323050303034343931            
25/01/25 09:30:17 0187 1                  44.880357 8.889007 00 00 3231313130304A3032353639            
25/01/25 09:31:19 0188 1                  44.880118 8.888747 00 00 313931323050303039353234            
25/01/25 09:32:42 0189 1                  44.879698 8.888710 00 00 313931323050303033323330            
25/01/25 09:32:44 0190 1                  44.879698 8.888712 00 00 313931323050303036313339            
25/01/25 09:33:43 0191 1                  44.879815 8.888098 00 00 313931323050303039353934            
25/01/25 09:34:11 0192 1                  44.879768 8.887917 00 00 313931323050303132353434            
25/01/25 09:34:51 0193 1                  44.879712 8.887748 00 00 3231303234304A3034363135            
25/01/25 09:36:45 0194 1                  44.879447 8.887150 00 00 313931323050303130373033            
25/01/25 09:36:46 0195 1                  44.879447 8.887150 00 00 31383132304A303233393438            
25/01/25 09:39:17 0196 1                  44.878403 8.888245 00 00 313931323050303039373830            
25/01/25 09:39:40 0197 1                  44.878338 8.888342 00 00 313931323050303034383531            
25/01/25 09:40:08 0198 1                  44.878267 8.888445 00 00 313931323050303039303332            
25/01/25 09:42:28 0199 1                  44.880142 8.886612 00 00 313931323050303039363238            
25/01/25 09:43:31 0200 1                  44.881160 8.886188 00 00 313931323050303130383734            
25/01/25 09:45:15 0201 1                  44.881308 8.883168 00 00 313931323050303035313234            
25/01/25 09:46:06 0202 1                  44.881117 8.882743 00 00 313931323050303039373031            
25/01/25 09:55:06 0203 1                  44.882758 8.883757 00 00 313931323050303039323033            
25/01/25 09:58:01 0204 1                  44.884200 8.881635 00 00 3036144B4C3A361F3305D016            
25/01/25 10:32:08 0000 s 01889ver01 44.882395 8.860263 00 00
