25/01/25 05:26:42 0000 s 01878ver01 44.882670 8.859822 00 00
25/01/25 06:17:22 0000 s 01878ver01 44.907558 8.866118 00 00
25/01/25 06:18:20 0001 1                  44.907685 8.865895 00 00 3234303032334D3030303532            
25/01/25 06:19:19 0002 1                  44.907730 8.863147 00 00 31383032334D303034393630            
25/01/25 06:20:12 0003 1                  44.907452 8.860353 00 00 3231303032334D3030343233            
25/01/25 06:20:56 0004 1                  44.906980 8.859510 00 00 3231303032334D3030353237            
25/01/25 06:22:36 0005 1                  44.903432 8.856933 00 00 323031323055303030333937            
25/01/25 06:24:19 0006 1                  44.900557 8.855575 00 00 31383032334D303032313432            
25/01/25 06:26:19 0007 1                  44.898642 8.858148 00 00 323030323545303030333038            
25/01/25 06:26:32 0008 1                  44.898652 8.858207 00 00 323030323545303030333138            
25/01/25 06:26:46 0009 1                  44.898657 8.858200 00 00 3231303032334D3035353533            
25/01/25 06:27:58 0010 1                  44.900553 8.860423 00 00 323030323545303036323139            
25/01/25 06:28:05 0011 1                  44.900577 8.860405 00 00 3231303032334D3030363934            
25/01/25 06:30:46 0012 1                  44.898783 8.857770 00 00 3232303032334D3031373437            
25/01/25 06:31:45 0013 1                  44.898048 8.856505 00 00 3232303032334D3031303633            
25/01/25 06:32:49 0014 1                  44.899032 8.858062 00 00 31383032334D303032333836            
25/01/25 06:33:12 0015 1                  44.899137 8.857877 00 00 3233303032334D3030353338            
25/01/25 06:36:26 0016 1                  44.904753 8.856353 00 00 31383032334D303032333837            
25/01/25 06:37:31 0017 1                  44.903913 8.858685 00 00 31383032334D303131323831            
25/01/25 06:37:37 0018 1                  44.903912 8.858690 00 00 31383032334D303032323237            
25/01/25 06:47:41 0019 1                  44.902385 8.862600 00 00 3233303032334D3030333734            
25/01/25 06:48:22 0020 1                  44.902422 8.862713 00 00 323032343055303030313232            
25/01/25 06:49:24 0021 1                  44.902173 8.862813 00 00 3231303032334D3030373436            
25/01/25 06:49:40 0022 1                  44.902183 8.862845 00 00 31383032334D303032323131            
25/01/25 06:50:26 0023 1                  44.902167 8.863172 00 00 323030323545303030383232            
25/01/25 06:51:03 0024 1                  44.901823 8.863685 00 00 31383032334D303135313134            
25/01/25 06:51:29 0025 1                  44.901770 8.863650 00 00 31383032334D303032333834            
25/01/25 06:52:15 0026 1                  44.901755 8.863950 00 00 3231303032334D3030363532            
25/01/25 06:52:24 0027 1                  44.901750 8.863995 00 00 31383032334D303032323132            
25/01/25 06:57:12 0028 1                  44.902900 8.865723 00 00 3231303032334D3030353437            
25/01/25 06:57:15 0029 1                  44.902902 8.865723 00 00 3231303032334D3030363937            
25/01/25 06:58:21 0030 1                  44.903653 8.866007 00 00 3231303032334D3031383530            
25/01/25 06:59:17 0031 1                  44.903958 8.865952 00 00 31383032334D303032303237            
25/01/25 06:59:56 0032 1                  44.904675 8.866218 00 00 31383032334D303131323031            
25/01/25 07:00:45 0033 1                  44.905763 8.866855 00 00 31383032334D303131333438            
25/01/25 07:01:20 0034 1                  44.906122 8.866985 00 00 3231303032334D3035303435            
25/01/25 07:02:10 0035 1                  44.906650 8.867323 00 00 31383032334D303032323932            
25/01/25 07:02:53 0036 1                  44.907218 8.867395 00 00 3231303032334D3030363332            
25/01/25 07:02:58 0037 1                  44.907230 8.867370 00 00 3234303032334D3030343735            
25/01/25 07:03:34 0038 1                  44.907433 8.867437 00 00 31383032334D303032313234            
25/01/25 07:05:46 0039 1                  44.906830 8.864928 00 00 31383032334D303032323931            
25/01/25 07:12:40 0040 1                  44.904167 8.866620 00 00 31383032334D303035313037            
25/01/25 07:14:45 0041 1                  44.905028 8.868183 00 00 31383032334D303032303934            
25/01/25 07:16:12 0042 1                  44.905393 8.868670 00 00 3233303132304A3032313139            
25/01/25 07:24:14 0043 1                  44.906625 8.870618 00 00 3232303032334D3030313934            
25/01/25 07:24:47 0044 1                  44.906328 8.870757 00 00 31383032334D303032323531            
25/01/25 07:26:04 0045 1                  44.906197 8.871947 00 00 31383032334D303131323038            
25/01/25 07:32:59 0046 1                  44.910633 8.871808 00 00 3232303032334D3031353539            
25/01/25 07:33:05 0047 1                  44.910638 8.871808 00 00 3231303032334D3030363239            
25/01/25 07:39:00 0048 1                  44.912113 8.875290 00 00 31383032334D303034383337            
25/01/25 07:42:37 0049 1                  44.909218 8.867978 00 00 31383032334D303032333531            
25/01/25 07:43:29 0050 1                  44.907978 8.867332 00 00 3231303032334D3030373832            
25/01/25 07:46:26 0051 1                  44.908428 8.864497 00 00 31383032334D303032323534            
25/01/25 07:46:40 0052 1                  44.908463 8.864500 00 00 3232303032334D3030363031            
25/01/25 07:47:38 0053 1                  44.909107 8.864398 00 00 31383032334D303032313535            
25/01/25 07:47:43 0054 1                  44.909125 8.864378 00 00 3231303032334D3031323836            
25/01/25 07:49:15 0055 1                  44.910380 8.864195 00 00 31383032334D303131323339            
25/01/25 07:52:06 0056 1                  44.909787 8.860903 00 00 31383032334D303134343238            
25/01/25 08:01:08 0057 1                  44.928348 8.871258 00 00 31383032334D303131323034            
25/01/25 08:01:14 0058 1                  44.928348 8.871247 00 00 31383032334D303131323035            
25/01/25 08:01:21 0059 1                  44.928327 8.871240 00 00 3234303032334D3031383536            
25/01/25 08:12:41 0060 1                  0 0 00 00 3234303032334D3030363037            
25/01/25 08:22:19 0061 1                  44.933540 8.903795 00 00 323030323545303033343432            
25/01/25 08:23:15 0062 1                  44.933400 8.903168 00 00 31383032334D303131353033            
25/01/25 08:23:28 0063 1                  44.933402 8.903148 00 00 323030323545303035323538            
25/01/25 08:24:48 0064 1                  44.932543 8.902567 00 00 31383132304A303039313833            
25/01/25 08:27:12 0065 1                  44.925163 8.896420 00 00 31383032334D303135383331            
25/01/25 08:30:38 0066 1                  44.912913 8.883083 00 00 31383032334D303135393233            
25/01/25 08:36:33 0067 1                  44.915850 8.884543 00 00 31383032334D303135383836            
25/01/25 08:42:34 0068 1                  44.909517 8.879540 00 00 31383032334D303131333331            
25/01/25 08:48:52 0069 1                  44.910087 8.878307 00 00 31383032334D303034393D34            
25/01/25 08:49:05 0070 1                  44.910108 8.878290 00 00 31383032334D303034393535            
25/01/25 08:50:22 0071 1                  44.909418 8.878332 00 00 31383032334D303034393536            
25/01/25 08:53:46 0072 1                  44.909110 8.877968 00 00 3231303032334D3030373235            
25/01/25 08:54:24 0073 1                  44.909193 8.877712 00 00 31393032334D303032333539            
25/01/25 08:54:34 0074 1                  44.909218 8.877675 00 00 31383032334D303037303935            
25/01/25 08:54:43 0075 1                  44.909227 8.877662 00 00 31383032334D303131333234            
25/01/25 08:57:20 0076 1                  44.908655 8.878613 00 00 3231303032334D3030343230            
25/01/25 08:57:55 0077 1                  44.908453 8.878763 00 00 31383032334D303135373830            
25/01/25 08:59:48 0078 1                  44.907910 8.877865 00 00 323032343055303030313233            
25/01/25 09:01:43 0079 1                  44.907873 8.877243 00 00 31383132304A303039303734            
25/01/25 09:03:26 0080 1                  44.907972 8.876383 00 00 31383032334D303131323435            
25/01/25 09:03:34 0081 1                  44.907927 8.876377 00 00 323030323545303033323432            
25/01/25 09:03:41 0082 1                  44.907925 8.876352 00 00 31383032334D303131323934            
25/01/25 09:13:37 0083 1                  44.907512 8.876278 00 00 3232303032334D3030303939            
25/01/25 09:13:49 0084 1                  44.907537 8.876213 00 00 3232303032334D3031343834            
25/01/25 09:15:53 0085 1                  44.908378 8.875955 00 00 31383032334D303035313833            
25/01/25 09:16:34 0086 1                  44.908353 8.876198 00 00 3231303032334D3030343436            
25/01/25 09:17:16 0087 1                  44.908473 8.876550 00 00 3232303032334D3031353230            
25/01/25 09:19:04 0088 1                  44.908468 8.876710 00 00 31383032334D303131343039            
25/01/25 09:19:16 0089 1                  44.908488 8.876683 00 00 31383032334D303032333630            
25/01/25 09:19:33 0090 1                  44.908497 8.876672 00 00 3232303032334D3031313330            
25/01/25 09:20:17 0091 1                  44.908785 8.876880 00 00 31383132334D303131323531            
25/01/25 09:20:32 0092 1                  44.908788 8.876902 00 00 3231303032334D3034393930            
25/01/25 09:21:56 0093 1                  44.908988 8.877097 00 00 3231303032334D3030353633            
25/01/25 09:22:12 0094 1                  44.908985 8.877107 00 00 31383032334D303036393638            
25/01/25 09:23:53 0095 1                  44.908840 8.880205 00 00 323030323545303033333439            
25/01/25 09:23:58 0096 1                  44.908848 8.880232 00 00 323030323545303033333033            
25/01/25 09:42:14 0000 s 01878ver01 44.907438 8.885955 00 00
25/01/25 09:46:59 0097 1                  44.907055 8.866995 00 00 323032343055303030303536            
25/01/25 09:52:20 0098 1                  44.903998 8.867412 00 00 3234303032334D3030373335            
25/01/25 09:52:32 0099 1                  44.904000 8.867372 00 00 3234303032334D3031303431            
25/01/25 09:53:36 0100 1                  44.904190 8.866888 00 00 3232303032334D3030363631            
25/01/25 09:53:52 0101 1                  44.904232 8.866882 00 00 3234303032334D3030333932            
25/01/25 10:23:19 0000 s 01878ver01 44.882657 8.860340 00 00
25/01/25 10:26:59 0000 s 01878ver01 44.882583 8.860142 00 00
25/01/25 10:29:08 0000 s 01878ver01 44.882587 8.860055 00 00
