04/11/25 05:12:43 0000 s 01503ver01 44.779205 8.755767 00 00
04/11/25 05:25:15 0001 1                  44.763810 8.799680 00 00 015607114870820172200000            
04/11/25 05:43:12 0002 1                  44.753438 8.894335 00 00 313831323045303136313235            
04/11/25 05:43:46 0003 1                  44.753430 8.894323 00 00 313931323043303130333233            
04/11/25 05:44:53 0004 1                  44.753327 8.894455 00 00 313831323045303136303730            
04/11/25 05:45:02 0005 1                  44.753330 8.894450 00 00 313831323045303136313231            
04/11/25 05:45:53 0006 1                  44.753028 8.894980 00 00 3034F8490C595982EE0004D8            
04/11/25 05:45:54 0007 1                  44.753028 8.894980 00 00 30347BE6C83144D74A50E5E6            
04/11/25 05:45:54 0008 1                  44.753028 8.894980 00 00 3234303132304A3032393736            
04/11/25 05:45:55 0009 1                  44.753028 8.894980 00 00 30395DFA82CD94C0001A44F5            
04/11/25 05:46:07 0010 1                  44.753033 8.894972 00 00 313831323045303136323831            
04/11/25 05:46:57 0011 1                  44.752877 8.895297 00 00 C20B303132304A3032373735            
04/11/25 05:46:57 0012 1                  44.752877 8.895297 00 00 303AC8E9C1096219D8B63315            
04/11/25 05:46:57 0013 1                  44.752877 8.895297 00 00 303AC8E9C1359719D8B6415C            
04/11/25 05:46:58 0014 1                  44.752877 8.895298 00 00 303ACB0341F9091C82BD96E2            
04/11/25 05:46:58 0015 1                  44.752877 8.895298 00 00 303AC8E9C12B9059D8B7A02B            
04/11/25 05:46:59 0016 1                  44.752877 8.895298 00 00 303AC8E9C0FDD01AC688E892            
04/11/25 05:46:59 0017 1                  44.752877 8.895298 00 00 303AC8E9C0B05F59D8B6ACE7            
04/11/25 05:46:59 0018 1                  44.752877 8.895298 00 00 303ACB0343914659D8B6B689            
04/11/25 05:47:13 0019 1                  44.752877 8.895303 00 00 313831323045303137353038            
04/11/25 05:48:03 0020 1                  44.752772 8.895512 00 00 313931323043303036363333            
04/11/25 05:48:11 0021 1                  44.752763 8.895507 00 00 313831323045303136323032            
04/11/25 05:49:48 0022 1                  44.752518 8.895645 00 00 3234313130304A3030313335            
04/11/25 05:50:56 0023 1                  44.752582 8.895910 00 00 3232313130304A3030323234            
04/11/25 05:50:58 0024 1                  44.752582 8.895915 00 00 3034F722D451CB42657E5A4D            
04/11/25 05:51:54 0025 1                  44.752492 8.896270 00 00 313831323045303135373933            
04/11/25 05:52:02 0026 1                  44.752488 8.896278 00 00 313831323045303137353039            
04/11/25 05:52:11 0027 1                  44.752478 8.896287 00 00 313831323045303137333330            
04/11/25 05:53:04 0028 1                  44.752645 8.896417 00 00 31383033304D303032393133            
04/11/25 05:53:11 0029 1                  44.752638 8.896423 00 00 313831323045303137353236            
04/11/25 05:53:24 0030 1                  44.752622 8.896438 00 00 313831323045303137353134            
04/11/25 05:53:31 0031 1                  44.752620 8.896445 00 00 30396061C0B3FF8000032260            
04/11/25 05:53:31 0032 1                  44.752620 8.896445 00 00 313831323045303137343330            
04/11/25 05:53:44 0033 1                  44.752625 8.896448 00 00 313831323045303137333334            
04/11/25 05:54:26 0034 1                  44.752863 8.897028 00 00 313831723045303137353235            
04/11/25 05:55:10 0035 1                  44.752727 8.897280 00 00 313831323045303137353338            
04/11/25 05:55:14 0036 1                  44.752725 8.897287 00 00 313831323045303137353431            
04/11/25 05:55:29 0037 1                  44.752715 8.897303 00 00 3233303132304A3031353632            
04/11/25 05:55:47 0038 1                  44.752730 8.897323 00 00 313831323045303137353433            
04/11/25 05:57:01 0039 1                  44.753572 8.900362 00 00 313831323045303137303734            
04/11/25 05:57:53 0040 1                  44.753465 8.901687 00 00 313831323045303137303733            
04/11/25 05:58:50 0041 1                  44.752695 8.903792 00 00 30340C0F6C3FB088CBD41804            
04/11/25 05:58:51 0042 1                  44.752695 8.903792 00 00 313831323045303137333139            
04/11/25 05:59:34 0043 1                  44.752485 8.904737 00 00 313831323045303137353032            
04/11/25 05:59:34 0044 1                  44.752485 8.904737 00 00 3034F836E81FD08AB421C075            
04/11/25 06:01:02 0045 1                  44.752252 8.906998 00 00 313931313030433030303330            
04/11/25 06:02:20 0046 1                  44.752557 8.907132 00 00 313831323055303136333736            
04/11/25 06:02:20 0047 1                  44.752557 8.907132 00 00 313831323045303136333736            
04/11/25 06:04:07 0048 1                  44.752595 8.905702 00 00 313831323045303137323538            
04/11/25 06:04:07 0049 1                  44.752595 8.905702 00 00 313831323045303937323538            
04/11/25 06:05:17 0050 1                  44.752993 8.906243 00 00 313831323045303137343631            
04/11/25 06:06:09 0051 1                  44.753422 8.906853 00 00 313831323045303137333233            
04/11/25 06:07:45 0052 1                  44.754437 8.908198 00 00 313831323045303137313037            
04/11/25 06:07:45 0053 1                  44.754437 8.908198 00 00 3036144C8424D89EBBD02B69            
04/11/25 06:08:44 0054 1                  44.754838 8.908662 00 00 313831323045303137333339            
04/11/25 06:09:36 0055 1                  44.755315 8.909320 00 00 313831323045303137313133            
04/11/25 06:09:48 0056 1                  44.755322 8.909328 00 00 313931323045303330343030            
04/11/25 06:10:35 0057 1                  44.755462 8.909563 00 00 303AC8E9C18F8099D8B633CD            
04/11/25 06:10:35 0058 1                  44.755462 8.909563 00 00 303952B4423966400000053C            
04/11/25 06:10:36 0059 1                  44.755462 8.909563 00 00 303AC8E9C1AC951CB19A447B            
04/11/25 06:10:36 0060 1                  44.755462 8.909563 00 00 303AC8E9C0CAA059D8B6386B            
04/11/25 06:10:36 0061 1                  44.755462 8.909563 00 00 303AC8E9C0ECAB19D8B63A73            
04/11/25 06:10:38 0062 1                  44.755463 8.909562 00 00 313831323045303137313134            
04/11/25 06:11:48 0063 1                  44.755462 8.909557 00 00 3035E8BF60067C800000CA65            
04/11/25 06:11:48 0064 1                  44.755462 8.909557 00 00 302F004109E0540000001B8E            
04/11/25 06:11:49 0065 1                  44.755462 8.909557 00 00 303AC8E9C0BA1F1CA43180CB            
04/11/25 06:11:49 0066 1                  44.755462 8.909557 00 00 313831323045303137343331            
04/11/25 06:12:13 0067 1                  44.755470 8.909552 00 00 313831323045303137313137            
04/11/25 06:12:13 0068 1                  44.755470 8.909552 00 00 3016037B4035CF4005F5E176            
04/11/25 06:14:27 0069 1                  44.764328 8.915608 00 00 313831323045303136353739            
04/11/25 06:16:00 0070 1                  44.766418 8.918745 00 00 313831323045303137323035            
04/11/25 06:24:45 0071 1                  44.754130 8.907528 00 00 3016037B4035CF4005F5E176            
04/11/25 06:26:52 0072 1                  44.754160 8.907527 00 00 302F004109E0540000001B8E            
04/11/25 06:27:34 0073 1                  44.754158 8.907520 00 00 083832B220354E000B71A69C            
04/11/25 06:27:42 0074 1                  44.754147 8.907513 00 00 0838001CE90BFCC00BEBC0A0            
04/11/25 06:27:42 0075 1                  44.754147 8.907513 00 00 3034F848E8319082EE00184C            
04/11/25 06:27:54 0076 1                  44.754128 8.907500 00 00 083832B220F89E000B71E2A5            
04/11/25 06:28:00 0077 1                  44.754122 8.907498 00 00 30360372D83C4E400CD0A874            
04/11/25 06:28:09 0078 1                  44.754115 8.907492 00 00 3035D17F9454EA94F4B755D1            
04/11/25 06:28:12 0079 1                  44.754117 8.907488 00 00 303549A74C35E814F4B76DC8            
04/11/25 06:28:12 0080 1                  44.754117 8.907488 00 00 30395DFA82FCEF0000172C90            
04/11/25 06:43:08 0081 1                  44.796028 8.872267 00 00 3034F6D3040100400002496D            
04/11/25 06:57:36 0000 s 01503ver01 44.812108 8.855328 00 00
04/11/25 07:02:53 0082 1                  44.811890 8.876175 00 00 31383132304A303135363938            
04/11/25 07:05:10 0083 1                  44.810478 8.876393 00 00 313831323045303039343539            
04/11/25 07:06:56 0084 1                  44.810835 8.883420 00 00 3233303132304A3030343637            
04/11/25 07:06:57 0085 1                  44.810833 8.883418 00 00 30396061C0F065C00002B0CB            
04/11/25 07:07:47 0086 1                  44.810750 8.883763 00 00 313831323045303137303332            
04/11/25 07:08:48 0087 1                  44.810428 8.885140 00 00 31383132304A303136323839            
04/11/25 07:09:04 0088 1                  44.810420 8.885142 00 00 31383132304A303135333934            
04/11/25 07:09:58 0089 1                  44.810418 8.885525 00 00 31383132304A303135333935            
04/11/25 07:10:44 0090 1                  44.810352 8.886018 00 00 31383132304A303135333931            
04/11/25 07:12:10 0091 1                  44.808465 8.891772 00 00 31383132304A303135363037            
04/11/25 07:18:46 0092 1                  44.807770 8.894350 00 00 000000000024624410205001            
04/11/25 07:18:46 0093 1                  44.807770 8.894350 00 00 313931313030433030303935            
04/11/25 07:19:18 0094 1                  44.807743 8.894372 00 00 3139313130B0433030303936            
04/11/25 07:21:35 0095 1                  44.806225 8.897220 00 00 31383132304A303137313336            
04/11/25 07:23:09 0096 1                  44.806525 8.898563 00 00 31383132304A303136373930            
04/11/25 07:23:21 0097 1                  44.806525 8.898557 00 00 31383132304A303136373832            
04/11/25 07:24:02 0098 1                  44.806583 8.898780 00 00 313931323045303330303735            
04/11/25 07:24:44 0099 1                  44.806490 8.898982 00 00 313931323043303131353130            
04/11/25 07:25:41 0100 1                  44.806430 8.899292 00 00 3234303132304A3032373838            
04/11/25 07:26:47 0101 1                  44.806630 8.900418 00 00 3233303132304A3030343136            
04/11/25 07:26:57 0102 1                  44.806638 8.900420 00 00 31383132304A303131363330            
04/11/25 07:30:21 0103 1                  44.807050 8.900268 00 00 313931313030433030303439            
04/11/25 07:32:43 0104 1                  44.806925 8.900237 00 00 31383132304A303138323332            
04/11/25 07:32:49 0105 1                  44.806932 8.900242 00 00 31383132304A303136363330            
04/11/25 07:33:50 0106 1                  44.806877 8.899842 00 00 313931323045303330303732            
04/11/25 07:34:00 0107 1                  44.806875 8.899833 00 00 31383132304A303138323231            
04/11/25 07:35:16 0108 1                  44.806698 8.899575 00 00 31383033304D303031383739            
04/11/25 07:36:26 0109 1                  44.807058 8.901750 00 00 31383132304A303135393333            
04/11/25 07:37:55 0110 1                  44.807962 8.899887 00 00 313931313030433030303937            
04/11/25 07:38:48 0111 1                  44.807895 8.899600 00 00 3234303132304A3032393935            
04/11/25 07:38:49 0112 1                  44.807892 8.899600 00 00 3035EB7F185D47C008004927            
04/11/25 07:38:49 0113 1                  44.807892 8.899600 00 00 3035EBB3201964480003FE9D            
04/11/25 07:38:50 0114 1                  44.807892 8.899600 00 00 3035EBB3202B330800041C11            
04/11/25 07:38:50 0115 1                  44.807892 8.899600 00 00 3035EBB3203BA40800043A80            
04/11/25 07:38:50 0116 1                  44.807892 8.899600 00 00 3035EBB32019644800040DB7            
04/11/25 07:38:51 0117 1                  44.807890 8.899600 00 00 3035EBB3202B164800040DD9            
04/11/25 07:39:31 0118 1                  44.807880 8.899008 00 00 31383132304A303138323230            
04/11/25 07:42:22 0119 1                  44.808210 8.904227 00 00 31383132304A303136323138            
04/11/25 07:42:22 0120 1                  44.808210 8.904227 00 00 3034F85374116B800000001B            
04/11/25 07:42:33 0121 1                  44.808217 8.904233 00 00 31383132304A303136323135            
04/11/25 07:44:47 0122 1                  44.808913 8.904733 00 00 31383132304A303136323137            
04/11/25 07:45:04 0123 1                  44.808927 8.904748 00 00 000000100000012903671002            
04/11/25 07:46:21 0124 1                  44.813152 8.903745 00 00 31383132304A303137393235            
04/11/25 07:48:10 0125 1                  44.813695 8.902148 00 00 31383132304A303137373439            
04/11/25 07:48:54 0126 1                  44.813780 8.901855 00 00 31383132304A303130323534            
04/11/25 07:49:05 0127 1                  44.813777 8.901848 00 00 3035EB7F185D47C008004927            
04/11/25 07:49:18 0128 1                  44.813795 8.901852 00 00 31383132304A303135363936            
04/11/25 07:50:42 0129 1                  44.813513 8.899883 00 00 31383132304A303138323135            
04/11/25 07:51:01 0130 1                  44.813517 8.899888 00 00 3035EBB3202B164800040DD9            
04/11/25 07:54:09 0131 1                  44.814318 8.879157 00 00 31383132304A303135353938            
04/11/25 07:55:23 0000 s 01503ver01 0 0 00 00
04/11/25 08:00:55 0000 s 01503ver01 0 0 00 00
04/11/25 08:20:58 0132 1                  44.813010 8.904252 00 00 3035EB7F185D47C008004927            
04/11/25 08:21:05 0133 1                  44.813013 8.904257 00 00 3035EBB3203D4BC80004108D            
04/11/25 08:21:16 0134 1                  44.813010 8.904255 00 00 3035EBB3202B330800041C11            
04/11/25 08:21:19 0135 1                  44.813008 8.904255 00 00 303AC8E9C0B7A61AC688E8D0            
04/11/25 08:21:25 0136 1                  44.813002 8.904250 00 00 303AC8E9C0EDCFA0B9192E62            
04/11/25 08:21:27 0137 1                  44.813002 8.904252 00 00 3034F848D4066C0C3500C350            
04/11/25 08:21:27 0138 1                  44.813002 8.904252 00 00 303ACB0342CF25E0AF6C1F90            
04/11/25 08:21:38 0139 1                  44.813005 8.904260 00 00 30340BDF4015310282626565            
04/11/25 08:21:48 0140 1                  44.813003 8.904265 00 00 3036144D141E825EBBD041D5            
04/11/25 08:21:58 0141 1                  44.813003 8.904272 00 00 303ACB0342814559D8B6466B            
04/11/25 08:22:08 0142 1                  44.813005 8.904273 00 00 30340BF4781E3C35575E2C06            
04/11/25 08:22:10 0143 1                  44.813005 8.904273 00 00 303AC8E9C100139CABF86A08            
04/11/25 08:22:18 0144 1                  44.813007 8.904275 00 00 3036143BC045B55FF415DC2D            
04/11/25 08:31:50 0145 1                  44.835568 8.878542 00 00 313831323045303039343433            
04/11/25 08:32:36 0146 1                  44.836040 8.877992 00 00 313931323045303330313038            
04/11/25 08:34:14 0147 1                  44.836307 8.877738 00 00 323031313030433030343437            
04/11/25 08:35:14 0148 1                  44.836573 8.877412 00 00 313831323045303136383738            
04/11/25 08:35:54 0149 1                  44.836770 8.877248 00 00 313831323045303136383831            
04/11/25 08:35:59 0150 1                  44.836765 8.877247 00 00 3235303132304A3031373931            
04/11/25 08:36:49 0151 1                  44.836927 8.876947 00 00 3235303132304A3030363338            
04/11/25 08:37:31 0152 1                  44.837063 8.877335 00 00 313831323045303039343038            
04/11/25 08:40:06 0153 1                  44.837507 8.874392 00 00 30360396A8295B8406002811            
04/11/25 08:40:06 0154 1                  44.837507 8.874392 00 00 313931323045303330323138            
04/11/25 08:41:50 0155 1                  44.838025 8.874918 00 00 313931323045303330313037            
04/11/25 08:41:57 0156 1                  44.838043 8.874920 00 00 313931323045303330313036            
04/11/25 08:42:13 0157 1                  44.838060 8.874920 00 00 313831323045303136353937            
04/11/25 08:42:58 0158 1                  44.838090 8.874552 00 00 313931323045303330313130            
04/11/25 08:43:09 0159 1                  44.838077 8.874525 00 00 313831323045303136353933            
04/11/25 08:44:52 0160 1                  44.837508 8.873325 00 00 3231303234304A3032333439            
04/11/25 08:46:47 0161 1                  44.837987 8.871815 00 00 313931323043303037393538            
04/11/25 08:46:57 0162 1                  44.837983 8.871822 00 00 313831323245303136383836            
04/11/25 08:47:28 0163 1                  44.837983 8.871820 00 00 313831323045303136353736            
04/11/25 08:49:10 0164 1                  44.837910 8.871543 00 00 313831323045303136303631            
04/11/25 08:49:20 0165 1                  44.837905 8.871547 00 00 31383033304D303035363933            
04/11/25 08:50:51 0166 1                  44.837570 8.871500 00 00 313831323045303136383631            
04/11/25 08:58:06 0167 1                  44.837217 8.871630 00 00 313831323045303039343436            
04/11/25 08:58:46 0168 1                  44.837047 8.871952 00 00 313831323045303136383530            
04/11/25 08:59:02 0169 1                  44.837058 8.871953 00 00 313831323045303136383634            
04/11/25 08:59:11 0170 1                  44.837068 8.871958 00 00 313831323045303039353030            
04/11/25 08:59:58 0171 1                  44.836852 8.872188 00 00 313831323045303039353630            
04/11/25 09:00:07 0172 1                  44.836868 8.872177 00 00 313831323045303039343730            
04/11/25 09:00:51 0173 1                  44.836458 8.872302 00 00 313831323045303136363338            
04/11/25 09:01:43 0174 1                  44.836253 8.872123 00 00 313831323045303136383736            
04/11/25 09:01:52 0175 1                  44.836252 8.872133 00 00 3016037B403D62C005F5E108            
04/11/25 09:01:52 0176 1                  44.836252 8.872133 00 00 313831323045303136373330            
04/11/25 09:03:14 0177 1                  44.836417 8.871825 00 00 313831323045303136383638            
04/11/25 09:03:30 0178 1                  44.836385 8.871723 00 00 203470882409080002010000            
04/11/25 09:03:50 0179 1                  44.836743 8.871223 00 00 3230303033304D3032323731            
04/11/25 09:04:25 0180 1                  44.836870 8.871027 00 00 313931323045303330323037            
04/11/25 09:04:36 0181 1                  44.836873 8.871027 00 00 313831323045303136363533            
04/11/25 09:04:36 0182 1                  44.836873 8.871027 00 00 303405B4BC389F13221000AB            
04/11/25 09:06:14 0183 1                  44.839825 8.870902 00 00 313831323045303136333937            
04/11/25 09:06:37 0184 1                  44.839835 8.870922 00 00 313831323045307136333936            
04/11/25 09:07:33 0185 1                  44.840513 8.870453 00 00 313931323043303037333639            
04/11/25 09:07:34 0186 1                  44.840513 8.870453 00 00 3034F8224810EA02EE0106C9            
04/11/25 09:08:17 0187 1                  44.840770 8.870357 00 00 313831323045303136333237            
04/11/25 09:09:06 0188 1                  44.841022 8.870300 00 00 313931323045303330323237            
04/11/25 09:10:04 0189 1                  44.842048 8.869597 00 00 08C8068AA0F2CD800BB53EB9            
04/11/25 09:10:04 0190 1                  44.842048 8.869597 00 00 3035EBB3200130080007A58E            
04/11/25 09:10:05 0191 1                  44.842048 8.869597 00 00 3035EB7F183124C8000921A3            
04/11/25 09:10:05 0192 1                  44.842050 8.869595 00 00 3035EBB3201E27C800068620            
04/11/25 09:10:05 0193 1                  44.842050 8.869595 00 00 313931B23045303330323031            
04/11/25 09:10:46 0194 1                  44.842203 8.869143 00 00 313831323045303136353839            
04/11/25 09:10:52 0195 1                  44.842205 8.869143 00 00 30340BE6304463A2C8968C03            
04/11/25 09:10:52 0196 1                  44.842205 8.869143 00 00 30340BEAD44136974876E8EF            
04/11/25 09:11:02 0197 1                  44.842210 8.869143 00 00 313831323045303136353838            
04/11/25 09:12:37 0198 1                  44.841935 8.870025 00 00 313931323043303130363430            
04/11/25 09:15:08 0199 1                  44.840103 8.872063 00 00 3234303132304A3032383030            
04/11/25 09:16:23 0200 1                  44.840578 8.871760 00 00 3034F837005E370AB41F498C            
04/11/25 09:16:23 0201 1                  44.840578 8.871760 00 00 3034F7E6CC04288AB4203D3E            
04/11/25 09:16:24 0202 1                  44.840578 8.871760 00 00 313931323045303330313637            
04/11/25 09:16:26 0203 1                  44.840578 8.871762 00 00 30340BE62C6005026F1ECC01            
04/11/25 09:17:03 0204 1                  44.840962 8.871520 00 00 313931323045303330313836            
04/11/25 09:17:46 0205 1                  44.841387 8.871297 00 00 313931323045303330323335            
04/11/25 09:17:54 0206 1                  44.841393 8.871293 00 00 313931323045303330323339            
04/11/25 09:18:32 0207 1                  44.841560 8.871200 00 00 313931323043303034373335            
04/11/25 09:18:42 0208 1                  44.841545 8.871202 00 00 3233303132304A3031353630            
04/11/25 09:19:36 0209 1                  44.841612 8.870495 00 00 313831323045303039353337            
04/11/25 09:20:50 0210 1                  44.841517 8.869133 00 00 257886639252014288887790            
04/11/25 09:21:27 0211 1                  44.841578 8.868955 00 00 313931323045303330303237            
04/11/25 09:22:05 0212 1                  44.841628 8.868820 00 00 313831323045303039323631            
04/11/25 09:22:07 0213 1                  44.841628 8.868818 00 00 313831323045303039323671            
04/11/25 09:22:24 0214 1                  44.841623 8.868817 00 00 313931323045303330323035            
04/11/25 09:22:45 0215 1                  44.841640 8.868807 00 00 3016037B403D62C005F5E108            
04/11/25 09:23:26 0216 1                  44.841450 8.869353 00 00 313931323043303030363037            
04/11/25 09:24:39 0217 1                  44.842197 8.867385 00 00 313831323045303136333232            
04/11/25 09:24:54 0218 1                  44.842195 8.867400 00 00 313831323045303136333235            
04/11/25 09:25:38 0219 1                  44.842387 8.867058 00 00 313931323043303037743232            
04/11/25 09:27:44 0220 1                  44.839950 8.860908 00 00 313831323045303136393135            
04/11/25 09:29:02 0221 1                  44.839083 8.856152 00 00 313831323045303136353430            
04/11/25 09:32:10 0222 1                  44.836892 8.861738 00 00 313831323045303130343539            
04/11/25 09:39:11 0223 1                  44.843405 8.864155 00 00 303AC8E9C146B9DCAE793D7F            
04/11/25 09:39:23 0224 1                  44.843405 8.864157 00 00 303AC8E9C17ABE19D8B62EAC            
04/11/25 09:39:23 0225 1                  44.843407 8.864155 00 00 303AC8E9C1854D5CAEC8C465            
04/11/25 09:39:23 0226 1                  44.843407 8.864155 00 00 303AC8E9C173A95AC68900E1            
04/11/25 09:39:25 0227 1                  44.843407 8.864155 00 00 30340C124410019748771212            
04/11/25 09:39:28 0228 1                  44.843407 8.864155 00 00 303AC8E9C185AA9AC688C62F            
04/11/25 09:39:28 0229 1                  44.843407 8.864155 00 00 30396061C0260100000B80F2            
04/11/25 09:39:30 0230 1                  44.843408 8.864155 00 00 30396061C0260100000B5D77            
04/11/25 09:39:31 0231 1                  44.843408 8.864155 00 00 30340BBFC810C9F28554A806            
04/11/25 10:09:31 0000 s 01503ver01 44.849418 8.870538 00 00
04/11/25 11:05:26 0000 s 01503ver01 44.779188 8.755808 00 00
