25/01/25 05:02:31 0000 s 01890ver01 44.882203 8.860270 00 00
25/01/25 05:15:20 0000 s 01890ver01 44.894942 8.859122 00 00
25/01/25 05:22:43 0001 1                  44.902340 8.868687 00 00 3231303234304A3031323034            
25/01/25 05:23:06 0002 1                  44.902330 8.868672 00 00 3231303234304A3031323033            
25/01/25 05:23:52 0003 1                  44.902297 8.868738 00 00 3231303234304A3031323037            
25/01/25 05:30:01 0004 1                  44.900873 8.864610 00 00 3231303234304A3034343634            
25/01/25 05:38:35 0005 1                  44.900933 8.866117 00 00 3232303032334D3030313738            
25/01/25 05:40:00 0006 1                  44.901105 8.866203 00 00 323030323545303036383735            
25/01/25 05:40:08 0007 1                  44.901105 8.866210 00 00 323030323545303036383732            
25/01/25 05:42:03 0008 1                  44.901495 8.867108 00 00 3232303032334D3031383833            
25/01/25 05:45:33 0009 1                  44.901447 8.867567 00 00 323030323545303034323037            
25/01/25 05:45:46 0010 1                  44.901458 8.867592 00 00 3232303032334D3030393935            
25/01/25 05:45:59 0011 1                  44.901467 8.867590 00 00 323030323545303034303635            
25/01/25 05:46:13 0012 1                  44.901490 8.867585 00 00 3231303032334D3030353931            
25/01/25 05:46:32 0013 1                  44.901508 8.867595 00 00 323030323545303037323433            
25/01/25 05:49:22 0014 1                  44.901657 8.868810 00 00 3234303032334D3030393231            
25/01/25 05:53:23 0015 1                  44.902032 8.869398 00 00 323030323545303038313936            
25/01/25 05:53:31 0016 1                  44.902038 8.869408 00 00 3233303032334D3030323136            
25/01/25 05:53:38 0017 1                  44.902045 8.869413 00 00 323030323545303038313937            
25/01/25 05:53:46 0018 1                  44.902048 8.869428 00 00 323030323545303038333734            
25/01/25 05:55:37 0019 1                  44.902500 8.869315 00 00 3234303234304A3030363935            
25/01/25 05:57:40 0020 1                  44.902610 8.868567 00 00 3234303234304A3030363836            
25/01/25 05:58:26 0021 1                  44.902555 8.868583 00 00 3234303234304A3030363837            
25/01/25 06:01:55 0022 1                  44.900895 8.870595 00 00 323031323055303030313033            
25/01/25 06:06:36 0023 1                  44.901512 8.868743 00 00 3233303032334D3030303939            
25/01/25 06:07:53 0024 1                  44.901013 8.868797 00 00 3231303234304A3031323239            
25/01/25 06:09:04 0025 1                  44.901037 8.869058 00 00 3234303032334D3030373238            
25/01/25 06:10:28 0026 1                  44.900903 8.869890 00 00 3234303234304A3030363732            
25/01/25 06:10:48 0027 1                  44.900908 8.869905 00 00 3234303234304A3030363735            
25/01/25 06:12:20 0028 1                  44.900680 8.870303 00 00 323031323055303030313231            
25/01/25 06:16:06 0029 1                  44.901285 8.871285 00 00 323031323055303030323238            
25/01/25 06:31:19 0030 1                  44.901412 8.868190 00 00 323030323545303034313035            
25/01/25 06:31:58 0031 1                  44.901373 8.867927 00 00 323030323545303034323131            
25/01/25 06:32:06 0032 1                  44.901385 8.867913 00 00 323030323545303034323039            
25/01/25 06:32:13 0033 1                  44.901387 8.867905 00 00 3231303032334D3033373636            
25/01/25 06:32:19 0034 1                  44.901390 8.867898 00 00 323030323545303034303736            
25/01/25 06:32:25 0035 1                  44.901393 8.867897 00 00 323030323545303034323038            
25/01/25 06:33:12 0036 1                  44.901242 8.867582 00 00 323030323545303034303934            
25/01/25 06:56:06 0037 1                  44.902898 8.869907 00 00 323031323055303030313430            
25/01/25 06:58:25 0038 1                  44.903680 8.869725 00 00 323031323055303030313239            
25/01/25 07:02:38 0039 1                  44.900960 8.868043 00 00 3231303032334D3030363836            
25/01/25 07:02:53 0040 1                  44.900957 8.868055 00 00 3231303032334D3030353534            
25/01/25 07:08:44 0041 1                  44.900378 8.869002 00 00 323030323545303037313139            
25/01/25 07:14:35 0042 1                  44.900058 8.869660 00 00 323030323545303031353734            
25/01/25 07:16:44 0043 1                  44.900027 8.870563 00 00 323032343055303030333633            
25/01/25 07:22:12 0044 1                  44.901360 8.870613 00 00 323032343055303030353533            
25/01/25 07:24:08 0045 1                  44.901628 8.870503 00 00 3231303234304A3032373733            
25/01/25 07:24:39 0046 1                  44.901622 8.870493 00 00 3231303234304A3032373734            
25/01/25 07:58:05 0047 1                  44.904248 8.870108 00 00 323030323545303035323033            
25/01/25 08:06:43 0048 1                  44.904328 8.870770 00 00 3232303032334D3031313738            
25/01/25 08:07:59 0049 1                  44.904127 8.870608 00 00 323030323545303037303736            
25/01/25 08:10:04 0050 1                  44.904008 8.870652 00 00 3231303032334D3030353637            
25/01/25 08:10:08 0051 1                  44.904010 8.870655 00 00 3231303032334D3030353630            
25/01/25 08:11:17 0052 1                  44.903730 8.870827 00 00 323030323545303038323331            
25/01/25 08:11:20 0053 1                  44.903722 8.870837 00 00 323030323545303038323330            
25/01/25 08:11:20 0054 1                  44.903722 8.870837 00 00 323030323545303038323330            
25/01/25 08:16:58 0055 1                  44.904567 8.871882 00 00 323030323545303037303234            
25/01/25 08:17:15 0056 1                  44.904583 8.871882 00 00 323030323545303037353438            
25/01/25 08:17:30 0057 1                  44.904578 8.871883 00 00 323030323545303037303139            
25/01/25 08:19:58 0058 1                  44.904858 8.871850 00 00 323030323545303037303430            
25/01/25 08:21:07 0059 1                  44.905137 8.871662 00 00 323030323545303037353533            
25/01/25 08:21:26 0060 1                  44.905100 8.871747 00 00 323030323545303037353838            
25/01/25 08:25:52 0061 1                  44.905535 8.871243 00 00 323030323545303037363138            
25/01/25 08:28:39 0062 1                  44.904135 8.873060 00 00 3231303032334D3033393634            
25/01/25 08:31:08 0063 1                  44.904530 8.872643 00 00 323031323055303030313539            
25/01/25 08:38:33 0064 1                  44.905380 8.873202 00 00 323030323545303037383335            
25/01/25 08:43:42 0065 1                  44.905588 8.873043 00 00 323031323055303030313431            
25/01/25 08:55:51 0066 1                  44.906485 8.873587 00 00 323030323545303036383730            
25/01/25 09:01:57 0067 1                  44.907310 8.875297 00 00 3231303234304A3031313338            
25/01/25 09:13:43 0068 1                  44.907492 8.878123 00 00 3231303032334D3030353639            
25/01/25 09:22:22 0069 1                  44.903142 8.874168 00 00 3232303032334D3031373031            
25/01/25 09:22:44 0070 1                  44.903132 8.874157 00 00 323030323545303037383739            
25/01/25 09:26:11 0071 1                  44.905373 8.874542 00 00 323032343055303030323933            
25/01/25 09:26:19 0072 1                  44.905367 8.874563 00 00 323032343055303030323932            
25/01/25 09:38:10 0073 1                  44.906992 8.876352 00 00 323032343055303030333536            
25/01/25 09:45:19 0074 1                  44.906213 8.876705 00 00 323030323545303038343231            
25/01/25 09:45:22 0075 1                  44.906215 8.876708 00 00 323030323545303031383738            
25/01/25 09:48:05 0076 1                  44.905700 8.875570 00 00 323032343055303030353531            
25/01/25 09:50:50 0077 1                  44.906712 8.874978 00 00 3232303032334D3030383931            
25/01/25 11:12:28 0000 s 01890ver01 44.882432 8.860288 00 00
