01/03/25 05:10:47 0000 s 01492ver01 44.882313 8.860010 00 00
01/03/25 05:22:41 0001 1                  0 0 00 00 E20000166616014714708055            
01/03/25 05:41:40 0002 1                  44.899013 8.871572 00 00 313931323053303130383236            
01/03/25 05:43:01 0003 1                  44.898978 8.872065 00 00 313931323053303038393438            
01/03/25 05:46:06 0004 1                  44.899082 8.873508 00 00 313931323053303039353430            
01/03/25 05:46:09 0005 1                  44.899063 8.873523 00 00 3035EBA8785B5300000493FC            
01/03/25 05:48:43 0006 1                  44.899410 8.874237 00 00 313931323053303131373831            
01/03/25 05:48:48 0007 1                  44.899423 8.874225 00 00 313931323053303131373634            
01/03/25 05:51:32 0008 1                  44.899802 8.874470 00 00 313931323053303033333736            
01/03/25 05:55:05 0009 1                  44.900685 8.876793 00 00 3232303132304A3030323438            
01/03/25 05:57:11 0010 1                  44.901408 8.877193 00 00 3234303132304A3032343033            
01/03/25 06:02:12 0011 1                  44.897007 8.873467 00 00 3231303132304A3033393233            
01/03/25 06:04:57 0012 1                  44.894645 8.876768 00 00 313931323053303034323239            
01/03/25 06:06:19 0013 1                  44.895018 8.876443 00 00 313931323053303037353235            
01/03/25 06:09:45 0014 1                  44.895208 8.877048 00 00 313931323053303034353834            
01/03/25 06:09:47 0015 1                  44.895205 8.877058 00 00 313931323053303038333537            
01/03/25 06:13:26 0016 1                  44.899225 8.880270 00 00 313931323053303033333031            
01/03/25 06:15:18 0017 1                  44.898517 8.881770 00 00 313931323053303038373731            
01/03/25 06:16:48 0018 1                  44.897178 8.881897 00 00 313931323053303037393932            
01/03/25 06:20:12 0019 1                  44.895343 8.882183 00 00 313931323053303130353231            
01/03/25 06:23:12 0020 1                  44.895173 8.883522 00 00 313931323053303038363835            
01/03/25 06:31:46 0021 1                  44.893825 8.888048 00 00 3231303132304A3038353231            
01/03/25 06:31:46 0022 1                  44.893825 8.888048 00 00 313931323053303130313035            
01/03/25 06:35:10 0023 1                  44.887745 8.886863 00 00 313931323053303130373530            
01/03/25 06:35:11 0024 1                  44.887745 8.886865 00 00 313931323053303034343337            
01/03/25 06:39:50 0025 1                  44.887638 8.882325 00 00 3230303033304D3030363335            
01/03/25 06:39:57 0026 1                  44.887623 8.882307 00 00 3230303033304D3030363334            
01/03/25 06:40:05 0027 1                  44.887657 8.882268 00 00 3230303033304D3030313132            
01/03/25 06:43:39 0028 1                  44.888485 8.882912 00 00 3233303132304A3030393336            
01/03/25 06:43:42 0029 1                  44.888485 8.882905 00 00 3034326DB0445E26E52DD004            
01/03/25 06:46:37 0030 1                  44.893182 8.882167 00 00 313931323053303038303639            
01/03/25 06:46:39 0031 1                  44.893182 8.882163 00 00 990120000203208030000002            
01/03/25 06:48:37 0032 1                  44.893610 8.881990 00 00 313931323053303033353032            
01/03/25 06:48:37 0033 1                  44.893610 8.881990 00 00 313931323053303038303735            
01/03/25 06:50:52 0034 1                  44.894423 8.882082 00 00 313931323053303034373333            
01/03/25 06:50:53 0035 1                  44.894423 8.882082 00 00 303ACB0342636ED9D8B651B2            
01/03/25 06:50:56 0036 1                  44.894420 8.882088 00 00 313931323053303034373335            
01/03/25 06:50:56 0037 1                  44.894420 8.882088 00 00 303ACB0342B817E0AB43EFEF            
01/03/25 06:52:59 0038 1                  44.894853 8.881607 00 00 313931323053303033333636            
01/03/25 06:55:13 0039 1                  44.895727 8.881475 00 00 313931323053303033353035            
01/03/25 06:55:15 0040 1                  44.895728 8.881477 00 00 30340C12440AE9174876E915            
01/03/25 06:56:49 0041 1                  44.895932 8.881412 00 00 313931323053303033333037            
01/03/25 06:59:35 0042 1                  44.900350 8.881278 00 00 313931323053303039373839            
01/03/25 07:10:24 0000 s 01492ver01 44.899582 8.872747 00 00
01/03/25 07:17:44 0043 1                  44.907190 8.891583 00 00 3230313130304A3030343535            
01/03/25 07:17:44 0044 1                  44.907190 8.891583 00 00 303AAF8142117340B2D0A290            
01/03/25 07:18:51 0045 1                  44.907162 8.891593 00 00 3230313130304A3030343839            
01/03/25 07:19:57 0046 1                  44.907110 8.892162 00 00 9903074E607484310000C836            
01/03/25 07:20:11 0047 1                  44.907103 8.892172 00 00 323031313030533030713139            
01/03/25 07:32:09 0048 1                  44.899997 8.881972 00 00 313931323053303038323337            
01/03/25 07:33:27 0049 1                  44.900230 8.882660 00 00 313931323053303033323934            
01/03/25 07:36:00 0050 1                  44.898557 8.890595 00 00 313931323053303034353337            
01/03/25 07:36:13 0051 1                  44.898560 8.890640 00 00 303ACB0342B817E0AB43EFEF            
01/03/25 07:41:40 0052 1                  44.892245 8.892578 00 00 313931323053303033383431            
01/03/25 07:42:44 0053 1                  44.892435 8.892575 00 00 313931323053303034353431            
01/03/25 07:45:25 0054 1                  44.893247 8.894070 00 00 313931323053303036363238            
01/03/25 07:49:01 0055 1                  44.889548 8.896320 00 00 313931323053303030393439            
01/03/25 07:52:22 0056 1                  44.885993 8.897488 00 00 313931323053303038393637            
01/03/25 07:55:48 0057 1                  44.884943 8.901743 00 00 30340C00002C69030D7A5406            
01/03/25 07:55:49 0058 1                  44.884943 8.901747 00 00 3231303132304A3039363832            
01/03/25 07:55:49 0059 1                  44.884943 8.901747 00 00 3034F848E42E7E42EE000A2A            
01/03/25 07:55:51 0060 1                  44.884943 8.901750 00 00 30396062C39EA0C000283134            
01/03/25 07:55:53 0061 1                  44.884943 8.901753 00 00 434C30303233333934353933            
01/03/25 07:58:39 0062 1                  44.892087 8.904400 00 00 00B07A150806AC2FF68E9A27            
01/03/25 07:58:41 0063 1                  44.892092 8.904392 00 00 313931323053303033383531            
01/03/25 08:01:39 0064 1                  44.894842 8.903692 00 00 313931323053303037393939            
01/03/25 08:01:41 0065 1                  44.894852 8.903687 00 00 313931323053303034313734            
01/03/25 08:06:06 0066 1                  44.887177 8.902543 00 00 313931323053303033333639            
01/03/25 08:10:15 0067 1                  44.884083 8.903840 00 00 313931323053303034383133            
01/03/25 08:18:06 0068 1                  44.884950 8.907915 00 00 313931323053303033343739            
01/03/25 08:25:46 0069 1                  44.884953 8.908383 00 00 313931323053303130343939            
01/03/25 08:25:47 0070 1                  44.884953 8.908383 00 00 3034F84900329442EE000696            
01/03/25 08:27:07 0071 1                  44.885362 8.908713 00 00 313931323053303036313835            
01/03/25 08:28:21 0072 1                  44.885817 8.908923 00 00 31383132304A303033373335            
01/03/25 08:33:18 0073 1                  44.897142 8.905193 00 00 3233303132304A3030373931            
01/03/25 08:36:27 0074 1                  44.901613 8.905442 00 00 313931323053303033333834            
01/03/25 08:44:26 0075 1                  44.898488 8.899088 00 00 313931323053303037343635            
01/03/25 08:56:46 0076 1                  44.902585 8.897905 00 00 313931323043303038323833            
01/03/25 09:26:30 0077 1                  44.905667 8.898867 00 00 313931323053303130373437            
01/03/25 10:22:07 0000 s 01492ver01 44.905787 8.868725 00 00
