04/11/25 11:14:52 0000 s 01891ver01 44.779210 8.755817 00 00
04/11/25 11:34:32 0001 1                  44.840988 8.591678 00 00 000000000000000021180530            
04/11/25 11:36:50 0002 1                  44.835950 8.589233 00 00 3235313130304A3030313635            
04/11/25 11:38:52 0003 1                  44.835338 8.587933 00 00 3139313130304A3032303135            
04/11/25 11:41:22 0004 1                  44.839028 8.585072 00 00 313831323045303231373934            
04/11/25 11:42:14 0005 1                  44.839310 8.583995 00 00 313831323045303233353136            
04/11/25 11:42:36 0006 1                  44.839307 8.584000 00 00 313831313030533031303235            
04/11/25 11:42:36 0007 1                  44.839307 8.584000 00 00 313831313030533031303235            
04/11/25 11:42:45 0008 1                  44.839308 8.584002 00 00 30396120C285BE8000004045            
04/11/25 11:44:06 0009 1                  44.839525 8.583195 00 00 313831323045303234313531            
04/11/25 11:45:40 0010 1                  44.839755 8.582258 00 00 313831323045303231373936            
04/11/25 11:46:31 0011 1                  44.839872 8.581670 00 00 313831323045303231313037            
04/11/25 11:48:26 0012 1                  44.840245 8.580532 00 00 3234303132304A3033313035            
04/11/25 11:48:31 0013 1                  44.840245 8.580532 00 00 313831323045303233363032            
04/11/25 11:48:42 0014 1                  44.840242 8.580533 00 00 3233303132304A3030353638            
04/11/25 11:48:42 0015 1                  44.840242 8.580533 00 00 313831323045303233353639            
04/11/25 11:49:46 0016 1                  44.840462 8.580700 00 00 313831323045303232353934            
04/11/25 11:52:52 0017 1                  44.838528 8.580635 00 00 3234313130304A3030333732            
04/11/25 11:54:06 0018 1                  44.839520 8.580085 00 00 3234303132304A3032323635            
04/11/25 11:54:10 0019 1                  44.839525 8.580077 00 00 313831323045303232353938            
04/11/25 11:54:33 0020 1                  44.839548 8.580045 00 00 313831323045303232333638            
04/11/25 11:54:33 0021 1                  44.839548 8.580045 00 00 313931323050303131393439            
04/11/25 11:55:09 0022 1                  44.839538 8.580022 00 00 313831323045303139393832            
04/11/25 11:56:16 0023 1                  44.840100 8.579520 00 00 313831323045303232313438            
04/11/25 11:56:18 0024 1                  44.840102 8.579518 00 00 313831323045303230353135            
04/11/25 12:03:54 0025 1                  44.840532 8.577857 00 00 181312425400044150162525            
04/11/25 12:04:03 0026 1                  44.840540 8.577857 00 00 313831313030533031303937            
04/11/25 12:04:03 0027 1                  44.840540 8.577857 00 00 30396061C05E5640000011AD            
04/11/25 12:05:14 0028 1                  44.840638 8.577588 00 00 313831323045303233303939            
04/11/25 12:05:14 0029 1                  44.840638 8.577588 00 00 313831323045303232313534            
04/11/25 12:07:39 0030 1                  44.840697 8.576022 00 00 313831323045303231353632            
04/11/25 12:07:39 0031 1                  44.840697 8.576022 00 00 313931323050303132303630            
04/11/25 12:07:56 0032 1                  44.840695 8.576008 00 00 313931323050303038393433            
04/11/25 12:09:20 0033 1                  44.840717 8.575753 00 00 3234303132304A3030383635            
04/11/25 12:10:32 0034 1                  44.840745 8.575627 00 00 313831323045303234313735            
04/11/25 12:11:27 0035 1                  44.840720 8.575490 00 00 313931323050303032383830            
04/11/25 12:11:28 0036 1                  44.840723 8.575492 00 00 313831323045303231313035            
04/11/25 12:12:21 0037 1                  44.840698 8.575000 00 00 313831323045303232393131            
04/11/25 12:13:24 0038 1                  44.840328 8.574680 00 00 313831323045303231313737            
04/11/25 12:14:32 0039 1                  44.840052 8.574685 00 00 313831323045303233343237            
04/11/25 12:14:33 0040 1                  44.840052 8.574685 00 00 313931323050303131343836            
04/11/25 12:15:37 0041 1                  44.839700 8.574727 00 00 313831323045303232333830            
04/11/25 12:16:49 0042 1                  44.839412 8.574748 00 00 313831323045303231383632            
04/11/25 12:17:38 0043 1                  44.839187 8.574767 00 00 313831323045303231353631            
04/11/25 12:18:23 0044 1                  44.838830 8.574772 00 00 313831323045303230393831            
04/11/25 12:18:37 0045 1                  44.838815 8.574767 00 00 313831323045303230363030            
04/11/25 12:19:21 0046 1                  44.838720 8.574785 00 00 E2000016661002410630D708            
04/11/25 12:19:26 0047 1                  44.838723 8.574782 00 00 313831323045303231313734            
04/11/25 12:20:06 0048 1                  44.838713 8.574728 00 00 313831323045303231353734            
04/11/25 12:21:37 0049 1                  44.838487 8.574760 00 00 313831323045303233373332            
04/11/25 12:21:37 0050 1                  44.838487 8.574760 00 00 713831323045303233373332            
04/11/25 12:23:02 0051 1                  44.837352 8.574843 00 00 313831323045303233393536            
04/11/25 12:23:03 0052 1                  44.837352 8.574845 00 00 313831323045303231363733            
04/11/25 12:24:20 0053 1                  44.836328 8.574858 00 00 313831323045303234353531            
04/11/25 12:25:52 0054 1                  44.835323 8.576657 00 00 31383132304A303230343930            
04/11/25 12:26:40 0055 1                  44.835418 8.576812 00 00 313831323045303231353934            
04/11/25 12:27:45 0056 1                  44.835732 8.576693 00 00 3234BBD032304A3030333532            
04/11/25 12:28:36 0057 1                  44.835863 8.576423 00 00 31383132661002210670D360            
04/11/25 12:28:44 0058 1                  44.835870 8.576418 00 00 313831323045303230313635            
04/11/25 12:28:46 0059 1                  44.835872 8.576417 00 00 313831323045303231383336            
04/11/25 12:28:54 0060 1                  44.835878 8.576412 00 00 30396120C1CC81800000013D            
04/11/25 12:30:17 0061 1                  44.836128 8.576345 00 00 313831323045303234333832            
04/11/25 12:31:39 0062 1                  44.835808 8.575802 00 00 313831323045303230333430            
04/11/25 12:33:43 0063 1                  44.833880 8.578062 00 00 313831323045303230373830            
04/11/25 12:36:08 0064 1                  44.832533 8.579035 00 00 313831323045303233393532            
04/11/25 12:38:45 0065 1                  44.830455 8.583087 00 00 3233313130304A3030313537            
04/11/25 12:45:52 0066 1                  44.830615 8.580115 00 00 3234303132304A3030333530            
04/11/25 12:47:12 0067 1                  44.832818 8.579130 00 00 313931323050303133303835            
04/11/25 12:48:28 0068 1                  44.834265 8.577925 00 00 313831323045303231323338            
04/11/25 12:49:40 0069 1                  44.835058 8.576688 00 00 3235303132304A3031303732            
04/11/25 12:51:02 0070 1                  44.836743 8.575070 00 00 3234303132304A3032313836            
04/11/25 12:52:05 0071 1                  44.837400 8.575058 00 00 31383132304A303237333638            
04/11/25 12:52:51 0072 1                  44.837623 8.575023 00 00 313831323045303138383632            
04/11/25 12:53:38 0073 1                  44.837865 8.575037 00 00 313831323045303231333735            
04/11/25 12:54:21 0074 1                  44.838047 8.574983 00 00 30352AB438213056D144D477            
04/11/25 12:54:21 0075 1                  44.838047 8.574983 00 00 313831323045303230343431            
04/11/25 12:55:03 0076 1                  44.838555 8.574937 00 00 313831323045303231313735            
04/11/25 12:55:20 0077 1                  44.838580 8.574922 00 00 313831323045303231313733            
04/11/25 12:55:35 0078 1                  44.838587 8.574927 00 00 313931323050303030353237            
04/11/25 12:56:28 0079 1                  44.838822 8.574873 00 00 313831323045303231333730            
04/11/25 12:57:19 0080 1                  44.839038 8.574863 00 00 313831323045303233373238            
04/11/25 12:58:49 0081 1                  44.841108 8.574562 00 00 313831323045303230323132            
04/11/25 12:58:49 0082 1                  44.841108 8.574562 00 00 313831323045303232363235            
04/11/25 12:59:46 0083 1                  44.841500 8.574448 00 00 313931323050303132363338            
04/11/25 13:00:47 0084 1                  44.841610 8.574383 00 00 313831323045303233343233            
04/11/25 13:00:48 0085 1                  44.841612 8.574383 00 00 313832343045303034323831            
04/11/25 13:11:07 0000 s 01891ver01 44.841883 8.574342 00 00
04/11/25 13:12:21 0086 1                  44.842325 8.574477 00 00 313831323045303233343738            
04/11/25 13:13:10 0087 1                  44.842422 8.574540 00 00 313931323050303035333234            
04/11/25 13:13:47 0088 1                  44.842418 8.574550 00 00 0839039D280EAF80221085A6            
04/11/25 13:14:33 0089 1                  44.842608 8.574615 00 00 313831323045303232343039            
04/11/25 13:15:53 0090 1                  44.843473 8.575167 00 00 313931323050303131353536            
04/11/25 13:15:53 0091 1                  44.843473 8.575167 00 00 313831323045303232363634            
04/11/25 13:17:00 0092 1                  44.843718 8.575297 00 00 313831323045303231353834            
04/11/25 13:17:00 0093 1                  44.843718 8.575297 00 00 313831323045303232313137            
04/11/25 13:18:16 0094 1                  44.844072 8.575587 00 00 313831323045303232313133            
04/11/25 13:18:18 0095 1                  44.844072 8.575588 00 00 313931323050303035333632            
04/11/25 13:18:26 0096 1                  44.844072 8.575593 00 00 30352AB438213056D144D477            
04/11/25 13:19:39 0097 1                  44.844627 8.575762 00 00 313831323045303138373630            
04/11/25 13:19:39 0098 1                  44.844627 8.575762 00 00 3233303132304A3030373431            
04/11/25 13:21:01 0099 1                  44.845057 8.575260 00 00 313832343045303034333132            
04/11/25 13:21:01 0100 1                  44.845057 8.575260 00 00 3233303234304A3030363433            
04/11/25 13:22:02 0101 1                  44.845375 8.575457 00 00 313831323045303233313730            
04/11/25 13:22:38 0102 1                  44.845385 8.575473 00 00 313831323045303233303830            
04/11/25 13:22:38 0103 1                  44.845385 8.575473 00 00 313931323050303032373039            
04/11/25 13:22:53 0104 1                  44.845390 8.575493 00 00 313831323045303232323239            
04/11/25 13:24:02 0105 1                  44.845633 8.575683 00 00 313831323045303233353835            
04/11/25 13:24:44 0106 1                  44.845750 8.575823 00 00 31383033304D303034343930            
04/11/25 13:25:14 0107 1                  44.845767 8.575857 00 00 313831323045303230373732            
04/11/25 13:25:14 0108 1                  44.845767 8.575857 00 00 313831323045303234343135            
04/11/25 13:25:30 0109 1                  44.845773 8.575868 00 00 3235303132304A3032313938            
04/11/25 13:26:51 0110 1                  44.846105 8.576505 00 00 3234303132304A3033303430            
04/11/25 13:26:53 0111 1                  44.846110 8.576505 00 00 3034F8571C27AACAB41DBC3C            
04/11/25 13:34:40 0112 1                  44.840120 8.578273 00 00 303549A98C366FCCCE416736            
04/11/25 13:34:57 0113 1                  44.840107 8.578287 00 00 3034F848F44297CAB41E96EB            
04/11/25 13:36:59 0114 1                  44.840133 8.578295 00 00 30396062436E1E40000BFA45            
04/11/25 13:41:35 0115 1                  44.840507 8.572923 00 00 313931323050303035333439            
04/11/25 13:42:16 0116 1                  44.840840 8.572897 00 00 3234303132304A3031313436            
04/11/25 13:42:30 0117 1                  44.840842 8.572865 00 00 313831323045303231313531            
04/11/25 13:43:18 0118 1                  44.841053 8.572912 00 00 313831323045303233363630            
04/11/25 13:43:39 0119 1                  44.841063 8.572918 00 00 313831323045303233363538            
04/11/25 13:43:48 0120 1                  44.841067 8.572917 00 00 313931323050303130353536            
04/11/25 13:43:49 0121 1                  44.841067 8.572917 00 00 313931323050303132393937            
04/11/25 13:44:42 0122 1                  44.841288 8.572865 00 00 313831323045303232313738            
04/11/25 13:44:51 0123 1                  44.841298 8.572872 00 00 313831323045303232313832            
04/11/25 13:45:06 0124 1                  44.841313 8.572872 00 00 313831323045303232313735            
04/11/25 13:46:01 0125 1                  44.841652 8.572793 00 00 313831323045303232313736            
04/11/25 13:47:14 0126 1                  44.842022 8.573060 00 00 313831323045303232323535            
04/11/25 13:48:43 0127 1                  44.841982 8.573420 00 00 313931323050303037353737            
04/11/25 13:48:58 0128 1                  44.841985 8.573417 00 00 313931323050303039393135            
04/11/25 13:49:04 0129 1                  44.841985 8.573415 00 00 30395DFA81D81FC0000F1A36            
04/11/25 13:49:07 0130 1                  44.841985 8.573415 00 00 313831323045303230303635            
04/11/25 13:51:02 0131 1                  44.842562 8.573272 00 00 313831323045303138353831            
04/11/25 13:51:04 0132 1                  44.842562 8.573270 00 00 3235303132304A3032323637            
04/11/25 13:51:50 0133 1                  44.842850 8.572948 00 00 3234303132304A3031303738            
04/11/25 13:52:32 0134 1                  44.842960 8.572773 00 00 313831323045303232373932            
04/11/25 13:53:58 0135 1                  44.843307 8.572317 00 00 313831323045303232303637            
04/11/25 13:53:58 0136 1                  44.843307 8.572317 00 00 313831323045303231333137            
04/11/25 13:54:01 0137 1                  44.843310 8.572310 00 00 3035EBEA0855E7C800042390            
04/11/25 13:54:01 0138 1                  44.843310 8.572310 00 00 3035EBEA08541F88000406D8            
04/11/25 13:54:56 0139 1                  44.843485 8.572000 00 00 313831323045303233343432            
04/11/25 13:55:02 0140 1                  44.843482 8.571987 00 00 303603962045190000B7252C            
04/11/25 13:56:05 0141 1                  44.843660 8.571833 00 00 3233303132304A3030363134            
04/11/25 13:56:05 0142 1                  44.843660 8.571833 00 00 313831323045303233303534            
04/11/25 13:56:32 0143 1                  44.843685 8.571833 00 00 313931323050303038303536            
04/11/25 13:56:47 0144 1                  44.843692 8.571842 00 00 313831323045303230393134            
04/11/25 13:56:58 0145 1                  44.843690 8.571850 00 00 313831323045303232303732            
04/11/25 13:56:58 0146 1                  44.843690 8.571850 00 00 313831323045323232303732            
04/11/25 13:57:00 0147 1                  44.843690 8.571852 00 00 313831323045303232303636            
04/11/25 13:58:16 0148 1                  44.844112 8.571628 00 00 313931323050303035393032            
04/11/25 13:58:37 0149 1                  44.844095 8.571622 00 00 313831323045303230323036            
04/11/25 13:59:27 0150 1                  44.844360 8.571870 00 00 313831323045303233363831            
04/11/25 13:59:51 0151 1                  44.844367 8.571878 00 00 313831313030533031303737            
04/11/25 14:00:40 0152 1                  44.844467 8.571990 00 00 313831323045303230313535            
04/11/25 14:02:18 0153 1                  44.844840 8.571583 00 00 313831323045303232313230            
04/11/25 14:02:18 0154 1                  44.844840 8.571583 00 00 313831323045303232313239            
04/11/25 14:02:47 0155 1                  44.844817 8.571557 00 00 30396062C38DD440002EDBA0            
04/11/25 14:03:00 0156 1                  44.844807 8.571545 00 00 313831323045303232303937            
04/11/25 14:03:01 0157 1                  44.844807 8.571545 00 00 313831323045303234313239            
04/11/25 14:03:37 0158 1                  44.844807 8.571537 00 00 313831323045303233383736            
04/11/25 14:03:42 0159 1                  44.844810 8.571535 00 00 313831323045303232313139            
04/11/25 14:03:49 0160 1                  44.844812 8.571533 00 00 313831323045303232303230            
04/11/25 14:04:22 0161 1                  44.844810 8.571518 00 00 313831323045303232313130            
04/11/25 14:04:23 0162 1                  44.844810 8.571518 00 00 313831323045303232343038            
04/11/25 14:05:54 0163 1                  44.844880 8.572350 00 00 31383033304D303034373733            
04/11/25 14:06:35 0164 1                  44.845058 8.572597 00 00 31383033304D303034373830            
04/11/25 14:06:45 0165 1                  44.845057 8.572618 00 00 313831323045303232363335            
04/11/25 14:06:50 0166 1                  44.845057 8.572627 00 00 31383033304D303034373736            
04/11/25 14:07:01 0167 1                  44.845055 8.572635 00 00 3234303132304A3032323833            
04/11/25 14:07:32 0168 1                  44.845055 8.572603 00 00 313831323045303138363835            
04/11/25 14:07:33 0169 1                  44.845055 8.572603 00 00 313831323045303233353530            
04/11/25 14:07:53 0170 1                  44.845055 8.572585 00 00 31383033304D303034373734            
04/11/25 14:08:04 0171 1                  44.845055 8.572583 00 00 31383033304D303034373739            
04/11/25 14:08:31 0172 1                  44.845050 8.572607 00 00 313931323050303034373131            
04/11/25 14:08:40 0173 1                  44.845048 8.572608 00 00 31383033304D303034373738            
04/11/25 14:09:27 0174 1                  44.845037 8.572668 00 00 3233303132304A3030353235            
04/11/25 14:10:37 0175 1                  44.845513 8.573260 00 00 313831323045303233333134            
04/11/25 14:10:41 0176 1                  44.845512 8.573262 00 00 3235303132304A3031303737            
04/11/25 14:11:01 0177 1                  44.845502 8.573277 00 00 313831323045303233333135            
04/11/25 14:11:05 0178 1                  44.845497 8.573278 00 00 313931323050303033313538            
04/11/25 14:12:03 0179 1                  44.845710 8.573222 00 00 3233303132304A3030373433            
04/11/25 14:13:37 0180 1                  44.845682 8.572537 00 00 313831323045303233333230            
04/11/25 14:14:40 0181 1                  44.845627 8.572508 00 00 3035EBB32027328800048845            
04/11/25 14:14:41 0182 1                  44.845623 8.572507 00 00 3035EBEA08293D88000428DE            
04/11/25 14:14:43 0183 1                  44.845620 8.572505 00 00 30340C124C4D94D748770AE7            
04/11/25 14:15:32 0184 1                  44.845597 8.572490 00 00 30395DFA82C7D240000EFCA3            
04/11/25 14:17:22 0185 1                  44.845630 8.572508 00 00 30395DFA8338B140000A982C            
04/11/25 14:17:25 0186 1                  44.845630 8.572507 00 00 3035EBDF782DF64800058559            
04/11/25 14:20:21 0187 1                  44.845578 8.572920 00 00 313831323045303232303739            
04/11/25 14:21:03 0188 1                  44.845590 8.572907 00 00 313831313030533030313531            
04/11/25 14:24:42 0189 1                  44.845662 8.576885 00 00 313831323045303232303638            
04/11/25 14:25:54 0190 1                  44.845375 8.576593 00 00 313831323045303234323036            
04/11/25 14:25:54 0191 1                  44.845375 8.576593 00 00 313931323050303035303836            
04/11/25 14:26:26 0192 1                  44.845377 8.576563 00 00 313931323050303032373431            
04/11/25 14:26:26 0193 1                  44.845377 8.576563 00 00 313931323050303031333336            
04/11/25 14:26:52 0194 1                  44.845378 8.576555 00 00 313931323050303036383333            
04/11/25 14:26:55 0195 1                  44.845380 8.576553 00 00 313931323050303033393437            
04/11/25 14:28:08 0196 1                  44.844870 8.575738 00 00 313831323045303234353434            
04/11/25 14:29:52 0197 1                  44.845645 8.573653 00 00 313831323045303233333330            
04/11/25 14:29:53 0198 1                  44.845643 8.573652 00 00 313931323050303039363531            
04/11/25 14:30:10 0199 1                  44.845637 8.573650 00 00 313831323045303233353335            
04/11/25 14:31:34 0200 1                  44.845912 8.573687 00 00 313931323050303034353632            
04/11/25 14:31:34 0201 1                  44.845912 8.573687 00 00 3234303132304A3033303336            
04/11/25 14:32:37 0202 1                  44.846213 8.573872 00 00 313831323045303232333232            
04/11/25 14:32:43 0203 1                  44.846215 8.573877 00 00 30395DFA8302FA40F98C857B            
04/11/25 14:33:36 0204 1                  44.846892 8.574363 00 00 3234303132304A3033313834            
04/11/25 14:34:53 0205 1                  44.847437 8.574973 00 00 313831323045303233373636            
04/11/25 14:35:49 0206 1                  44.847590 8.575155 00 00 313831323045303234343234            
04/11/25 14:35:51 0207 1                  44.847590 8.575153 00 00 313931323045303630353639            
04/11/25 14:36:24 0208 1                  44.847592 8.575137 00 00 313831323045303232363035            
04/11/25 14:36:24 0209 1                  44.847592 8.575137 00 00 313831323045303138393137            
04/11/25 14:36:52 0210 1                  44.847580 8.575130 00 00 313831323045303234333432            
04/11/25 14:39:13 0211 1                  44.847595 8.574383 00 00 3233313130304A3030323236            
04/11/25 14:40:50 0212 1                  44.846672 8.573607 00 00 313831323045303232333338            
04/11/25 14:41:41 0213 1                  44.846500 8.573293 00 00 313831323045303233323332            
04/11/25 14:42:25 0214 1                  44.846317 8.572975 00 00 313931323050303035353830            
04/11/25 14:44:07 0215 1                  44.845797 8.571717 00 00 3034F836E82BAA8AB4237ED0            
04/11/25 14:44:26 0216 1                  44.845818 8.571708 00 00 3234313130304A3030333634            
04/11/25 14:45:43 0217 1                  44.845790 8.570612 00 00 313831323045303233323835            
04/11/25 14:45:51 0218 1                  44.845782 8.570600 00 00 30396061C0E1A3C000010824            
04/11/25 14:46:39 0219 1                  44.845143 8.570567 00 00 313831323045303234313430            
04/11/25 14:47:37 0220 1                  44.844510 8.570408 00 00 313831323045303234383231            
04/11/25 14:48:22 0221 1                  44.844307 8.570365 00 00 317831323045303232313835            
04/11/25 14:49:14 0222 1                  44.844145 8.570382 00 00 3235303132304A3030393238            
04/11/25 14:49:14 0223 1                  44.844145 8.570382 00 00 3235303132304A3032323035            
04/11/25 14:49:50 0224 1                  44.844105 8.570398 00 00 313931323050303037333936            
04/11/25 14:50:34 0225 1                  44.843673 8.570495 00 00 313931323050303039353035            
04/11/25 14:50:36 0226 1                  44.843673 8.570495 00 00 313931323050303039353034            
04/11/25 14:51:35 0227 1                  44.842748 8.570330 00 00 313831323045303233343436            
04/11/25 14:52:22 0228 1                  44.842625 8.570075 00 00 313931323050303035383332            
04/11/25 14:55:00 0229 1                  44.842502 8.569562 00 00 313831323045303232313637            
04/11/25 14:55:05 0230 1                  44.842500 8.569560 00 00 31383132304530320540DF06            
04/11/25 14:56:25 0231 1                  44.842515 8.571667 00 00 313931323050303030393732            
04/11/25 14:56:52 0232 1                  44.842388 8.571955 00 00 313931323050303037343432            
04/11/25 14:57:21 0233 1                  44.842287 8.572187 00 00 313831323045303138393433            
