27/01/25 05:00:24 0000 s 01879ver01 0 0 00 00
27/01/25 05:28:03 0000 s 01879ver01 0 0 00 00
27/01/25 05:49:41 0001 1                  44.976680 8.811140 00 00 31383032334D303032363030            
27/01/25 05:53:07 0002 1                  44.976663 8.811603 00 00 31383032334D303032353135            
27/01/25 05:53:52 0003 1                  44.976953 8.811503 00 00 31383032334D303034313030            
27/01/25 05:54:41 0004 1                  44.977522 8.811438 00 00 31383032334D303132323135            
27/01/25 05:54:47 0005 1                  44.977528 8.811433 00 00 31383032334D303132323233            
27/01/25 05:56:05 0006 1                  44.978268 8.811402 00 00 31383032334D303132303536            
27/01/25 05:56:05 0007 1                  44.978268 8.811402 00 00 31383032334D303132303536            
27/01/25 05:56:15 0008 1                  44.978275 8.811397 00 00 31383032334D303032353636            
27/01/25 05:56:58 0009 1                  44.978740 8.811238 00 00 31383032334D303132313334            
27/01/25 05:57:24 0010 1                  44.978808 8.810912 00 00 323030323545303039303633            
27/01/25 05:58:21 0011 1                  44.979017 8.809825 00 00 323031323055303030303930            
27/01/25 05:59:45 0012 1                  44.978673 8.811545 00 00 31383032334D303132303136            
27/01/25 06:00:52 0013 1                  44.977695 8.811707 00 00 31383032334D303132323439            
27/01/25 06:01:43 0014 1                  44.977177 8.811880 00 00 31383032334D303030373833            
27/01/25 06:01:47 0015 1                  44.977177 8.811883 00 00 31383032334D303033343939            
27/01/25 06:03:19 0016 1                  44.978692 8.811832 00 00 31383032334D303032373834            
27/01/25 06:03:36 0017 1                  44.978697 8.811858 00 00 31383032334D303032353639            
27/01/25 06:03:52 0018 1                  44.978710 8.811873 00 00 323030323545303033373833            
27/01/25 06:05:04 0019 1                  44.977620 8.812345 00 00 31383032334D303132323331            
27/01/25 06:06:13 0020 1                  44.977233 8.812472 00 00 31383032334D303132323238            
27/01/25 06:06:17 0021 1                  44.977227 8.812483 00 00 31383032334D303032373330            
27/01/25 06:06:21 0022 1                  44.977218 8.812492 00 00 31383032334D303032363932            
27/01/25 06:07:03 0023 1                  44.977808 8.812430 00 00 31383032334D303032343639            
27/01/25 06:07:31 0024 1                  44.978048 8.812398 00 00 31383032334D303032353438            
27/01/25 06:09:33 0025 1                  44.978738 8.813308 00 00 3232303032334D3030393630            
27/01/25 06:09:48 0026 1                  44.978750 8.813308 00 00 31383032334D303032333334            
27/01/25 06:09:50 0027 1                  44.978752 8.813308 00 00 31383032334D303037343330            
27/01/25 06:09:59 0028 1                  44.978750 8.813303 00 00 3234303032334D3032313935            
27/01/25 06:11:01 0029 1                  44.978330 8.813047 00 00 31383032334D303032353731            
27/01/25 06:11:39 0030 1                  44.978533 8.812590 00 00 31383032334D303132313731            
27/01/25 06:12:47 0031 1                  44.978833 8.812633 00 00 31383032334D303132333337            
27/01/25 06:14:27 0032 1                  44.979368 8.813125 00 00 31383032334D303030333034            
27/01/25 06:14:37 0033 1                  44.979373 8.813127 00 00 31383032334D303132323139            
27/01/25 06:14:41 0034 1                  44.979380 8.813118 00 00 31383032334D303035323634            
27/01/25 06:14:49 0035 1                  44.979383 8.813112 00 00 31383032334D303071393033            
27/01/25 06:15:53 0036 1                  44.979530 8.813217 00 00 3233303032334D3030333732            
27/01/25 06:16:27 0037 1                  44.979690 8.813367 00 00 31383032334D303035353133            
27/01/25 06:17:27 0038 1                  44.979753 8.814937 00 00 31383032334D303032343133            
27/01/25 06:19:20 0039 1                  44.979873 8.814220 00 00 31383032334D303139363134            
27/01/25 06:19:25 0040 1                  44.979883 8.814218 00 00 31383032334D303037343731            
27/01/25 06:19:31 0041 1                  44.979897 8.814213 00 00 3231303032334D3031333033            
27/01/25 06:19:37 0042 1                  44.979912 8.814208 00 00 3232303032334D3030323832            
27/01/25 06:20:03 0043 1                  44.979928 8.814202 00 00 3233303032334D3030383732            
27/01/25 06:20:07 0044 1                  44.979920 8.814205 00 00 3231303032334D3030333732            
27/01/25 06:21:27 0045 1                  44.979918 8.812358 00 00 31383032334D303032343031            
27/01/25 06:21:27 0046 1                  44.979918 8.812358 00 00 31383036334D303032343031            
27/01/25 06:21:37 0047 1                  44.979903 8.812357 00 00 31383032334D303132323535            
27/01/25 06:24:14 0048 1                  44.980255 8.811110 00 00 31383032334D303030313931            
27/01/25 06:25:37 0049 1                  44.979727 8.811260 00 00 31383032334D303030303934            
27/01/25 06:25:45 0050 1                  44.979718 8.811248 00 00 31383032334D303032343339            
27/01/25 06:26:39 0051 1                  44.979355 8.811470 00 00 31383032334D303030303234            
27/01/25 06:26:43 0052 1                  44.979348 8.811465 00 00 3231303032334D3033353837            
27/01/25 06:27:18 0053 1                  44.979325 8.811672 00 00 3233303032334D3030313039            
27/01/25 06:27:58 0054 1                  44.979320 8.812078 00 00 31383032334D303030333037            
27/01/25 06:28:01 0055 1                  44.979320 8.812080 00 00 31383032334D303030303235            
27/01/25 06:28:41 0056 1                  44.979352 8.812328 00 00 31383032334D303030333038            
27/01/25 06:28:46 0057 1                  44.979355 8.812327 00 00 3231303032334D3033313437            
27/01/25 06:28:57 0058 1                  44.979363 8.812340 00 00 31383032334D303030333035            
27/01/25 06:30:03 0059 1                  44.979957 8.813395 00 00 31383032334D303035323636            
27/01/25 06:31:02 0060 1                  44.979955 8.813417 00 00 31383032334D303035323732            
27/01/25 06:31:06 0061 1                  44.979953 8.813415 00 00 31383032334D303037343332            
27/01/25 06:31:48 0062 1                  44.980127 8.813447 00 00 31383032334D303035353136            
27/01/25 06:31:54 0063 1                  44.980133 8.813443 00 00 31383032334D303030313731            
27/01/25 06:32:09 0064 1                  44.980135 8.813435 00 00 31383032334D303030303730            
27/01/25 06:32:22 0065 1                  44.980135 8.813435 00 00 E280699500004018DBC224E8            
27/01/25 06:33:08 0066 1                  44.980282 8.813430 00 00 3234303032334D3030363931            
27/01/25 06:33:43 0067 1                  44.980393 8.813467 00 00 31383032334D303030313639            
27/01/25 06:34:15 0068 1                  44.980492 8.813423 00 00 3233303032334D3030383230            
27/01/25 06:34:29 0069 1                  44.980502 8.813405 00 00 31383032334D303035353939            
27/01/25 06:35:12 0070 1                  44.980660 8.813375 00 00 31383032334D303032353034            
27/01/25 06:35:21 0071 1                  44.980667 8.813388 00 00 31383032334D303032373739            
27/01/25 06:38:31 0072 1                  44.981078 8.812073 00 00 31383032334D303031383134            
27/01/25 06:39:53 0073 1                  44.980967 8.813623 00 00 31383032334D303132313130            
27/01/25 06:40:30 0074 1                  44.980927 8.813988 00 00 31383032334D303032343336            
27/01/25 06:42:07 0075 1                  44.981542 8.814763 00 00 3234303032334D3032313736            
27/01/25 06:43:21 0076 1                  44.980985 8.815315 00 00 31383032334D303030313736            
27/01/25 06:43:58 0077 1                  44.980903 8.815782 00 00 31383032334D303032353835            
27/01/25 06:44:34 0078 1                  44.981097 8.816327 00 00 31383032334D303132333833            
27/01/25 06:45:20 0079 1                  44.981615 8.816578 00 00 31383032334D303037333730            
27/01/25 06:45:26 0080 1                  44.981622 8.816570 00 00 31383032334D303037323930            
27/01/25 06:46:14 0081 1                  44.982137 8.816735 00 00 31383032334D303132313534            
27/01/25 06:46:21 0082 1                  44.982135 8.816735 00 00 3232303032334D3031353034            
27/01/25 06:47:20 0083 1                  44.982250 8.816628 00 00 3231303032334D3031393137            
27/01/25 06:47:55 0084 1                  44.982017 8.816538 00 00 31383032334D303032373331            
27/01/25 06:48:26 0085 1                  44.981885 8.816495 00 00 31383032334D303031363331            
27/01/25 06:48:58 0086 1                  44.981705 8.816398 00 00 31383032334D303132333830            
27/01/25 06:49:35 0087 1                  44.981500 8.816355 00 00 31383032334D303039333734            
27/01/25 06:51:14 0088 1                  44.980687 8.814775 00 00 31383032334D303032343130            
27/01/25 06:51:49 0089 1                  44.980497 8.814740 00 00 3231303032334D3032313736            
27/01/25 06:52:19 0090 1                  44.980405 8.814732 00 00 3234303032334D3030303739            
27/01/25 06:52:36 0091 1                  44.980408 8.814725 00 00 31383032334D303132333734            
27/01/25 06:54:04 0092 1                  44.980518 8.815402 00 00 31383032334D303035323935            
27/01/25 06:54:22 0093 1                  44.980533 8.815392 00 00 31383032334D303035343431            
27/01/25 07:01:20 0094 1                  44.980447 8.810428 00 00 31383032334D303130303439            
27/01/25 07:02:13 0095 1                  44.980215 8.810338 00 00 31383032334D303034333236            
27/01/25 07:02:50 0096 1                  44.980217 8.810330 00 00 31383032334D303034313337            
27/01/25 07:03:30 0097 1                  44.980048 8.810273 00 00 31383032334D303032373839            
27/01/25 07:04:14 0098 1                  44.979755 8.810258 00 00 31383032334D303035323936            
27/01/25 07:05:15 0099 1                  44.979495 8.810307 00 00 E280699500004018DBC224E8            
27/01/25 07:05:15 0100 1                  44.979495 8.810307 00 00 3231303234304A3034323437            
27/01/25 07:06:38 0101 1                  44.979310 8.810198 00 00 31383032334D303032373030            
27/01/25 07:07:16 0102 1                  44.979130 8.810192 00 00 31383032334D303032353635            
27/01/25 07:09:21 0103 1                  44.979477 8.809073 00 00 3231303234304A3034323537            
27/01/25 07:11:54 0104 1                  44.980250 8.808737 00 00 31383032334D303031313032            
27/01/25 07:13:08 0105 1                  44.980475 8.808697 00 00 31383032334D303031373232            
27/01/25 07:13:26 0106 1                  44.980480 8.808697 00 00 3231303032334D3031373639            
27/01/25 07:14:46 0107 1                  44.980732 8.809332 00 00 31383032334D303132313136            
27/01/25 07:17:06 0108 1                  44.980702 8.809725 00 00 3231303032334D3033323230            
27/01/25 07:17:16 0109 1                  44.980700 8.809722 00 00 31383032334D303032363931            
27/01/25 07:17:25 0110 1                  44.980698 8.809713 00 00 31383032334D303034313430            
27/01/25 07:18:17 0111 1                  44.980633 8.810007 00 00 31383032334D303132313036            
27/01/25 07:33:25 0112 1                  44.983540 8.813013 00 00 31383032334D303030323231            
27/01/25 07:34:01 0113 1                  44.983500 8.813527 00 00 31383032334D303032343530            
27/01/25 07:34:12 0114 1                  44.983495 8.813537 00 00 31383032334D303032353036            
27/01/25 07:35:41 0115 1                  44.983493 8.813913 00 00 31383032334D303030303136            
27/01/25 07:37:53 0116 1                  44.983228 8.814063 00 00 31383032334D303038313234            
27/01/25 07:37:53 0117 1                  44.983228 8.814063 00 00 31383032334D303030313234            
27/01/25 07:37:58 0118 1                  44.983230 8.814062 00 00 31383032334D303030303033            
27/01/25 07:38:37 0119 1                  44.983068 8.814048 00 00 31383032334D303030313238            
27/01/25 07:38:43 0120 1                  44.983067 8.814070 00 00 31383032334D303030313232            
27/01/25 07:39:34 0121 1                  44.982780 8.814037 00 00 31383032334D303031303732            
27/01/25 07:41:21 0122 1                  44.983995 8.814303 00 00 31383032334D303031303035            
27/01/25 07:41:57 0123 1                  44.984293 8.814307 00 00 31383032334D303136363238            
27/01/25 07:42:32 0124 1                  44.984562 8.814362 00 00 31383032334D303031303834            
27/01/25 07:44:21 0125 1                  44.984053 8.813895 00 00 31383032334D303032343230            
27/01/25 07:45:51 0126 1                  44.984095 8.813732 00 00 31383032334D303031303831            
27/01/25 07:46:14 0127 1                  44.984090 8.813725 00 00 31383032334D303031303733            
27/01/25 07:49:02 0128 1                  44.984052 8.813333 00 00 31383032334D303032373831            
27/01/25 07:49:43 0129 1                  44.984075 8.813115 00 00 31383032334D303030313737            
27/01/25 07:49:53 0130 1                  44.984053 8.813102 00 00 31383032334D303032343633            
27/01/25 07:51:35 0131 1                  44.984748 8.812725 00 00 3232303032334D3031373433            
27/01/25 07:52:12 0132 1                  44.984708 8.811995 00 00 3231303032334D3030343133            
27/01/25 07:52:42 0133 1                  44.984768 8.811798 00 00 31383032334D303032343431            
27/01/25 07:52:49 0134 1                  44.984752 8.811793 00 00 3232303032334D3030343335            
27/01/25 07:53:20 0135 1                  44.984770 8.811142 00 00 31383032334D303032353339            
27/01/25 07:53:47 0136 1                  44.984737 8.810807 00 00 31383032334D303032353235            
27/01/25 07:54:59 0137 1                  44.984688 8.810877 00 00 31383032334D303032363179            
27/01/25 07:55:32 0138 1                  44.984693 8.811065 00 00 31383032334D303032353334            
27/01/25 07:55:36 0139 1                  44.984695 8.811078 00 00 31383032334D303032373530            
27/01/25 07:56:25 0140 1                  44.984643 8.811773 00 00 31383032334D303032353330            
27/01/25 07:56:31 0141 1                  44.984648 8.811788 00 00 31383032334D303033373136            
27/01/25 07:57:45 0142 1                  44.984662 8.812128 00 00 31383032334D303032363130            
27/01/25 07:57:50 0143 1                  44.984667 8.812142 00 00 31383032334D30303236313600000000    
27/01/25 08:00:01 0144 1                  44.984550 8.809945 00 00 31383032334D303030323739            
27/01/25 08:00:37 0145 1                  44.984443 8.810097 00 00 31383032334D303037353731            
27/01/25 08:02:19 0146 1                  44.984000 8.810793 00 00 323030323545303030323339            
27/01/25 08:02:30 0147 1                  44.983998 8.810798 00 00 31383032334D303030353030            
27/01/25 08:02:45 0148 1                  44.983995 8.810803 00 00 3231303032334D3030353038            
27/01/25 08:02:48 0149 1                  44.983985 8.810807 00 00 3233303032334D3030383634            
27/01/25 08:05:19 0150 1                  44.985038 8.812582 00 00 31383032334D303132393532            
27/01/25 08:05:31 0151 1                  44.985062 8.812565 00 00 3234303032334D3031303031            
27/01/25 08:06:58 0152 1                  44.985283 8.812382 00 00 3231303032334D3034313439            
27/01/25 08:07:39 0153 1                  44.985423 8.812258 00 00 31383032334D303935353436            
27/01/25 08:07:50 0154 1                  44.985430 8.812252 00 00 3232303032334D3031333530            
27/01/25 08:08:20 0155 1                  44.985503 8.812165 00 00 31383032334D303031383330            
27/01/25 08:08:30 0156 1                  44.985507 8.812167 00 00 31383032334D303032343436            
27/01/25 08:08:34 0157 1                  44.985512 8.812163 00 00 31383032334D303032373439            
27/01/25 08:08:41 0158 1                  44.985518 8.812162 00 00 31383032334D303032343433            
27/01/25 08:08:46 0159 1                  44.985515 8.812167 00 00 31383032334D303032373239            
27/01/25 08:09:53 0160 1                  44.985770 8.811945 00 00 31383032334D303037343538            
27/01/25 08:09:59 0161 1                  44.985777 8.811937 00 00 31383032334D303032343532            
27/01/25 08:10:07 0162 1                  44.985780 8.811923 00 00 31383032334D303035353131            
27/01/25 08:11:07 0163 1                  44.986043 8.811698 00 00 31383032334D303032343437            
27/01/25 08:11:07 0164 1                  44.986043 8.811698 00 00 31383032334DB03032343437            
27/01/25 08:11:10 0165 1                  44.986048 8.811698 00 00 31383032334D303032353736            
27/01/25 08:13:05 0166 1                  44.986343 8.811352 00 00 31383032334D303031313436            
27/01/25 08:15:07 0167 1                  44.986957 8.812653 00 00 31383032334D303030323937            
27/01/25 08:15:12 0168 1                  44.986955 8.812657 00 00 31383032334D303136363737            
27/01/25 08:16:48 0169 1                  44.986897 8.812468 00 00 31383032334D303030303539            
27/01/25 08:17:15 0170 1                  44.986843 8.812375 00 00 3231303032334D3031363530            
27/01/25 08:17:59 0171 1                  44.986667 8.812062 00 00 31383032334D303030303530            
27/01/25 08:19:09 0172 1                  44.986378 8.810955 00 00 3231303032334D3031303239            
27/01/25 08:19:19 0173 1                  44.986388 8.810953 00 00 323030323545303034393030            
27/01/25 08:19:37 0174 1                  44.986397 8.810940 00 00 31383032334D303030313935            
27/01/25 08:20:16 0175 1                  44.986220 8.810798 00 00 31383032334D303032373533            
27/01/25 08:20:23 0176 1                  44.986205 8.810790 00 00 31383032334D303032373532            
27/01/25 08:21:22 0177 1                  44.985735 8.810517 00 00 31383032334D303032363331            
27/01/25 08:21:28 0178 1                  44.985722 8.810497 00 00 31383032334D303032373531            
27/01/25 08:22:12 0179 1                  44.985473 8.810370 00 00 31383032334D303032363333            
27/01/25 08:22:19 0180 1                  44.985468 8.810373 00 00 31383032334D303132303636            
27/01/25 08:23:34 0181 1                  44.985360 8.810230 00 00 31383032334D303139313932            
27/01/25 08:23:41 0182 1                  44.985362 8.810212 00 00 31383032334D303132303731            
27/01/25 08:23:50 0183 1                  44.985363 8.810190 00 00 3234303032334D3030303332            
27/01/25 08:24:07 0184 1                  44.985370 8.810177 00 00 31383032334D303132303730            
27/01/25 08:25:39 0185 1                  44.986660 8.811197 00 00 31383032334D303030333133            
27/01/25 08:26:16 0186 1                  44.986897 8.811322 00 00 31383032334D303035333035            
27/01/25 08:26:56 0187 1                  44.987212 8.811378 00 00 31383032334D303132333537            
27/01/25 08:27:51 0188 1                  44.987478 8.811332 00 00 31383032334D303032363734            
27/01/25 08:44:02 0189 1                  44.995695 8.812615 00 00 31383032334D303035333834            
27/01/25 08:47:18 0190 1                  45.001763 8.817525 00 00 31383032334D303039393238            
27/01/25 08:48:55 0191 1                  45.003385 8.817122 00 00 31383032334D303138373938            
27/01/25 08:55:45 0192 1                  45.008337 8.820698 00 00 31383032334D303039373030            
27/01/25 09:05:31 0193 1                  44.986812 8.810513 00 00 3232303032334D3031353130            
27/01/25 09:06:19 0194 1                  44.986785 8.810192 00 00 323030323545303039303134            
27/01/25 09:07:40 0195 1                  44.986845 8.809482 00 00 31383032334D303136343332            
27/01/25 09:08:52 0196 1                  44.986488 8.809003 00 00 31383032334D303030303936            
27/01/25 09:08:58 0197 1                  44.986465 8.809005 00 00 31383032334D303132303738            
27/01/25 09:09:06 0198 1                  44.986450 8.809000 00 00 3231303032334D3031363831            
27/01/25 09:09:12 0199 1                  44.986443 8.808995 00 00 3231303032334D3031373331            
27/01/25 09:09:28 0200 1                  44.986422 8.808988 00 00 3232303032334D3030313238            
27/01/25 09:09:34 0201 1                  44.986407 8.808983 00 00 31383032334D303130373038            
27/01/25 09:11:33 0202 1                  44.986158 8.808507 00 00 31383032334D303030313730            
27/01/25 09:11:37 0203 1                  44.986153 8.808498 00 00 3231303032334D3035363333            
27/01/25 09:11:55 0204 1                  44.986135 8.808463 00 00 323030323545303039343538            
27/01/25 09:11:59 0205 1                  44.986132 8.808468 00 00 31383032334D303030323930            
27/01/25 09:12:10 0206 1                  44.986130 8.808463 00 00 31383032334D303030323839            
27/01/25 09:12:34 0207 1                  44.986115 8.808457 00 00 31383032334D303136363234            
27/01/25 09:12:39 0208 1                  44.986112 8.808457 00 00 31383032334D303030303935            
27/01/25 09:14:17 0209 1                  44.985705 8.808715 00 00 31383032334D303030303636            
27/01/25 09:15:40 0210 1                  44.986395 8.808655 00 00 31383032334D303032373536            
27/01/25 09:16:52 0211 1                  44.986785 8.808630 00 00 31383032334D303030303939            
27/01/25 09:16:56 0212 1                  44.986787 8.808627 00 00 31383032334D303032303937            
27/01/25 09:17:30 0213 1                  44.986797 8.808600 00 00 31383032334D303031373436            
27/01/25 09:17:34 0214 1                  44.986800 8.808593 00 00 3231303032334D3034333032            
27/01/25 09:20:44 0215 1                  44.988715 8.807513 00 00 31383032334D303035333631            
27/01/25 09:23:34 0216 1                  44.989940 8.805902 00 00 31383032334D303035333632            
27/01/25 09:29:57 0217 1                  44.994887 8.790822 00 00 3232303032334D3030343731            
27/01/25 09:30:27 0218 1                  44.994762 8.790507 00 00 31383032334D303039393335            
27/01/25 09:31:04 0219 1                  44.994528 8.790028 00 00 3231303032334D3035343139            
27/01/25 09:31:10 0220 1                  44.994525 8.790027 00 00 31383032334D303039363833            
27/01/25 09:32:07 0221 1                  44.994163 8.789350 00 00 31383032334D303039393334            
27/01/25 09:32:07 0222 1                  44.994163 8.789350 00 00 31783032334D303039393334            
27/01/25 09:36:13 0223 1                  44.991165 8.803857 00 00 3232303032334D3031363437            
27/01/25 09:39:32 0224 1                  44.992052 8.800493 00 00 31383032334D303035333638            
27/01/25 09:42:59 0225 1                  44.988543 8.806240 00 00 31383032334D303032343731            
27/01/25 09:43:34 0226 1                  44.988523 8.805855 00 00 31383032334D303132323334            
27/01/25 09:44:31 0227 1                  44.988513 8.804262 00 00 31383032334D303132333938            
27/01/25 09:45:09 0228 1                  44.988412 8.803420 00 00 3232303032334D3030373539            
27/01/25 09:45:48 0229 1                  44.988365 8.802800 00 00 31383032334D303032343737            
27/01/25 09:46:53 0230 1                  44.988183 8.799192 00 00 31383032334D303032363830            
27/01/25 09:46:57 0231 1                  44.988182 8.799190 00 00 31383032334D303030313835            
27/01/25 09:52:45 0232 1                  44.986818 8.802543 00 00 3234303032334D3030363233            
27/01/25 09:54:05 0233 1                  44.986040 8.798570 00 00 31383032334D303132323232            
27/01/25 09:55:35 0234 1                  44.985597 8.796897 00 00 31383032334D303132333836            
27/01/25 10:37:32 0235 1                  44.920673 8.853420 00 00 E280699500004018DBC224E8            
