04/11/25 05:08:42 0000 s 01499ver01 44.882678 8.859948 00 00
04/11/25 05:25:13 0001 1                  44.944730 8.877965 00 00 313931323050303036323431            
04/11/25 05:27:55 0002 1                  44.957025 8.881400 00 00 313931323050303130333032            
04/11/25 05:27:56 0003 1                  44.957025 8.881400 00 00 313931323050303130333031            
04/11/25 05:33:24 0004 1                  44.979423 8.885625 00 00 313931323050303133303431            
04/11/25 05:33:24 0005 1                  44.979423 8.885625 00 00 313931323050303133373033            
04/11/25 05:34:23 0006 1                  44.979305 8.885963 00 00 313931323050303133383031            
04/11/25 05:35:18 0007 1                  44.979097 8.886463 00 00 313931323050303133343130            
04/11/25 05:36:34 0008 1                  44.978765 8.888550 00 00 313931323050303133363038            
04/11/25 05:36:36 0009 1                  44.978768 8.888552 00 00 313931323050303133363077            
04/11/25 05:37:51 0010 1                  44.978990 8.889812 00 00 313932343050303030313436            
04/11/25 05:38:54 0011 1                  44.979177 8.889940 00 00 313931323050303038373937            
04/11/25 05:38:54 0012 1                  44.979177 8.889940 00 00 313931323050303030333739            
04/11/25 05:39:30 0013 1                  44.979192 8.889842 00 00 313931323050303038373938            
04/11/25 05:39:30 0014 1                  44.979192 8.889842 00 00 313931323050303133383434            
04/11/25 05:40:17 0015 1                  44.979212 8.889813 00 00 313931323050303038373936            
04/11/25 05:40:17 0016 1                  44.979212 8.889813 00 00 313931323050303038373939            
04/11/25 05:41:26 0017 1                  44.979303 8.889922 00 00 31383033304D303036323432            
04/11/25 05:41:38 0018 1                  44.979305 8.889913 00 00 31383033304D303036303035            
04/11/25 05:41:49 0019 1                  44.979308 8.889920 00 00 31383033304D303035393537            
04/11/25 05:42:04 0020 1                  44.979317 8.889940 00 00 313931323050303130303934            
04/11/25 05:42:04 0021 1                  44.979317 8.889940 00 00 313931323050303038383031            
04/11/25 05:43:44 0022 1                  44.979605 8.890052 00 00 313931323050303038303636            
04/11/25 05:43:44 0023 1                  44.979605 8.890052 00 00 313931323050303130353338            
04/11/25 05:44:53 0024 1                  44.979880 8.890093 00 00 3230303033304D3033313038            
04/11/25 05:45:23 0025 1                  44.979878 8.890057 00 00 3234303132304A3032313830            
04/11/25 05:45:33 0026 1                  44.979883 8.890040 00 00 313931323050303038303730            
04/11/25 05:47:44 0027 1                  44.978557 8.890068 00 00 313931323050303133373037            
04/11/25 05:47:44 0028 1                  44.978557 8.890068 00 00 313931323050303032393936            
04/11/25 05:49:06 0029 1                  44.978403 8.891162 00 00 3231313130304A3030313932            
04/11/25 05:53:00 0030 1                  44.978185 8.892873 00 00 9903074E608442E500007BC3            
04/11/25 05:53:38 0031 1                  44.978172 8.893248 00 00 313931323050303132353239            
04/11/25 05:53:39 0032 1                  44.978172 8.893248 00 00 313931323050303133383333            
04/11/25 05:54:11 0033 1                  44.978183 8.893242 00 00 313931323050303133333438            
04/11/25 05:54:11 0034 1                  44.978183 8.893242 00 00 313931323050303034323931            
04/11/25 06:06:54 0035 1                  44.979167 8.892922 00 00 313931323050303133373133            
04/11/25 06:09:49 0036 1                  44.977155 8.893650 00 00 313931323050303133383035            
04/11/25 06:11:36 0037 1                  44.977420 8.893798 00 00 313931323050303133383036            
04/11/25 06:12:56 0038 1                  44.978375 8.892095 00 00 3235303132304A3030373338            
04/11/25 06:13:57 0039 1                  44.978578 8.890937 00 00 313931323050303030323637            
04/11/25 06:14:59 0040 1                  44.978663 8.890427 00 00 313931323050303132333838            
04/11/25 06:15:00 0041 1                  44.978663 8.890427 00 00 313931363050303032393935            
04/11/25 06:16:12 0042 1                  44.978845 8.889153 00 00 313931323050303133373335            
04/11/25 06:17:44 0043 1                  44.979333 8.886865 00 00 3230313130304A3030353937            
04/11/25 06:18:59 0044 1                  44.979632 8.886890 00 00 313931323050303133343339            
04/11/25 06:20:18 0045 1                  44.979932 8.886877 00 00 313931323050303130383635            
04/11/25 06:20:20 0046 1                  44.979932 8.886878 00 00 313931323050303133343431            
04/11/25 06:21:51 0047 1                  44.979922 8.887623 00 00 313931323050303133343233            
04/11/25 06:22:42 0048 1                  44.979943 8.887310 00 00 313931323050303133343232            
04/11/25 06:24:03 0049 1                  44.980220 8.886933 00 00 313931323050303130363434            
04/11/25 06:24:05 0050 1                  44.980218 8.886935 00 00 313931323050303130363833            
04/11/25 06:25:31 0051 1                  44.980900 8.887117 00 00 313931323050303133313936            
04/11/25 06:26:28 0052 1                  44.981110 8.887152 00 00 313931323050303133323037            
04/11/25 06:27:46 0053 1                  44.981208 8.887133 00 00 313931323050303133323038            
04/11/25 06:27:46 0054 1                  44.981208 8.887133 00 00 313931323050303133323036            
04/11/25 06:29:23 0055 1                  44.981630 8.887253 00 00 313931323050303130313434            
04/11/25 06:31:09 0056 1                  44.982137 8.887417 00 00 3230313130304A3030363231            
04/11/25 06:31:43 0057 1                  44.982163 8.887420 00 00 3230313130304A3030363232            
04/11/25 06:34:14 0058 1                  44.981790 8.886645 00 00 313931323050703130313531            
04/11/25 06:34:54 0059 1                  44.981795 8.886635 00 00 3231313130304A3030323833            
04/11/25 06:35:31 0060 1                  44.981780 8.886630 00 00 3230313130304A3031303635            
04/11/25 06:39:01 0061 1                  44.981612 8.888075 00 00 313931323050303130373335            
04/11/25 06:40:01 0062 1                  44.981532 8.888040 00 00 313932343050303030323532            
04/11/25 06:40:49 0063 1                  44.981343 8.887990 00 00 313931323050303133343230            
04/11/25 06:41:41 0064 1                  44.981110 8.887905 00 00 313931323050303034323934            
04/11/25 06:42:31 0065 1                  44.980853 8.887885 00 00 313931323050303130333133            
04/11/25 06:43:24 0066 1                  44.980587 8.887773 00 00 313931323050303130333231            
04/11/25 06:44:28 0067 1                  44.980682 8.888122 00 00 313931323050303133373333            
04/11/25 06:44:29 0068 1                  44.980682 8.888122 00 00 313931323050303130323933            
04/11/25 06:46:11 0069 1                  44.981678 8.890162 00 00 3233303132304A3030373334            
04/11/25 06:47:46 0070 1                  44.982077 8.893942 00 00 313931323050303130333235            
04/11/25 06:53:35 0071 1                  44.982405 8.918007 00 00 313932343050303030313636            
04/11/25 06:56:49 0072 1                  44.981140 8.922092 00 00 3233303234304A3030353330            
04/11/25 07:07:47 0073 1                  44.981922 8.886272 00 00 313931323050303130313535            
04/11/25 07:09:03 0074 1                  44.981978 8.885765 00 00 313931323050303133313233            
04/11/25 07:10:28 0075 1                  44.982127 8.884252 00 00 313931323050303030323834            
04/11/25 07:11:14 0076 1                  44.981273 8.881842 00 00 3234303132304A3030393333            
04/11/25 07:15:18 0077 1                  44.980393 8.881133 00 00 25705569A687075341C35C76            
04/11/25 07:17:18 0078 1                  44.976787 8.882398 00 00 E2004000700C025919604910            
04/11/25 07:17:54 0079 1                  44.976383 8.882563 00 00 313931323050303133313036            
04/11/25 07:18:59 0080 1                  44.976112 8.883068 00 00 313931323050303130373631            
04/11/25 07:20:15 0081 1                  44.975772 8.883832 00 00 313931323050303130373538            
04/11/25 07:20:15 0082 1                  44.975772 8.883832 00 00 313931323050303130373538            
04/11/25 07:20:17 0083 1                  44.975768 8.883833 00 00 313931323050303130393237            
04/11/25 07:21:09 0084 1                  44.975753 8.883845 00 00 313931323050303130373539            
04/11/25 07:21:12 0085 1                  44.975753 8.883845 00 00 313931323050307130373539            
04/11/25 07:22:59 0086 1                  44.975708 8.884678 00 00 313931323050303036323430            
04/11/25 07:22:59 0087 1                  44.975708 8.884678 00 00 313931323050303130393239            
04/11/25 07:24:37 0088 1                  44.976343 8.885258 00 00 313931323050303133313530            
04/11/25 07:25:31 0089 1                  44.976730 8.885423 00 00 313931323050303133333238            
04/11/25 07:25:31 0090 1                  44.976730 8.885423 00 00 313931323050303033343332            
04/11/25 07:26:42 0091 1                  44.977798 8.885710 00 00 31393132B050303130313039            
04/11/25 07:27:43 0092 1                  44.977778 8.885942 00 00 313931323050303133313435            
04/11/25 07:29:10 0093 1                  44.977720 8.886708 00 00 3230313130304A3030363530            
04/11/25 07:29:37 0094 1                  44.977707 8.886715 00 00 313931323050303133323033            
04/11/25 07:30:58 0095 1                  44.977838 8.886457 00 00 313931323050303130313136            
04/11/25 07:31:00 0096 1                  44.977842 8.886457 00 00 313931323050303038303532            
04/11/25 07:33:14 0097 1                  44.978028 8.886342 00 00 313931323050303133373035            
04/11/25 07:34:29 0098 1                  44.978158 8.886537 00 00 313931323050303130343032            
04/11/25 07:34:30 0099 1                  44.978158 8.886537 00 00 313931323050303038303032            
04/11/25 07:34:59 0100 1                  44.978165 8.886517 00 00 313931323050303133373839            
04/11/25 07:36:08 0101 1                  44.978277 8.886435 00 00 313931323050303133393437            
04/11/25 07:36:08 0102 1                  44.978277 8.886435 00 00 313931323050303133393439            
04/11/25 07:36:40 0103 1                  44.978233 8.886468 00 00 313931323050303133393438            
04/11/25 07:38:08 0104 1                  44.978490 8.885662 00 00 313931323050303132353535            
04/11/25 07:39:30 0105 1                  44.977942 8.885333 00 00 3235303132304A3030393839            
04/11/25 08:33:03 0000 s 01499ver01 44.982362 8.875680 00 00
04/11/25 08:34:13 0106 1                  44.981702 8.875520 00 00 187942343341108110000000            
04/11/25 08:38:54 0107 1                  44.976842 8.900742 00 00 3233303234304A3030363237            
04/11/25 08:40:47 0108 1                  44.976790 8.906810 00 00 3230313130304A3031303632            
04/11/25 08:42:31 0109 1                  44.977502 8.910175 00 00 3230313130304A3031303439            
04/11/25 08:43:13 0110 1                  44.977472 8.910195 00 00 3230313130304A3030333733            
04/11/25 08:44:14 0111 1                  44.977890 8.910365 00 00 3230313130304A3030363436            
04/11/25 08:47:55 0112 1                  44.978033 8.906738 00 00 3234313130304A3030333839            
04/11/25 08:48:33 0113 1                  44.978028 8.906738 00 00 3230313130304A3030363531            
04/11/25 08:49:18 0114 1                  44.978063 8.906762 00 00 3230313130304A3030363336            
04/11/25 08:51:50 0115 1                  44.978447 8.905867 00 00 313932343050303030343333            
04/11/25 08:57:45 0116 1                  44.979408 8.909870 00 00 3230313130304A3031313636            
04/11/25 08:58:19 0117 1                  44.979403 8.909882 00 00 3230313130304A3030363635            
04/11/25 09:00:29 0118 1                  44.979560 8.907903 00 00 3230313130304A3031313933            
04/11/25 09:06:03 0119 1                  44.977342 8.883975 00 00 313931323050303133313635            
04/11/25 09:06:05 0120 1                  44.977342 8.883973 00 00 313931323050303133383938            
04/11/25 09:07:49 0121 1                  44.977077 8.883853 00 00 313931323050303133343737            
04/11/25 09:08:58 0122 1                  44.977125 8.884167 00 00 313931323050303133343739            
04/11/25 09:09:55 0123 1                  44.977012 8.884287 00 00 313931323050303133343831            
04/11/25 09:11:13 0124 1                  44.974803 8.884903 00 00 313931323050303133343834            
04/11/25 09:12:39 0125 1                  44.970213 8.885427 00 00 313931323050303133313534            
04/11/25 09:13:38 0126 1                  44.969547 8.885253 00 00 313931323050303130313236            
04/11/25 09:13:39 0127 1                  44.969547 8.885253 00 00 313931323050303035303631            
04/11/25 09:21:29 0128 1                  44.961045 8.895243 00 00 313931323043303033323733            
04/11/25 09:23:07 0129 1                  44.961250 8.894450 00 00 303AC8E9C14F6A1AC688DDBA            
04/11/25 09:23:10 0130 1                  44.961248 8.894447 00 00 08383972D23C6C3F149615CF            
04/11/25 09:26:55 0131 1                  44.959240 8.889833 00 00 313931323050303036313739            
04/11/25 09:26:55 0132 1                  44.959240 8.889833 00 00 313931323050303130383338            
04/11/25 09:29:04 0133 1                  44.955228 8.890027 00 00 313931323050303133373833            
04/11/25 09:29:04 0134 1                  44.955228 8.890027 00 00 313931323050303133373834            
04/11/25 09:30:10 0135 1                  44.954417 8.891108 00 00 313931323050303133343837            
04/11/25 09:33:26 0136 1                  44.943202 8.897707 00 00 313931323050303035353534            
04/11/25 09:36:06 0137 1                  44.945812 8.896738 00 00 313932343050303030323032            
04/11/25 09:37:40 0138 1                  44.947152 8.897033 00 00 313931323050303133363034            
04/11/25 09:39:15 0139 1                  44.951165 8.898110 00 00 313931323050303130303738            
04/11/25 09:46:23 0140 1                  44.975575 8.887723 00 00 313931323050303133313130            
04/11/25 09:47:42 0141 1                  44.976125 8.885782 00 00 313931323050303032393932            
04/11/25 09:48:41 0142 1                  44.976357 8.885935 00 00 313931323050303130323635            
04/11/25 09:49:27 0143 1                  44.976557 8.885998 00 00 313931323050303034333030            
04/11/25 09:50:24 0144 1                  44.976788 8.886057 00 00 313931323050303132353536            
04/11/25 09:50:25 0145 1                  44.976788 8.886057 00 00 313931323050303132353538            
04/11/25 09:51:43 0146 1                  44.977122 8.886105 00 00 313931323050303030323732            
04/11/25 09:51:43 0147 1                  44.977122 8.886105 00 00 313931323050303030323731            
04/11/25 09:52:41 0148 1                  44.977343 8.886113 00 00 313931323050303030323733            
04/11/25 09:52:41 0149 1                  44.977343 8.886113 00 00 313931323050303130373537            
04/11/25 10:06:37 0150 1                  44.953830 8.880260 00 00 313931323050303132313433            
04/11/25 10:06:43 0151 1                  44.953832 8.880253 00 00 313931323050303132313432            
04/11/25 10:07:53 0152 1                  44.952910 8.880027 00 00 313931323050303036323035            
04/11/25 10:08:51 0153 1                  44.951858 8.879702 00 00 3233303132304A3030353138            
04/11/25 10:13:49 0154 1                  44.946758 8.885697 00 00 313931323050303132313431            
04/11/25 10:17:26 0155 1                  44.947643 8.880373 00 00 313931323050303132313430            
04/11/25 10:17:27 0156 1                  44.947643 8.880372 00 00 313931323050303132313339            
04/11/25 10:17:30 0157 1                  44.947645 8.880372 00 00 30340BB6403C5C070F29DC04            
04/11/25 10:21:29 0158 1                  44.926978 8.872720 00 00 303AC8E9C14F6A1AC688DDBA            
04/11/25 10:42:43 0159 1                  44.913010 8.871058 00 00 534D5004E700010137303230            
04/11/25 11:05:25 0000 s 01499ver01 44.882335 8.859642 00 00
04/11/25 11:07:28 0000 s 01499ver01 44.882425 8.859735 00 00
04/11/25 11:31:19 0160 1                  44.957982 8.930178 00 00 3231303234304A3031333236            
04/11/25 11:31:19 0161 1                  44.957982 8.930178 00 00 3231303234304A3030303734            
04/11/25 11:33:01 0162 1                  44.958797 8.930955 00 00 31383132304A303237333933            
04/11/25 11:33:02 0163 1                  44.958797 8.930955 00 00 313931323050303035343933            
04/11/25 11:33:51 0164 1                  44.958838 8.930938 00 00 31383132304A303235353837            
04/11/25 11:34:57 0165 1                  44.959108 8.931262 00 00 3234303033304D3030343439            
04/11/25 11:35:51 0166 1                  44.959357 8.931518 00 00 3234303033304D3030333835            
04/11/25 11:36:19 0167 1                  44.959363 8.931522 00 00 31383132304A303236363433            
04/11/25 11:37:45 0168 1                  44.959868 8.932020 00 00 31383132304A303234363633            
04/11/25 11:37:56 0169 1                  44.959875 8.932030 00 00 31383132304A303237343736            
04/11/25 11:39:28 0170 1                  44.960105 8.932233 00 00 31383132304A303234353531            
04/11/25 11:39:29 0171 1                  44.960107 8.932233 00 00 31383132304A303236323938            
04/11/25 11:40:27 0172 1                  44.960098 8.932285 00 00 31383132304A303236323939            
04/11/25 11:40:28 0173 1                  44.960098 8.932285 00 00 31383132304A303235393438            
04/11/25 11:41:37 0174 1                  44.960283 8.932487 00 00 31383132304A303235393436            
04/11/25 11:42:49 0175 1                  44.960847 8.933217 00 00 3231303033304D3032393639            
04/11/25 11:42:49 0176 1                  44.960847 8.933217 00 00 30342C421434C00423E54588            
04/11/25 11:43:41 0177 1                  44.960818 8.933203 00 00 313932343045303030363639            
04/11/25 11:43:42 0178 1                  44.960818 8.933203 00 00 31383132304A303230363730            
04/11/25 11:46:17 0179 1                  44.961680 8.933952 00 00 31383033304D303033393839            
04/11/25 11:46:32 0180 1                  44.961672 8.933908 00 00 3230303033304D3038343334            
04/11/25 11:47:10 0181 1                  44.961673 8.933838 00 00 31383132304A303232303130            
04/11/25 11:48:49 0182 1                  44.962317 8.934722 00 00 31383132304A303237323739            
04/11/25 11:50:57 0183 1                  44.963412 8.933598 00 00 31383033304D303034333839            
04/11/25 11:51:12 0184 1                  44.963393 8.933578 00 00 31383033304D303033383639            
04/11/25 11:51:34 0185 1                  44.963377 8.933560 00 00 31383132304A303236323837            
04/11/25 11:53:22 0186 1                  44.962138 8.936067 00 00 31383132304A303237343535            
04/11/25 11:53:24 0187 1                  44.962137 8.936067 00 00 31383132304A303237303530            
04/11/25 11:54:05 0188 1                  44.962135 8.936062 00 00 31383132304A303236333733            
04/11/25 11:54:05 0189 1                  44.962135 8.936062 00 00 313931323050303035313036            
04/11/25 11:54:44 0190 1                  44.962138 8.936080 00 00 31383132304A303236333732            
04/11/25 11:56:43 0191 1                  44.961288 8.935632 00 00 313931323050303037343737            
04/11/25 11:56:45 0192 1                  44.961288 8.935638 00 00 31383132304A303237323830            
04/11/25 11:58:29 0193 1                  44.961925 8.934515 00 00 3139313130304A3032303032            
04/11/25 11:59:03 0194 1                  44.961928 8.934510 00 00 313931313030503030303439            
04/11/25 12:00:45 0195 1                  44.962585 8.933220 00 00 313931323050303034333938            
04/11/25 12:02:04 0196 1                  44.963080 8.932337 00 00 31383132304A303234373730            
04/11/25 12:03:03 0197 1                  44.963148 8.932208 00 00 31383132304A303234373731            
04/11/25 12:03:03 0198 1                  44.963148 8.932208 00 00 313931323050303037343738            
04/11/25 12:04:20 0199 1                  44.963545 8.932542 00 00 313931323050303035343139            
04/11/25 12:05:26 0200 1                  44.963333 8.933052 00 00 31393132305030303339353C            
04/11/25 12:06:22 0201 1                  44.963335 8.933050 00 00 31383132304A303237313132            
04/11/25 12:06:27 0202 1                  44.963328 8.933047 00 00 3234303132304A3030333738            
04/11/25 12:06:46 0203 1                  44.963325 8.933048 00 00 31383033304D303034303935            
04/11/25 12:06:53 0204 1                  44.963330 8.933050 00 00 3231303033304D3033313234            
04/11/25 12:08:10 0205 1                  44.963560 8.932687 00 00 31383132304A303235383233            
04/11/25 12:08:46 0206 1                  44.963535 8.932690 00 00 3233303033304D3030343238            
04/11/25 12:09:05 0207 1                  44.963547 8.932692 00 00 3234303033304D3031343735            
04/11/25 12:09:14 0208 1                  44.963548 8.932690 00 00 3233303033304D3030343037            
04/11/25 12:09:34 0209 1                  44.963570 8.932700 00 00 31383132304A303234303935            
04/11/25 12:10:18 0210 1                  44.963543 8.932635 00 00 3139313130304A3032303637            
04/11/25 12:11:59 0211 1                  44.962493 8.931327 00 00 31383132304A303237313638            
04/11/25 12:12:54 0212 1                  44.962320 8.931565 00 00 31383132304A303237343739            
04/11/25 12:13:32 0213 1                  44.962332 8.931553 00 00 31383132304A303234323339            
04/11/25 12:14:35 0214 1                  44.962205 8.931740 00 00 313931323050303036303735            
04/11/25 12:15:49 0215 1                  44.962002 8.932135 00 00 31383132304A303234373735            
04/11/25 12:16:52 0216 1                  44.961802 8.932528 00 00 31383132304A303234343337            
04/11/25 12:18:00 0217 1                  44.961630 8.932815 00 00 3234303132304A3030383933            
04/11/25 12:18:03 0218 1                  44.961628 8.932815 00 00 31383132304A303236303130            
04/11/25 12:19:17 0219 1                  44.961412 8.933152 00 00 31383132304A303236303134            
04/11/25 12:20:32 0220 1                  44.961105 8.933707 00 00 313932343045303030363536            
04/11/25 12:21:46 0221 1                  44.960970 8.934030 00 00 31383132304A303236303037            
04/11/25 12:21:47 0222 1                  44.960970 8.934030 00 00 31383132304A303231353138            
04/11/25 12:24:00 0223 1                  44.960482 8.934952 00 00 313931323050303031383630            
04/11/25 12:25:01 0224 1                  44.960188 8.935472 00 00 31383132304A303234363932            
04/11/25 12:26:00 0225 1                  44.959997 8.935868 00 00 31383132304A303236333036            
04/11/25 12:27:48 0226 1                  44.959660 8.936420 00 00 31383132304A303236353434            
04/11/25 12:27:48 0227 1                  44.959660 8.936420 00 00 313931323050303037323130            
04/11/25 12:29:07 0228 1                  44.959562 8.936962 00 00 3231303033304D3032393833            
04/11/25 12:31:22 0229 1                  44.959420 8.938002 00 00 31383132304A303231383235            
04/11/25 12:32:38 0230 1                  44.959310 8.938240 00 00 31383132304A303236313736            
04/11/25 12:34:15 0231 1                  44.959400 8.938595 00 00 313931323050343035393534            
04/11/25 12:34:15 0232 1                  44.959400 8.938595 00 00 313931323050303035393534            
04/11/25 12:34:16 0233 1                  44.959400 8.938595 00 00 31383132304A303235393831            
04/11/25 12:35:42 0234 1                  44.959658 8.938443 00 00 31383132304A303235323434            
04/11/25 12:36:50 0235 1                  44.959782 8.938592 00 00 31383132304A303236303433            
04/11/25 12:37:53 0236 1                  44.959942 8.938777 00 00 31383132304A303232323235            
04/11/25 12:39:03 0237 1                  44.960200 8.938982 00 00 31383132304A303232323231            
04/11/25 12:40:30 0238 1                  44.960250 8.938993 00 00 31383132304A303236303437            
04/11/25 12:41:54 0239 1                  44.960242 8.939145 00 00 31383132304A303236353639            
04/11/25 12:41:55 0240 1                  44.960242 8.939145 00 00 31383132304A303236303436            
04/11/25 12:43:22 0241 1                  44.960125 8.939103 00 00 31383132304A303237313436            
04/11/25 12:44:59 0242 1                  44.959962 8.939943 00 00 31383132304A303232313735            
04/11/25 12:46:11 0243 1                  44.960090 8.939567 00 00 31383132304A303236313831            
04/11/25 12:46:22 0244 1                  44.960085 8.939573 00 00 31383132304A303236373231            
04/11/25 12:49:03 0245 1                  44.960663 8.938427 00 00 31383132304A303236303731            
04/11/25 12:49:05 0246 1                  44.960665 8.938427 00 00 31383132304A303231383037            
04/11/25 12:50:11 0247 1                  44.960642 8.937962 00 00 31383132304A303236313732            
04/11/25 12:51:33 0248 1                  44.960100 8.937358 00 00 31383132304A303235353533            
04/11/25 12:53:28 0249 1                  44.958972 8.936530 00 00 313931323050303032363037            
04/11/25 12:55:08 0250 1                  44.958868 8.937017 00 00 31383132304A303235363837            
04/11/25 12:56:13 0251 1                  44.958742 8.937762 00 00 31383132304A303237333830            
04/11/25 12:56:35 0252 1                  44.958727 8.937763 00 00 31383132304A303234353736            
04/11/25 12:57:41 0253 1                  44.958717 8.937767 00 00 31383132304A303234353734            
04/11/25 12:57:42 0254 1                  44.958717 8.937767 00 00 31383132304A303234353538            
04/11/25 12:59:08 0255 1                  44.958678 8.938162 00 00 31383132304A303237313536            
04/11/25 13:00:18 0256 1                  44.958592 8.938520 00 00 31383132304A303234363636            
04/11/25 13:01:40 0257 1                  44.958490 8.939008 00 00 31383532304A303236303335            
04/11/25 13:02:51 0258 1                  44.958492 8.939263 00 00 31383132304A303236373438            
04/11/25 13:02:55 0259 1                  44.958492 8.939265 00 00 3035EBB3205BDF0800040D14            
04/11/25 13:05:24 0260 1                  44.957215 8.938942 00 00 31383132304A303234353732            
04/11/25 13:05:25 0261 1                  44.957215 8.938942 00 00 31383132304A303237303230            
04/11/25 13:06:53 0262 1                  44.957657 8.939265 00 00 31383132304A303236353933            
04/11/25 13:07:44 0263 1                  44.957672 8.939285 00 00 31383132304A303237303035            
04/11/25 13:07:46 0264 1                  44.957673 8.939285 00 00 31383132304A303236353430            
04/11/25 13:09:13 0265 1                  44.957887 8.939387 00 00 31383132304A303237333935            
04/11/25 13:09:13 0266 1                  44.957887 8.939387 00 00 3138313A304A303236353936            
04/11/25 13:10:22 0267 1                  44.958030 8.939418 00 00 31783132304A303232333534            
04/11/25 13:10:22 0268 1                  44.958030 8.939418 00 00 31383132304A303232333534            
04/11/25 13:11:40 0269 1                  44.958240 8.939492 00 00 31383132304A303237313039            
04/11/25 13:16:23 0270 1                  44.957525 8.938320 00 00 31383132304A303236363332            
04/11/25 13:16:25 0271 1                  44.957522 8.938322 00 00 31383132304A303237333934            
04/11/25 13:17:46 0272 1                  44.957747 8.938442 00 00 31383132304A303234363735            
04/11/25 13:19:04 0273 1                  44.957910 8.938518 00 00 31383132304A303236363239            
04/11/25 13:19:04 0274 1                  44.957910 8.938518 00 00 31383132304A303236363330            
04/11/25 13:20:12 0275 1                  44.958087 8.938568 00 00 31383132304A303236363237            
04/11/25 13:21:14 0276 1                  44.958238 8.938637 00 00 31383132304A303236363238            
04/11/25 13:21:14 0277 1                  44.958238 8.938637 00 00 31383132304A303236363331            
04/11/25 13:23:27 0278 1                  44.959088 8.936305 00 00 313931323050303035373639            
04/11/25 13:23:28 0279 1                  44.959092 8.936303 00 00 31383132304A303237333534            
04/11/25 13:24:05 0280 1                  44.959098 8.936300 00 00 31383132304A303237313137            
04/11/25 13:24:06 0281 1                  44.959098 8.936300 00 00 31383132304A303237313139            
04/11/25 13:24:37 0282 1                  44.959077 8.936307 00 00 555338334D86772100230912            
04/11/25 13:30:08 0283 1                  44.957305 8.934875 00 00 3231313130304A3032343731            
04/11/25 13:31:04 0284 1                  44.957273 8.934882 00 00 323031313030503030343934            
04/11/25 13:36:40 0285 1                  44.959442 8.934622 00 00 31383132304A303235383735            
04/11/25 13:37:31 0286 1                  44.959580 8.934367 00 00 31383033304D303034333838            
04/11/25 13:38:40 0287 1                  44.959690 8.934145 00 00 313931323050303038383334            
04/11/25 13:38:40 0288 1                  44.959690 8.934145 00 00 313931323050303030393839            
04/11/25 13:39:09 0289 1                  44.959705 8.934137 00 00 31383033304D303036323336            
04/11/25 13:39:14 0290 1                  44.959707 8.934133 00 00 3231303033304D3032363437            
04/11/25 13:39:26 0291 1                  44.959710 8.934132 00 00 313931323050303039313535            
04/11/25 13:39:55 0292 1                  44.959722 8.934135 00 00 3231303033304D3032363330            
04/11/25 13:40:01 0293 1                  44.959727 8.934135 00 00 31383033304D303036323331            
04/11/25 13:40:52 0294 1                  44.959902 8.933817 00 00 31383033304D303034333836            
04/11/25 13:41:22 0295 1                  44.959875 8.933752 00 00 31383033304D303034333834            
04/11/25 13:41:42 0296 1                  44.959860 8.933740 00 00 3231303033304D3033313138            
04/11/25 13:42:34 0297 1                  44.959855 8.933745 00 00 3139313130304A3032313530            
04/11/25 13:43:33 0298 1                  44.959952 8.933622 00 00 31383132304A303237313037            
04/11/25 13:43:34 0299 1                  44.959952 8.933622 00 00 31383132304A303236333334            
04/11/25 13:45:12 0300 1                  44.960238 8.933195 00 00 313932343045303030363631            
04/11/25 13:45:27 0301 1                  44.960243 8.933180 00 00 181412514800073350162547            
04/11/25 13:46:28 0302 1                  44.960262 8.932997 00 00 31383132304A303237343938            
04/11/25 13:46:28 0303 1                  44.960262 8.932997 00 00 31383132304A303234373432            
04/11/25 13:48:26 0304 1                  44.960603 8.932448 00 00 31383132304A303235353938            
04/11/25 13:48:27 0305 1                  44.960603 8.932448 00 00 31383132304A303236333535            
04/11/25 13:50:13 0306 1                  44.960840 8.932038 00 00 313932343045303030363135            
04/11/25 13:51:50 0307 1                  44.961280 8.931270 00 00 3234303132304A3030393836            
04/11/25 13:51:52 0308 1                  44.961282 8.931267 00 00 31383132304A303237303632            
04/11/25 13:52:42 0309 1                  44.961317 8.931280 00 00 313932343045303030363633            
04/11/25 13:52:55 0310 1                  44.961312 8.931270 00 00 31383132304A303139393932            
04/11/25 13:54:41 0311 1                  44.961142 8.929665 00 00 31383132304A303237333238            
04/11/25 13:55:23 0312 1                  44.960748 8.929813 00 00 31383132304A303237343737            
04/11/25 13:56:33 0313 1                  44.960607 8.930033 00 00 31383132304A303237323936            
04/11/25 13:57:43 0314 1                  44.960407 8.930373 00 00 3138B132304A303235393338            
04/11/25 13:59:02 0315 1                  44.960113 8.930925 00 00 31383132304A303236303834            
04/11/25 13:59:03 0316 1                  44.960113 8.930925 00 00 31383132304A303236323232            
04/11/25 13:59:03 0317 1                  44.960113 8.930925 00 00 31383132304A303236303834            
04/11/25 14:00:08 0318 1                  44.959937 8.931200 00 00 31383132304A303234393036            
04/11/25 14:01:30 0319 1                  44.959733 8.931588 00 00 31383132304A303237333932            
04/11/25 14:01:30 0320 1                  44.959733 8.931588 00 00 31383132304A303237333930            
04/11/25 14:02:02 0321 1                  44.959727 8.931578 00 00 31383132304A303237333839            
04/11/25 14:02:05 0322 1                  44.959727 8.931578 00 00 30340C0F6C408DE51BCC9404            
04/11/25 14:03:30 0323 1                  44.959490 8.932007 00 00 313931323050303031333335            
04/11/25 14:03:33 0324 1                  44.959492 8.932008 00 00 3234303132304A3031303534            
04/11/25 14:04:40 0325 1                  44.959430 8.932217 00 00 313931323050303036383435            
04/11/25 14:05:58 0326 1                  44.958998 8.932983 00 00 31383132304A303236323138            
04/11/25 14:05:58 0327 1                  44.958998 8.932983 00 00 3235303132304A3030383336            
04/11/25 14:06:03 0328 1                  44.958997 8.932983 00 00 3035EBEA080E394800040823            
04/11/25 14:09:29 0329 1                  44.958513 8.931997 00 00 31383132304A303235323135            
04/11/25 14:09:30 0330 1                  44.958513 8.931997 00 00 31383132304A303234373438            
04/11/25 14:09:33 0331 1                  44.958515 8.931998 00 00 303ACA4981646EDC4C76DCEB            
04/11/25 14:10:41 0332 1                  44.958688 8.931658 00 00 31383132304A303235353932            
04/11/25 14:12:15 0333 1                  44.958847 8.931327 00 00 313931323050303033303636            
04/11/25 14:13:00 0334 1                  44.958862 8.931312 00 00 31383132304A303236303934            
04/11/25 14:14:27 0335 1                  44.958935 8.931168 00 00 31383132304A303139313830            
04/11/25 14:14:27 0336 1                  44.958935 8.931168 00 00 31383132304A303236313633            
04/11/25 14:15:07 0337 1                  44.958953 8.931203 00 00 31383132304A303236303034            
04/11/25 14:16:19 0338 1                  44.959080 8.930888 00 00 3231303033304D3032373234            
04/11/25 14:16:39 0339 1                  44.959073 8.930865 00 00 313931323050303035323932            
04/11/25 14:16:40 0340 1                  44.959073 8.930865 00 00 31383132304A303236313032            
04/11/25 14:17:25 0341 1                  44.959078 8.930838 00 00 313932343045303030363638            
04/11/25 14:17:26 0342 1                  44.959078 8.930838 00 00 313932343045303030353938            
04/11/25 14:18:41 0343 1                  44.959303 8.930572 00 00 31383132304A303235353839            
04/11/25 14:19:58 0344 1                  44.959510 8.930053 00 00 3234303132304A3032313734            
04/11/25 14:19:59 0345 1                  44.959510 8.930053 00 00 31383132304A303236363234            
04/11/25 14:23:45 0346 1                  44.958402 8.929992 00 00 31383132304A303234343233            
04/11/25 14:25:03 0347 1                  44.958308 8.930168 00 00 31383132304A303232353933            
04/11/25 14:25:03 0348 1                  44.958308 8.930168 00 00 313931323050303032313737            
04/11/25 14:25:39 0349 1                  44.958307 8.930165 00 00 31383132304A303231383531            
04/11/25 14:26:56 0350 1                  44.958147 8.930422 00 00 31383132304A303236373437            
04/11/25 14:28:00 0351 1                  44.958048 8.930605 00 00 31383132304A303231383438            
04/11/25 14:28:00 0352 1                  44.958048 8.930605 00 00 31383132304A303231383438            
04/11/25 14:29:08 0353 1                  44.957873 8.930918 00 00 31383132304A303235383632            
04/11/25 14:29:11 0354 1                  44.957873 8.930918 00 00 31383132704A303235383632            
04/11/25 14:30:26 0355 1                  44.957758 8.931175 00 00 31383132304A303237303137            
04/11/25 14:30:28 0356 1                  44.957760 8.931175 00 00 31383132304A303236353333            
04/11/25 14:31:33 0357 1                  44.957660 8.931348 00 00 313931323050303038363736            
04/11/25 14:32:35 0358 1                  44.957505 8.931607 00 00 31383132304A303236333136            
04/11/25 14:42:25 0359 1                  44.964437 8.926945 00 00 31383132304A303236353431            
04/11/25 14:49:25 0360 1                  44.960122 8.927205 00 00 31383132304A303237343137            
04/11/25 14:51:47 0361 1                  44.959773 8.926410 00 00 303960624365DB8000296F3B            
04/11/25 14:51:53 0362 1                  44.959772 8.926407 00 00 31383132304A303637343132            
04/11/25 14:51:53 0363 1                  44.959772 8.926407 00 00 31383132304A303237343132            
04/11/25 14:51:55 0364 1                  44.959770 8.926407 00 00 323130353036303030313434            
04/11/25 14:52:29 0365 1                  44.959767 8.926387 00 00 3231313130304A3031323932            
04/11/25 14:53:07 0366 1                  44.959755 8.926368 00 00 323031313030503030313835            
04/11/25 14:58:45 0367 1                  44.963353 8.934843 00 00 31383033304D303034313633            
04/11/25 15:03:52 0368 1                  44.959187 8.931230 00 00 000000000000000020649377            
04/11/25 15:05:40 0369 1                  44.961498 8.933775 00 00 000000000000000020585553            
