03/11/25 05:43:24 0000 s 01483ver01 44.882348 8.859828 00 00
03/11/25 05:45:27 0001 1                  44.882482 8.859812 00 00 3231303234304A3032373738            
03/11/25 05:48:03 0002 1                  44.883080 8.859572 00 00 253003722909360002010000            
03/11/25 05:53:18 0003 1                  44.894530 8.865753 00 00 25705569A686675232C33DB3            
03/11/25 05:58:28 0004 1                  44.884470 8.878037 00 00 3231303234304A3034383733            
03/11/25 06:00:03 0005 1                  44.883585 8.877705 00 00 3235303132304A3030363436            
03/11/25 06:03:21 0006 1                  44.880617 8.876663 00 00 313931323043303132353338            
03/11/25 06:03:30 0007 1                  44.880610 8.876665 00 00 3035EB8ADC55358012002BD2            
03/11/25 06:12:30 0008 1                  44.880087 8.876180 00 00 313931323043303133363033            
03/11/25 06:20:02 0009 1                  44.879218 8.876182 00 00 313931323043303133333235            
03/11/25 06:20:02 0010 1                  44.879218 8.876182 00 00 300ED89F3350020F0009E1BA            
03/11/25 06:33:45 0011 1                  44.882563 8.866167 00 00 300ED89F3350020F0009E1BA            
03/11/25 06:33:48 0012 1                  44.882568 8.866165 00 00 313931323043303032373133            
03/11/25 06:33:56 0013 1                  44.882572 8.866163 00 00 313931323043303032373134            
03/11/25 06:36:50 0014 1                  44.881917 8.866282 00 00 302EFE0FC920EC000000F4F1            
03/11/25 06:36:52 0015 1                  44.881917 8.866282 00 00 313931323043303032353134            
03/11/25 06:37:02 0016 1                  44.881913 8.866280 00 00 313931323043303032353133            
03/11/25 06:37:06 0017 1                  44.881912 8.866280 00 00 313931B23043303032353133            
03/11/25 06:37:45 0018 1                  44.881913 8.866280 00 00 313931323043303032373132            
03/11/25 06:37:48 0019 1                  44.881912 8.866278 00 00 30340C138C43D6EE8B594404            
03/11/25 06:39:22 0020 1                  44.882090 8.866313 00 00 313931323043303133313935            
03/11/25 06:42:29 0021 1                  44.882353 8.866825 00 00 3233303132384A3030343834            
03/11/25 06:51:54 0022 1                  44.895467 8.872307 00 00 010410121370720262200000            
03/11/25 06:54:29 0023 1                  44.895137 8.873022 00 00 313931323043303132303333            
03/11/25 06:54:44 0024 1                  44.895110 8.873037 00 00 313931323043303035323431            
03/11/25 06:55:01 0025 1                  44.895087 8.873037 00 00 30340C138C43D6EE8B594404            
03/11/25 06:55:14 0026 1                  44.895088 8.873025 00 00 300ED89F3350005FE2CDBDFE            
03/11/25 06:56:30 0027 1                  44.895133 8.872948 00 00 313931323043303035393435            
03/11/25 06:59:17 0028 1                  44.895225 8.872407 00 00 313931323043303036313339            
03/11/25 07:01:23 0029 1                  44.895468 8.872397 00 00 313931323043303132343331            
03/11/25 07:07:22 0030 1                  44.895660 8.872590 00 00 313931323063303132343338            
03/11/25 07:12:35 0031 1                  44.887987 8.879830 00 00 313931323043303130363131            
03/11/25 07:17:38 0032 1                  44.897240 8.870553 00 00 000000000721119000000000            
03/11/25 07:19:00 0033 1                  44.899715 8.872007 00 00 5730353537323835364E3038            
03/11/25 07:19:01 0034 1                  44.899715 8.872007 00 00 25759769A68311A357C72DB5            
03/11/25 07:21:31 0035 1                  44.898593 8.869527 00 00 3231303234304A3034383933            
03/11/25 07:25:22 0036 1                  44.897837 8.868808 00 00 3937090294244730A9850000            
03/11/25 07:25:54 0037 1                  44.897227 8.868680 00 00 25759769A68311A357C35C79            
03/11/25 07:27:43 0038 1                  44.898095 8.865773 00 00 461132333116125600000000            
03/11/25 07:27:48 0039 1                  44.898208 8.865575 00 00 0000000000001A2A43731078            
03/11/25 07:29:06 0040 1                  44.896540 8.862248 00 00 555338334D86772100240724            
03/11/25 07:29:10 0041 1                  44.896233 8.862213 00 00 313832554358313235303135            
03/11/25 07:30:19 0042 1                  44.893432 8.861327 00 00 181412410400022750153798            
03/11/25 07:30:19 0043 1                  44.893432 8.861327 00 00 181232410000013950160621            
03/11/25 07:30:20 0044 1                  44.893432 8.861327 00 00 181232409400033250160622            
03/11/25 07:31:18 0045 1                  44.890377 8.859817 00 00 3955090214180630002E0000            
03/11/25 08:12:28 0000 s 01483ver01 44.882530 8.860067 00 00
03/11/25 08:17:31 0046 1                  44.882525 8.860015 00 00 000000000197127200000000            
03/11/25 08:20:07 0047 1                  44.880932 8.854088 00 00 31383032334D303135303531            
03/11/25 08:21:55 0048 1                  44.876710 8.852778 00 00 30395DFA82B67FC0004080D6            
03/11/25 08:21:56 0049 1                  44.876710 8.852778 00 00 313931323043303037313130            
03/11/25 08:22:18 0050 1                  44.876703 8.852778 00 00 300ED89F3350005FE2CDBDFE            
03/11/25 08:28:01 0051 1                  44.869257 8.850580 00 00 313931323043303036363531            
03/11/25 08:40:42 0052 1                  44.885375 8.861110 00 00 3138324237414B4B30303030            
03/11/25 08:40:43 0053 1                  44.885482 8.861135 00 00 313832353949535A35303135            
03/11/25 08:40:43 0054 1                  44.885482 8.861135 00 00 313832423746564C35303135            
03/11/25 08:43:39 0055 1                  44.887405 8.863718 00 00 313931323043303133303631            
03/11/25 08:46:00 0056 1                  44.887787 8.863335 00 00 313931323043303132323736            
03/11/25 08:46:09 0057 1                  44.887790 8.863328 00 00 313931323043303133353537            
03/11/25 08:50:09 0058 1                  44.889230 8.864895 00 00 3231313130304A3031303831            
03/11/25 08:54:25 0059 1                  44.889173 8.865220 00 00 313931323043303039303434            
03/11/25 08:54:31 0060 1                  44.889185 8.865220 00 00 313931323043303039383239            
03/11/25 08:55:02 0061 1                  44.889198 8.865225 00 00 300ED89F3350005FE2CDBDFE            
03/11/25 08:56:56 0062 1                  44.889202 8.864672 00 00 3231303234304A3032343636            
03/11/25 08:57:21 0063 1                  44.889202 8.864670 00 00 313931323043303039383331            
03/11/25 09:01:08 0064 1                  44.890620 8.865098 00 00 300ED89F3350020F0009E1BA            
03/11/25 09:01:08 0065 1                  44.890620 8.865098 00 00 3231313130304A3030353537            
03/11/25 09:01:20 0066 1                  44.890627 8.865103 00 00 30340C05A00961AD29F63004            
03/11/25 09:04:52 0067 1                  44.890355 8.865365 00 00 303AC8E9C0DDF05AC688C287            
03/11/25 09:04:52 0068 1                  44.890355 8.865365 00 00 313931323043303039373232            
03/11/25 09:04:53 0069 1                  44.890355 8.865365 00 00 333931323043303039373232            
03/11/25 09:04:58 0070 1                  44.890353 8.865367 00 00 303AC8E9C0A0561AC688CCA9            
03/11/25 09:05:01 0071 1                  44.890352 8.865368 00 00 303AC8E9C1200DDCA967F79E            
03/11/25 09:05:22 0072 1                  44.890358 8.865395 00 00 300ED89F3350005FE2CDBDFE            
03/11/25 09:08:04 0073 1                  44.890560 8.865433 00 00 313931323043303037313038            
03/11/25 09:10:55 0074 1                  44.890677 8.865518 00 00 313931323043303039373138            
03/11/25 09:12:24 0075 1                  44.890787 8.865515 00 00 313931323043303133313430            
03/11/25 09:15:13 0076 1                  44.891130 8.865275 00 00 313931323043303133313433            
03/11/25 09:17:25 0077 1                  44.891563 8.864893 00 00 25705569A687077481C33C71            
03/11/25 09:17:34 0078 1                  44.891908 8.865137 00 00 219057701001832207010000            
03/11/25 09:18:35 0079 1                  44.892390 8.866008 00 00 3231303234304A3031313936            
03/11/25 09:24:34 0080 1                  44.891997 8.866027 00 00 3231313130304A3031303132            
03/11/25 09:26:05 0081 1                  44.891943 8.865835 00 00 3231313130304A3031303131            
03/11/25 09:27:13 0082 1                  44.891962 8.865803 00 00 3233313130304A3030303535            
03/11/25 09:29:32 0083 1                  44.892475 8.866683 00 00 25705569A687077381C32DB1            
03/11/25 09:29:47 0084 1                  44.891995 8.867493 00 00 000000000000000008454571            
03/11/25 09:29:57 0085 1                  44.892063 8.867927 00 00 001000000043674900000000            
03/11/25 09:31:23 0086 1                  44.891413 8.870678 00 00 31560604896377504EDE0000            
03/11/25 09:31:59 0087 1                  44.891007 8.870645 00 00 3231303234304A3030313934            
03/11/25 09:32:20 0088 1                  44.890998 8.870683 00 00 3231703234304A3030313934            
03/11/25 09:32:55 0089 1                  44.890982 8.870677 00 00 3231303234304A3032323134            
03/11/25 09:33:52 0090 1                  44.890648 8.870065 00 00 3235303132304A3030363536            
03/11/25 09:35:44 0091 1                  44.890932 8.869630 00 00 3235303132304A3030363535            
03/11/25 09:36:52 0092 1                  44.891047 8.869327 00 00 3235303132304A3030363539            
03/11/25 09:37:33 0093 1                  44.890943 8.869303 00 00 08282B87B206A9BF0B15D958            
03/11/25 09:37:43 0094 1                  44.890935 8.869298 00 00 083806608C6F4F00040966AC            
03/11/25 09:38:56 0095 1                  44.890952 8.869203 00 00 3235303032334D3030373730            
03/11/25 09:41:22 0096 1                  44.890617 8.870780 00 00 313931323043303030363330            
03/11/25 09:41:28 0097 1                  44.890618 8.870780 00 00 300ED89F3350005FE2CDBDFE            
03/11/25 09:43:00 0098 1                  44.890240 8.870772 00 00 313931323043303133383232            
03/11/25 09:43:17 0099 1                  44.890235 8.870782 00 00 313931323043303133363030            
03/11/25 09:44:36 0100 1                  44.890190 8.870847 00 00 313931323043303131383537            
03/11/25 09:49:30 0101 1                  44.885072 8.868668 00 00 313931323043303132323734            
03/11/25 09:53:44 0102 1                  44.885882 8.871655 00 00 313931323043303037373035            
03/11/25 09:53:49 0103 1                  44.885882 8.871658 00 00 300ED89F3350020F0009E1BA            
03/11/25 09:56:25 0104 1                  44.883753 8.870535 00 00 313931323043303039353739            
03/11/25 09:56:43 0105 1                  44.883733 8.870538 00 00 30395DFA832B0400BD85E2CE            
03/11/25 09:57:08 0106 1                  44.883713 8.870553 00 00 313931323043303039353737            
03/11/25 09:58:55 0107 1                  44.881045 8.869330 00 00 3233303132304A3032303036            
03/11/25 09:59:46 0108 1                  44.879180 8.867687 00 00 4D50F5CF2C73D7443648D330            
03/11/25 09:59:47 0109 1                  44.879260 8.867537 00 00 201500682505630613070100            
03/11/25 10:00:13 0110 1                  44.881220 8.865458 00 00 323030323545303034353337            
03/11/25 10:03:50 0111 1                  44.892803 8.861703 00 00 534D5004E700010137303034            
03/11/25 10:04:34 0112 1                  44.894852 8.861687 00 00 30340C139C26856AC9350404            
03/11/25 10:06:19 0113 1                  44.896772 8.859115 00 00 E28011A0A50100649D2588AE            
03/11/25 10:09:27 0114 1                  44.907168 8.860288 00 00 213482794009050002010000            
03/11/25 10:09:33 0115 1                  44.907468 8.861288 00 00 25705569A687676341C39C73            
03/11/25 10:15:12 0116 1                  44.912750 8.870685 00 00 000000000000000004037980            
03/11/25 10:20:47 0117 1                  44.913158 8.871202 00 00 10284D040006A515C5A6890E            
03/11/25 10:20:48 0118 1                  44.913158 8.871202 00 00 08282B87B206A9BF0B15D958            
03/11/25 10:20:52 0119 1                  44.913158 8.871197 00 00 30340C05A00961AD29F63004            
03/11/25 10:20:55 0120 1                  44.913157 8.871193 00 00 30340C138C43D6EE8B594404            
03/11/25 10:20:58 0121 1                  44.913157 8.871190 00 00 303AC8E9C0DDF05AC688C287            
03/11/25 10:21:17 0122 1                  44.913140 8.871148 00 00 3034F848D85C744AB41DBED2            
03/11/25 10:21:17 0123 1                  44.913140 8.871148 00 00 303AC8E9C1200DDCA967F79E            
03/11/25 10:22:51 0124 1                  44.913098 8.871035 00 00 3039613541451909502F9EFB            
03/11/25 10:22:51 0125 1                  44.913098 8.871035 00 00 302EFE0FC920EC000000F4F1            
03/11/25 10:22:51 0126 1                  44.913098 8.871035 00 00 3035E8BF60578C40000034B0            
03/11/25 10:28:04 0127 1                  44.904490 8.870892 00 00 000000000000000008359490            
03/11/25 10:28:57 0128 1                  44.902368 8.869525 00 00 181122402600064450162480            
03/11/25 10:29:28 0129 1                  44.901408 8.867398 00 00 431252501133597650039503            
03/11/25 10:29:50 0130 1                  44.900897 8.867288 00 00 250000109060231700280467            
03/11/25 10:30:21 0131 1                  44.900902 8.867470 00 00 3232303234304A3030383230            
03/11/25 10:30:28 0132 1                  44.900888 8.867480 00 00 300ED89F3350020F0009E1BA            
03/11/25 10:32:27 0133 1                  44.900852 8.867542 00 00 3234303234304A3030353231            
03/11/25 10:33:12 0134 1                  44.901135 8.868757 00 00 000000001047239900000000            
03/11/25 10:35:55 0135 1                  44.899715 8.867197 00 00 3234303234304A3030363430            
03/11/25 10:36:42 0136 1                  44.899657 8.867025 00 00 3231303234304A3034353030            
03/11/25 10:42:54 0137 1                  44.899763 8.871928 00 00 25759769A68311A357C72DB5            
03/11/25 10:46:34 0138 1                  44.897307 8.867705 00 00 E28068940000502A9712E89F            
03/11/25 10:46:38 0139 1                  44.897303 8.867710 00 00 31383234304A303030303636            
03/11/25 10:47:38 0140 1                  44.897325 8.867787 00 00 3231303234304A3034333138            
03/11/25 10:47:38 0141 1                  44.897325 8.867787 00 00 3231303234304A3034333139            
03/11/25 10:48:48 0142 1                  44.896988 8.868577 00 00 25759769A68311A357C35C79            
03/11/25 10:49:20 0143 1                  44.896895 8.867270 00 00 303009029635752001350000            
03/11/25 10:49:34 0144 1                  44.896928 8.867285 00 00 25759769A683132497C32E30            
03/11/25 10:49:36 0145 1                  44.896937 8.867308 00 00 189516490105210007010000            
03/11/25 10:51:53 0146 1                  44.899825 8.871868 00 00 011933279983129001070000            
03/11/25 10:54:34 0147 1                  44.897408 8.866438 00 00 31383132304A303138333132            
03/11/25 10:54:57 0148 1                  44.897390 8.866365 00 00 31383132304A303138343634            
03/11/25 10:57:54 0149 1                  44.897282 8.865482 00 00 534D500226000100006E355B            
03/11/25 10:57:55 0150 1                  44.897282 8.865482 00 00 3232303234304A3030383532            
03/11/25 10:58:22 0151 1                  44.897227 8.865513 00 00 300ED89F3350005FE2CDBDFE            
03/11/25 10:58:23 0152 1                  44.897227 8.865513 00 00 300ED89F3350020F0009E1BA            
03/11/25 10:58:32 0153 1                  44.897203 8.865528 00 00 3232303234304A3030383438            
03/11/25 10:58:44 0154 1                  44.897183 8.865542 00 00 3234303234304A3030363534            
03/11/25 11:01:36 0155 1                  44.896788 8.865447 00 00 313831323045303138343137            
03/11/25 11:04:20 0156 1                  44.895968 8.865147 00 00 31383234304A303030303539            
03/11/25 11:06:13 0157 1                  44.895342 8.864295 00 00 195366930105210007010000            
03/11/25 11:06:19 0158 1                  44.895318 8.864072 00 00 3235303234304A3031313437            
03/11/25 11:06:28 0159 1                  44.895315 8.863808 00 00 4F34C63B3E37E77377282C32            
03/11/25 11:06:56 0160 1                  44.895268 8.863713 00 00 31383234304A303030303634            
03/11/25 11:08:31 0161 1                  44.895317 8.861885 00 00 111080000000002142054195            
03/11/25 11:09:13 0162 1                  44.893715 8.861052 00 00 25758769A6835304D7C30DF3            
03/11/25 11:09:50 0163 1                  44.892052 8.860977 00 00 25705569A6B85B2201C70E32            
03/11/25 11:10:34 0164 1                  44.891307 8.860610 00 00 25705569A686D312C1C31E75            
03/11/25 11:10:36 0165 1                  44.891222 8.860557 00 00 243483012909910002010000            
03/11/25 11:10:41 0166 1                  44.891025 8.860435 00 00 315606059608504060290000            
03/11/25 11:12:27 0167 1                  44.885322 8.856802 00 00 111150000000001898187595            
03/11/25 11:15:28 0168 1                  44.883057 8.857220 00 00 E28068940000502A9712E89F            
