03/03/25 05:33:32 0000 s 01889ver01 44.882232 8.859668 00 00
03/03/25 05:53:18 0001 1                  44.855010 8.825795 00 00 313931323050303039333730            
03/03/25 05:53:20 0002 1                  44.855010 8.825793 00 00 313931323050303039353131            
03/03/25 05:55:13 0003 1                  44.854922 8.826253 00 00 313931323050303039313732            
03/03/25 05:57:50 0004 1                  44.851683 8.817370 00 00 313931323050303039323831            
03/03/25 06:00:02 0005 1                  44.848198 8.815385 00 00 313931323050303039313531            
03/03/25 06:01:56 0006 1                  44.847820 8.815083 00 00 313931323050303132393438            
03/03/25 06:03:25 0007 1                  44.847502 8.814895 00 00 313931323050303039373136            
03/03/25 06:03:25 0008 1                  44.847502 8.814895 00 00 313931323050303039353132            
03/03/25 06:04:33 0009 1                  44.847448 8.814835 00 00 313931323050303039323834            
03/03/25 06:04:33 0010 1                  44.847448 8.814835 00 00 3231303234304A3034363230            
03/03/25 06:10:07 0011 1                  44.847915 8.814038 00 00 313931323050303039353837            
03/03/25 06:11:30 0012 1                  44.847735 8.813980 00 00 313931333050303130363035            
03/03/25 06:13:03 0013 1                  44.846408 8.813837 00 00 313931323050303039313039            
03/03/25 06:15:27 0014 1                  44.845960 8.812822 00 00 313931323050303039313434            
03/03/25 06:16:50 0015 1                  44.845975 8.813125 00 00 313931323050303039393031            
03/03/25 06:18:00 0016 1                  44.845953 8.813482 00 00 313931323050303039303938            
03/03/25 06:19:53 0017 1                  44.844613 8.813220 00 00 313931323050303039393030            
03/03/25 06:21:28 0018 1                  44.842943 8.812198 00 00 313931323050303039393032            
03/03/25 06:22:49 0019 1                  44.841808 8.811568 00 00 313931323050303039353432            
03/03/25 06:25:34 0020 1                  44.841587 8.810210 00 00 313931323050303039363731            
03/03/25 06:27:03 0021 1                  44.841498 8.810540 00 00 313931323050303130353739            
03/03/25 06:27:03 0022 1                  44.841498 8.810540 00 00 313931323050303039333934            
03/03/25 06:28:43 0023 1                  44.841448 8.810857 00 00 313931323050303039393034            
03/03/25 06:28:43 0024 1                  44.841448 8.810857 00 00 313931323050303039333932            
03/03/25 06:30:08 0025 1                  44.841363 8.811155 00 00 313931323050303039393033            
03/03/25 06:31:38 0026 1                  44.841082 8.811125 00 00 313931323050303035313339            
03/03/25 06:31:38 0027 1                  44.841082 8.811125 00 00 313931323050303039363733            
03/03/25 06:33:02 0028 1                  44.840475 8.810768 00 00 313931323050303039333638            
03/03/25 06:34:35 0029 1                  44.839682 8.810275 00 00 313931323050303039363734            
03/03/25 06:37:03 0030 1                  44.836452 8.807097 00 00 313931323050303039333936            
03/03/25 06:41:04 0031 1                  44.836062 8.806712 00 00 313931323050303039373535            
03/03/25 06:41:04 0032 1                  44.836062 8.806712 00 00 313931323050303039373538            
03/03/25 06:43:29 0033 1                  44.835423 8.804997 00 00 313931323050303039373B39            
03/03/25 06:43:29 0034 1                  44.835423 8.804997 00 00 313931323050303039373339            
03/03/25 06:43:29 0035 1                  44.835423 8.804997 00 00 313931323050303039373339            
03/03/25 06:43:30 0036 1                  44.835423 8.804997 00 00 313931323050303130363031            
03/03/25 06:45:02 0037 1                  44.835570 8.804213 00 00 313931323050303039373431            
03/03/25 06:48:35 0038 1                  44.837910 8.809413 00 00 000000000000000017319950            
03/03/25 06:48:36 0039 1                  44.837910 8.809413 00 00 313931323050303039363634            
03/03/25 06:50:21 0040 1                  44.839333 8.811147 00 00 313931323050303132393536            
03/03/25 06:50:21 0041 1                  44.839333 8.811147 00 00 313931323050303132393537            
03/03/25 06:51:42 0042 1                  44.839285 8.811407 00 00 313931323050303132393539            
03/03/25 06:51:43 0043 1                  44.839285 8.811405 00 00 313931323050303039363136            
03/03/25 06:53:16 0044 1                  44.839200 8.812190 00 00 313931323050303039363137            
03/03/25 06:54:38 0045 1                  44.839187 8.812532 00 00 313931323050303039383437            
03/03/25 06:56:14 0046 1                  44.839263 8.813807 00 00 313931323050303130363131            
03/03/25 06:58:47 0047 1                  44.837743 8.817015 00 00 313931323050303039383438            
03/03/25 07:00:43 0048 1                  44.837042 8.814003 00 00 313931323050303130363038            
03/03/25 07:02:43 0049 1                  44.834692 8.810135 00 00 313931323050303039373631            
03/03/25 07:02:44 0050 1                  44.834692 8.810133 00 00 313931323050303039393236            
03/03/25 07:04:26 0051 1                  44.834807 8.809612 00 00 313931323050303039373430            
03/03/25 07:07:51 0052 1                  44.839683 8.810440 00 00 3231303234304A3032313335            
03/03/25 07:07:51 0053 1                  44.839683 8.810440 00 00 313931323050303039353130            
03/03/25 07:09:19 0054 1                  44.839940 8.810663 00 00 313931323050303039333731            
03/03/25 07:12:07 0055 1                  44.844287 8.813232 00 00 313931323050303039323734            
03/03/25 07:13:30 0056 1                  44.845878 8.814150 00 00 313931323050303035323038            
03/03/25 07:14:18 0057 1                  44.845875 8.814180 00 00 313931323050303132313032            
03/03/25 07:14:18 0058 1                  44.845875 8.814180 00 00 313931323050303039373736            
03/03/25 07:14:28 0059 1                  44.845870 8.814187 00 00 303ACB0342A3259C82CD99CC            
03/03/25 07:15:45 0060 1                  44.846310 8.814452 00 00 313931323050303039313330            
03/03/25 07:17:51 0061 1                  44.847277 8.814955 00 00 313931323050303132333638            
03/03/25 07:19:24 0062 1                  44.848807 8.815862 00 00 313931323050303039363635            
03/03/25 07:21:15 0063 1                  44.849147 8.816102 00 00 313931323050303039353933            
03/03/25 07:22:35 0064 1                  44.849347 8.816237 00 00 313931323050303039323836            
03/03/25 07:23:32 0065 1                  44.849655 8.816388 00 00 313931323050303039373733            
03/03/25 07:25:14 0066 1                  44.853157 8.817940 00 00 313931323050303039323835            
03/03/25 07:26:35 0067 1                  44.853158 8.817005 00 00 313931323050303039333039            
03/03/25 07:31:27 0068 1                  44.847845 8.801590 00 00 3231313130304A3032353738            
03/03/25 07:32:35 0069 1                  44.847843 8.801558 00 00 3232313130304A3030303934            
03/03/25 07:34:35 0070 1                  44.847827 8.801560 00 00 3231313130304A3032353736            
03/03/25 07:38:34 0071 1                  44.840852 8.794562 00 00 313931323050303039373539            
03/03/25 07:40:45 0072 1                  44.841328 8.800927 00 00 313931323050303039333130            
03/03/25 07:43:38 0073 1                  44.840898 8.802618 00 00 313931323050303039383935            
03/03/25 07:44:56 0074 1                  44.840808 8.802913 00 00 313931323050303132303936            
03/03/25 07:46:09 0075 1                  44.841007 8.802222 00 00 313931323050303132303938            
03/03/25 07:52:23 0076 1                  44.847622 8.809600 00 00 313931323050303039393636            
03/03/25 07:54:59 0077 1                  44.847632 8.810465 00 00 313931323050303130353539            
03/03/25 07:56:37 0078 1                  44.847682 8.811038 00 00 313931323050303130353538            
03/03/25 07:57:42 0079 1                  44.847448 8.810995 00 00 313931323050303039353930            
03/03/25 07:59:17 0080 1                  44.846905 8.813247 00 00 313931323050303036353135            
03/03/25 08:00:29 0081 1                  44.846912 8.813495 00 00 313931323050303039323032            
03/03/25 08:00:29 0082 1                  44.846912 8.813495 00 00 313931323050303039323031            
03/03/25 08:01:51 0083 1                  44.846865 8.813685 00 00 313931323050303132333730            
03/03/25 08:01:51 0084 1                  44.846865 8.813685 00 00 313931323050303039313533            
03/03/25 08:02:32 0085 1                  44.846853 8.813693 00 00 3231303033304D3033313236            
03/03/25 08:02:56 0086 1                  44.846850 8.813695 00 00 313931323050303035353237            
03/03/25 08:05:13 0087 1                  44.843983 8.812453 00 00 313931323050303039313130            
03/03/25 08:06:51 0088 1                  44.844213 8.808782 00 00 313931323050303035393236            
03/03/25 08:07:59 0089 1                  44.844280 8.808433 00 00 313931323050303039313937            
03/03/25 08:10:54 0090 1                  44.840290 8.806860 00 00 313931323050303039303833            
03/03/25 08:12:18 0091 1                  44.840258 8.807238 00 00 313931323050303039383532            
03/03/25 08:12:18 0092 1                  44.840258 8.807238 00 00 313931323050303039383530            
03/03/25 08:12:20 0093 1                  44.840262 8.807240 00 00 3034F836E820EC8AB4202959            
03/03/25 08:13:43 0094 1                  44.840180 8.807712 00 00 313931323050303039383439            
03/03/25 08:15:07 0095 1                  44.839677 8.808765 00 00 313931323050303039363134            
03/03/25 08:16:17 0096 1                  44.839590 8.809392 00 00 313931323050303039383932            
03/03/25 08:17:25 0097 1                  44.839522 8.809863 00 00 313931323050303039363135            
03/03/25 08:19:55 0098 1                  44.840135 8.816038 00 00 313931323050303132333937            
03/03/25 08:20:00 0099 1                  44.840135 8.816037 00 00 3038CECA40F23000000179D8            
03/03/25 08:21:20 0100 1                  44.840673 8.816538 00 00 313933323050303130363130            
03/03/25 08:21:21 0101 1                  44.840673 8.816538 00 00 313931323050303130363039            
03/03/25 08:25:44 0102 1                  44.842920 8.818030 00 00 313931323050303039323233            
03/03/25 08:27:10 0103 1                  44.843430 8.817308 00 00 313931323050303039313836            
03/03/25 08:31:40 0104 1                  44.843807 8.814555 00 00 313931323050303039373233            
03/03/25 08:31:40 0105 1                  44.843807 8.814555 00 00 313931323050303039383136            
03/03/25 08:32:02 0106 1                  44.843807 8.814555 00 00 3038CECA40F23000000179D8            
03/03/25 08:33:31 0107 1                  44.843842 8.813528 00 00 3234303132304A3033323332            
03/03/25 08:33:32 0108 1                  44.843842 8.813528 00 00 3234303132304A3033313730            
03/03/25 08:34:26 0109 1                  44.843827 8.813485 00 00 3231303234304A3032303738            
03/03/25 08:34:27 0110 1                  44.843827 8.813485 00 00 3231303234304A3032303635            
03/03/25 08:35:34 0111 1                  44.843802 8.813505 00 00 313931323050303039383137            
03/03/25 08:35:34 0112 1                  44.843802 8.813505 00 00 3234303132304A3033323333            
03/03/25 08:37:07 0113 1                  44.843902 8.813010 00 00 313931323050303039363139            
03/03/25 08:41:34 0114 1                  44.848430 8.815810 00 00 313931323050303039363837            
03/03/25 08:42:46 0115 1                  44.848283 8.815853 00 00 313931323050303039313438            
03/03/25 08:44:13 0116 1                  44.847955 8.815858 00 00 313931323050303039353038            
03/03/25 08:46:25 0117 1                  44.848033 8.817347 00 00 313931323050303039363831            
03/03/25 08:46:25 0118 1                  44.848033 8.817347 00 00 313931323050303039363738            
03/03/25 08:47:25 0119 1                  44.848013 8.817372 00 00 313931323050303039363830            
03/03/25 08:47:25 0120 1                  44.848013 8.817372 00 00 313931323050303039363737            
03/03/25 08:49:12 0121 1                  44.847975 8.817043 00 00 313931323050303039363832            
03/03/25 08:49:12 0122 1                  44.847975 8.817043 00 00 313931323050303039363739            
03/03/25 08:49:57 0123 1                  44.847987 8.817063 00 00 313931323050303039313138            
03/03/25 08:51:19 0124 1                  44.847913 8.816588 00 00 313931323050303039383838            
03/03/25 08:53:34 0125 1                  44.847652 8.817425 00 00 313931323050303132393530            
03/03/25 08:53:36 0126 1                  44.847652 8.817425 00 00 313931323050303039363839            
03/03/25 08:53:36 0127 1                  44.847652 8.817425 00 00 3034F822605C1D4AB41E31B9            
03/03/25 08:55:20 0128 1                  44.847120 8.816017 00 00 3234303132304A3033313831            
03/03/25 08:56:54 0129 1                  44.846713 8.816552 00 00 313931323050303130363034            
03/03/25 08:58:02 0130 1                  44.846742 8.816848 00 00 313931323050303039393330            
03/03/25 09:01:51 0131 1                  44.841463 8.818237 00 00 313931323050303039373338            
03/03/25 09:05:27 0132 1                  44.838005 8.831652 00 00 313931323050303039373835            
03/03/25 09:07:51 0133 1                  44.832825 8.830170 00 00 313931323050303032323930            
03/03/25 09:12:12 0134 1                  44.820333 8.832350 00 00 3231303033304D3032383538            
03/03/25 09:12:20 0135 1                  44.820325 8.832352 00 00 3231303033304D3032383535            
03/03/25 09:12:27 0136 1                  44.820320 8.832350 00 00 3231303033304D3032383536            
03/03/25 09:13:47 0137 1                  44.819575 8.832380 00 00 313931323050303039393435            
03/03/25 09:15:00 0138 1                  44.819033 8.832430 00 00 313931323050303039383638            
03/03/25 09:16:09 0139 1                  44.818698 8.832438 00 00 313931323050303039383637            
03/03/25 09:16:11 0140 1                  44.818695 8.832438 00 00 30395DFA82E4B580001D6498            
03/03/25 09:17:05 0141 1                  44.818400 8.832460 00 00 313931323050303037323231            
03/03/25 09:17:05 0142 1                  44.818400 8.832460 00 00 3234303132304A3032323337            
03/03/25 09:17:37 0143 1                  44.818407 8.832480 00 00 313931323050303039353732            
03/03/25 09:18:46 0144 1                  44.818022 8.832468 00 00 313931323050303039353730            
03/03/25 09:21:16 0145 1                  44.818743 8.834230 00 00 313931323050303039363931            
03/03/25 09:21:16 0146 1                  44.818743 8.834230 00 00 313931323050303039363933            
03/03/25 09:22:55 0147 1                  44.818730 8.834517 00 00 313931323050303034353236            
03/03/25 09:24:17 0148 1                  44.818482 8.834147 00 00 313931323050303039373234            
03/03/25 09:25:34 0149 1                  44.818270 8.833623 00 00 31B931323050303139363934            
03/03/25 09:25:35 0150 1                  44.818272 8.833623 00 00 31383132304A303139343136            
03/03/25 09:26:57 0151 1                  44.818205 8.833440 00 00 313931323050303039373931            
03/03/25 09:28:11 0152 1                  44.818043 8.833328 00 00 313931323050303039373237            
03/03/25 09:28:14 0153 1                  44.818042 8.833327 00 00 313931323050303039373236            
03/03/25 09:30:17 0154 1                  44.817833 8.833015 00 00 313931323050303039333036            
03/03/25 09:30:17 0155 1                  44.817833 8.833015 00 00 313931323050303039373635            
03/03/25 09:32:10 0156 1                  44.817547 8.831193 00 00 313931323050303031333338            
03/03/25 09:32:10 0157 1                  44.817547 8.831193 00 00 3233303132304A3030373036            
03/03/25 09:34:50 0158 1                  44.815175 8.827455 00 00 313931323050303030343837            
03/03/25 09:36:00 0159 1                  44.814948 8.826833 00 00 313931323050303130343031            
03/03/25 09:38:05 0160 1                  44.812268 8.820602 00 00 313931323050303039393038            
03/03/25 09:38:08 0161 1                  44.812267 8.820605 00 00 313931323050303039393038            
03/03/25 09:39:20 0162 1                  44.812827 8.820710 00 00 313931323050303039393039            
03/03/25 09:41:25 0163 1                  44.814675 8.821293 00 00 313931323050303039383938            
03/03/25 09:42:47 0164 1                  44.816017 8.821575 00 00 313931323050303039363637            
03/03/25 09:44:10 0165 1                  44.817820 8.822015 00 00 313931323050303039363636            
03/03/25 09:46:20 0166 1                  44.821375 8.821770 00 00 313931323050303039383130            
03/03/25 09:50:11 0167 1                  44.817997 8.828238 00 00 313931323050303039323234            
03/03/25 09:52:21 0168 1                  44.823597 8.824653 00 00 313931323050303132393434            
03/03/25 09:52:27 0169 1                  44.823590 8.824660 00 00 313931323050303039353334            
03/03/25 09:53:53 0170 1                  44.824788 8.824105 00 00 313931323050303132333839            
03/03/25 09:54:59 0171 1                  44.825120 8.823958 00 00 313931323050303039393134            
03/03/25 09:57:28 0172 1                  44.828985 8.825292 00 00 313931323050303039373837            
03/03/25 09:59:51 0173 1                  44.832177 8.824105 00 00 313931323050303039303935            
03/03/25 10:01:09 0174 1                  44.832247 8.824768 00 00 313931323050303039303936            
03/03/25 10:02:46 0175 1                  44.832030 8.826290 00 00 313931323050303039383535            
03/03/25 10:16:01 0176 1                  44.847060 8.814912 00 00 313931323050303038303538            
03/03/25 10:54:14 0000 s 01889ver01 44.882293 8.860272 00 00
03/03/25 10:57:36 0000 s 01889ver01 44.882413 8.860343 00 00
03/03/25 11:23:03 0000 s 01889ver01 44.882370 8.860022 00 00
03/03/25 11:32:50 0177 1                  44.889283 8.853335 00 00 313931323050303039303539            
03/03/25 11:32:50 0178 1                  44.889283 8.853335 00 00 313931323050303130373232            
03/03/25 11:33:08 0179 1                  44.889295 8.853332 00 00 3231303033304D3032383239            
03/03/25 11:33:49 0180 1                  44.889265 8.853335 00 00 313831323045303235353135            
03/03/25 11:33:49 0181 1                  44.889265 8.853335 00 00 313931323050303132313139            
03/03/25 11:33:59 0182 1                  44.889268 8.853335 00 00 313931323050303132363034            
03/03/25 11:34:40 0183 1                  44.889245 8.853318 00 00 313931323050303133393433            
03/03/25 11:35:15 0184 1                  44.889232 8.853333 00 00 31383033304D303035393539            
03/03/25 11:35:15 0185 1                  44.889232 8.853333 00 00 31383033304D303035393D39            
03/03/25 11:35:42 0186 1                  44.889217 8.853333 00 00 3234303132304A3033323338            
03/03/25 11:35:42 0187 1                  44.889217 8.853333 00 00 313931323050303130373231            
03/03/25 11:35:57 0188 1                  44.889212 8.853337 00 00 3231303033304D3032383334            
03/03/25 11:36:25 0189 1                  44.889192 8.853330 00 00 313931323050303032323134            
03/03/25 11:36:25 0190 1                  44.889192 8.853330 00 00 313931323050303133303539            
03/03/25 11:39:49 0191 1                  44.889082 8.854095 00 00 31383132304A303236353135            
03/03/25 11:40:54 0192 1                  44.888408 8.853968 00 00 31383132304A303138363836            
03/03/25 11:40:55 0193 1                  44.888408 8.853970 00 00 31383132304A303138363837            
03/03/25 11:42:34 0194 1                  44.887145 8.854150 00 00 313932343050303030303734            
03/03/25 11:42:34 0195 1                  44.887145 8.854150 00 00 31383132304A303230343130            
03/03/25 11:42:40 0196 1                  44.887135 8.854158 00 00 31383132304A303230343130            
03/03/25 11:43:35 0197 1                  44.886705 8.854265 00 00 313931323050303031303734            
03/03/25 11:46:57 0198 1                  44.885735 8.854400 00 00 313932343050303030333139            
03/03/25 11:48:41 0199 1                  44.885865 8.854568 00 00 313931313030503030333237            
03/03/25 11:50:48 0200 1                  44.885883 8.854580 00 00 3231313130304A3031393030            
03/03/25 11:52:37 0201 1                  44.885837 8.854608 00 00 3231313130304A3030323030            
03/03/25 11:55:57 0202 1                  44.889208 8.855022 00 00 313931313030503030333431            
03/03/25 11:57:09 0203 1                  44.889245 8.855562 00 00 313932343050303030323737            
03/03/25 11:57:09 0204 1                  44.889245 8.855562 00 00 313932343050303030313138            
03/03/25 11:57:48 0205 1                  44.889260 8.855647 00 00 313931323050303037343836            
03/03/25 11:57:49 0206 1                  44.889260 8.855647 00 00 313932343050303030313236            
03/03/25 11:57:55 0207 1                  44.889258 8.855648 00 00 30395DFA83125E40001DB87A            
03/03/25 11:59:41 0208 1                  44.888202 8.855768 00 00 313931323050303031303733            
03/03/25 12:01:11 0209 1                  44.887618 8.855095 00 00 313932343050303030353331            
03/03/25 12:01:11 0210 1                  44.887618 8.855095 00 00 313932343050303030353331            
03/03/25 12:03:32 0211 1                  44.887313 8.855105 00 00 313931313030503030333630            
03/03/25 12:04:15 0212 1                  44.887313 8.855108 00 00 323031313030503030303037            
03/03/25 12:08:52 0213 1                  44.886513 8.855883 00 00 31383132304A303230323331            
03/03/25 12:11:26 0214 1                  44.885882 8.855885 00 00 313931313030503030333538            
03/03/25 12:13:02 0215 1                  44.885335 8.855903 00 00 313831323045303139353533            
03/03/25 12:13:04 0216 1                  44.885333 8.855902 00 00 313931323050303031333638            
03/03/25 12:13:43 0217 1                  44.885310 8.855870 00 00 990130000181620490000006            
03/03/25 12:13:45 0218 1                  44.885308 8.855867 00 00 E200001666160113129095E3            
03/03/25 12:14:53 0219 1                  44.885107 8.855915 00 00 313931313030503030333537            
03/03/25 12:17:04 0220 1                  44.884690 8.855545 00 00 3231303234304A3030303535            
03/03/25 12:17:05 0221 1                  44.884688 8.855545 00 00 313932343050303030343435            
03/03/25 12:17:45 0222 1                  44.884665 8.855575 00 00 313932343050303030343939            
03/03/25 12:24:05 0223 1                  44.883638 8.857393 00 00 313931313030503030303839            
03/03/25 12:27:01 0224 1                  44.882105 8.858373 00 00 4D3330303030313737383835            
03/03/25 12:27:21 0225 1                  44.882098 8.858347 00 00 313831323045303231393031            
03/03/25 12:29:08 0226 1                  44.881878 8.858298 00 00 313931313030503030333732            
03/03/25 12:29:33 0227 1                  44.881890 8.858315 00 00 323031313030503030303830            
03/03/25 12:29:56 0228 1                  44.881847 8.858325 00 00 3234303234304A3030343233            
03/03/25 12:33:12 0229 1                  44.881042 8.857900 00 00 313932343050303030313134            
03/03/25 12:33:13 0230 1                  44.881040 8.857900 00 00 313931323050303036343834            
03/03/25 12:34:24 0231 1                  44.880780 8.858228 00 00 31383132304A303231353838            
03/03/25 12:36:20 0232 1                  44.877262 8.857687 00 00 313931323050303030373835            
03/03/25 12:37:33 0233 1                  44.877050 8.857683 00 00 313931323050303039383330            
03/03/25 12:37:33 0234 1                  44.877050 8.857683 00 00 313931323050303035363838            
03/03/25 12:39:31 0235 1                  44.875257 8.856782 00 00 313931323050303033373837            
03/03/25 12:41:14 0236 1                  44.875613 8.856047 00 00 313931313030503030333531            
03/03/25 12:45:09 0237 1                  44.873410 8.856578 00 00 313831323045303235393132            
03/03/25 12:45:09 0238 1                  44.873410 8.856578 00 00 313931323050303033373834            
03/03/25 12:46:43 0239 1                  44.873728 8.856418 00 00 313931313030503030303333            
03/03/25 12:48:30 0240 1                  44.872913 8.856032 00 00 31383132304A303231323230            
03/03/25 12:48:30 0241 1                  44.872913 8.856032 00 00 313931323050303036373536            
03/03/25 12:49:37 0242 1                  44.872880 8.855977 00 00 313931323050303039323232            
03/03/25 12:52:59 0243 1                  44.872385 8.856747 00 00 313932343045303030373732            
03/03/25 12:55:13 0244 1                  44.871570 8.856765 00 00 313932343050303030313139            
03/03/25 12:58:08 0245 1                  44.871182 8.855712 00 00 313931313030503030333234            
03/03/25 13:00:42 0246 1                  44.870682 8.855830 00 00 313931313030503030323835            
03/03/25 13:01:40 0247 1                  44.870692 8.855833 00 00 313931313030503030333435            
03/03/25 13:05:04 0248 1                  44.865383 8.855922 00 00 313931323050303031333231            
03/03/25 13:06:30 0249 1                  44.863888 8.855722 00 00 313931323050303031333232            
03/03/25 13:10:12 0250 1                  44.865427 8.858132 00 00 313931323050303031393932            
03/03/25 13:12:36 0251 1                  44.866890 8.856377 00 00 313931323050303033333233            
03/03/25 13:14:30 0252 1                  44.870190 8.857047 00 00 313932343045303030373734            
03/03/25 13:15:54 0253 1                  44.871368 8.857502 00 00 31383132304A303139373634            
03/03/25 13:17:01 0254 1                  44.871280 8.857668 00 00 31383132304A303139373635            
03/03/25 13:17:03 0255 1                  44.871280 8.857667 00 00 31383132304A303139373633            
03/03/25 13:17:28 0256 1                  44.871278 8.857688 00 00 31383132304A303231353834            
03/03/25 13:18:55 0257 1                  44.871100 8.858353 00 00 313931323050303036353438            
03/03/25 13:19:43 0258 1                  44.871072 8.858537 00 00 31383132304A303139373637            
03/03/25 13:22:00 0259 1                  44.870320 8.865733 00 00 31383132304A303237313931            
03/03/25 13:25:52 0260 1                  44.871885 8.857207 00 00 313832343045303034313034            
03/03/25 13:28:00 0261 1                  44.872405 8.858037 00 00 313932343050303030333038            
03/03/25 13:28:59 0262 1                  44.872465 8.857647 00 00 313932343045303030363832            
03/03/25 13:30:20 0263 1                  44.872815 8.857255 00 00 313932343045303030363339            
03/03/25 13:32:04 0264 1                  44.874730 8.857587 00 00 313931323050303031303839            
03/03/25 13:33:15 0265 1                  44.875695 8.858150 00 00 313931323050303033373833            
03/03/25 13:33:15 0266 1                  44.875695 8.858150 00 00 31383132304A303231323231            
03/03/25 13:34:27 0267 1                  44.875578 8.859113 00 00 313931323050303033313037            
03/03/25 13:34:28 0268 1                  44.875580 8.859115 00 00 313931323050303033313038            
03/03/25 13:34:45 0269 1                  44.875577 8.859113 00 00 E28069950000500E56E7E8CE            
03/03/25 13:34:51 0270 1                  44.875572 8.859110 00 00 313931323050303036323836            
03/03/25 13:36:15 0271 1                  44.875587 8.859663 00 00 313931323050303033313035            
03/03/25 13:37:47 0272 1                  44.875557 8.859982 00 00 31383132304A303236323233            
03/03/25 13:37:47 0273 1                  44.875557 8.859982 00 00 31383132304A303236373131            
03/03/25 13:43:44 0274 1                  44.878127 8.858072 00 00 313931323050303133383738            
03/03/25 13:45:17 0275 1                  44.879952 8.858337 00 00 313931323050303037343739            
03/03/25 13:46:01 0276 1                  44.879948 8.858395 00 00 323031313030503030303831            
03/03/25 13:47:48 0277 1                  44.880257 8.858415 00 00 313931323050303031333139            
03/03/25 13:48:41 0278 1                  44.880730 8.858495 00 00 31383132304A303139373630            
03/03/25 13:49:43 0279 1                  44.881198 8.858553 00 00 313931323050303033383037            
03/03/25 13:50:38 0280 1                  44.882142 8.858712 00 00 31383132304A303139373539            
03/03/25 13:51:43 0281 1                  44.882382 8.858785 00 00 31383132304A303138383037            
03/03/25 13:51:43 0282 1                  44.882382 8.858785 00 00 313932343045303030373234            
03/03/25 14:00:31 0000 s 01889ver01 44.882528 8.860315 00 00
03/03/25 14:02:53 0283 1                  44.882688 8.857142 00 00 313932343050303030323830            
03/03/25 14:05:57 0284 1                  44.883670 8.853613 00 00 313931313030503030333636            
03/03/25 14:07:20 0285 1                  44.883688 8.853610 00 00 313931313030503030333635            
03/03/25 14:10:23 0286 1                  44.882530 8.855120 00 00 31383132304A303231353836            
03/03/25 14:10:25 0287 1                  44.882530 8.855120 00 00 31383132304A303139383935            
03/03/25 14:10:52 0288 1                  44.882530 8.855107 00 00 313932343050303030323636            
03/03/25 14:11:54 0289 1                  44.882152 8.854785 00 00 313931323050303030353535            
03/03/25 14:12:44 0290 1                  44.882032 8.854698 00 00 313831323045303234323339            
03/03/25 14:14:31 0291 1                  44.881493 8.854462 00 00 31383132304A303237333034            
03/03/25 14:14:31 0292 1                  44.881493 8.854462 00 00 313931323050303031333138            
03/03/25 14:15:32 0293 1                  44.881480 8.854437 00 00 313931323050303031343730            
03/03/25 14:15:36 0294 1                  44.881480 8.854428 00 00 302F009D75F0080000002027            
03/03/25 14:16:58 0295 1                  44.881048 8.854155 00 00 31383132304A303231323138            
03/03/25 14:17:06 0296 1                  44.881047 8.854155 00 00 303AC8E9C04DDC5AC688C953            
03/03/25 14:17:36 0297 1                  44.881038 8.854150 00 00 313931313030503030333337            
03/03/25 14:18:46 0298 1                  44.880835 8.854073 00 00 313931323050303031333137            
03/03/25 14:20:03 0299 1                  44.880028 8.853510 00 00 31383132304A303139393539            
03/03/25 14:21:01 0300 1                  44.879793 8.853345 00 00 313931323050303031323537            
03/03/25 14:22:36 0301 1                  44.878432 8.853085 00 00 31383132304A303139393538            
03/03/25 14:26:21 0302 1                  44.876573 8.854605 00 00 313932343050303030323536            
03/03/25 14:26:21 0303 1                  44.876573 8.854605 00 00 3231303234304A3034363235            
03/03/25 14:26:22 0304 1                  44.876573 8.854605 00 00 313932343050303030323536            
03/03/25 14:28:19 0305 1                  44.876237 8.854542 00 00 313932343045303030363833            
03/03/25 14:30:45 0306 1                  44.876575 8.856940 00 00 323031313030503030353436            
03/03/25 14:33:33 0307 1                  44.877158 8.856213 00 00 3231303234304A3032303734            
03/03/25 14:34:48 0308 1                  44.877428 8.856172 00 00 313931313030503030333438            
03/03/25 14:35:59 0309 1                  44.877868 8.855912 00 00 313931323050303032373434            
03/03/25 14:36:00 0310 1                  44.877870 8.855908 00 00 313931323050303033353131            
03/03/25 14:36:24 0311 1                  44.877878 8.855898 00 00 313931323150303031303434            
03/03/25 14:38:11 0312 1                  44.877235 8.855100 00 00 313931323050303031303730            
03/03/25 14:40:56 0313 1                  44.879767 8.854265 00 00 3231313130304A3031383137            
03/03/25 14:43:12 0314 1                  44.879627 8.854765 00 00 313931313030503030333434            
03/03/25 14:44:58 0315 1                  44.879365 8.855152 00 00 3231313130304A3032353537            
03/03/25 14:47:39 0316 1                  44.879465 8.856277 00 00 313931313030503030333339            
03/03/25 14:49:25 0317 1                  44.878860 8.856397 00 00 313932343050303030323732            
03/03/25 14:51:05 0318 1                  44.879340 8.857003 00 00 313932343050303030323333            
03/03/25 14:53:55 0319 1                  44.879385 8.857472 00 00 9903074E6085CAF9000068DE            
03/03/25 14:53:57 0320 1                  44.879388 8.857472 00 00 323031313030503030303532            
03/03/25 14:55:50 0321 1                  44.880800 8.856870 00 00 313931313030503030333735            
03/03/25 14:57:34 0322 1                  44.880610 8.856237 00 00 313932343050303030323334            
03/03/25 15:06:19 0323 1                  44.883390 8.857042 00 00 323031313030503030303535            
03/03/25 15:06:41 0324 1                  44.883390 8.857042 00 00 323031313030503030303739            
03/03/25 15:07:33 0325 1                  44.883335 8.857013 00 00 313931313030503030303239            
03/03/25 15:08:08 0326 1                  44.883343 8.857027 00 00 323031313030503030303536            
03/03/25 15:08:37 0327 1                  44.883345 8.857027 00 00 313931313030503030333730            
03/03/25 15:09:21 0328 1                  44.883357 8.857027 00 00 323031313030503030303731            
03/03/25 15:09:56 0329 1                  44.883348 8.857012 00 00 313931313030503030303330            
03/03/25 15:10:40 0330 1                  44.883347 8.857015 00 00 313931313030503030333135            
03/03/25 15:11:10 0331 1                  44.883343 8.857015 00 00 313931313030503030333631            
03/03/25 15:11:38 0332 1                  44.883357 8.857023 00 00 323031313030503030303738            
03/03/25 15:17:25 0333 1                  44.895370 8.853095 00 00 313931323050303037313138            
03/03/25 15:18:44 0334 1                  44.895052 8.852348 00 00 313931323045303630313531            
03/03/25 15:19:13 0335 1                  44.895002 8.852190 00 00 E28069950000500E56E7E8CE            
03/03/25 15:21:02 0336 1                  44.895533 8.851848 00 00 3231313130304A3031323438            
03/03/25 15:23:02 0337 1                  44.895685 8.850710 00 00 323031313030503030303833            
03/03/25 15:23:43 0338 1                  44.895662 8.850695 00 00 313931313030503030333039            
03/03/25 15:26:31 0339 1                  44.895680 8.850668 00 00 3230313130304A3030353935            
03/03/25 15:27:18 0340 1                  44.895638 8.850652 00 00 3230313130304A3030363633            
03/03/25 15:27:58 0341 1                  44.895652 8.850663 00 00 3230313130304A3030363532            
03/03/25 15:28:40 0342 1                  44.895637 8.850632 00 00 3230313130304A3030363632            
03/03/25 15:35:04 0343 1                  44.895075 8.850060 00 00 323031313030503030353136            
03/03/25 15:38:29 0344 1                  44.895908 8.848848 00 00 323031313030503030313636            
03/03/25 15:39:12 0345 1                  44.895937 8.848817 00 00 3232313130304A3030303837            
03/03/25 15:39:41 0346 1                  44.895922 8.848808 00 00 323031313030503030353332            
03/03/25 15:48:02 0347 1                  44.893113 8.851720 00 00 313831323045303235373036            
03/03/25 15:49:16 0348 1                  44.893292 8.852222 00 00 313831323045303235363038            
03/03/25 15:52:29 0349 1                  44.893645 8.852075 00 00 323031313030503030313037            
03/03/25 15:54:15 0350 1                  44.894598 8.851713 00 00 313932343050303030333937            
03/03/25 15:56:49 0351 1                  44.894802 8.852317 00 00 313931323050303132313537            
03/03/25 15:56:49 0352 1                  44.894802 8.852317 00 00 313931323050303037393039            
03/03/25 15:57:29 0353 1                  44.894850 8.852293 00 00 313931323050303033363530            
03/03/25 15:58:41 0354 1                  44.894812 8.852625 00 00 323031313030503030303132            
03/03/25 16:00:08 0355 1                  44.895330 8.853775 00 00 313931323050303132313034            
03/03/25 16:00:08 0356 1                  44.895330 8.853775 00 00 313931323050303030333231            
