27/01/25 05:19:06 0000 s 01489ver01 44.882640 8.860040 00 00
27/01/25 05:19:09 0000 s 01489ver01 44.882640 8.860040 00 00
27/01/25 05:22:12 0001 1                  0 0 00 00 3232303234304A3030393337            
27/01/25 05:23:32 0002 1                  44.882402 8.859905 00 00 31383132304A303039323437            
27/01/25 05:52:59 0003 1                  44.978892 8.761208 00 00 31383032334D303137313238            
27/01/25 05:53:44 0004 1                  44.978893 8.760570 00 00 31383032334D303137303932            
27/01/25 05:54:29 0005 1                  44.978687 8.759917 00 00 31383032334D303033343037            
27/01/25 05:54:33 0006 1                  44.978673 8.759913 00 00 31383132304A303039323437            
27/01/25 05:55:06 0007 1                  44.978523 8.759090 00 00 31383032334D303033323531            
27/01/25 05:55:13 0008 1                  44.978523 8.759090 00 00 31383032334D303136383138            
27/01/25 05:55:39 0009 1                  44.978468 8.758925 00 00 31383032334D303136383435            
27/01/25 05:56:34 0010 1                  44.977838 8.756413 00 00 31383032334D303136383132            
27/01/25 05:57:28 0011 1                  44.977545 8.755428 00 00 31383032334D303137313137            
27/01/25 05:58:33 0012 1                  44.977080 8.755310 00 00 31383032334D303137313236            
27/01/25 05:59:07 0013 1                  44.977263 8.755258 00 00 3234303032334D3032303736            
27/01/25 06:02:32 0014 1                  44.959637 8.740678 00 00 31383032334D303033343836            
27/01/25 06:04:08 0015 1                  44.958920 8.740382 00 00 31383032334D303137313336            
27/01/25 06:04:52 0016 1                  44.958083 8.739995 00 00 3231303032334D3031393633            
27/01/25 06:06:07 0017 1                  44.958407 8.738572 00 00 31383032334D303136393732            
27/01/25 06:06:07 0018 1                  44.958407 8.738572 00 00 31383032334D303136393732            
27/01/25 06:06:39 0019 1                  44.958592 8.738215 00 00 31383032334D303132323237            
27/01/25 06:08:03 0020 1                  44.958865 8.737625 00 00 31383032334D303033353838            
27/01/25 06:08:27 0021 1                  44.958712 8.737273 00 00 31383032334D303137313436            
27/01/25 06:09:00 0022 1                  44.958343 8.737400 00 00 31383032334D303039303434            
27/01/25 06:09:52 0023 1                  44.958037 8.736843 00 00 3232303032334D3030373134            
27/01/25 06:10:31 0024 1                  44.957407 8.737530 00 00 31383032334D303136343138            
27/01/25 06:12:07 0025 1                  44.959053 8.738475 00 00 31383032334D303136363531            
27/01/25 06:12:48 0026 1                  44.959545 8.737645 00 00 31383132304A303039323437            
27/01/25 06:13:35 0027 1                  44.959818 8.737093 00 00 3231303132304A3037363836            
27/01/25 06:15:07 0028 1                  44.960478 8.736600 00 00 31383032334D303138323539            
27/01/25 06:15:56 0029 1                  44.960073 8.736240 00 00 31383032334D303138323330            
27/01/25 06:16:21 0030 1                  44.959868 8.736027 00 00 31383032334D303136363033            
27/01/25 06:17:55 0031 1                  44.959582 8.735573 00 00 31383032334D303033323738            
27/01/25 06:19:04 0032 1                  44.959033 8.735478 00 00 31383032334D303138323434            
27/01/25 06:20:12 0033 1                  44.958925 8.736320 00 00 31383032334D303038393134            
27/01/25 06:20:15 0034 1                  44.958965 8.736350 00 00 31383032334D303138333237            
27/01/25 06:22:13 0035 1                  44.958508 8.736340 00 00 31383032334D303033353333            
27/01/25 06:23:26 0036 1                  44.958140 8.736155 00 00 31383032334D303136393237            
27/01/25 06:24:00 0037 1                  44.957857 8.736268 00 00 3231303032334D3033343633            
27/01/25 06:24:24 0038 1                  44.957667 8.736343 00 00 31383032334D303033333232            
27/01/25 06:26:05 0039 1                  44.956838 8.737330 00 00 31383032334D303138323036            
27/01/25 06:26:58 0040 1                  44.956043 8.737052 00 00 31383032334D303138323033            
27/01/25 06:27:41 0041 1                  44.955663 8.736917 00 00 31383032334D303033343735            
27/01/25 06:30:22 0042 1                  44.954473 8.736397 00 00 31383032334D303136363432            
27/01/25 06:31:39 0043 1                  44.956118 8.735862 00 00 31383032334D303138313931            
27/01/25 06:32:08 0044 1                  44.956287 8.735965 00 00 31383032334D303136373936            
27/01/25 06:32:23 0045 1                  44.956288 8.735962 00 00 31383032334D303138313939            
27/01/25 06:32:51 0046 1                  44.956455 8.736052 00 00 31383032334D303136363532            
27/01/25 06:35:30 0047 1                  44.954172 8.737162 00 00 31383032334D303136383431            
27/01/25 06:36:42 0048 1                  44.953868 8.737938 00 00 3233303132304A3032313137            
27/01/25 06:36:53 0049 1                  44.953870 8.737943 00 00 31383132304A303039323437            
27/01/25 06:36:57 0050 1                  44.953870 8.737942 00 00 300ED89F335001701DD2DEA4            
27/01/25 06:37:05 0051 1                  44.953872 8.737935 00 00 3231303132304A3035323736            
27/01/25 06:38:31 0052 1                  44.954200 8.737628 00 00 31383032334D303137313739            
27/01/25 06:39:20 0053 1                  44.954863 8.737898 00 00 31383032334D303039313231            
27/01/25 06:39:51 0054 1                  44.955133 8.737992 00 00 31383032334D303137313830            
27/01/25 06:42:29 0055 1                  44.956180 8.738498 00 00 31383032334D303137313932            
27/01/25 06:42:43 0056 1                  44.956175 8.738502 00 00 3233303032334D3030323938            
27/01/25 06:43:11 0057 1                  44.956743 8.738775 00 00 31383032334D303137313836            
27/01/25 06:44:27 0058 1                  44.957095 8.739355 00 00 31383032334D303137303038            
27/01/25 06:45:34 0059 1                  44.958460 8.739422 00 00 323030323545303036383438            
27/01/25 06:46:20 0060 1                  44.959083 8.739692 00 00 31383032334D303136383936            
27/01/25 06:47:03 0061 1                  44.959740 8.740022 00 00 31383032334D303136373436            
27/01/25 06:48:03 0062 1                  44.960263 8.740270 00 00 31383032334D303136363434            
27/01/25 06:48:53 0063 1                  44.960440 8.738347 00 00 31383032334D303137313834            
27/01/25 06:49:10 0064 1                  44.960533 8.738165 00 00 30395DFA80EEA2C000019C38            
27/01/25 06:49:13 0065 1                  44.960612 8.737937 00 00 31383032334D303033353531            
27/01/25 06:49:23 0066 1                  44.960608 8.737907 00 00 31383032334D303038383934            
27/01/25 06:49:28 0067 1                  44.960607 8.737902 00 00 3232303032334D3031303530            
27/01/25 06:50:31 0068 1                  44.960913 8.736922 00 00 31383032334D303034353236            
27/01/25 06:52:04 0069 1                  44.960530 8.735915 00 00 31383132304A303039323437            
27/01/25 06:52:17 0070 1                  44.960445 8.735832 00 00 31383032334D303136383233            
27/01/25 06:52:19 0071 1                  44.960422 8.735810 00 00 31383032334D303138323534            
27/01/25 06:52:22 0072 1                  44.960410 8.735803 00 00 31383032334D303136383232            
27/01/25 06:52:54 0073 1                  44.960143 8.735667 00 00 3234303032334D3032303532            
27/01/25 06:55:07 0074 1                  44.960978 8.735313 00 00 31383032334D303136363037            
27/01/25 06:55:40 0075 1                  44.961058 8.734983 00 00 31383032334D303030383433            
27/01/25 06:56:25 0076 1                  44.960820 8.735575 00 00 3233303032334D3030313532            
27/01/25 06:57:02 0077 1                  44.960517 8.735482 00 00 31383032334D303033343630            
27/01/25 06:57:45 0078 1                  44.960185 8.735323 00 00 31383032334D303136383837            
27/01/25 06:57:58 0079 1                  44.960178 8.735322 00 00 31383032334D313136383837            
27/01/25 07:00:33 0080 1                  44.960928 8.734085 00 00 31383032334D303137313735            
27/01/25 07:01:01 0081 1                  44.960722 8.734327 00 00 31383032334D303137313938            
27/01/25 07:01:23 0082 1                  44.960675 8.734432 00 00 31383032334D303033353033            
27/01/25 07:02:20 0083 1                  44.960537 8.734868 00 00 31383032334D303137313533            
27/01/25 07:03:13 0084 1                  44.960150 8.735225 00 00 31383032334D303136393938            
27/01/25 07:03:13 0085 1                  44.960100 8.735183 00 00 3233303032334D3030383835            
27/01/25 07:04:41 0086 1                  44.959585 8.734450 00 00 31383032334D303137303339            
27/01/25 07:05:57 0087 1                  44.960175 8.733560 00 00 3232303032334D3030313339            
27/01/25 07:06:46 0088 1                  44.960782 8.732628 00 00 31383032334D343136383731            
27/01/25 07:06:51 0089 1                  44.960780 8.732632 00 00 3234303032334D3030323032            
27/01/25 07:07:53 0090 1                  44.961278 8.731285 00 00 31383032334D303137303439            
27/01/25 07:09:28 0091 1                  44.960660 8.732683 00 00 000000000000000014947024            
27/01/25 07:09:33 0092 1                  44.960580 8.732818 00 00 31383032334D303036333534            
27/01/25 07:10:18 0093 1                  44.960462 8.733058 00 00 31383032334D303136363439            
27/01/25 07:10:42 0094 1                  44.960100 8.733090 00 00 31383032334D303136393234            
27/01/25 07:11:30 0095 1                  44.959742 8.732848 00 00 31383032334D303137303338            
27/01/25 07:12:08 0096 1                  44.959448 8.733402 00 00 31383032334D303138323730            
27/01/25 07:12:21 0097 1                  44.959382 8.733568 00 00 31383032334D303138313930            
27/01/25 07:13:05 0098 1                  44.959132 8.733828 00 00 31383032334D303138323734            
27/01/25 07:14:03 0099 1                  44.958872 8.733592 00 00 31383032334D303138323733            
27/01/25 07:14:30 0100 1                  44.958757 8.733417 00 00 31383032334D303138323731            
27/01/25 07:15:08 0101 1                  44.958450 8.733725 00 00 31383032334D303136393733            
27/01/25 07:15:08 0102 1                  44.958450 8.733725 00 00 31383032334D303136393733            
27/01/25 07:17:52 0103 1                  44.958452 8.735890 00 00 3231303032334D3030363435            
27/01/25 07:18:14 0104 1                  44.958437 8.735920 00 00 31383032334D303033343930            
27/01/25 07:19:02 0105 1                  44.958212 8.735050 00 00 31383032334D303136393639            
27/01/25 07:20:41 0106 1                  44.957605 8.735070 00 00 31383032334D303336393739            
27/01/25 07:21:53 0107 1                  44.957298 8.735978 00 00 323030323545303032353138            
27/01/25 07:22:36 0108 1                  44.957118 8.735095 00 00 31383032334D303138323530            
27/01/25 07:23:36 0109 1                  44.956463 8.734865 00 00 3233303032334D3030313139            
27/01/25 07:24:06 0110 1                  44.956565 8.735158 00 00 31383032334D303136363431            
27/01/25 07:25:28 0111 1                  44.956195 8.734605 00 00 31383032334D303136383632            
27/01/25 07:25:32 0112 1                  44.956193 8.734602 00 00 31383032334D303038393133            
27/01/25 07:25:33 0113 1                  44.956193 8.734600 00 00 31383032334D303038393133            
27/01/25 07:30:53 0114 1                  44.958910 8.740487 00 00 31383032334D303137313336            
27/01/25 07:54:33 0115 1                  44.978557 8.760207 00 00 3138325948564E3235303033            
27/01/25 07:56:17 0116 1                  44.979932 8.761355 00 00 31383032334D303137313339            
27/01/25 07:56:18 0117 1                  44.979932 8.761355 00 00 31383032334D303136373135            
27/01/25 07:56:46 0118 1                  44.980255 8.761382 00 00 3233303032334D3030323535            
27/01/25 07:59:04 0119 1                  44.980518 8.762147 00 00 3232303032334D3030373034            
27/01/25 07:59:24 0120 1                  44.980507 8.762138 00 00 31383032334D303136393434            
27/01/25 08:00:41 0121 1                  44.980843 8.761322 00 00 31383032334D303137313632            
27/01/25 08:01:24 0122 1                  44.981655 8.760922 00 00 31383032334D303136393233            
27/01/25 08:03:56 0123 1                  44.981697 8.760995 00 00 31383032334D303136373836            
27/01/25 08:06:34 0124 1                  44.983305 8.756558 00 00 31383032334D303137303533            
27/01/25 08:07:10 0125 1                  44.983433 8.756875 00 00 31383032334D303033343833            
27/01/25 08:07:37 0126 1                  44.983240 8.757163 00 00 31383032334D303138333538            
27/01/25 08:07:43 0127 1                  44.983257 8.757188 00 00 300ED89F335001701DD2DEA4            
27/01/25 08:07:55 0128 1                  44.983190 8.757280 00 00 31383032334D303137313235            
27/01/25 08:08:04 0129 1                  44.983180 8.757340 00 00 31383032334D303137313136            
27/01/25 08:08:58 0130 1                  44.982567 8.758680 00 00 31383032334D303033343130            
27/01/25 08:09:57 0131 1                  44.982128 8.760755 00 00 31383032334D303137313230            
27/01/25 08:11:11 0132 1                  44.982945 8.761365 00 00 300ED89F335000B9B7787CBC            
27/01/25 08:11:24 0133 1                  44.982947 8.761348 00 00 3231303234304A3034323730            
27/01/25 08:11:37 0134 1                  44.982940 8.761340 00 00 31383132304A303039323437            
27/01/25 08:13:43 0135 1                  44.982347 8.761632 00 00 323030323545303032393433            
27/01/25 08:16:43 0136 1                  44.981415 8.762252 00 00 31383032334D303137313431            
27/01/25 08:16:50 0137 1                  44.981418 8.762257 00 00 31383032334D303033343232            
27/01/25 08:17:24 0138 1                  44.981683 8.762133 00 00 31383032334D303137303934            
27/01/25 08:17:28 0139 1                  44.981687 8.762118 00 00 31383032334D303137303730            
27/01/25 08:18:25 0140 1                  44.982240 8.762267 00 00 3232303032334D3030393337            
27/01/25 08:19:26 0141 1                  44.983355 8.762503 00 00 31383032334D303136373834            
27/01/25 08:20:19 0142 1                  44.983440 8.762452 00 00 31383032334D303031303939            
27/01/25 08:22:20 0143 1                  44.984177 8.764275 00 00 3232303032334D3031373030            
27/01/25 08:23:34 0144 1                  44.985695 8.763503 00 00 31383032334D303136383635            
27/01/25 08:25:36 0145 1                  44.988950 8.753288 00 00 31383032334D303033333736            
27/01/25 08:25:49 0146 1                  44.988967 8.753300 00 00 31383032334D303138323833            
27/01/25 08:28:11 0147 1                  44.986893 8.762685 00 00 300ED89F335000B9B7787CBC            
27/01/25 08:28:30 0148 1                  44.986922 8.762682 00 00 3231303132304A3037343730            
27/01/25 08:31:14 0149 1                  44.986660 8.763190 00 00 31383032334D303033333437            
27/01/25 08:32:06 0150 1                  44.987620 8.765187 00 00 31383032334D303135353439            
27/01/25 08:32:49 0151 1                  44.988138 8.765833 00 00 31383032334D303033343538            
27/01/25 08:33:31 0152 1                  44.988673 8.766688 00 00 3232303032334D3030323435            
27/01/25 08:34:06 0153 1                  44.988812 8.766895 00 00 31383032334D303137303635            
27/01/25 08:34:39 0154 1                  44.988903 8.767240 00 00 31383032334D303133393233            
27/01/25 08:35:08 0155 1                  44.989050 8.767957 00 00 31383032334D303033323437            
27/01/25 08:35:22 0156 1                  44.989032 8.767987 00 00 31383032334D303138373238            
27/01/25 08:36:36 0157 1                  44.989412 8.770537 00 00 31383032334D303137303537            
27/01/25 08:37:01 0158 1                  44.989392 8.770825 00 00 31383032334D303033343136            
27/01/25 08:40:48 0159 1                  44.995505 8.772150 00 00 31383032334D303033323532            
27/01/25 08:41:28 0160 1                  44.995632 8.772793 00 00 31383032334D303033343935            
27/01/25 08:41:28 0161 1                  44.995632 8.772793 00 00 31383032334D303033323538            
27/01/25 08:42:09 0162 1                  44.995857 8.773938 00 00 31383032334D303030383539            
27/01/25 08:44:27 0163 1                  44.998880 8.773733 00 00 31383032334D303033343933            
27/01/25 08:47:26 0164 1                  44.995858 8.779682 00 00 31383032334D303031303934            
27/01/25 08:48:58 0165 1                  44.994423 8.779413 00 00 31383032334D303136373835            
27/01/25 08:54:46 0166 1                  44.995677 8.775930 00 00 31383032334D303033333031            
27/01/25 08:55:27 0167 1                  44.995908 8.778048 00 00 3232303032334D3030363730            
27/01/25 08:56:13 0168 1                  44.996260 8.779977 00 00 31383032334D303033323432            
27/01/25 08:57:35 0169 1                  45.000830 8.788973 00 00 3232303032334D3031363935            
27/01/25 08:58:38 0170 1                  45.000700 8.791050 00 00 323030323545303037323538            
27/01/25 08:59:30 0171 1                  45.000315 8.793015 00 00 31383032334D303033323433            
27/01/25 09:00:01 0172 1                  45.000265 8.793472 00 00 3231303032334D3031383132            
27/01/25 09:01:29 0173 1                  45.000087 8.794880 00 00 3234303032334D3030303138            
27/01/25 09:01:35 0174 1                  45.000083 8.794878 00 00 300ED89F335000B9B7787CBC            
27/01/25 09:03:02 0175 1                  45.000037 8.795743 00 00 31383032334D303039313236            
27/01/25 09:03:22 0176 1                  45.000062 8.795753 00 00 31383032334D303138333334            
27/01/25 09:04:35 0177 1                  44.999932 8.797862 00 00 31383032334D303039303736            
27/01/25 09:05:15 0178 1                  44.999887 8.798662 00 00 31383032334D303039313938            
27/01/25 09:05:50 0179 1                  44.999828 8.799568 00 00 3234303032334D3030343630            
27/01/25 09:06:26 0180 1                  44.999808 8.801202 00 00 31383032334D303036373632            
27/01/25 09:09:43 0181 1                  45.001557 8.795213 00 00 3234303032334D3030373034            
27/01/25 09:10:02 0182 1                  45.001680 8.795085 00 00 31383032334D303038383839            
27/01/25 09:10:47 0183 1                  45.001890 8.795073 00 00 31383032334D303138333535            
27/01/25 09:11:21 0184 1                  45.002495 8.795113 00 00 31383032334D303033323935            
27/01/25 09:11:49 0185 1                  45.003112 8.795260 00 00 31383032334D303136383234            
27/01/25 09:12:20 0186 1                  45.003478 8.795248 00 00 31383032334D303033353537            
27/01/25 09:13:29 0187 1                  45.005455 8.795425 00 00 31383032334D303138303538            
27/01/25 09:13:56 0188 1                  45.005657 8.795225 00 00 3233303032334D3030323733            
27/01/25 09:18:49 0189 1                  45.004293 8.790398 00 00 323030323545303032393836            
27/01/25 09:19:23 0190 1                  45.004325 8.790350 00 00 300ED89F335000B9B7787CBC            
27/01/25 09:21:02 0191 1                  45.003130 8.793673 00 00 31383032334D303033353436            
27/01/25 09:21:48 0192 1                  45.002650 8.794100 00 00 31383032334D303138313138            
27/01/25 09:22:17 0193 1                  45.002127 8.794495 00 00 31383032334D303030303232            
27/01/25 09:23:18 0194 1                  45.000623 8.794655 00 00 31383032334D303136373531            
27/01/25 09:23:38 0195 1                  45.000590 8.794653 00 00 31383032334D303136343934            
27/01/25 09:30:03 0196 1                  45.000420 8.795225 00 00 300ED89F335000B9B7787CBC            
27/01/25 10:11:27 0197 1                  44.920108 8.852982 00 00 31383132304A303039323437            
27/01/25 10:42:05 0000 s 01489ver01 44.882455 8.860288 00 00
27/01/25 10:42:11 0000 s 01489ver01 44.882458 8.860292 00 00
27/01/25 10:46:30 0000 s 01489ver01 44.882262 8.860177 00 00
27/01/25 10:46:33 0000 s 01489ver01 44.882263 8.860175 00 00
27/01/25 10:46:35 0000 s 01489ver01 44.882265 8.860175 00 00
27/01/25 10:49:34 0198 1                  44.882442 8.860295 00 00 300ED89F335000B9B7787CBC            
27/01/25 10:51:17 0199 1                  44.882418 8.860352 00 00 31383132304A303039323437            
27/01/25 10:56:08 0200 1                  44.882220 8.860232 00 00 3231303234304A3032383039            
