28/01/25 11:25:32 0000 s 01877ver01 44.792768 8.739443 00 00
28/01/25 11:27:27 0001 1                  44.792752 8.739633 00 00 3231303132304a3038313138            
28/01/25 11:27:29 0002 1                  44.792707 8.739617 00 00 31383032334d303039303230            
28/01/25 11:33:07 0003 1                  44.819407 8.682640 00 00 333830343339322d3944383800000000    
28/01/25 11:33:39 0004 1                  44.823373 8.680325 00 00 e28011a0a50600063544c387            
28/01/25 11:43:26 0005 1                  44.822548 8.613415 00 00 300ed89f3350015a1df59a73            
28/01/25 11:43:30 0006 1                  44.822550 8.613413 00 00 313831323045303233353836            
28/01/25 11:43:52 0007 1                  44.822538 8.613423 00 00 313931323050303034363935            
28/01/25 11:46:16 0008 1                  44.823427 8.614950 00 00 313831323045303233323235            
28/01/25 11:49:15 0009 1                  44.829553 8.625068 00 00 000000001041822500000000            
28/01/25 11:53:29 0010 1                  44.839580 8.597965 00 00 313931323050303036313932            
28/01/25 11:58:45 0011 1                  44.840468 8.595807 00 00 313831323045303231383538            
28/01/25 12:02:40 0012 1                  44.841623 8.585700 00 00 313931323050303036393634            
28/01/25 12:04:31 0013 1                  44.841208 8.586060 00 00 313931323050303030373532            
28/01/25 12:04:44 0014 1                  44.841195 8.586082 00 00 313831323045303233323434            
28/01/25 12:04:51 0015 1                  44.841190 8.586093 00 00 313831323045303234353132            
28/01/25 12:08:16 0016 1                  44.842990 8.581590 00 00 31383033304d303034383439            
28/01/25 12:08:42 0017 1                  44.842860 8.581392 00 00 31383033304d303034373638            
28/01/25 12:08:50 0018 1                  44.842845 8.581360 00 00 313931323050303038393938            
28/01/25 12:08:58 0019 1                  44.842835 8.581322 00 00 313831323045303138393438            
28/01/25 12:09:12 0020 1                  44.842822 8.581277 00 00 313831323045303233393839            
28/01/25 12:09:59 0021 1                  44.842807 8.581195 00 00 313931323050303036333339            
28/01/25 12:12:02 0022 1                  44.843178 8.581098 00 00 313831323045303234323531            
28/01/25 12:18:25 0023 1                  44.842995 8.580503 00 00 313831323045303233373136            
28/01/25 12:18:34 0024 1                  44.842993 8.580495 00 00 313831323045303233343731            
28/01/25 12:21:42 0025 1                  44.843737 8.580830 00 00 313831323045303233353233            
28/01/25 12:22:36 0026 1                  44.843857 8.580973 00 00 313831323045303233373534            
28/01/25 12:24:20 0027 1                  44.844280 8.581468 00 00 313831323045303232333030            
28/01/25 12:25:07 0028 1                  44.844327 8.581488 00 00 313831323045303230313230            
28/01/25 12:26:33 0029 1                  44.844597 8.581760 00 00 313931323050303032363030            
28/01/25 12:26:39 0030 1                  44.844595 8.581752 00 00 313831323045303230303938            
28/01/25 12:27:25 0031 1                  44.844597 8.581727 00 00 e20000166610023817805ed7            
28/01/25 12:28:31 0032 1                  44.844650 8.582248 00 00 313831323045303232313236            
28/01/25 12:29:47 0033 1                  44.844282 8.582015 00 00 313831323045303232333636            
28/01/25 12:30:17 0034 1                  44.844267 8.582018 00 00 31383132b045303233353736            
28/01/25 12:30:58 0035 1                  44.844253 8.582010 00 00 313931323050303038353439            
28/01/25 12:32:27 0036 1                  44.844138 8.581905 00 00 313831323045303232323938            
28/01/25 12:33:43 0037 1                  44.844065 8.581742 00 00 313831323045303232333730            
28/01/25 12:33:51 0038 1                  44.844065 8.581735 00 00 313831323045303232313533            
28/01/25 12:35:11 0039 1                  44.843903 8.581585 00 00 313831323045303232333733            
28/01/25 12:35:18 0040 1                  44.843900 8.581585 00 00 313831323045303232333034            
28/01/25 12:36:38 0041 1                  44.843852 8.581548 00 00 313831323045303232333032            
28/01/25 12:36:45 0042 1                  44.843852 8.581543 00 00 313831323045303232343638            
28/01/25 12:37:52 0043 1                  44.843767 8.581478 00 00 313831323045303230393534            
28/01/25 12:38:05 0044 1                  44.843717 8.581410 00 00 31383132304a303138363031            
28/01/25 12:38:14 0045 1                  44.843713 8.581408 00 00 313831323045303232343732            
28/01/25 12:40:37 0046 1                  44.843647 8.581220 00 00 3234303132304a3033303930            
28/01/25 12:40:51 0047 1                  44.843645 8.581218 00 00 313831323045303234323537            
28/01/25 12:43:50 0048 1                  44.845325 8.578762 00 00 313831323045303232323039            
28/01/25 12:45:59 0049 1                  44.845988 8.579908 00 00 313931323050303035363933            
28/01/25 12:46:02 0050 1                  44.845992 8.579908 00 00 30395dfa82c7d240000e1370            
28/01/25 12:47:41 0051 1                  44.846098 8.579968 00 00 313831323045303233313831            
28/01/25 12:49:16 0052 1                  44.846698 8.579965 00 00 313831323045303236323632            
28/01/25 12:51:04 0053 1                  44.846467 8.579617 00 00 313831323045303233313439            
28/01/25 12:51:11 0054 1                  44.846475 8.579617 00 00 313831323045303233313530            
28/01/25 12:52:30 0055 1                  44.846448 8.580210 00 00 313831323045303233313635            
28/01/25 12:53:16 0056 1                  44.846433 8.580227 00 00 313831323045303232313330            
28/01/25 12:53:42 0057 1                  44.846403 8.580313 00 00 313831323045303232313237            
28/01/25 12:55:00 0058 1                  44.846202 8.580612 00 00 313831323045303232303533            
28/01/25 12:55:22 0059 1                  44.845717 8.580295 00 00 313831323045303232373339            
28/01/25 12:56:31 0060 1                  44.845448 8.579987 00 00 313931323050303133313333            
28/01/25 12:56:36 0061 1                  44.845447 8.579987 00 00 313831323045303234313933            
28/01/25 12:57:24 0062 1                  44.845437 8.579990 00 00 313831323045303230383932            
28/01/25 12:58:59 0063 1                  44.845327 8.579822 00 00 313831323045303234323534            
28/01/25 12:59:05 0064 1                  44.845322 8.579817 00 00 313931323050303132313936            
28/01/25 13:02:12 0065 1                  44.845337 8.579823 00 00 313831323045303234303838            
28/01/25 13:02:14 0066 1                  44.845335 8.579822 00 00 313831323045303234313839            
28/01/25 13:04:46 0067 1                  44.844565 8.580017 00 00 313831323045303233303836            
28/01/25 13:05:53 0068 1                  44.844652 8.579955 00 00 313831323045303233353137            
28/01/25 13:05:59 0069 1                  44.844653 8.579950 00 00 313831323045303232363033            
28/01/25 13:07:09 0070 1                  44.844717 8.579813 00 00 313931323050303038333139            
28/01/25 13:08:18 0071 1                  44.844902 8.579660 00 00 313831323045303233353238            
28/01/25 13:09:19 0072 1                  44.845042 8.579518 00 00 313931323050303033353736            
28/01/25 13:09:25 0073 1                  44.845045 8.579508 00 00 313831323045303234353932            
28/01/25 13:10:48 0074 1                  44.845125 8.579360 00 00 313831323045303233313038            
28/01/25 13:10:54 0075 1                  44.845122 8.579353 00 00 313831323045303233313130            
28/01/25 13:12:46 0076 1                  44.846113 8.578975 00 00 313831323045303233313639            
28/01/25 13:12:51 0077 1                  44.846120 8.578978 00 00 313831323045303233303432            
28/01/25 13:15:06 0078 1                  44.846662 8.579213 00 00 313831323045303233353235            
28/01/25 13:15:12 0079 1                  44.846662 8.579223 00 00 313831323045303233303433            
28/01/25 13:17:19 0080 1                  44.846625 8.579100 00 00 313831323045303233303338            
28/01/25 13:17:28 0081 1                  44.846622 8.579095 00 00 313831323045303233303639            
28/01/25 13:20:22 0082 1                  44.846645 8.576693 00 00 31383032334d303035343232            
28/01/25 13:20:30 0083 1                  44.846623 8.576563 00 00 31383032334d303037353131            
28/01/25 13:21:08 0084 1                  44.846342 8.575985 00 00 313831323045303233353930            
28/01/25 13:21:18 0085 1                  44.846282 8.575967 00 00 313831323045303233313837            
28/01/25 13:22:32 0086 1                  44.846535 8.576000 00 00 313831323045303233303937            
28/01/25 13:23:22 0087 1                  44.846615 8.576147 00 00 313832343045303034313739            
28/01/25 13:24:48 0088 1                  44.846553 8.576448 00 00 313832343045303034323039            
28/01/25 13:24:59 0089 1                  44.846560 8.576465 00 00 313832343045303034323037            
28/01/25 13:26:02 0090 1                  44.846562 8.576512 00 00 313831323045303232353735            
28/01/25 13:26:06 0091 1                  44.846567 8.576513 00 00 313831323045303233393837            
28/01/25 13:27:20 0092 1                  44.846623 8.576503 00 00 313831323045303231323337            
28/01/25 13:27:47 0093 1                  44.846607 8.576510 00 00 313831323045303233313136            
28/01/25 13:29:53 0094 1                  44.847715 8.576105 00 00 313831323045303233393838            
28/01/25 13:30:05 0095 1                  44.847787 8.576125 00 00 313831323045303231323432            
28/01/25 13:33:56 0096 1                  44.847677 8.575663 00 00 313831323045303232373931            
28/01/25 13:34:09 0097 1                  44.847677 8.575667 00 00 313831323045303234313631            
28/01/25 13:37:07 0098 1                  44.849268 8.574943 00 00 313831323045303233393537            
28/01/25 13:37:13 0099 1                  44.849273 8.574925 00 00 313831323045303233373839            
28/01/25 13:38:40 0100 1                  44.849535 8.574412 00 00 313831323045303232333337            
28/01/25 13:40:33 0101 1                  44.849667 8.573935 00 00 313831323045303233373436            
28/01/25 13:42:32 0102 1                  44.849200 8.575890 00 00 31383132304a303231373532            
28/01/25 13:43:49 0103 1                  44.848935 8.576317 00 00 313831323045303233303330            
28/01/25 13:45:00 0104 1                  44.848827 8.576718 00 00 313831323045303233343131            
28/01/25 13:46:16 0105 1                  44.848433 8.576980 00 00 3234303132304a3030393339            
28/01/25 13:47:18 0106 1                  44.848230 8.577332 00 00 313831323045303233313431            
28/01/25 13:48:56 0107 1                  44.847727 8.577050 00 00 313831323045303234313132            
28/01/25 13:48:58 0108 1                  44.847727 8.577050 00 00 3234303132304a3030343139            
28/01/25 13:49:31 0109 1                  44.847695 8.577045 00 00 313831323045303233303838            
28/01/25 13:52:01 0110 1                  44.847182 8.577853 00 00 313831323045303230343732            
28/01/25 13:52:35 0111 1                  44.847200 8.578020 00 00 313831b23045303233303835            
28/01/25 13:53:33 0112 1                  44.847207 8.578132 00 00 313832343045303034323033            
28/01/25 13:55:21 0113 1                  44.847007 8.578963 00 00 313831323045303233313836            
28/01/25 13:55:30 0114 1                  44.847002 8.578997 00 00 313831323045303234313137            
28/01/25 13:55:47 0115 1                  44.847003 8.579028 00 00 31383032334d303034323930            
28/01/25 13:57:00 0116 1                  44.847138 8.578842 00 00 313831323045303234313232            
28/01/25 14:01:04 0117 1                  44.847243 8.579250 00 00 501fa5000101393930333137343030303030
28/01/25 14:02:20 0118 1                  44.847785 8.578522 00 00 313831323045303230393136            
28/01/25 14:03:20 0119 1                  44.847925 8.578462 00 00 313831323045303230353933            
28/01/25 14:03:23 0120 1                  44.847933 8.578467 00 00 313831323045303233363836            
28/01/25 14:04:37 0121 1                  44.848048 8.578192 00 00 313831323045303138373331            
28/01/25 14:06:23 0122 1                  44.848952 8.578438 00 00 313931323050303132343630            
28/01/25 14:07:37 0123 1                  44.849147 8.578293 00 00 313831323045303233323633            
28/01/25 14:07:40 0124 1                  44.849150 8.578293 00 00 313831323045303233373132            
28/01/25 14:09:24 0125 1                  44.848848 8.578915 00 00 31383033304d303036323935            
28/01/25 14:09:41 0126 1                  44.849177 8.578493 00 00 31383132304a303233323637            
28/01/25 14:09:48 0127 1                  44.849337 8.578308 00 00 313831323045303232373436            
28/01/25 14:10:08 0128 1                  44.849628 8.578195 00 00 313831323045b03232373436            
28/01/25 14:10:15 0129 1                  44.849657 8.578195 00 00 313831323045303233383332            
28/01/25 14:14:58 0130 1                  44.848843 8.580015 00 00 313931323050303036353130            
28/01/25 14:15:07 0131 1                  44.848837 8.580045 00 00 313931323045303630323331            
28/01/25 14:17:35 0132 1                  44.849900 8.579245 00 00 313831323045303233313238            
28/01/25 14:18:33 0133 1                  44.849810 8.579452 00 00 313831323045303233373035            
28/01/25 14:20:16 0134 1                  44.850372 8.579247 00 00 313931323050303036393636            
28/01/25 14:20:24 0135 1                  44.850377 8.579245 00 00 313831323045303232393133            
28/01/25 14:21:40 0136 1                  44.850362 8.579213 00 00 3231313130304a3032353833            
28/01/25 14:29:35 0137 1                  44.842400 8.573578 00 00 5004e7000101373032363037303030303030
28/01/25 14:29:45 0138 1                  44.843205 8.572373 00 00 5004e7000101373032383537303330303030
28/01/25 14:41:29 0139 1                  44.845963 8.573513 00 00 e2000017781300730390e948            
28/01/25 14:41:54 0140 1                  44.844067 8.571415 00 00 111110000000001275588495            
28/01/25 14:42:52 0141 1                  44.842390 8.575673 00 00 31383032334d303039373439            
28/01/25 14:43:24 0142 1                  44.842563 8.575542 00 00 313831323045303232313038            
28/01/25 14:43:35 0143 1                  44.842583 8.575543 00 00 3138313230c5303233383236            
28/01/25 14:43:39 0144 1                  44.842588 8.575543 00 00 313831323045303233383236            
28/01/25 14:48:30 0145 1                  44.843178 8.574108 00 00 313831323045303139323934            
28/01/25 14:48:39 0146 1                  44.843178 8.574108 00 00 313831323045303233363739            
28/01/25 14:49:49 0147 1                  44.843033 8.574587 00 00 313831323045303232383533            
28/01/25 14:51:54 0148 1                  44.843097 8.576050 00 00 31383132304530323b373634            
28/01/25 14:52:05 0149 1                  44.843093 8.576072 00 00 313831323045303233373634            
28/01/25 14:52:07 0150 1                  44.843105 8.576080 00 00 313831323045303233383035            
28/01/25 14:53:34 0151 1                  44.843003 8.576290 00 00 313831323045303232313037            
28/01/25 14:53:41 0152 1                  44.843007 8.576287 00 00 313831323045303232343033            
28/01/25 14:53:45 0153 1                  44.843007 8.576287 00 00 313831323045303231323339            
28/01/25 14:55:35 0154 1                  44.843547 8.575182 00 00 111110000000000957537895            
28/01/25 14:56:16 0155 1                  44.845088 8.575445 00 00 111150000000000388986595            
28/01/25 14:57:01 0156 1                  44.845297 8.575465 00 00 31383032334d303035363830            
28/01/25 14:57:24 0157 1                  44.845527 8.575622 00 00 313831323045303232373732            
28/01/25 14:57:49 0158 1                  44.845462 8.576053 00 00 313931323050303030313934            
28/01/25 15:00:47 0159 1                  44.846282 8.576698 00 00 31383033304d303034353637            
28/01/25 15:01:57 0160 1                  44.848910 8.573238 00 00 3234303132304a3030333637            
28/01/25 15:04:17 0161 1                  44.859957 8.554737 00 00 3234303132304a3031303332            
28/01/25 15:06:01 0162 1                  44.860375 8.554962 00 00 303435e1c4401d3db007e804            
28/01/25 15:06:02 0163 1                  44.860377 8.554962 00 00 313831323045303233353635            
28/01/25 15:07:12 0164 1                  44.860312 8.554945 00 00 300ed89f3350014a1e207ebc            
28/01/25 15:08:44 0165 1                  44.860985 8.553430 00 00 31383032334d303136373130            
28/01/25 15:08:47 0166 1                  44.861010 8.553360 00 00 3233303132304a3031353337            
28/01/25 15:09:00 0167 1                  44.861060 8.553327 00 00 3234303132304a3032313835            
28/01/25 15:11:44 0168 1                  44.861100 8.553290 00 00 3234303234304a3030383338            
28/01/25 15:13:36 0169 1                  44.861048 8.550897 00 00 e28011a0a501006197da184152504500    
28/01/25 15:23:07 0170 1                  44.849487 8.571843 00 00 313831323045303233363638            
28/01/25 15:23:55 0171 1                  44.847902 8.575078 00 00 111110000000001191319395            
28/01/25 15:24:16 0172 1                  44.847083 8.576433 00 00 31383033304d303034353937            
28/01/25 15:24:19 0173 1                  44.846990 8.576472 00 00 31383033304d303034343139            
28/01/25 15:24:45 0174 1                  44.846270 8.577105 00 00 343235343434342d334431360f1a1411    
28/01/25 15:49:04 0175 1                  44.878805 8.733422 00 00 187934940601510007010000            
28/01/25 15:56:22 0176 1                  44.889035 8.762735 00 00 111110000000001230327595            
28/01/25 15:59:04 0177 1                  44.892328 8.801067 00 00 01ff00000000003581540000            
28/01/25 16:00:11 0178 1                  44.892692 8.804207 00 00 4d50f5073d30db3c383b5d4d330cb5c2    
28/01/25 16:05:00 0179 1                  44.896010 8.855047 00 00 208763310207022107010000            
28/01/25 16:16:09 0000 s 01877ver01 44.882487 8.859932 00 00
28/01/25 16:23:55 0000 s 01877ver01 44.882662 8.859888 00 00
28/01/25 16:24:19 0180 1                  44.882698 8.859785 00 00 300ed89f335001601e27a085            
28/01/25 16:24:37 0181 1                  44.882670 8.859800 00 00 e20000166616013624501d8b            
28/01/25 16:24:56 0182 1                  44.882687 8.859823 00 00 3231303234304a3032373039            
28/01/25 17:36:18 0000 s 01877ver01 44.882712 8.859757 00 00
28/01/25 17:36:30 0183 1                  0 0 00 00 300ed89f335001601e27a085            
28/01/25 17:37:43 0184 1                  44.882558 8.859792 00 00 300ed89f3350015a1df59a73            
28/01/25 17:37:51 0185 1                  44.882607 8.859805 00 00 e20000166616013624501d8b            
28/01/25 17:42:40 0000 s 01877ver01 44.882662 8.859837 00 00
28/01/25 17:43:45 0186 1                  44.882873 8.860172 00 00 31383033304d303035343739            
28/01/25 17:51:34 0187 1                  44.829403 8.854007 00 00 111320000000000192894695            
28/01/25 17:51:47 0188 1                  44.828230 8.854028 00 00 313931323043303038393238            
28/01/25 17:59:10 0189 1                  44.800847 8.816497 00 00 25705569a686d35341c35c76c3286082    
28/01/25 18:03:31 0190 1                  44.789535 8.785517 00 00 25705569a6b85b5201c33d71c7986082    
28/01/25 18:04:10 0191 1                  44.791388 8.777698 00 00 111110000000000820440295            
28/01/25 18:04:12 0192 1                  44.791495 8.777408 00 00 4d50f7e34cb0cb63811cd331e01c2080    
28/01/25 18:06:57 0193 1                  44.776523 8.769117 00 00 25759769a68311a397cb0d38d3686082    
28/01/25 18:14:51 0194 1                  44.792535 8.740190 00 00 3234313130304a3030303436            
28/01/25 18:17:51 0195 1                  44.792480 8.739678 00 00 303435e1c4401d3db007e804            
28/01/25 18:22:39 0196 1                  44.792462 8.739718 00 00 300ed89f3350015a1df59a73            
28/01/25 18:26:29 0000 s 01877ver01 44.792862 8.739665 00 00
28/01/25 18:27:52 0000 s 01877ver01 44.792783 8.739497 00 00
28/01/25 18:28:32 0000 s 01877ver01 44.792792 8.739498 00 00
28/01/25 18:31:14 0000 s 01877ver01 44.792817 8.739462 00 00
