01/03/25 05:15:47 0000 s 01494ver01 44.882325 8.859672 00 00
01/03/25 05:49:55 0001 1                  44.829535 8.853988 00 00 313931323043303130383739            
01/03/25 05:51:23 0002 1                  44.828468 8.853998 00 00 313931323043303036373235            
01/03/25 05:51:59 0003 1                  44.828458 8.853813 00 00 313931323043303036363438            
01/03/25 05:52:43 0004 1                  44.828438 8.853408 00 00 313931323043303036353332            
01/03/25 05:53:04 0005 1                  44.828433 8.853328 00 00 181142418300171850164612            
01/03/25 05:53:18 0006 1                  44.828432 8.853085 00 00 30340C05BC5948D6C3808006            
01/03/25 05:53:26 0007 1                  44.828428 8.853065 00 00 313931323043303130363635            
01/03/25 05:53:35 0008 1                  44.828437 8.853057 00 00 313931323043303130363636            
01/03/25 05:54:19 0009 1                  44.828428 8.852913 00 00 313931323043303036353331            
01/03/25 05:55:07 0010 1                  44.828495 8.852665 00 00 313931323043303036373431            
01/03/25 05:56:04 0011 1                  44.828533 8.852497 00 00 313931323043303036363738            
01/03/25 05:56:07 0012 1                  44.828533 8.852498 00 00 313931323043303038313535            
01/03/25 05:57:14 0013 1                  44.828392 8.851912 00 00 313931323043303038313534            
01/03/25 05:57:56 0014 1                  44.828137 8.851837 00 00 313931323043303036373333            
01/03/25 05:58:31 0015 1                  44.828000 8.851770 00 00 313931323043303036363334            
01/03/25 05:59:46 0016 1                  44.827337 8.851400 00 00 313931323043303036363337            
01/03/25 05:59:49 0017 1                  44.827337 8.851398 00 00 313931323043303036363336            
01/03/25 06:02:18 0018 1                  44.828787 8.851237 00 00 313931323043303030373435            
01/03/25 06:03:03 0019 1                  44.828670 8.851758 00 00 313931323043303036373238            
01/03/25 06:05:01 0020 1                  44.829775 8.850995 00 00 313931323043303030373437            
01/03/25 06:05:03 0021 1                  44.829773 8.850993 00 00 3035EB57C416C4C00000080F            
01/03/25 06:05:04 0022 1                  44.829773 8.850993 00 00 30360390E8265A8402000BDD            
01/03/25 06:07:48 0023 1                  44.834632 8.850333 00 00 30395DFA82CCEDC00039AB81            
01/03/25 06:09:55 0024 1                  44.832628 8.850317 00 00 313931323043303036363737            
01/03/25 06:12:28 0025 1                  44.829137 8.852127 00 00 3233303132304A3030343139            
01/03/25 06:13:43 0026 1                  44.830230 8.852288 00 00 313931323043303036353432            
01/03/25 06:13:45 0027 1                  44.830232 8.852287 00 00 313931323043303038323533            
01/03/25 06:14:57 0028 1                  44.830443 8.852210 00 00 313931323043303036353431            
01/03/25 06:14:57 0029 1                  44.830443 8.852210 00 00 313931323043303036373132            
01/03/25 06:16:39 0030 1                  44.830048 8.851228 00 00 313931323043303036363636            
01/03/25 06:17:28 0031 1                  44.830020 8.851813 00 00 313931323043303039303036            
01/03/25 06:18:51 0032 1                  44.829145 8.852703 00 00 313931323043303037373731            
01/03/25 06:19:46 0033 1                  44.829027 8.853445 00 00 313931323043303036353438            
01/03/25 06:20:26 0034 1                  44.829003 8.853877 00 00 3035EB5C641DA308000633E4            
01/03/25 06:20:26 0035 1                  44.829003 8.853877 00 00 3035EB5C641DA308000633E4            
01/03/25 06:20:26 0036 1                  44.829003 8.853877 00 00 313931323043303036353437            
01/03/25 06:20:26 0037 1                  44.829003 8.853877 00 00 313931323043303036353437            
01/03/25 06:20:27 0038 1                  44.829003 8.853877 00 00 313931323043303036363530            
01/03/25 06:20:27 0039 1                  44.829003 8.853877 00 00 313931323043303036363530            
01/03/25 06:20:28 0040 1                  44.829003 8.853877 00 00 30343648481F4157488BC3A8            
01/03/25 06:20:28 0041 1                  44.829003 8.853877 00 00 30343648481F4157488BC3A8            
01/03/25 06:20:28 0042 1                  44.829003 8.853877 00 00 3035EB5C641DA2480004DB3E            
01/03/25 06:20:28 0043 1                  44.829003 8.853877 00 00 3035EB5C641DA2480004DB3E            
01/03/25 06:22:10 0044 1                  44.825593 8.854240 00 00 313931323043303038393234            
01/03/25 06:24:13 0045 1                  44.824243 8.854483 00 00 313931323043303036303330            
01/03/25 06:26:23 0046 1                  44.827357 8.855917 00 00 313931323043303030373438            
01/03/25 06:26:24 0047 1                  44.827357 8.855917 00 00 9903074E608480AA00000765            
01/03/25 06:27:38 0048 1                  44.828025 8.854245 00 00 313931323043303038393330            
01/03/25 06:27:48 0049 1                  44.828017 8.854240 00 00 313931323043303038393239            
01/03/25 06:28:07 0050 1                  44.828022 8.854237 00 00 313931323043303039303035            
01/03/25 06:28:07 0051 1                  44.828022 8.854237 00 00 30396061C03129C0000E0BD6            
01/03/25 06:29:16 0052 1                  44.829238 8.854183 00 00 313931323043303039353231            
01/03/25 06:29:17 0053 1                  44.829243 8.854180 00 00 313931323043303039353231            
01/03/25 06:30:49 0054 1                  44.836248 8.853730 00 00 3231303234304A3034393334            
01/03/25 06:30:58 0055 1                  44.836265 8.853748 00 00 313931323043303039303039            
01/03/25 06:31:02 0056 1                  44.836272 8.853750 00 00 30395DFA82F768000029E927            
01/03/25 06:37:17 0057 1                  44.869023 8.867757 00 00 313931323043303038333032            
01/03/25 06:37:18 0058 1                  44.869023 8.867753 00 00 3233303132304A3031373534            
01/03/25 06:37:44 0059 1                  44.869015 8.867722 00 00 313931323043303036363433            
01/03/25 06:39:41 0060 1                  44.868217 8.870833 00 00 313931323043303031363338            
01/03/25 06:39:42 0061 1                  44.868217 8.870835 00 00 30395DFA81870340001F7D30            
01/03/25 06:39:43 0062 1                  44.868217 8.870835 00 00 3039606303BDBA800013003B            
01/03/25 06:41:15 0063 1                  44.866950 8.870570 00 00 313931323050303039303237            
01/03/25 06:41:23 0064 1                  44.866950 8.870590 00 00 313931323043303036363430            
01/03/25 06:41:27 0065 1                  44.866950 8.870595 00 00 30396062C38E0080002A9B16            
01/03/25 06:42:24 0066 1                  44.867447 8.870493 00 00 313931323043303036363431            
01/03/25 06:43:05 0067 1                  44.867495 8.870708 00 00 313931323043303038313933            
01/03/25 06:43:16 0068 1                  44.867502 8.870723 00 00 313931323043303030373738            
01/03/25 06:43:19 0069 1                  44.867507 8.870727 00 00 000000100000016739196309            
01/03/25 06:45:19 0070 1                  44.864782 8.871947 00 00 3231313130304A3032353139            
01/03/25 06:46:36 0071 1                  44.864105 8.872703 00 00 313931323043303036303333            
01/03/25 06:46:38 0072 1                  44.864105 8.872703 00 00 313931323043303038313439            
01/03/25 06:48:23 0073 1                  44.862908 8.873855 00 00 313931323043303036303530            
01/03/25 06:48:23 0074 1                  44.862908 8.873855 00 00 313931323043303038323438            
01/03/25 06:49:24 0075 1                  44.862912 8.874242 00 00 31383132304A303132353836            
01/03/25 06:49:28 0076 1                  44.862918 8.874245 00 00 303ACB03430F92DAC68958D4            
01/03/25 06:50:47 0077 1                  44.862878 8.874760 00 00 313931323043303038343235            
01/03/25 06:50:47 0078 1                  44.862878 8.874760 00 00 313931323043303038343236            
01/03/25 06:51:09 0079 1                  44.862907 8.874783 00 00 313931323043303038343238            
01/03/25 06:51:59 0080 1                  44.862875 8.874955 00 00 313931323043303038343239            
01/03/25 06:52:01 0081 1                  44.862872 8.874952 00 00 313931323043303038343137            
01/03/25 06:52:40 0082 1                  44.862853 8.875108 00 00 313931323043303038323539            
01/03/25 06:53:17 0083 1                  44.862853 8.875290 00 00 313931323043303038343234            
01/03/25 06:53:20 0084 1                  44.862853 8.875290 00 00 3233303132304A3030333435            
01/03/25 06:53:20 0085 1                  44.862853 8.875290 00 00 303ACB03439EEDA0B18C745D            
01/03/25 06:54:12 0086 1                  44.862757 8.876195 00 00 313931323043303036383039            
01/03/25 06:54:29 0087 1                  44.862755 8.876183 00 00 303534C7985990001503AE9B            
01/03/25 06:54:29 0088 1                  44.862757 8.876182 00 00 3233303132304A3031353635            
01/03/25 06:55:36 0089 1                  44.862408 8.876872 00 00 313931323043303036383135            
01/03/25 06:57:09 0090 1                  44.861493 8.879905 00 00 313931323043303038323536            
01/03/25 06:57:11 0091 1                  44.861495 8.879903 00 00 313931323043303130343633            
01/03/25 06:57:11 0092 1                  44.861495 8.879903 00 00 303436395C16D6D8ABC17004            
01/03/25 06:57:29 0093 1                  44.861495 8.879902 00 00 313931323043303038323535            
01/03/25 06:58:57 0094 1                  44.861473 8.882377 00 00 313931323043303039393936            
01/03/25 06:59:00 0095 1                  44.861475 8.882378 00 00 000000100000014971463826            
01/03/25 07:00:14 0096 1                  44.861830 8.883505 00 00 313931323043303038333732            
01/03/25 07:01:07 0097 1                  44.861667 8.883652 00 00 313931323043303036313331            
01/03/25 07:01:10 0098 1                  44.861665 8.883648 00 00 3234303234304A3030343838            
01/03/25 07:01:10 0099 1                  44.861665 8.883648 00 00 313931333043303036313331            
01/03/25 07:01:52 0100 1                  44.861427 8.883947 00 00 313931323043303039363935            
01/03/25 07:02:42 0101 1                  44.861287 8.884147 00 00 313931323043303039363933            
01/03/25 07:02:44 0102 1                  44.861287 8.884153 00 00 303480241C001B5748776A6B            
01/03/25 07:03:20 0103 1                  44.861260 8.884318 00 00 313931323043303039363934            
01/03/25 07:04:08 0104 1                  44.861105 8.884712 00 00 313931323043303038333036            
01/03/25 07:04:10 0105 1                  44.861105 8.884710 00 00 3034F84900171282EE0005A4            
01/03/25 07:06:38 0106 1                  44.860917 8.884738 00 00 313931323043303039363932            
01/03/25 07:07:33 0107 1                  44.861157 8.885123 00 00 313931323043303038363131            
01/03/25 07:08:26 0108 1                  44.861117 8.885365 00 00 313931323043303039383731            
01/03/25 07:09:24 0109 1                  44.861420 8.885998 00 00 313931323043303130393831            
01/03/25 07:09:24 0110 1                  44.861420 8.885998 00 00 313931323043303038303536            
01/03/25 07:10:25 0111 1                  44.861865 8.886358 00 00 313931323043303130313330            
01/03/25 07:11:05 0112 1                  44.861962 8.886508 00 00 313931323043303038333839            
01/03/25 07:11:47 0113 1                  44.862050 8.886920 00 00 313931323043303132363835            
01/03/25 07:11:47 0114 1                  44.862050 8.886920 00 00 313931323043303039333339            
01/03/25 07:12:39 0115 1                  44.862140 8.887312 00 00 313931323043303132363838            
01/03/25 07:12:40 0116 1                  44.862142 8.887315 00 00 313931323043303132B63838            
01/03/25 07:13:16 0117 1                  44.862205 8.887535 00 00 313931323043303132363836            
01/03/25 07:13:55 0118 1                  44.862325 8.887803 00 00 3233303132304A3030343132            
01/03/25 07:13:55 0119 1                  44.862325 8.887803 00 00 3233303132304A3030343132            
01/03/25 07:14:30 0120 1                  44.862403 8.887977 00 00 313931323043303033373239            
01/03/25 07:15:33 0121 1                  44.862427 8.889103 00 00 313931323043303039333235            
01/03/25 07:18:04 0122 1                  44.862183 8.885815 00 00 313931323043303037373534            
01/03/25 07:19:33 0123 1                  44.862170 8.883345 00 00 313931323043303130313239            
01/03/25 07:20:20 0124 1                  44.862235 8.883058 00 00 313931323043303036313335            
01/03/25 07:20:22 0125 1                  44.862235 8.883058 00 00 303ACB0342C3601C830C1943            
01/03/25 07:21:21 0126 1                  44.862428 8.882500 00 00 313931323043303131353330            
01/03/25 07:23:00 0127 1                  44.862450 8.881415 00 00 30342ABDF440528009B280A4            
01/03/25 07:23:01 0128 1                  44.862450 8.881415 00 00 313931323043303130313238            
01/03/25 07:24:15 0129 1                  44.862910 8.880943 00 00 313931323043303038333034            
01/03/25 07:24:16 0130 1                  44.862910 8.880943 00 00 313931323043303130303735            
01/03/25 07:25:15 0131 1                  44.862870 8.880437 00 00 313931323043303130303736            
01/03/25 07:25:23 0132 1                  44.862858 8.880437 00 00 313931323043303130303736            
01/03/25 07:26:01 0133 1                  44.862802 8.880042 00 00 313931323043303130323339            
01/03/25 07:26:49 0134 1                  44.862745 8.879465 00 00 313931323043303038333035            
01/03/25 07:26:52 0135 1                  44.862745 8.879457 00 00 30396062C3AA0B40002D9E1F            
01/03/25 07:28:03 0136 1                  44.862252 8.877740 00 00 313931323043303036343439            
01/03/25 07:28:05 0137 1                  44.862252 8.877737 00 00 313931323043303130373037            
01/03/25 07:28:05 0138 1                  44.862252 8.877737 00 00 30340BEA984D0F824E2DAC06            
01/03/25 07:28:05 0139 1                  44.862252 8.877737 00 00 3035EBC53C2606000000000A            
01/03/25 07:28:07 0140 1                  44.862250 8.877737 00 00 30340BE62851C98C77592C05            
01/03/25 07:30:02 0141 1                  44.862825 8.877355 00 00 313931323043303130343634            
01/03/25 07:32:32 0142 1                  44.862668 8.873673 00 00 313931323043303130343538            
01/03/25 07:32:34 0143 1                  44.862668 8.873672 00 00 313933323043303036373130            
01/03/25 07:32:34 0144 1                  44.862668 8.873672 00 00 30340C05B8546A8A676C6004            
01/03/25 07:32:34 0145 1                  44.862668 8.873672 00 00 30340BDF184DF9345DE1C804            
01/03/25 07:32:36 0146 1                  44.862668 8.873668 00 00 30340C0F882B2E62B54C2804            
01/03/25 07:33:05 0147 1                  44.862668 8.873660 00 00 313931323043303036373038            
01/03/25 07:33:07 0148 1                  44.862668 8.873662 00 00 313931323043303039333433            
01/03/25 07:34:15 0149 1                  44.862462 8.873822 00 00 3232313130304A3030323635            
01/03/25 07:34:17 0150 1                  44.862460 8.873825 00 00 30361424FC444A5F3305BC25            
01/03/25 07:34:17 0151 1                  44.862460 8.873825 00 00 30361429542A439FFA0A5946            
01/03/25 07:34:18 0152 1                  44.862460 8.873825 00 00 30361429542A405FFA0A7875            
01/03/25 07:34:18 0153 1                  44.862460 8.873825 00 00 30361443F802545FF4150194            
01/03/25 07:36:14 0154 1                  44.861680 8.873443 00 00 313931323043303030373734            
01/03/25 07:37:06 0155 1                  44.861822 8.873850 00 00 313931323043303036343436            
01/03/25 07:39:19 0156 1                  44.857885 8.876810 00 00 3231303234304A3034393337            
01/03/25 07:39:20 0157 1                  44.857885 8.876810 00 00 3231303234304A3034383432            
01/03/25 07:43:46 0158 1                  44.862050 8.875558 00 00 313931323043303036303438            
01/03/25 07:43:46 0159 1                  44.862050 8.875558 00 00 313931323043303130373134            
01/03/25 07:43:49 0160 1                  44.862052 8.875557 00 00 3034F84A405E3017488E93AF            
01/03/25 07:44:40 0161 1                  44.862082 8.875112 00 00 313931323043303036353231            
01/03/25 07:44:42 0162 1                  44.862083 8.875112 00 00 30340C0454375EC00000B62D            
01/03/25 07:44:42 0163 1                  44.862083 8.875112 00 00 30340BF71C077C974877A7F9            
01/03/25 07:44:42 0164 1                  44.862083 8.875112 00 00 3039606243674A400012E6B1            
01/03/25 07:44:43 0165 1                  44.862085 8.875112 00 00 30396061C02D1100000E4299            
01/03/25 07:45:20 0166 1                  44.862027 8.874720 00 00 313931323043303130373130            
01/03/25 07:46:00 0167 1                  44.862032 8.874522 00 00 313931323043303036303336            
01/03/25 07:46:01 0168 1                  44.862032 8.874522 00 00 3034F84A404C3317489AE52B            
01/03/25 07:49:26 0169 1                  44.871585 8.870447 00 00 313931323043303038323538            
01/03/25 07:52:07 0170 1                  44.876460 8.866347 00 00 313931323043303130303239            
01/03/25 07:53:30 0171 1                  44.876188 8.865213 00 00 313931323043303130303330            
01/03/25 07:54:16 0172 1                  44.876118 8.864883 00 00 313931323043303130303331            
01/03/25 08:25:32 0000 s 01494ver01 44.882600 8.860087 00 00
01/03/25 08:33:18 0173 1                  44.884727 8.882312 00 00 313831323045303135393234            
01/03/25 08:33:21 0174 1                  44.884727 8.882313 00 00 3034F84A404C3317489AE52B            
01/03/25 08:34:37 0175 1                  44.884688 8.883820 00 00 313931323043303038313931            
01/03/25 08:35:56 0176 1                  44.884083 8.886283 00 00 313931323043303036353334            
01/03/25 08:36:03 0177 1                  44.884085 8.886283 00 00 313931323043303036303432            
01/03/25 08:36:04 0178 1                  44.884085 8.886283 00 00 3035EB7F185D4E0800043992            
01/03/25 08:39:04 0179 1                  44.879255 8.901327 00 00 30396062C3A4FF40003605A2            
01/03/25 08:39:12 0180 1                  44.879255 8.901322 00 00 313931323043303038313237            
01/03/25 08:39:13 0181 1                  44.879255 8.901322 00 00 1C33EA6098368E9540000000            
01/03/25 08:40:21 0182 1                  44.878535 8.901627 00 00 3034F848C444930AB41E1E85            
01/03/25 08:40:21 0183 1                  44.878535 8.901627 00 00 313931323043303130333436            
01/03/25 08:40:23 0184 1                  44.878535 8.901628 00 00 30396061C02D1100000E5A92            
01/03/25 08:41:24 0185 1                  44.877702 8.901890 00 00 313931323043303030373333            
01/03/25 08:44:37 0186 1                  44.879843 8.901305 00 00 313931323043303130313731            
01/03/25 08:44:38 0187 1                  44.879845 8.901305 00 00 08290148E53C2F801EFF05B9            
01/03/25 08:45:39 0188 1                  44.880977 8.900828 00 00 313931323043303037323335            
01/03/25 08:46:39 0189 1                  44.881960 8.900413 00 00 313931323043303036353434            
01/03/25 08:47:32 0190 1                  44.882700 8.899658 00 00 313931323043303038313138            
01/03/25 08:47:33 0191 1                  44.882705 8.899655 00 00 303ACB0343317F1AC688DBEF            
01/03/25 08:47:34 0192 1                  44.882705 8.899655 00 00 3036039204300C40028BCD2B            
01/03/25 08:49:17 0193 1                  44.883537 8.893380 00 00 313931323043303030373335            
01/03/25 08:50:08 0194 1                  44.883525 8.892953 00 00 3233303132304A3030343639            
01/03/25 08:51:35 0195 1                  44.883632 8.891182 00 00 313931323043303030373334            
01/03/25 08:52:27 0196 1                  44.883703 8.889953 00 00 313931323043303036353433            
01/03/25 08:52:27 0197 1                  44.883703 8.889953 00 00 30340C10082BB5C0000F4534            
01/03/25 08:53:50 0198 1                  44.884720 8.884600 00 00 313931323043303038393638            
01/03/25 08:54:57 0199 1                  44.884853 8.883343 00 00 313931323043303130373632            
01/03/25 08:56:37 0200 1                  44.884228 8.881630 00 00 3034F84A381A7A82E90EF56B            
01/03/25 08:56:41 0201 1                  44.884227 8.881632 00 00 3036144B4C16635FFA0A2053            
01/03/25 08:56:41 0202 1                  44.884227 8.881632 00 00 30340C0F64299AEC9932F804            
01/03/25 08:56:41 0203 1                  44.884227 8.881632 00 00 3231313130304A3032353232            
01/03/25 08:56:42 0204 1                  44.884227 8.881632 00 00 3036144B4C28D89F3305CB00            
01/03/25 08:56:42 0205 1                  44.884227 8.881632 00 00 303ACB03424E5FA0B0315183            
01/03/25 08:56:59 0206 1                  44.884227 8.881640 00 00 E28069950000500E56E47279            
01/03/25 08:58:37 0207 1                  44.882720 8.883743 00 00 313931323043303130373831            
01/03/25 08:58:38 0208 1                  44.882720 8.883743 00 00 313931323043303038313930            
01/03/25 08:59:04 0209 1                  44.882713 8.883755 00 00 313931323043303038393835            
01/03/25 09:01:06 0210 1                  44.881322 8.883150 00 00 303ACB0340E2535AC688E3FF            
01/03/25 09:01:06 0211 1                  44.881322 8.883150 00 00 313931323043303037313432            
01/03/25 09:02:06 0212 1                  44.881117 8.882743 00 00 313931323043303131363236            
01/03/25 09:02:09 0213 1                  44.881118 8.882743 00 00 313931323043303038303030            
01/03/25 09:04:10 0214 1                  44.881777 8.884893 00 00 313931323043303038393837            
01/03/25 09:05:57 0215 1                  44.880137 8.886418 00 00 313931323043303036373231            
01/03/25 09:06:01 0216 1                  44.880138 8.886422 00 00 3034F848B84C8AC2EE00132A            
01/03/25 09:07:27 0217 1                  44.878882 8.887517 00 00 313931323043303039373434            
01/03/25 09:07:30 0218 1                  44.878885 8.887522 00 00 3035EBA60039F0C000002769            
01/03/25 09:08:24 0219 1                  44.878448 8.888132 00 00 313931323043303038313236            
01/03/25 09:09:07 0220 1                  44.878367 8.888410 00 00 313931323043303132373233            
01/03/25 09:10:13 0221 1                  44.878233 8.888752 00 00 313931323043303030373733            
01/03/25 09:10:15 0222 1                  44.878238 8.888750 00 00 313931323043303036363434            
01/03/25 09:11:17 0223 1                  44.878697 8.889207 00 00 313931323043303032313136            
01/03/25 09:11:51 0224 1                  44.878782 8.889272 00 00 3233303132304A3031363735            
01/03/25 09:12:39 0225 1                  44.879015 8.889442 00 00 313931323043303032313135            
01/03/25 09:12:43 0226 1                  44.879018 8.889445 00 00 3034F848CC57824AB41DBF42            
01/03/25 09:13:37 0227 1                  44.879212 8.889615 00 00 313931323043303032313134            
01/03/25 09:14:44 0228 1                  44.879657 8.890142 00 00 313931323043303037393034            
01/03/25 09:14:46 0229 1                  44.879658 8.890142 00 00 3036143DD44A8B1748C92F5E            
01/03/25 09:14:48 0230 1                  44.879662 8.890138 00 00 3034F837243917CAB41DBAA0            
01/03/25 09:15:40 0231 1                  44.879978 8.890358 00 00 313931323043303038313934            
01/03/25 09:16:35 0232 1                  44.880440 8.890495 00 00 313931323043303130373739            
01/03/25 09:16:39 0233 1                  44.880438 8.890495 00 00 30396120C30DAE4000002AAA            
01/03/25 09:16:39 0234 1                  44.880438 8.890495 00 00 313931323043303037363835            
01/03/25 09:18:04 0235 1                  44.882532 8.891390 00 00 313931323043303036363830            
01/03/25 09:18:07 0236 1                  44.882532 8.891390 00 00 313931323043303130373033            
01/03/25 09:20:10 0237 1                  44.882993 8.890022 00 00 313931323043303130373931            
01/03/25 09:20:12 0238 1                  44.882993 8.890022 00 00 3034F836E81E430AB41F9FD2            
01/03/25 09:20:12 0239 1                  44.882993 8.890022 00 00 30343639602AC19B8A3E1804            
01/03/25 09:21:13 0240 1                  44.882622 8.889950 00 00 313931323043303130373932            
01/03/25 09:22:00 0241 1                  44.882177 8.889748 00 00 313931323043303130343232            
01/03/25 09:23:11 0242 1                  44.881072 8.889198 00 00 313931323043303038313537            
01/03/25 09:24:10 0243 1                  44.880418 8.889037 00 00 313931323043303036383134            
01/03/25 09:24:26 0244 1                  44.880422 8.889033 00 00 3233313130304A3030303739            
01/03/25 09:25:31 0245 1                  44.880160 8.888690 00 00 313931323043303036373030            
01/03/25 09:26:53 0246 1                  44.879730 8.888690 00 00 30340BC9E45F57BF48A90404            
01/03/25 09:26:53 0247 1                  44.879730 8.888690 00 00 313931323043303038303036            
01/03/25 09:26:56 0248 1                  44.879728 8.888692 00 00 30340BF4683E4D0C17BF3C06            
01/03/25 09:27:47 0249 1                  44.879842 8.888133 00 00 313931323043303038333538            
01/03/25 09:27:49 0250 1                  44.879840 8.888133 00 00 313931323043303130343838            
01/03/25 09:28:40 0251 1                  44.879740 8.887913 00 00 313931323043303030373439            
01/03/25 09:29:17 0252 1                  44.879707 8.887720 00 00 313931323043303038303033            
01/03/25 09:29:17 0253 1                  44.879707 8.887720 00 00 7545002F7C40A2A02BD000C8            
01/03/25 09:29:19 0254 1                  44.879707 8.887720 00 00 75450052E8C03330A6D0004B            
01/03/25 09:29:20 0255 1                  44.879707 8.887720 00 00 3231303234304A3034393338            
01/03/25 09:30:13 0256 1                  44.879497 8.887213 00 00 313931323043303039333937            
01/03/25 09:30:14 0257 1                  44.879497 8.887215 00 00 313931323043303038303032            
01/03/25 09:39:39 0258 1                  44.878318 8.889403 00 00 313931323043303038313839            
01/03/25 09:40:24 0259 1                  44.878187 8.889643 00 00 313931323043303036373332            
01/03/25 09:41:25 0260 1                  44.878020 8.889913 00 00 313931323043303032323335            
01/03/25 09:42:35 0261 1                  44.877745 8.890432 00 00 3230303033304D3037343435            
01/03/25 09:42:57 0262 1                  44.877727 8.890440 00 00 313931323043303036353237            
01/03/25 09:43:00 0263 1                  44.877733 8.890445 00 00 3039606243635FC0001567DA            
01/03/25 09:43:00 0264 1                  44.877733 8.890445 00 00 30340C0F74233AB218266C06            
01/03/25 09:43:01 0265 1                  44.877733 8.890445 00 00 303AC8E9C078BC1AC688E11A            
01/03/25 09:43:01 0266 1                  44.877733 8.890445 00 00 303ACB03432C6299D8B65515            
01/03/25 09:43:01 0267 1                  44.877733 8.890445 00 00 30396061C050C780000C1ADC            
01/03/25 09:43:02 0268 1                  44.877733 8.890445 00 00 303ACB03425F21DC81AE0D47            
01/03/25 09:43:02 0269 1                  44.877733 8.890448 00 00 303ACB0343B3579AC688F1ED            
01/03/25 09:43:02 0270 1                  44.877733 8.890448 00 00 30395DFA81D7F14000142729            
01/03/25 09:43:03 0271 1                  44.877733 8.890448 00 00 313931323043303038313835            
01/03/25 09:46:02 0272 1                  44.872115 8.888115 00 00 3231313130304A3031303933            
01/03/25 09:46:15 0273 1                  44.872087 8.888123 00 00 30340BF47410B8A47C9F2C06            
01/03/25 09:46:22 0274 1                  44.872075 8.888138 00 00 3232313130304A3030323434            
01/03/25 09:46:23 0275 1                  44.872072 8.888140 00 00 30340BF8F0159F91921DA806            
01/03/25 09:46:47 0276 1                  44.872057 8.888152 00 00 323031313030433030303339            
01/03/25 09:46:47 0277 1                  44.872057 8.888152 00 00 BD0453500819010212473470            
01/03/25 09:48:46 0278 1                  44.872825 8.883803 00 00 313931323043303036303435            
01/03/25 09:49:46 0279 1                  44.872965 8.882860 00 00 313931323043303038393334            
01/03/25 09:52:01 0280 1                  44.873567 8.874908 00 00 313931323043303036353138            
01/03/25 09:52:42 0281 1                  44.873522 8.874235 00 00 3231303033304D3032323038            
01/03/25 09:53:20 0282 1                  44.873358 8.873697 00 00 313931323043303036353139            
01/03/25 10:13:04 0283 1                  44.957143 8.934940 00 00 3230313130304A3030383934            
01/03/25 10:13:35 0284 1                  44.957155 8.934963 00 00 3138313138304A3030313535            
01/03/25 10:13:35 0285 1                  44.957155 8.934963 00 00 3138313130304A3030313535            
01/03/25 10:14:10 0286 1                  44.957180 8.934968 00 00 3138313130304A3030313536            
01/03/25 10:15:02 0287 1                  44.957163 8.934982 00 00 3231313130304A3031313935            
