25/01/25 05:45:11 0000 s 01483ver01 44.882358 8.860383 00 00
25/01/25 05:45:28 0001 1                  0 0 00 00 3231303234304A3034333135            
25/01/25 05:58:37 0002 1                  44.868262 8.870755 00 00 3234303132304A3031303337            
25/01/25 05:59:49 0003 1                  44.867835 8.872868 00 00 313931323050303039383539            
25/01/25 06:02:12 0004 1                  44.867697 8.871910 00 00 313931323050303039383632            
25/01/25 06:02:40 0005 1                  44.867713 8.871908 00 00 300ED89F3350005FE2CDBDFE            
25/01/25 06:02:48 0006 1                  44.867722 8.871910 00 00 300ED89F3350020F0009E1BA            
25/01/25 06:04:35 0007 1                  44.862397 8.876847 00 00 3231303132304A3130303738            
25/01/25 06:08:25 0008 1                  44.861658 8.886002 00 00 313931323050303039323138            
25/01/25 06:09:26 0009 1                  44.861110 8.885382 00 00 313931323050303130383238            
25/01/25 06:09:33 0010 1                  44.861098 8.885382 00 00 313931323050303130383237            
25/01/25 06:11:51 0011 1                  44.860945 8.885252 00 00 313931323050303130383239            
25/01/25 06:15:39 0012 1                  44.861338 8.885083 00 00 313931323050303039383435            
25/01/25 06:15:47 0013 1                  44.861380 8.885102 00 00 3231303132304A3039383931            
25/01/25 06:16:38 0014 1                  44.861442 8.885102 00 00 313931323050303033323130            
25/01/25 06:17:05 0015 1                  44.861432 8.885130 00 00 313931323050303035373632            
25/01/25 06:17:25 0016 1                  44.861455 8.885137 00 00 313931323050303037393433            
25/01/25 06:17:26 0017 1                  44.861458 8.885137 00 00 3035EBEA080ED6C80004024C            
25/01/25 06:17:39 0018 1                  44.861472 8.885125 00 00 313931323043303130303738            
25/01/25 06:22:42 0019 1                  44.862423 8.880122 00 00 313931323050303036383634            
25/01/25 06:22:49 0020 1                  44.862417 8.880125 00 00 313931323050303036383633            
25/01/25 06:22:54 0021 1                  44.862413 8.880125 00 00 3231303132304A3039343736            
25/01/25 06:24:53 0022 1                  44.862280 8.880200 00 00 313931323050303039363331            
25/01/25 06:26:10 0023 1                  44.862177 8.879562 00 00 313931323050303035343134            
25/01/25 06:27:05 0024 1                  44.862080 8.879495 00 00 3234303132304A3030383732            
25/01/25 06:27:29 0025 1                  44.862118 8.879335 00 00 313931323050303037393036            
25/01/25 06:28:34 0026 1                  44.862145 8.879300 00 00 3234303132304A3030373536            
25/01/25 06:28:34 0027 1                  44.862145 8.879300 00 00 313931323043303039373638            
25/01/25 06:29:20 0028 1                  44.861663 8.878840 00 00 313931323050303035373536            
25/01/25 06:32:32 0029 1                  44.862978 8.873872 00 00 3234303132304A3033313330            
25/01/25 06:39:15 0030 1                  44.874942 8.881703 00 00 31383132304A303237333230            
25/01/25 06:41:47 0031 1                  44.875470 8.883350 00 00 313931323050303130303332            
25/01/25 06:43:33 0032 1                  44.875448 8.883340 00 00 323030323545303030383237            
25/01/25 06:45:19 0033 1                  44.877768 8.887592 00 00 313931323050303039393537            
25/01/25 06:46:05 0034 1                  44.877785 8.887595 00 00 313931323043303036353233            
25/01/25 06:46:18 0035 1                  44.877750 8.887863 00 00 313931323043303038393236            
25/01/25 06:46:39 0036 1                  44.877745 8.887937 00 00 313931323050303039353635            
25/01/25 06:49:03 0037 1                  44.877772 8.888542 00 00 3231303033304D3032393331            
25/01/25 06:51:30 0038 1                  44.878165 8.888755 00 00 313931323050303039343437            
25/01/25 06:52:53 0039 1                  44.877837 8.889097 00 00 313931323050303039333234            
25/01/25 06:54:03 0040 1                  44.877608 8.889237 00 00 313931323050303039333233            
25/01/25 06:54:05 0041 1                  44.877608 8.889240 00 00 300ED89F3350020F0009E1BA            
25/01/25 06:54:14 0042 1                  44.877598 8.889248 00 00 313931323050303039323934            
25/01/25 06:54:58 0043 1                  44.877593 8.889255 00 00 313931323050303132333735            
25/01/25 06:55:45 0044 1                  44.877547 8.889258 00 00 3231303132304A3130303332            
25/01/25 06:56:08 0045 1                  44.877148 8.889045 00 00 E28011A0A50600062DCB2773            
25/01/25 06:56:39 0046 1                  44.877058 8.889067 00 00 313931323050303030333234            
25/01/25 06:56:54 0047 1                  44.877052 8.889063 00 00 30395DFA82DD900000237901            
25/01/25 06:56:54 0048 1                  44.877052 8.889063 00 00 313931323050303039323034            
25/01/25 07:01:56 0049 1                  44.876102 8.888632 00 00 313931323050303131303535            
25/01/25 07:04:35 0050 1                  44.876398 8.888553 00 00 313931323050303033393833            
25/01/25 07:04:35 0051 1                  44.876398 8.888553 00 00 31393132305030B033393833            
25/01/25 07:04:38 0052 1                  44.876397 8.888553 00 00 313931323050303039303836            
25/01/25 07:06:00 0053 1                  44.876443 8.888343 00 00 313931323050303039353238            
25/01/25 07:06:52 0054 1                  44.876617 8.888255 00 00 573236353830303635413433            
25/01/25 07:07:21 0055 1                  44.876782 8.888228 00 00 313931323050303039333136            
25/01/25 07:08:55 0056 1                  44.877052 8.888425 00 00 313931323050303039323330            
25/01/25 07:09:46 0057 1                  44.877040 8.888450 00 00 212111330605022207010000            
25/01/25 07:10:15 0058 1                  44.877012 8.888575 00 00 313931323050303039303631            
25/01/25 07:13:41 0059 1                  44.877353 8.889442 00 00 313931323050303132363639            
25/01/25 07:14:13 0060 1                  44.877350 8.889422 00 00 300ED89F3350005FE2CDBDFE            
25/01/25 07:15:57 0061 1                  44.877318 8.889645 00 00 313931323050303033303538            
25/01/25 07:18:21 0062 1                  44.878732 8.889310 00 00 3233303132304A3031363735            
25/01/25 07:25:28 0063 1                  44.869087 8.898085 00 00 313931323050303039393436            
25/01/25 07:25:59 0064 1                  44.869063 8.898085 00 00 300ED89F3350020F0009E1BA            
25/01/25 07:32:24 0065 1                  44.870475 8.886937 00 00 313931323050303039303333            
25/01/25 07:40:12 0066 1                  44.873818 8.868562 00 00 313931323050303039343532            
25/01/25 07:43:42 0067 1                  44.874577 8.867033 00 00 313931323050303037373835            
25/01/25 07:44:07 0068 1                  44.874590 8.867007 00 00 300ED89F3350020F0009E1BA            
25/01/25 07:47:47 0069 1                  44.885397 8.860888 00 00 111150000000002331853695            
25/01/25 08:18:20 0000 s 01483ver01 44.882598 8.860062 00 00
25/01/25 08:26:50 0070 1                  44.909175 8.870173 00 00 3232303032334D3030333434            
25/01/25 08:38:57 0071 1                  44.907688 8.869085 00 00 E28011A0A50100649D5E74E3            
25/01/25 08:46:54 0072 1                  44.873193 8.873327 00 00 313931323050303039343534            
25/01/25 08:49:00 0073 1                  44.875397 8.883105 00 00 313931323050303130303332            
25/01/25 08:49:27 0074 1                  44.875420 8.883185 00 00 3231303132304A3039333033            
25/01/25 08:50:20 0075 1                  44.875435 8.883285 00 00 323030323545303030383237            
25/01/25 08:51:26 0076 1                  44.877747 8.887240 00 00 313931323050303039393537            
25/01/25 08:51:26 0077 1                  44.877747 8.887240 00 00 313931323043303036353233            
25/01/25 08:52:45 0078 1                  44.877690 8.889113 00 00 3231303132304A3130303332            
25/01/25 08:53:32 0079 1                  44.877603 8.889195 00 00 313931323050303039333233            
25/01/25 08:53:32 0080 1                  44.877603 8.889195 00 00 313931323050303039323934            
25/01/25 08:54:36 0081 1                  44.876520 8.888527 00 00 3231303132304A3038383235            
25/01/25 08:55:39 0082 1                  44.876490 8.888353 00 00 3231303132304A3039343133            
25/01/25 08:56:22 0083 1                  44.876452 8.888395 00 00 313931323050303039353238            
25/01/25 08:56:42 0084 1                  44.877050 8.888482 00 00 313931323050303039323330            
25/01/25 08:56:43 0085 1                  44.877050 8.888482 00 00 212111330605022207010000            
25/01/25 08:57:40 0086 1                  44.877383 8.889578 00 00 3231303132304A3038363832            
25/01/25 09:02:44 0087 1                  44.870928 8.877417 00 00 3234303132304A3032363030            
25/01/25 09:08:05 0088 1                  44.862422 8.876790 00 00 3231303132304A3130303738            
25/01/25 09:10:15 0089 1                  44.861265 8.885378 00 00 313931323050303130383237            
25/01/25 09:11:50 0090 1                  44.860710 8.884937 00 00 3231303132304A3039383933            
25/01/25 09:14:15 0091 1                  44.861372 8.885180 00 00 3231303132304A3039383931            
25/01/25 09:14:21 0092 1                  44.861377 8.885195 00 00 300ED89F3350020F0009E1BA            
25/01/25 09:14:30 0093 1                  44.861380 8.885222 00 00 3231303132304A3039383932            
25/01/25 09:17:10 0094 1                  44.862462 8.879967 00 00 3231303132304A3039343736            
25/01/25 09:17:12 0095 1                  44.862470 8.879977 00 00 313931323050303036383633            
25/01/25 09:19:50 0096 1                  44.862288 8.880210 00 00 3231303132304A3130333931            
25/01/25 09:19:52 0097 1                  44.862288 8.880210 00 00 313931323050303039363331            
25/01/25 09:21:37 0098 1                  44.862142 8.879308 00 00 3234303132304A3030373536            
25/01/25 09:21:37 0099 1                  44.862142 8.879308 00 00 313931323050303037393036            
25/01/25 09:21:37 0100 1                  44.862142 8.879308 00 00 313931323043303039373638            
25/01/25 09:22:59 0101 1                  44.862972 8.873925 00 00 3234303132304A3033313330            
25/01/25 09:38:07 0102 1                  44.920177 8.853362 00 00 49444E434400000000410308            
25/01/25 09:45:54 0103 1                  44.901797 8.863472 00 00 31383032334D303032333834            
25/01/25 09:51:14 0000 s 01483ver01 44.904268 8.865603 00 00
25/01/25 09:56:02 0104 1                  44.891667 8.855672 00 00 25705569A686D32281C37C72            
25/01/25 10:04:52 0000 s 01483ver01 44.882260 8.860172 00 00
