27/01/25 05:24:44 0000 s 01890ver01 44.882183 8.860390 00 00
27/01/25 05:39:06 0001 1                  44.902412 8.868603 00 00 3231303234304A3031323136            
27/01/25 05:39:29 0002 1                  44.902365 8.868542 00 00 3231303234304A3031323630            
27/01/25 05:39:49 0003 1                  44.902367 8.868507 00 00 3231303234304A3031323732            
27/01/25 05:40:24 0004 1                  44.902373 8.868485 00 00 3231303234304A3031323037            
27/01/25 05:41:14 0005 1                  44.902385 8.868473 00 00 3231303234304A3031323038            
27/01/25 05:41:49 0006 1                  44.902363 8.868450 00 00 3231303234304A3031323033            
27/01/25 05:43:02 0007 1                  44.902372 8.868443 00 00 3231303234304A3031323034            
27/01/25 05:43:49 0008 1                  44.902380 8.868438 00 00 3231303234304A3031323036            
27/01/25 06:10:07 0000 s 01890ver01 44.895175 8.859153 00 00
27/01/25 06:11:20 0009 1                  44.895065 8.855637 00 00 3231303032334D3034303031            
27/01/25 06:12:16 0010 1                  44.895062 8.855352 00 00 3232303032334D3031313936            
27/01/25 06:12:41 0011 1                  44.895083 8.855340 00 00 3231303032334D3032333138            
27/01/25 06:15:39 0012 1                  44.894905 8.853348 00 00 3231303032334D3032383835            
27/01/25 06:17:56 0013 1                  44.895288 8.856353 00 00 3231303032334D3032383739            
27/01/25 06:18:09 0014 1                  44.895295 8.856338 00 00 3232303032334D3030343633            
27/01/25 06:20:39 0015 1                  44.895568 8.856397 00 00 3231303234304A3032373834            
27/01/25 06:24:55 0016 1                  44.892262 8.854595 00 00 3231303032334D3034323436            
27/01/25 06:25:01 0017 1                  44.892258 8.854590 00 00 3231303032334D3034363433            
27/01/25 06:26:18 0018 1                  44.892292 8.855210 00 00 3231303032334D3034303034            
27/01/25 06:26:43 0019 1                  44.892335 8.855200 00 00 3231303032334D3034303035            
27/01/25 06:28:05 0020 1                  44.892138 8.855498 00 00 3233303032334D3030323737            
27/01/25 06:28:58 0021 1                  44.891465 8.855568 00 00 3231303032334D3033323738            
27/01/25 06:29:57 0022 1                  44.891118 8.855640 00 00 3231303132304A3035323634            
27/01/25 06:30:41 0023 1                  44.891088 8.855695 00 00 3231303032334D3033323739            
27/01/25 06:38:17 0024 1                  44.884780 8.857705 00 00 3231303032334D3030313834            
27/01/25 06:38:26 0025 1                  44.884783 8.857730 00 00 3231303032334D3030373532            
27/01/25 06:38:34 0026 1                  44.884788 8.857750 00 00 3231303032334D3030313838            
27/01/25 06:38:43 0027 1                  44.884793 8.857775 00 00 3231303032334D3030323439            
27/01/25 06:38:51 0028 1                  44.884797 8.857798 00 00 3231303032334D3030323438            
27/01/25 06:38:59 0029 1                  44.884797 8.857813 00 00 3232303032334D3030393437            
27/01/25 06:39:05 0030 1                  44.884798 8.857818 00 00 3231303032334D3030313036            
27/01/25 06:39:15 0031 1                  44.884798 8.857822 00 00 3231303032334D3030313837            
27/01/25 06:39:35 0032 1                  44.884797 8.857858 00 00 3231303032334D3035343236            
27/01/25 06:43:05 0033 1                  44.886337 8.856523 00 00 3231303032334D3032333532            
27/01/25 06:43:08 0034 1                  44.886337 8.856522 00 00 3233303032334D3030323135            
27/01/25 06:44:07 0035 1                  44.886867 8.856217 00 00 3231303032334D3031303530            
27/01/25 06:45:01 0036 1                  44.887207 8.856115 00 00 3231303032334D3031303237            
27/01/25 06:50:24 0037 1                  44.890522 8.856030 00 00 3231303132304A3035343036            
27/01/25 06:53:26 0038 1                  44.891725 8.856015 00 00 3231303032334D3034363930            
27/01/25 06:57:19 0039 1                  44.892983 8.861338 00 00 3231303032334D3031303936            
27/01/25 06:57:49 0040 1                  44.892913 8.861380 00 00 3231303032334D3034353636            
27/01/25 07:01:51 0041 1                  44.892142 8.860465 00 00 3231303032334D3034343838            
27/01/25 07:01:55 0042 1                  44.892145 8.860472 00 00 3231303032334D3034353037            
27/01/25 07:02:14 0043 1                  44.892153 8.860480 00 00 3231303032334D3031313538            
27/01/25 07:02:22 0044 1                  44.892153 8.860480 00 00 3234303032334D3031323233            
27/01/25 07:03:14 0045 1                  44.892155 8.860155 00 00 3231303032334D3032323039            
27/01/25 07:03:23 0046 1                  44.892148 8.860127 00 00 3231303032334D3034343839            
27/01/25 07:03:35 0047 1                  44.892173 8.860120 00 00 3231303032334D3034343930            
27/01/25 07:03:48 0048 1                  44.892185 8.860117 00 00 3231303032334D3034313431            
27/01/25 07:05:30 0049 1                  44.892428 8.860475 00 00 3231303132304A3037373631            
27/01/25 07:11:19 0050 1                  44.892633 8.860723 00 00 3231303032334D3035353831            
27/01/25 07:11:32 0051 1                  44.892642 8.860722 00 00 3231303032334D3032383637            
27/01/25 07:12:44 0052 1                  44.892842 8.860872 00 00 3231303234304A3032383830            
27/01/25 07:15:06 0053 1                  44.890457 8.860040 00 00 3231303234304A3031323334            
27/01/25 07:16:37 0054 1                  44.890640 8.859803 00 00 3231303032334D3035353035            
27/01/25 07:17:19 0055 1                  44.890792 8.859563 00 00 3232303032334D3030323131            
27/01/25 07:17:25 0056 1                  44.890792 8.859552 00 00 3231303032334D3034353731            
27/01/25 07:17:32 0057 1                  44.890795 8.859533 00 00 3231303032334D3030383231            
27/01/25 07:17:50 0058 1                  44.890803 8.859507 00 00 3231303032334D3033353731            
27/01/25 07:17:53 0059 1                  44.890803 8.859500 00 00 3231303032334D3033353732            
27/01/25 07:18:07 0060 1                  44.890802 8.859462 00 00 3231303032334D3033343437            
27/01/25 07:18:18 0061 1                  44.890807 8.859442 00 00 3231303032334D3033353533            
27/01/25 07:19:44 0062 1                  44.891035 8.859155 00 00 3231303132304A3037363333            
27/01/25 07:30:10 0063 1                  44.891285 8.859513 00 00 3231303234304A3034353731            
27/01/25 07:32:00 0064 1                  44.891058 8.859990 00 00 3231303234304A3034353532            
27/01/25 07:32:00 0065 1                  44.891058 8.859990 00 00 3231303234304A3034353532            
27/01/25 07:46:58 0066 1                  44.893358 8.860180 00 00 3231303032334D3033333638            
27/01/25 08:02:34 0067 1                  44.893168 8.859675 00 00 3231303234304A3032373430            
27/01/25 08:04:11 0068 1                  44.892723 8.859630 00 00 3231303032334D3032383335            
27/01/25 08:04:24 0069 1                  44.892687 8.859658 00 00 3232303032334D3030313430            
27/01/25 08:04:56 0070 1                  44.892630 8.859652 00 00 3231303032334D3033353431            
27/01/25 08:05:07 0071 1                  44.892617 8.859650 00 00 3231303032334D3032383337            
27/01/25 08:08:58 0072 1                  44.892140 8.859392 00 00 3231303234304A3032383733            
27/01/25 08:09:11 0073 1                  44.892120 8.859365 00 00 3231303234304A3032383831            
27/01/25 08:12:52 0074 1                  44.890665 8.857557 00 00 3231303132304A3037353836            
27/01/25 08:14:43 0075 1                  44.888828 8.857455 00 00 3231303032334D3034373938            
27/01/25 08:17:55 0076 1                  44.887540 8.856708 00 00 3231303132304A3035333636            
27/01/25 08:31:36 0077 1                  44.888960 8.858667 00 00 3231303234304A3034353033            
27/01/25 08:34:19 0078 1                  44.890203 8.858572 00 00 3231303234304A3032383632            
27/01/25 08:34:29 0079 1                  44.890260 8.858578 00 00 3231303234304A3032383530            
27/01/25 08:36:10 0080 1                  44.890335 8.858685 00 00 3231303234304A3032383439            
27/01/25 08:38:17 0081 1                  44.889745 8.858533 00 00 3231303132304A3035333934            
27/01/25 08:42:49 0082 1                  44.890823 8.858258 00 00 3231303234304A3032383738            
27/01/25 08:46:55 0083 1                  44.886282 8.858752 00 00 323030323545303031383839            
27/01/25 08:47:05 0084 1                  44.886233 8.858767 00 00 323030323545303031383532            
27/01/25 08:47:08 0085 1                  44.886225 8.858770 00 00 323030323545303031383837            
27/01/25 08:47:17 0086 1                  44.886190 8.858780 00 00 323030323545303031383838            
27/01/25 08:48:32 0087 1                  44.886253 8.858390 00 00 323030323545303031383435            
27/01/25 08:49:33 0088 1                  44.886415 8.857993 00 00 3231303032334D3033343634            
27/01/25 08:55:14 0089 1                  44.887567 8.857693 00 00 3231303234304A3034353038            
27/01/25 08:57:43 0090 1                  44.886925 8.857910 00 00 3232303032334D3031373435            
27/01/25 08:57:47 0091 1                  44.886922 8.857907 00 00 3231303032334D3034303637            
27/01/25 08:59:22 0092 1                  44.886173 8.857368 00 00 3234303032334D3030323234            
27/01/25 09:00:35 0093 1                  44.885955 8.857243 00 00 3231303032334D3034303833            
27/01/25 09:00:49 0094 1                  44.885948 8.857227 00 00 3234303032334D3030323233            
27/01/25 09:20:42 0000 s 01890ver01 44.894618 8.859185 00 00
27/01/25 09:33:21 0095 1                  44.889425 8.857218 00 00 3231303132304A3035323633            
27/01/25 09:35:35 0096 1                  44.889220 8.856380 00 00 3231303032334D3034353834            
27/01/25 09:36:19 0097 1                  44.888815 8.856340 00 00 3231303032334D3034333637            
27/01/25 09:41:17 0098 1                  44.887935 8.856827 00 00 3231303032334D3034373936            
27/01/25 09:41:23 0099 1                  44.887932 8.856835 00 00 3231303032334D3034323634            
27/01/25 09:41:28 0100 1                  44.887930 8.856843 00 00 3231303032334D3032333430            
27/01/25 09:42:47 0101 1                  44.888345 8.856810 00 00 3231303032334D3034373935            
27/01/25 09:43:39 0102 1                  44.888607 8.856808 00 00 3231303132304A3035333837            
27/01/25 09:44:51 0103 1                  44.888780 8.856733 00 00 3231303032334D3034303532            
27/01/25 09:49:47 0104 1                  44.889488 8.853850 00 00 3233303032334D3030333334            
27/01/25 09:49:54 0105 1                  44.889483 8.853852 00 00 3231303032334D3034333535            
27/01/25 09:56:55 0106 1                  44.891215 8.853198 00 00 3231303032334D3034333936            
27/01/25 09:57:07 0107 1                  44.891208 8.853198 00 00 3231303032334D3034313632            
27/01/25 09:57:10 0108 1                  44.891208 8.853197 00 00 3233303032334D3030303137            
27/01/25 09:57:58 0109 1                  44.891232 8.853380 00 00 3231303032334D3034333930            
27/01/25 09:59:18 0110 1                  44.891318 8.853618 00 00 3231303032334D3034353931            
27/01/25 10:01:16 0111 1                  44.890787 8.853302 00 00 3231303032334D3034303938            
27/01/25 10:01:26 0112 1                  44.890785 8.853300 00 00 3231303032334D3035353132            
27/01/25 10:01:44 0113 1                  44.890785 8.853293 00 00 3231303032334D3034323437            
27/01/25 10:04:39 0114 1                  44.889463 8.854093 00 00 3231303032334D3034333931            
27/01/25 10:04:47 0115 1                  44.889477 8.854095 00 00 3231303032334D3034303733            
27/01/25 10:06:05 0116 1                  44.889745 8.854222 00 00 3231303032334D3034303732            
27/01/25 10:07:09 0117 1                  44.889937 8.854202 00 00 3231303032334D3034303135            
27/01/25 10:08:02 0118 1                  44.890043 8.854115 00 00 3231303032334D3034363938            
27/01/25 10:08:08 0119 1                  44.890045 8.854115 00 00 3231303032334D3030383132            
27/01/25 10:08:23 0120 1                  44.890038 8.854110 00 00 3231303032334D3033333834            
27/01/25 10:11:31 0121 1                  44.890890 8.854075 00 00 3231303032334D3032333539            
27/01/25 10:11:44 0122 1                  44.890882 8.854075 00 00 3231303032334D3034363431            
27/01/25 10:12:39 0123 1                  44.891047 8.854108 00 00 3231303032334D3034313537            
27/01/25 10:13:02 0124 1                  44.891045 8.854107 00 00 3231303032334D3034373339            
27/01/25 10:15:13 0125 1                  44.891953 8.854115 00 00 3231303032334D3034363530            
27/01/25 10:15:41 0126 1                  44.891983 8.854115 00 00 3231303032334D3034313039            
27/01/25 10:15:42 0127 1                  44.891985 8.854115 00 00 3231303234304A3032383638            
27/01/25 10:16:48 0128 1                  44.892205 8.854152 00 00 3231303032334D3034303139            
27/01/25 10:17:46 0129 1                  44.892542 8.854135 00 00 3231303032334D3034303137            
27/01/25 10:19:08 0130 1                  44.891682 8.854367 00 00 3231303032334D3034303037            
27/01/25 10:19:34 0131 1                  44.891635 8.854382 00 00 3231303032334D3034303935            
27/01/25 10:21:58 0132 1                  44.891277 8.854713 00 00 3234303032334D3030353635            
27/01/25 10:22:35 0133 1                  44.891142 8.854728 00 00 3231303032334D3034373637            
27/01/25 10:22:46 0134 1                  44.891133 8.854743 00 00 3231303032334D3032303835            
27/01/25 10:22:48 0135 1                  44.891132 8.854745 00 00 3231303032334D3034373335            
27/01/25 10:23:43 0136 1                  44.890958 8.854710 00 00 3231303032334D3034373137            
27/01/25 10:23:48 0137 1                  44.890952 8.854697 00 00 3231303032334D3034373136            
27/01/25 10:24:41 0138 1                  44.890738 8.854713 00 00 3231303032334D3034363632            
27/01/25 10:26:36 0139 1                  44.890392 8.854670 00 00 3231303032334D3032313434            
27/01/25 10:27:42 0140 1                  44.890382 8.854690 00 00 3231303032334D3034363634            
27/01/25 10:29:32 0141 1                  44.889930 8.854685 00 00 3231303234304A3032373930            
