03/03/25 05:28:05 0000 s 01509ver01 44.792517 8.739305 00 00
03/03/25 05:58:42 0001 1                  44.729605 8.850787 00 00 313931313030503030323632            
03/03/25 05:59:56 0002 1                  44.729525 8.850763 00 00 313931313030503030333030            
03/03/25 06:05:08 0003 1                  44.723362 8.857648 00 00 3234303132304A3031303730            
03/03/25 06:07:13 0004 1                  44.722363 8.858300 00 00 31383033304D303034323431            
03/03/25 06:07:20 0005 1                  44.722338 8.858303 00 00 31383033304D303034303039            
03/03/25 06:08:13 0006 1                  44.722070 8.858453 00 00 31383132304A303230343135            
03/03/25 06:08:36 0007 1                  44.722093 8.858503 00 00 3233303234304A3030353439            
03/03/25 06:09:31 0008 1                  44.721858 8.858460 00 00 31383033304D303034373436            
03/03/25 06:09:44 0009 1                  44.721788 8.858528 00 00 3233303033304D3030343339            
03/03/25 06:09:51 0010 1                  44.721767 8.858550 00 00 31383033304D303034323438            
03/03/25 06:11:34 0011 1                  44.721482 8.858622 00 00 555338334D84923100230109            
03/03/25 06:11:51 0012 1                  44.721502 8.858635 00 00 31383132304A303230313334            
03/03/25 06:11:51 0013 1                  44.721502 8.858635 00 00 31383132304A303230313334            
03/03/25 06:12:12 0014 1                  44.721488 8.858623 00 00 31383132304A303230313036            
03/03/25 06:12:58 0015 1                  44.721505 8.858650 00 00 3234303132304A3033303936            
03/03/25 06:14:16 0016 1                  44.721573 8.858658 00 00 3231303033304D3032353432            
03/03/25 06:15:44 0017 1                  44.721288 8.858638 00 00 3233303033304D3030343933            
03/03/25 06:16:12 0018 1                  44.721262 8.858655 00 00 31383033304D303033333136            
03/03/25 06:16:17 0019 1                  44.721252 8.858652 00 00 31383033304D303034303634            
03/03/25 06:16:30 0020 1                  44.721213 8.858623 00 00 31383033304D303033363735            
03/03/25 06:17:56 0021 1                  44.721208 8.858622 00 00 31383033304D303034303931            
03/03/25 06:18:37 0022 1                  44.721242 8.858597 00 00 3230303033304D3038373834            
03/03/25 06:20:34 0023 1                  44.720383 8.858903 00 00 31383033304D303033343439            
03/03/25 06:21:24 0024 1                  44.720120 8.858968 00 00 313931323045303630323436            
03/03/25 06:21:52 0025 1                  44.720110 8.858988 00 00 3234303033304D3030343537            
03/03/25 06:21:56 0026 1                  44.720107 8.858993 00 00 31383033304D303033353438            
03/03/25 06:22:01 0027 1                  44.720103 8.858998 00 00 3230303033304D3038313730            
03/03/25 06:23:23 0028 1                  44.718602 8.859423 00 00 31383033304D303033343637            
03/03/25 06:33:30 0029 1                  44.722853 8.858957 00 00 31383033304D303034363838            
03/03/25 06:34:47 0030 1                  44.723217 8.858538 00 00 3234303132304A3030393130            
03/03/25 06:47:45 0031 1                  44.715117 8.866752 00 00 31383132304A303139373937            
03/03/25 06:48:48 0032 1                  44.715335 8.866732 00 00 31383132304A303139313334            
03/03/25 06:50:48 0033 1                  44.717135 8.866223 00 00 31383132304A303236343932            
03/03/25 06:51:46 0034 1                  44.717997 8.865625 00 00 31383132304A303138393039            
03/03/25 06:53:53 0035 1                  44.719377 8.866010 00 00 31383132304A303138393336            
03/03/25 06:53:56 0036 1                  44.719382 8.866012 00 00 303ACA4983864C9C5F24744C            
03/03/25 06:54:06 0037 1                  44.719400 8.866017 00 00 31383132304A303139343031            
03/03/25 06:54:09 0038 1                  44.719402 8.866018 00 00 31383132304A303139343031            
03/03/25 06:54:32 0039 1                  44.719417 8.866015 00 00 31383132304A303139343030            
03/03/25 06:58:00 0040 1                  44.720442 8.867040 00 00 313931313030503030323332            
03/03/25 06:58:44 0041 1                  44.720495 8.867073 00 00 303ACB034291EC9C7F81B5DC            
03/03/25 06:59:41 0042 1                  44.721023 8.867033 00 00 313931313030503030323330            
03/03/25 06:59:55 0043 1                  44.721033 8.867025 00 00 300ED89F3350005FE2D3CD40            
03/03/25 07:01:12 0044 1                  44.721042 8.866808 00 00 313931313030503030313936            
03/03/25 07:01:52 0045 1                  44.721020 8.866798 00 00 313931313030503030323331            
03/03/25 07:03:04 0046 1                  44.720893 8.866747 00 00 313931313030503030313135            
03/03/25 07:10:05 0047 1                  44.722132 8.865113 00 00 31383132304A303139363530            
03/03/25 07:10:05 0048 1                  44.722132 8.865113 00 00 31383132304A303539363531            
03/03/25 07:10:43 0049 1                  44.722133 8.865123 00 00 31383132304A303139313335            
03/03/25 07:11:27 0050 1                  44.721993 8.865012 00 00 31383132304A303231383336            
03/03/25 07:11:29 0051 1                  44.721992 8.865012 00 00 31383132304A303231383336            
03/03/25 07:12:34 0052 1                  44.721557 8.864712 00 00 31383132304A303139363437            
03/03/25 07:13:00 0053 1                  44.721548 8.864710 00 00 313931323050303031323132            
03/03/25 07:13:04 0054 1                  44.721550 8.864708 00 00 3233303132304A3030363037            
03/03/25 07:13:42 0055 1                  44.721545 8.864670 00 00 31383132304A303231383339            
03/03/25 07:14:56 0056 1                  44.721407 8.864622 00 00 31383132304A303138363536            
03/03/25 07:16:25 0057 1                  44.720968 8.864307 00 00 31383132304A303231343834            
03/03/25 07:17:44 0058 1                  44.720782 8.864065 00 00 313831323045303230313931            
03/03/25 07:17:58 0059 1                  44.720778 8.864052 00 00 31383132304A303138373134            
03/03/25 07:18:30 0060 1                  44.720768 8.864033 00 00 31383132304A303139373333            
03/03/25 07:18:55 0061 1                  44.720748 8.864038 00 00 313832343045303034303330            
03/03/25 07:20:24 0062 1                  44.720455 8.864000 00 00 31383132304A303231343830            
03/03/25 07:20:59 0063 1                  44.720475 8.864018 00 00 317931323050303030333431            
03/03/25 07:21:00 0064 1                  44.720475 8.864018 00 00 31383132304A303231343833            
03/03/25 07:21:42 0065 1                  44.720468 8.864007 00 00 31383033304D303034373831            
03/03/25 07:23:06 0066 1                  44.720370 8.863647 00 00 31383033304D303033333932            
03/03/25 07:24:22 0067 1                  44.720742 8.862967 00 00 31383132304A303230363034            
03/03/25 07:26:10 0068 1                  44.721177 8.862963 00 00 313931323050303031323932            
03/03/25 07:26:40 0069 1                  44.721207 8.862973 00 00 31383132304A303139333931            
03/03/25 07:28:50 0070 1                  44.720180 8.863597 00 00 313932343045303030373135            
03/03/25 07:28:50 0071 1                  44.720180 8.863597 00 00 313932343045303030363235            
03/03/25 07:31:18 0072 1                  44.720048 8.864335 00 00 3034F83700212FCAB41DCB10            
03/03/25 07:31:18 0073 1                  44.720048 8.864335 00 00 313931313030503030313638            
03/03/25 07:31:20 0074 1                  44.720050 8.864335 00 00 3034F83700299D0AB41DE64E            
03/03/25 07:31:20 0075 1                  44.720050 8.864335 00 00 3034F848D811BCCAB41DBC19            
03/03/25 07:32:26 0076 1                  44.719730 8.864018 00 00 31383132304A303139303938            
03/03/25 07:34:07 0077 1                  44.719345 8.864710 00 00 313931313030503030323636            
03/03/25 07:37:43 0078 1                  44.719257 8.864187 00 00 31383132304A303139393430            
03/03/25 07:38:52 0079 1                  44.718905 8.864265 00 00 31383132304A303138383732            
03/03/25 07:39:01 0080 1                  44.718902 8.864262 00 00 313931323050303032303534            
03/03/25 07:40:49 0081 1                  44.718575 8.864260 00 00 313931313030503030313432            
03/03/25 07:42:04 0082 1                  44.718373 8.864193 00 00 31383132304A303139333639            
03/03/25 07:42:53 0083 1                  44.718235 8.864142 00 00 31383132304A303230373433            
03/03/25 07:43:40 0084 1                  44.718075 8.864158 00 00 313931323050303039307030            
03/03/25 07:45:06 0085 1                  44.714055 8.863987 00 00 31383132304A303139333638            
03/03/25 07:51:11 0086 1                  44.712047 8.867240 00 00 313931313030503030313435            
03/03/25 07:51:26 0087 1                  44.712035 8.867243 00 00 300ED89F3350005FE2D3CD40            
03/03/25 07:53:19 0088 1                  44.712970 8.868510 00 00 31383132304A303230313035            
03/03/25 07:54:19 0089 1                  44.712442 8.869212 00 00 31383132304A303139313638            
03/03/25 07:58:07 0090 1                  44.711677 8.872438 00 00 313931313030503030333137            
03/03/25 08:02:05 0091 1                  44.711635 8.870707 00 00 31383132304A303139333432            
03/03/25 08:18:59 0092 1                  44.730987 8.850120 00 00 313931313030503030323639            
03/03/25 08:22:44 0093 1                  44.731055 8.849383 00 00 E200470595406426989C010D            
03/03/25 08:22:45 0094 1                  44.731053 8.849387 00 00 3231313130304A3031373331            
03/03/25 08:27:21 0095 1                  44.731747 8.848272 00 00 313931323050303133303632            
03/03/25 08:27:21 0096 1                  44.731747 8.848272 00 00 313931323050303037343830            
03/03/25 08:30:42 0097 1                  44.736920 8.845172 00 00 313931313030503030303936            
03/03/25 08:33:29 0098 1                  44.737375 8.846613 00 00 31383132304A303139393638            
03/03/25 08:36:08 0099 1                  44.738610 8.853538 00 00 31383132304A303236383437            
03/03/25 08:38:00 0100 1                  44.736527 8.853333 00 00 313931323050303132393332            
03/03/25 08:38:08 0101 1                  44.736527 8.853323 00 00 31383132304A303236383835            
03/03/25 08:40:19 0102 1                  44.739155 8.852917 00 00 31383132304A303139383730            
03/03/25 08:43:49 0103 1                  44.735967 8.847650 00 00 313931313030503030333230            
03/03/25 08:46:30 0104 1                  44.732300 8.851763 00 00 313932343045303030373530            
03/03/25 08:49:18 0105 1                  44.730113 8.854688 00 00 313931313030503030333430            
03/03/25 08:51:08 0106 1                  44.730930 8.854745 00 00 313931313030503030303831            
03/03/25 08:51:48 0107 1                  44.730932 8.854748 00 00 313931313030503030323235            
03/03/25 08:52:33 0108 1                  44.730952 8.854738 00 00 3234313130304A3030333131            
03/03/25 08:53:20 0109 1                  44.730955 8.854722 00 00 313931313030503030323237            
03/03/25 08:54:11 0110 1                  44.730940 8.854727 00 00 313931313030503030303832            
03/03/25 08:55:11 0111 1                  44.730935 8.854718 00 00 3234313130304A3030333130            
03/03/25 08:56:19 0112 1                  44.730945 8.854710 00 00 313931313030503030323236            
03/03/25 08:58:00 0113 1                  44.730793 8.854037 00 00 313931313030503030313532            
03/03/25 09:00:23 0114 1                  44.734422 8.853112 00 00 313931323050303039333330            
03/03/25 09:00:24 0115 1                  44.734423 8.853112 00 00 313931323050303039313637            
03/03/25 09:04:51 0116 1                  44.732810 8.851558 00 00 31383132304A303235383033            
03/03/25 09:08:09 0117 1                  44.741845 8.846635 00 00 3230313130304A3030343034            
03/03/25 09:10:42 0118 1                  44.745435 8.847203 00 00 313931323050303039383333            
03/03/25 09:13:24 0119 1                  44.745985 8.849207 00 00 313931323050303131343834            
03/03/25 09:17:03 0120 1                  44.748892 8.848462 00 00 3233313130304A3030313838            
03/03/25 09:18:08 0121 1                  44.748892 8.848455 00 00 3232313130304A3030333339            
03/03/25 09:20:19 0122 1                  44.747930 8.846517 00 00 313931313030503030313434            
03/03/25 09:21:47 0123 1                  44.747365 8.846328 00 00 3234303132304A3033323936            
03/03/25 09:23:32 0124 1                  44.747825 8.845153 00 00 3231303234304A3034363832            
03/03/25 09:25:47 0125 1                  44.746708 8.847435 00 00 31383132304A303236323731            
03/03/25 09:27:37 0126 1                  44.745618 8.846967 00 00 313931313030503030313836            
03/03/25 09:28:26 0127 1                  44.745598 8.846967 00 00 3233313130304A3030313731            
03/03/25 09:31:42 0128 1                  44.744382 8.844863 00 00 31383132304A303234373136            
03/03/25 09:44:05 0129 1                  44.755288 8.844228 00 00 313931313030503030323634            
03/03/25 09:55:10 0130 1                  44.753218 8.845778 00 00 313931313030503030313931            
03/03/25 09:56:20 0131 1                  44.753205 8.845765 00 00 3231313130304A3030323432            
03/03/25 10:00:16 0132 1                  44.752488 8.845763 00 00 313931313030503030313933            
03/03/25 10:01:31 0133 1                  44.752517 8.845770 00 00 31393131303050B030313930            
03/03/25 10:02:22 0134 1                  44.752620 8.845772 00 00 313931313030503030313932            
03/03/25 10:12:30 0135 1                  44.741478 8.844413 00 00 3233303132304A3030373339            
03/03/25 10:15:11 0136 1                  44.741475 8.843955 00 00 313832343045303034303438            
03/03/25 10:19:54 0137 1                  44.744455 8.840055 00 00 3232313130304A3030333230            
03/03/25 10:21:36 0138 1                  44.744783 8.839112 00 00 31383132304A303236363835            
03/03/25 10:22:48 0139 1                  44.744555 8.836157 00 00 313931323050303038323036            
03/03/25 10:24:23 0140 1                  44.743643 8.836828 00 00 323031313030503030333033            
03/03/25 10:24:59 0141 1                  44.743638 8.836818 00 00 3232313130304A3030303937            
03/03/25 10:30:56 0142 1                  44.732672 8.845993 00 00 313932343045303030373132            
03/03/25 10:33:46 0143 1                  44.730645 8.849973 00 00 313832343045303034303530            
03/03/25 11:42:21 0000 s 01509ver01 44.792913 8.739720 00 00
03/03/25 11:55:09 0000 s 01509ver01 44.792585 8.739345 00 00
