03/03/25 04:49:43 0000 s 01497ver01 44.882148 8.859798 00 00
03/03/25 05:38:33 0001 1                  44.890927 8.860975 00 00 313931323050303132343134            
03/03/25 05:38:34 0002 1                  44.890935 8.860973 00 00 3231303132304A3032343938            
03/03/25 05:38:36 0003 1                  44.890945 8.860973 00 00 30396062435B60C0000A1630            
03/03/25 05:40:04 0004 1                  44.890935 8.861080 00 00 3230303033304D3037363038            
03/03/25 05:40:54 0005 1                  44.890852 8.861043 00 00 3231303132304A3032303337            
03/03/25 05:42:20 0006 1                  44.890667 8.861390 00 00 3234303132304A3031393738            
03/03/25 05:42:23 0007 1                  44.890662 8.861393 00 00 303ACB034314041C8803C14E            
03/03/25 05:43:52 0008 1                  44.890725 8.861827 00 00 3232303132304A3030313939            
03/03/25 05:43:52 0009 1                  44.890725 8.861827 00 00 3231303132304A3033383339            
03/03/25 05:45:28 0010 1                  44.890662 8.861930 00 00 3231303132304A3033353037            
03/03/25 05:45:32 0011 1                  44.890653 8.861927 00 00 3035EA59441865000600415C            
03/03/25 05:45:36 0012 1                  44.890633 8.861927 00 00 313931323053303038353931            
03/03/25 05:46:10 0013 1                  44.890600 8.861937 00 00 3230303033304D3035373539            
03/03/25 05:46:19 0014 1                  44.890612 8.861940 00 00 3230303033304D3036303130            
03/03/25 05:47:41 0015 1                  44.890472 8.863053 00 00 3231303033304D3035303631            
03/03/25 05:47:54 0016 1                  44.890465 8.863075 00 00 3231303033304D3030323630            
03/03/25 05:49:36 0017 1                  44.890250 8.864175 00 00 3230303033304D3036353238            
03/03/25 05:50:08 0018 1                  44.890197 8.864188 00 00 3233303132304A3030313433            
03/03/25 05:50:08 0019 1                  44.890197 8.864188 00 00 313931323053303038303432            
03/03/25 05:51:18 0020 1                  44.890215 8.864188 00 00 313931323053303035373433            
03/03/25 05:53:03 0021 1                  44.890772 8.864843 00 00 3231303132304A3031323338            
03/03/25 05:53:05 0022 1                  44.890767 8.864845 00 00 3035EB8ADC55B0C00400577E            
03/03/25 05:54:09 0023 1                  44.891257 8.864932 00 00 3230303033304D3038353631            
03/03/25 05:54:14 0024 1                  44.891262 8.864933 00 00 3230303033304D3035363735            
03/03/25 05:54:39 0025 1                  44.891278 8.864927 00 00 313931323053303031303735            
03/03/25 05:56:34 0026 1                  44.891800 8.864363 00 00 3234303033304D3031383439            
03/03/25 05:57:51 0027 1                  44.891490 8.865613 00 00 3231303032334D3033373634            
03/03/25 06:00:58 0028 1                  44.891065 8.866517 00 00 3231313130304A3030333434            
03/03/25 06:01:41 0029 1                  44.891025 8.866477 00 00 3231313530304A3030333433            
03/03/25 06:02:27 0030 1                  44.891068 8.866528 00 00 3231313130304A3030383939            
03/03/25 06:03:23 0031 1                  44.891002 8.866517 00 00 3231313130304A3030333638            
03/03/25 06:04:32 0032 1                  44.891090 8.866558 00 00 3231313130304A3030333636            
03/03/25 06:06:05 0033 1                  44.891128 8.866565 00 00 3231313130304A3030333637            
03/03/25 06:08:15 0034 1                  44.890840 8.866072 00 00 3231303132304A3033333830            
03/03/25 06:09:47 0035 1                  44.890402 8.865978 00 00 3231313130304A3030393437            
03/03/25 06:12:10 0036 1                  44.891772 8.865022 00 00 3234303033304D3030383935            
03/03/25 06:12:32 0037 1                  44.891792 8.865048 00 00 3231303132304A3031373032            
03/03/25 06:13:22 0038 1                  44.891887 8.865083 00 00 000000000000000016620670            
03/03/25 06:13:57 0039 1                  44.891992 8.865027 00 00 3234303132304A3031353631            
03/03/25 06:13:57 0040 1                  44.891997 8.865027 00 00 3234303132304A3032363538            
03/03/25 06:15:57 0041 1                  44.892112 8.865267 00 00 3234303033304D3031373132            
03/03/25 06:16:23 0042 1                  44.892103 8.865282 00 00 3231303132304A3033343339            
03/03/25 06:16:25 0043 1                  44.892103 8.865280 00 00 00B07A15004858EF8200178B            
03/03/25 06:17:08 0044 1                  44.892172 8.865263 00 00 3234303033304D3030383633            
03/03/25 06:18:44 0045 1                  44.892363 8.865268 00 00 3231303132304A3034333537            
03/03/25 06:18:44 0046 1                  44.892363 8.865268 00 00 3231303132304A3032383832            
03/03/25 06:19:19 0047 1                  44.892417 8.865280 00 00 3231303033304D3030303331            
03/03/25 06:19:23 0048 1                  44.892410 8.865278 00 00 3234303033304D3030373632            
03/03/25 06:20:10 0049 1                  44.892405 8.865313 00 00 3231313130304A3030383531            
03/03/25 06:20:13 0050 1                  44.892402 8.865312 00 00 E4015369021003003B9AD598            
03/03/25 06:21:35 0051 1                  44.892860 8.865263 00 00 3234303132304A3032353730            
03/03/25 06:25:03 0052 1                  44.891930 8.862945 00 00 3231313130304A3030383532            
03/03/25 06:25:04 0053 1                  44.891930 8.862943 00 00 303ACB03438867DC8FEC2028            
03/03/25 06:26:53 0054 1                  44.891283 8.862798 00 00 3231303132304A3031303036            
03/03/25 06:27:30 0055 1                  44.891273 8.862810 00 00 3232303132304A3030343939            
03/03/25 06:30:05 0056 1                  44.891210 8.861708 00 00 3230303033304D3037373331            
03/03/25 06:30:12 0057 1                  44.891210 8.861710 00 00 31383033304D303031343835            
03/03/25 06:30:21 0058 1                  44.891205 8.861712 00 00 3231303033304D3034363037            
03/03/25 06:30:48 0059 1                  44.891185 8.861690 00 00 3230303033304D3037303235            
03/03/25 06:31:30 0060 1                  44.891152 8.861690 00 00 313931313030533030323233            
03/03/25 06:32:53 0061 1                  44.891133 8.862117 00 00 3231303132304A3030393236            
03/03/25 06:33:50 0062 1                  44.891097 8.862300 00 00 3230303033304D3036343135            
03/03/25 06:34:10 0063 1                  44.891115 8.862317 00 00 3230303033304D3036343133            
03/03/25 06:34:58 0064 1                  44.891032 8.862528 00 00 3035EB5FA04545880005404D            
03/03/25 06:34:58 0065 1                  44.891032 8.862528 00 00 3035EBE314178F88000A2C93            
03/03/25 06:34:59 0066 1                  44.891032 8.862528 00 00 3231303033304D3034333733            
03/03/25 06:35:00 0067 1                  44.891030 8.862527 00 00 3035EBE314178F88000A296F            
03/03/25 06:37:50 0068 1                  44.892717 8.866207 00 00 3231303033304D3035313939            
03/03/25 06:39:11 0069 1                  44.891873 8.867845 00 00 3231303132304A3032343137            
03/03/25 06:40:46 0070 1                  44.892788 8.867805 00 00 3234303132304A3032363935            
03/03/25 06:42:18 0071 1                  44.892082 8.869305 00 00 3231303132304A3030363138            
03/03/25 06:43:39 0072 1                  44.892587 8.869210 00 00 3231303132304A3035353539            
03/03/25 06:43:40 0073 1                  44.892587 8.869212 00 00 30396061C0ADB98000002F6C            
03/03/25 06:45:59 0074 1                  44.889133 8.872062 00 00 3231303132304A3032343532            
03/03/25 06:48:38 0075 1                  44.885025 8.880873 00 00 313931323053303038343634            
03/03/25 06:51:49 0076 1                  44.886748 8.875305 00 00 3231303132304A3033383333            
03/03/25 06:51:50 0077 1                  44.886748 8.875305 00 00 313931323053303033353630            
03/03/25 06:54:58 0078 1                  44.891082 8.871405 00 00 3231303132304A3031373435            
03/03/25 06:54:58 0079 1                  44.891082 8.871405 00 00 3231303132304A3030363036            
03/03/25 06:59:51 0080 1                  44.893407 8.866002 00 00 3233303132304A3030393932            
03/03/25 07:01:32 0081 1                  44.893145 8.865722 00 00 3231303132304A3030303035            
03/03/25 07:01:32 0082 1                  44.893145 8.865722 00 00 3231303132304A3031323332            
03/03/25 07:07:35 0083 1                  44.892593 8.872935 00 00 3231303132304A3030383836            
03/03/25 07:09:26 0084 1                  44.892300 8.871692 00 00 313931323053303137343437            
03/03/25 07:09:26 0085 1                  44.892300 8.871692 00 00 3231303132304A3031303034            
03/03/25 07:10:27 0086 1                  44.892260 8.871720 00 00 3231303234304A3030313436            
03/03/25 07:10:27 0087 1                  44.892257 8.871720 00 00 3231303132304A3036343030            
03/03/25 07:10:29 0088 1                  44.892257 8.871720 00 00 3039606303BD88C000202CB1            
03/03/25 07:10:29 0089 1                  44.892258 8.871718 00 00 30396061C070B480000012BE            
03/03/25 07:10:46 0090 1                  44.892273 8.871710 00 00 3039606303C1A1000043D5D0            
03/03/25 07:11:42 0091 1                  44.892272 8.871688 00 00 3231313130304A3030383031            
03/03/25 07:16:18 0092 1                  44.893200 8.866427 00 00 3231313130304A3030333339            
03/03/25 07:17:08 0093 1                  44.893203 8.866455 00 00 3231313130304A3030333430            
03/03/25 07:18:02 0094 1                  44.893198 8.866442 00 00 3231313130304A3031393333            
03/03/25 07:18:15 0095 1                  44.893200 8.866447 00 00 30340C1A7C38BB84E3B2959E            
03/03/25 08:14:44 0000 s 01497ver01 44.882537 8.860168 00 00
03/03/25 08:25:57 0096 1                  44.890748 8.873598 00 00 3233303033304D3030353836            
03/03/25 08:27:31 0097 1                  44.891923 8.873778 00 00 3231303132304A3033333139            
03/03/25 08:27:31 0098 1                  44.891923 8.873778 00 00 3231303132304A3032373535            
03/03/25 08:30:17 0099 1                  44.895085 8.871098 00 00 3231303132304A3034383934            
03/03/25 08:30:17 0100 1                  44.895085 8.871098 00 00 3034F836FC57820AB41DCCE4            
03/03/25 08:32:12 0101 1                  44.896018 8.870312 00 00 3231303132304A3031383135            
03/03/25 08:32:14 0102 1                  44.896017 8.870313 00 00 303549A914584D4CCE416B67            
03/03/25 08:34:08 0103 1                  44.895857 8.871328 00 00 3231303132304A3031353830            
03/03/25 08:34:09 0104 1                  44.895857 8.871328 00 00 3231303132304A3031383833            
03/03/25 08:34:11 0105 1                  44.895857 8.871328 00 00 303ACB0343B1431C931BC479            
03/03/25 08:34:14 0106 1                  44.895855 8.871332 00 00 303ACB034347A3D9D8B65B3F            
03/03/25 08:36:26 0000 s 01497ver01 0 0 00 00
03/03/25 08:36:59 0107 1                  44.896698 8.872795 00 00 3231303132304A3033313333            
03/03/25 08:38:56 0108 1                  44.896342 8.873338 00 00 3231303132304A3032303834            
03/03/25 08:38:56 0109 1                  44.896342 8.873338 00 00 3231303132304A3033313331            
03/03/25 08:40:11 0110 1                  44.895753 8.873807 00 00 3231303132304A3031343832            
03/03/25 08:42:00 0000 s 01497ver01 0 0 00 00
03/03/25 08:42:33 0111 1                  44.893948 8.874003 00 00 30395DFA8321310151527E55            
03/03/25 08:46:02 0112 1                  44.893128 8.875193 00 00 3231303132304A3030393830            
03/03/25 08:48:24 0113 1                  44.894038 8.874512 00 00 3231303132304A3031363234            
03/03/25 08:52:30 0114 1                  44.894955 8.874473 00 00 3231303132304A3031363738            
03/03/25 08:52:32 0115 1                  44.894955 8.874473 00 00 3231303132304A3031353833            
03/03/25 08:54:03 0116 1                  44.894408 8.875275 00 00 3231303132304A3030303430            
03/03/25 08:54:03 0117 1                  44.894408 8.875275 00 00 3231303132304A3031353834            
03/03/25 08:55:24 0118 1                  44.894070 8.876053 00 00 3231303132304A3033353834            
03/03/25 09:09:12 0119 1                  44.888307 8.860637 00 00 3231313130304A3030383733            
03/03/25 09:10:28 0120 1                  44.888285 8.860645 00 00 3231313130304A3030383731            
03/03/25 09:11:51 0121 1                  44.888310 8.860650 00 00 3231313130304A3030393238            
03/03/25 09:13:34 0122 1                  44.888315 8.860690 00 00 999999020011100192369000            
03/03/25 09:48:55 0000 s 01497ver01 44.901680 8.872938 00 00
03/03/25 14:36:56 0000 s 01497ver01 44.882295 8.859827 00 00
03/03/25 14:47:09 0123 1                  44.894988 8.849632 00 00 000000000000000014422755            
03/03/25 14:51:39 0124 1                  44.907602 8.832208 00 00 313831323045303234363134            
03/03/25 14:53:19 0125 1                  44.906688 8.835138 00 00 313831323045303235353537            
03/03/25 14:54:31 0126 1                  44.906555 8.836298 00 00 323031313030503030313738            
03/03/25 14:58:39 0127 1                  44.904338 8.834153 00 00 313831323045303235343931            
03/03/25 14:58:41 0128 1                  44.904338 8.834152 00 00 313831323045303235373635            
03/03/25 15:01:02 0129 1                  44.903757 8.831430 00 00 313931323050303035343634            
03/03/25 15:04:35 0130 1                  44.904622 8.814328 00 00 313831323045303231363038            
03/03/25 15:04:36 0131 1                  44.904617 8.814328 00 00 313831323045303235303034            
03/03/25 15:09:03 0132 1                  44.903948 8.837628 00 00 323031313030503030303031            
03/03/25 15:13:33 0133 1                  44.895113 8.842735 00 00 313931323045303630333230            
03/03/25 15:15:11 0134 1                  44.894828 8.841005 00 00 313831323045303230323136            
03/03/25 15:15:12 0135 1                  44.894828 8.841003 00 00 3234303132304A3030393637            
03/03/25 15:16:19 0136 1                  44.894813 8.840807 00 00 313932343050303030333836            
03/03/25 15:17:41 0137 1                  44.894842 8.840010 00 00 313932343050303030343530            
03/03/25 15:19:43 0138 1                  44.894758 8.836510 00 00 323031313030503030323030            
03/03/25 15:21:12 0139 1                  44.894620 8.835633 00 00 313831323045303230303032            
03/03/25 15:23:09 0140 1                  44.895043 8.834945 00 00 3315E850C00000800021E331            
03/03/25 15:23:12 0141 1                  44.895045 8.834948 00 00 315625D678B41E6A51000000            
03/03/25 15:23:15 0142 1                  44.895050 8.834955 00 00 311625D678B437EC01000000            
03/03/25 15:23:15 0143 1                  44.895050 8.834955 00 00 3231313130304A3031323937            
03/03/25 15:27:43 0144 1                  44.894790 8.828737 00 00 313931323045303630313433            
03/03/25 15:27:43 0145 1                  44.894790 8.828737 00 00 313931323045303630313433            
03/03/25 15:30:09 0146 1                  44.894565 8.830160 00 00 323031313030503030323336            
03/03/25 15:31:52 0147 1                  44.894373 8.828672 00 00 313831323045303234303334            
03/03/25 15:32:47 0148 1                  44.894372 8.829022 00 00 313831323045303235323434            
03/03/25 15:34:46 0149 1                  44.894522 8.827315 00 00 313831323045303235393433            
03/03/25 15:34:47 0150 1                  44.894522 8.827315 00 00 303B12C4C22EA4C000007ACD            
03/03/25 15:37:36 0151 1                  44.894435 8.822407 00 00 313831323045303235333134            
03/03/25 15:44:20 0152 1                  44.894337 8.825867 00 00 313831323045303235393033            
03/03/25 15:45:55 0153 1                  44.894380 8.827100 00 00 313831323045303235383031            
03/03/25 15:47:02 0154 1                  44.894365 8.827578 00 00 313831323045303275363630            
03/03/25 15:48:01 0155 1                  44.894365 8.827828 00 00 313931323050303033353834            
03/03/25 15:49:07 0156 1                  44.894358 8.828072 00 00 313831323045303235383334            
03/03/25 15:49:07 0157 1                  44.894358 8.828072 00 00 313831323045303138373836            
03/03/25 15:51:36 0158 1                  44.893745 8.833742 00 00 323031313030503030323430            
03/03/25 15:53:15 0159 1                  44.894447 8.836658 00 00 313931323045303630333234            
03/03/25 15:53:15 0160 1                  44.894447 8.836658 00 00 313931323045303630333236            
03/03/25 15:55:09 0161 1                  44.894370 8.837290 00 00 313932343050303030333234            
03/03/25 16:28:34 0000 s 01497ver01 44.882458 8.860303 00 00
03/03/25 16:29:07 0000 s 01497ver01 44.882315 8.859947 00 00
