04/11/25 10:17:41 0000 s 01508ver01 44.779018 8.755902 00 00
04/11/25 10:48:40 0001 1                  44.788478 8.625370 00 00 313831323045303138353439            
04/11/25 10:53:00 0002 1                  44.789112 8.629095 00 00 313831323045303232393631            
04/11/25 10:54:25 0003 1                  44.788528 8.630210 00 00 313931323050303037353434            
04/11/25 10:55:57 0004 1                  44.789095 8.630182 00 00 313931323050303037343536            
04/11/25 10:56:26 0005 1                  44.789198 8.630627 00 00 313931323050303035323834            
04/11/25 10:56:51 0006 1                  44.789225 8.630617 00 00 300ED89F3350014A1E0B8DCF            
04/11/25 11:08:44 0007 1                  44.804578 8.620855 00 00 313831323045303234353438            
04/11/25 11:10:28 0008 1                  44.804067 8.618800 00 00 313931323045303630303039            
04/11/25 11:12:08 0009 1                  44.809483 8.615512 00 00 313831323045303139363130            
04/11/25 11:14:36 0010 1                  44.814093 8.617043 00 00 313831323045303235323435            
04/11/25 11:17:24 0011 1                  44.818388 8.610730 00 00 313831323045303234313732            
04/11/25 11:19:25 0012 1                  44.822653 8.604638 00 00 313931323050303032373339            
04/11/25 11:25:34 0013 1                  44.829707 8.594647 00 00 313831323045303231333138            
04/11/25 11:27:55 0014 1                  44.836942 8.588657 00 00 313931323050303031303137            
04/11/25 11:31:05 0015 1                  44.841593 8.583585 00 00 313831323045303232333738            
04/11/25 11:32:06 0016 1                  44.841357 8.583477 00 00 313831323045303233383334            
04/11/25 11:34:44 0017 1                  44.839918 8.579665 00 00 313831323045303235363830            
04/11/25 11:35:37 0018 1                  44.839700 8.579767 00 00 313831323045303230333439            
04/11/25 11:35:37 0019 1                  44.839700 8.579767 00 00 313831323045303230333439            
04/11/25 11:36:30 0020 1                  44.839482 8.579875 00 00 313931323050303037373030            
04/11/25 11:37:34 0021 1                  44.839332 8.580032 00 00 313831323045303232343339            
04/11/25 11:38:43 0022 1                  44.839252 8.580017 00 00 313831323045303232313436            
04/11/25 11:39:42 0023 1                  44.839187 8.579615 00 00 313831323045303232343130            
04/11/25 11:41:09 0024 1                  44.838940 8.579755 00 00 313831323045303230343735            
04/11/25 11:42:47 0025 1                  44.838997 8.580307 00 00 313831323045303230333437            
04/11/25 11:42:59 0026 1                  44.839002 8.580312 00 00 31383132304530B230393933            
04/11/25 11:44:48 0027 1                  44.838847 8.580408 00 00 313831323045303234383237            
04/11/25 11:45:17 0028 1                  44.838517 8.580217 00 00 313931323050303031343432            
04/11/25 11:48:02 0029 1                  44.838592 8.579772 00 00 313831323045303232333834            
04/11/25 11:49:08 0030 1                  44.838410 8.579527 00 00 313831323045303233353734            
04/11/25 11:49:14 0031 1                  44.838408 8.579520 00 00 313831323045303236363132            
04/11/25 11:49:26 0032 1                  44.838402 8.579517 00 00 313831323045303233383838            
04/11/25 11:51:34 0033 1                  44.839632 8.578758 00 00 313831323045303230373735            
04/11/25 11:52:09 0034 1                  44.839633 8.578763 00 00 313831323045303230343830            
04/11/25 11:53:16 0035 1                  44.840245 8.576867 00 00 313831323045303232343138            
04/11/25 11:54:13 0036 1                  44.840047 8.576792 00 00 313831323045303232343336            
04/11/25 11:54:13 0037 1                  44.840047 8.576792 00 00 313831323045303233393034            
04/11/25 11:54:40 0038 1                  44.840060 8.576832 00 00 313831323045303232353834            
04/11/25 11:55:19 0039 1                  44.839973 8.576820 00 00 313831323045303232353937            
04/11/25 11:56:19 0040 1                  44.839837 8.576922 00 00 313831323045303230373734            
04/11/25 11:56:22 0041 1                  44.839835 8.576923 00 00 300ED89F3350014A1E0B8DCF            
04/11/25 12:03:32 0042 1                  44.839575 8.576302 00 00 313831323045303232313532            
04/11/25 12:04:22 0043 1                  44.839562 8.576118 00 00 313831323045303232353931            
04/11/25 12:05:15 0044 1                  44.839582 8.575897 00 00 313831323045303234323138            
04/11/25 12:05:59 0045 1                  44.839107 8.576377 00 00 3234303132304A3030333531            
04/11/25 12:07:04 0046 1                  44.838672 8.576362 00 00 313831323045303232353935            
04/11/25 12:09:05 0047 1                  44.840812 8.577428 00 00 3234303132304A3030393931            
04/11/25 12:09:30 0048 1                  44.840923 8.577532 00 00 313831323045303232343536            
04/11/25 12:10:01 0049 1                  44.841010 8.577570 00 00 313931323045303630333034            
04/11/25 12:10:05 0050 1                  44.841012 8.577568 00 00 313831323045303232343532            
04/11/25 12:12:00 0051 1                  44.841377 8.577243 00 00 313831323045303232333538            
04/11/25 12:12:21 0052 1                  44.841385 8.577232 00 00 3234303132304A3031303133            
04/11/25 12:13:58 0053 1                  44.841527 8.577757 00 00 E20000166610017212609836            
04/11/25 12:15:30 0054 1                  44.841797 8.577902 00 00 31383032334D303134333134            
04/11/25 12:15:32 0055 1                  44.841797 8.577902 00 00 313931323045303630343333            
04/11/25 12:15:42 0056 1                  44.841803 8.577898 00 00 313831323045303232303830            
04/11/25 12:15:52 0057 1                  44.841815 8.577885 00 00 313931323050303031313535            
04/11/25 12:15:57 0058 1                  44.841818 8.577880 00 00 313931323050303031313535            
04/11/25 12:17:09 0059 1                  44.842190 8.578032 00 00 313931323050303035303330            
04/11/25 12:17:09 0060 1                  44.842190 8.578032 00 00 300ED89F3350014A1E0B8DCF            
04/11/25 12:18:08 0061 1                  44.842375 8.578132 00 00 313931323050303035383430            
04/11/25 12:19:36 0062 1                  44.843308 8.577717 00 00 313831323045303232333833            
04/11/25 12:20:39 0063 1                  44.843490 8.577358 00 00 313831323045303232353833            
04/11/25 12:22:02 0064 1                  44.843278 8.577128 00 00 313931323050303031333331            
04/11/25 12:22:23 0065 1                  44.842980 8.577028 00 00 313831323045303233373833            
04/11/25 12:22:27 0066 1                  44.842978 8.577025 00 00 313831323045303233373831            
04/11/25 12:24:25 0067 1                  44.843560 8.576710 00 00 3235303132304A3030393038            
04/11/25 12:25:58 0068 1                  44.843933 8.575732 00 00 313831326610013616906A53            
04/11/25 12:26:17 0069 1                  44.843933 8.575730 00 00 313831323045303233323638            
04/11/25 12:26:17 0070 1                  44.843933 8.575730 00 00 313831323045303233323630            
04/11/25 12:26:28 0071 1                  44.843932 8.575728 00 00 313831323045303233373630            
04/11/25 12:27:44 0072 1                  44.843948 8.575810 00 00 3235303132304A3030393630            
04/11/25 12:28:48 0073 1                  44.843873 8.576197 00 00 313931323050303038373731            
04/11/25 12:28:52 0074 1                  44.843872 8.576193 00 00 313831323045303234313136            
04/11/25 12:29:55 0075 1                  44.843853 8.576587 00 00 313831323045303233343930            
04/11/25 12:29:59 0076 1                  44.843857 8.576582 00 00 313831323045303234383232            
04/11/25 12:31:23 0077 1                  44.844205 8.576240 00 00 3233303132304A3030363236            
04/11/25 12:32:27 0078 1                  44.844242 8.575970 00 00 3234303132304A3033303637            
04/11/25 12:34:40 0079 1                  44.844322 8.576802 00 00 31383033304D303034383036            
04/11/25 12:34:44 0080 1                  44.844322 8.576805 00 00 313931323050303035343239            
04/11/25 12:36:37 0081 1                  44.844618 8.576333 00 00 3230303033304D3033303633            
04/11/25 12:36:54 0082 1                  44.844628 8.576310 00 00 3233303132304A3030363737            
04/11/25 12:38:11 0083 1                  44.844330 8.577522 00 00 313932343045303030373331            
04/11/25 12:38:25 0084 1                  44.844362 8.577568 00 00 3234303132304A3030323536            
04/11/25 12:38:55 0085 1                  44.844377 8.577608 00 00 3234303132304A3030323536            
04/11/25 12:40:58 0086 1                  44.843692 8.578502 00 00 3234303132304A3032313735            
04/11/25 12:41:02 0087 1                  44.843690 8.578508 00 00 313931323050303032393737            
04/11/25 12:41:21 0088 1                  44.843702 8.578523 00 00 313931323050303035333339            
04/11/25 12:42:02 0089 1                  44.843722 8.578528 00 00 313931323050303035393237            
04/11/25 12:43:53 0090 1                  44.844618 8.578598 00 00 313931323050303132323033            
04/11/25 12:46:55 0091 1                  44.844757 8.576942 00 00 3231303234304A3034373232            
04/11/25 12:50:11 0092 1                  44.842008 8.575945 00 00 313831323045303233343735            
04/11/25 12:52:17 0093 1                  44.841615 8.575747 00 00 313931323050303130353535            
04/11/25 12:52:17 0094 1                  44.841615 8.575747 00 00 300ED89F3350014A1E0B8DCF            
04/11/25 12:53:25 0095 1                  44.841420 8.575682 00 00 3235303132304A3031303730            
04/11/25 12:54:27 0096 1                  44.841417 8.575287 00 00 313831323045303232363438            
04/11/25 12:55:28 0097 1                  44.841333 8.574965 00 00 313931323050303035343433            
04/11/25 12:56:16 0098 1                  44.841320 8.574657 00 00 313931323050303039343935            
04/11/25 12:56:32 0099 1                  44.841398 8.574630 00 00 313831323045303232363232            
04/11/25 12:58:19 0100 1                  44.841785 8.574920 00 00 313931323050303133393031            
04/11/25 12:59:13 0101 1                  44.841785 8.575190 00 00 3235303132304A3032323936            
04/11/25 13:00:26 0102 1                  44.841240 8.575577 00 00 3139313230D0303035393332            
04/11/25 13:01:23 0103 1                  44.841072 8.575495 00 00 313931323050303032383837            
04/11/25 13:02:55 0104 1                  44.840935 8.574920 00 00 313931323050303034353739            
04/11/25 13:03:00 0105 1                  44.840928 8.574920 00 00 313931323050303033333835            
04/11/25 13:04:39 0106 1                  44.840947 8.575130 00 00 313831323045303230373737            
04/11/25 13:07:13 0107 1                  44.837035 8.574035 00 00 313831323045303233393139            
04/11/25 13:13:42 0108 1                  44.811470 8.601407 00 00 313832343045303034303836            
04/11/25 13:20:55 0109 1                  44.843277 8.572453 00 00 3233303132304A3030363631            
04/11/25 13:21:32 0110 1                  44.843300 8.572605 00 00 313831323045303233343530            
04/11/25 13:22:29 0111 1                  44.843378 8.572438 00 00 313931323050303032383931            
04/11/25 13:23:21 0112 1                  44.843433 8.572130 00 00 313831323045303233363833            
04/11/25 13:26:06 0113 1                  44.846195 8.574075 00 00 313831323045303138363930            
04/11/25 13:26:35 0114 1                  44.846205 8.574090 00 00 B13831323045303138363930            
04/11/25 13:27:10 0115 1                  44.846478 8.574055 00 00 3235303132304A3030383839            
04/11/25 13:28:16 0116 1                  44.846655 8.574785 00 00 313931323050303033353735            
04/11/25 13:29:17 0117 1                  44.846608 8.574812 00 00 313831323045303232323036            
04/11/25 13:30:40 0118 1                  44.846738 8.574578 00 00 313831323045303230393034            
04/11/25 13:32:37 0119 1                  44.846992 8.575365 00 00 313931323050303039353433            
04/11/25 13:32:42 0120 1                  44.846992 8.575370 00 00 313831323045303231333732            
04/11/25 13:32:46 0121 1                  44.846992 8.575373 00 00 3235303132304A3030383733            
04/11/25 13:33:50 0122 1                  44.847087 8.575265 00 00 313831323045303232303537            
04/11/25 13:33:50 0123 1                  44.847087 8.575265 00 00 300ED89F3350014A1E0B8DCF            
04/11/25 13:37:12 0124 1                  44.846890 8.573530 00 00 313931323050303033343531            
04/11/25 13:37:53 0125 1                  44.846940 8.573160 00 00 313931323050303035333232            
04/11/25 13:38:37 0126 1                  44.846922 8.573162 00 00 313931323045303630313337            
04/11/25 13:43:42 0127 1                  44.844640 8.574992 00 00 313831323045303232343435            
04/11/25 13:43:45 0128 1                  44.844642 8.574997 00 00 313831323045303232333238            
04/11/25 13:46:11 0129 1                  44.844435 8.574857 00 00 313831323045303233363433            
04/11/25 13:47:15 0130 1                  44.844547 8.574420 00 00 313931323050303033353737            
04/11/25 13:49:21 0131 1                  44.844448 8.572868 00 00 313931323050303036353536            
04/11/25 13:49:21 0132 1                  44.844448 8.572868 00 00 300ED89F3350014A1E0B8DCF            
04/11/25 13:51:21 0133 1                  44.843762 8.573253 00 00 313931323050303039313131            
04/11/25 13:52:45 0134 1                  44.843710 8.573527 00 00 313831323045303232303932            
04/11/25 13:54:26 0135 1                  44.843805 8.572815 00 00 3235303132304A3031393330            
04/11/25 13:54:53 0136 1                  44.843740 8.572778 00 00 3235303132304A3031393330            
04/11/25 13:55:16 0137 1                  44.843827 8.572508 00 00 31383132304A303231343337            
04/11/25 13:55:35 0138 1                  44.843812 8.572400 00 00 313931323050303131383137            
04/11/25 13:57:27 0139 1                  44.843300 8.572913 00 00 313931323050303132303633            
04/11/25 13:58:30 0140 1                  44.843258 8.573073 00 00 313831323045303231313830            
04/11/25 13:59:22 0141 1                  44.843165 8.573402 00 00 313831323045303232353138            
04/11/25 14:00:32 0142 1                  44.843265 8.573060 00 00 313831323045303232373837            
04/11/25 14:00:36 0143 1                  44.843263 8.573058 00 00 313831323045303233383432            
04/11/25 14:02:26 0144 1                  44.844075 8.573933 00 00 313831323045303232313238            
04/11/25 14:02:32 0145 1                  44.844083 8.573942 00 00 313831323045303232313033            
04/11/25 14:03:33 0146 1                  44.844002 8.574043 00 00 3234303132304A3033303738            
04/11/25 14:04:20 0147 1                  44.843918 8.574162 00 00 313831323045303232363538            
04/11/25 14:05:27 0148 1                  44.843813 8.574412 00 00 313831323045303232363536            
04/11/25 14:06:21 0149 1                  44.843787 8.574677 00 00 313831323045303230323930            
04/11/25 14:13:34 0150 1                  44.845723 8.572502 00 00 313831323045303233333230            
04/11/25 14:56:26 0000 s 01508ver01 44.846248 8.577193 00 00
04/11/25 14:56:30 0000 s 01508ver01 44.846248 8.577193 00 00
04/11/25 15:57:53 0000 s 01508ver01 44.778847 8.755697 00 00
