01/03/25 05:37:41 0000 s 01889ver01 44.882283 8.859858 00 00
01/03/25 05:43:03 0000 s 01889ver01 44.882223 8.859757 00 00
01/03/25 05:48:16 0001 1                  44.886163 8.858662 00 00 3231303234304A3031333837            
01/03/25 05:49:01 0002 1                  44.886257 8.858483 00 00 313931323050303033373237            
01/03/25 05:50:10 0003 1                  44.886410 8.857940 00 00 313931323050303038353434            
01/03/25 05:51:30 0004 1                  44.885932 8.857383 00 00 313931323050303036323038            
01/03/25 05:52:40 0005 1                  44.885760 8.857170 00 00 3231313130304A3031343833            
01/03/25 05:52:43 0006 1                  44.885762 8.857172 00 00 3034F83724402FCAB41DF272            
01/03/25 05:54:52 0007 1                  44.886058 8.857223 00 00 3231313130304A3031383333            
01/03/25 05:54:58 0008 1                  44.886062 8.857232 00 00 302EFE2018804C80000053EC            
01/03/25 05:55:40 0009 1                  44.886075 8.857248 00 00 3231313130304A3031373131            
01/03/25 05:56:13 0010 1                  44.886033 8.857283 00 00 3231313130304A3031383233            
01/03/25 05:58:18 0011 1                  44.888792 8.857635 00 00 313931323050303033323231            
01/03/25 05:59:59 0012 1                  44.887445 8.856773 00 00 3231313130304A3031363636            
01/03/25 06:00:21 0013 1                  44.887427 8.856783 00 00 3231303234304A3032323530            
01/03/25 06:01:42 0014 1                  44.886663 8.856825 00 00 313931B23050303033393139            
01/03/25 06:01:43 0015 1                  44.886663 8.856825 00 00 313931323050303033393230            
01/03/25 06:02:10 0016 1                  44.886620 8.856865 00 00 313931323050303033393233            
01/03/25 06:04:53 0017 1                  44.884747 8.857710 00 00 313931323050303037313538            
01/03/25 06:04:54 0018 1                  44.884747 8.857710 00 00 31383132304A303139373138            
01/03/25 06:05:23 0019 1                  44.884823 8.857703 00 00 313931323050303030373336            
01/03/25 06:05:59 0020 1                  44.884835 8.857702 00 00 313931323050303034353830            
01/03/25 06:06:00 0021 1                  44.884835 8.857702 00 00 313931323050303037313630            
01/03/25 06:06:41 0022 1                  44.884828 8.857730 00 00 313931323050303038333637            
01/03/25 06:06:41 0023 1                  44.884828 8.857730 00 00 313931323050303037313537            
01/03/25 06:08:47 0024 1                  44.885215 8.857550 00 00 3231313130304A3030363334            
01/03/25 06:09:19 0025 1                  44.885223 8.857523 00 00 3231313130304A3030363333            
01/03/25 06:11:39 0026 1                  44.886955 8.856098 00 00 313931323050303036333130            
01/03/25 06:13:37 0027 1                  44.887572 8.856107 00 00 3231313130304A3031363631            
01/03/25 06:16:51 0028 1                  44.890158 8.855995 00 00 30395DFA82D9090000352A5A            
01/03/25 06:16:51 0029 1                  44.890158 8.855995 00 00 3231313130304A3031363630            
01/03/25 06:18:16 0030 1                  44.890538 8.855927 00 00 3231313130304A3031363332            
01/03/25 06:18:18 0031 1                  44.890540 8.855927 00 00 3034F8370028740AB41DE195            
01/03/25 06:18:18 0032 1                  44.890540 8.855927 00 00 3034F848E039814AB41DC432            
01/03/25 06:19:46 0033 1                  44.890725 8.855935 00 00 3231313130304A3032343632            
01/03/25 06:21:31 0034 1                  44.891332 8.856002 00 00 3231313130304A3030363238            
01/03/25 06:24:04 0035 1                  44.892115 8.855882 00 00 313931323050303033323134            
01/03/25 06:26:51 0036 1                  44.892232 8.854562 00 00 3233303033304D3030343838            
01/03/25 06:28:09 0037 1                  44.892273 8.855227 00 00 313931323050303038363232            
01/03/25 06:28:50 0038 1                  44.892275 8.855447 00 00 313931323050303031303431            
01/03/25 06:32:57 0039 1                  44.894858 8.853393 00 00 3231313130304A3031383930            
01/03/25 06:35:23 0040 1                  44.894897 8.855220 00 00 3035EBB3203A04C80004618F            
01/03/25 06:35:24 0041 1                  44.894900 8.855225 00 00 3231313130304A3031363834            
01/03/25 06:35:27 0042 1                  44.894905 8.855228 00 00 3035EBB32039BEC800049BF9            
01/03/25 06:35:27 0043 1                  44.894905 8.855228 00 00 3035EBB3202B0F4800040B93            
01/03/25 06:36:04 0044 1                  44.894997 8.855273 00 00 313931323050303035343736            
01/03/25 06:36:04 0045 1                  44.894997 8.855273 00 00 31383132304A303232323939            
01/03/25 06:36:13 0046 1                  44.895013 8.855270 00 00 300ED89F335000A01E923079            
01/03/25 06:37:07 0047 1                  44.894937 8.855457 00 00 313931323050303035383736            
01/03/25 06:37:08 0048 1                  44.894937 8.855457 00 00 313931323050303036313330            
01/03/25 06:38:39 0049 1                  44.894805 8.855963 00 00 3234303132304A3032323136            
01/03/25 06:38:39 0050 1                  44.894805 8.855963 00 00 313931323050303135383336            
01/03/25 06:39:06 0051 1                  44.894837 8.855982 00 00 313931323050303035383337            
01/03/25 06:39:07 0052 1                  44.894837 8.855983 00 00 313931323050303037343039            
01/03/25 06:40:24 0053 1                  44.895190 8.856390 00 00 3231313130304A3031343736            
01/03/25 06:40:24 0054 1                  44.895190 8.856390 00 00 3035EBE7DC1D20574876E978            
01/03/25 06:40:41 0055 1                  44.895195 8.856402 00 00 313931323050303037373633            
01/03/25 06:41:48 0056 1                  44.895530 8.856495 00 00 3231303033304D3032353735            
01/03/25 06:41:54 0057 1                  44.895540 8.856500 00 00 3231303033304D3033303539            
01/03/25 06:41:54 0058 1                  44.895540 8.856500 00 00 3230303033304D3038363833            
01/03/25 06:42:00 0059 1                  44.895550 8.856498 00 00 3231303033304D3033303536            
01/03/25 06:42:19 0060 1                  44.895557 8.856485 00 00 3230303033304D3038363438            
01/03/25 06:43:18 0061 1                  44.895668 8.856523 00 00 3231313130304A3031343739            
01/03/25 06:43:43 0062 1                  44.895692 8.856512 00 00 3231303234304A3034363834            
01/03/25 06:44:25 0063 1                  44.895712 8.856497 00 00 323031313030503030313834            
01/03/25 06:44:25 0064 1                  44.895712 8.856497 00 00 414C54303039353030373935            
01/03/25 06:47:24 0065 1                  44.893057 8.855587 00 00 323031313030503030323031            
01/03/25 06:49:09 0066 1                  44.892012 8.855502 00 00 313931323050303031333337            
01/03/25 06:50:20 0067 1                  44.891365 8.855627 00 00 31383132304A303233343538            
01/03/25 06:51:29 0068 1                  44.890938 8.855582 00 00 31383132304A303231343731            
01/03/25 06:52:04 0069 1                  44.890928 8.855542 00 00 3231313130304A3031343932            
01/03/25 06:53:09 0070 1                  44.890595 8.855600 00 00 313931323050303038363330            
01/03/25 06:53:40 0071 1                  44.890620 8.855607 00 00 3231313130304A3031363334            
01/03/25 06:56:12 0072 1                  44.889230 8.856382 00 00 31383132304A303237313334            
01/03/25 06:59:22 0073 1                  44.888268 8.856815 00 00 313931323050303033323139            
01/03/25 07:00:16 0074 1                  44.888628 8.856837 00 00 3231303234304A3032323231            
01/03/25 07:01:10 0075 1                  44.888827 8.856815 00 00 313931323050303034303730            
01/03/25 07:02:44 0076 1                  44.888993 8.856813 00 00 313931323050303033343632            
01/03/25 07:02:44 0077 1                  44.888993 8.856813 00 00 3231303234304A3032323238            
01/03/25 07:04:37 0078 1                  44.889240 8.857278 00 00 3231313130304A3031343838            
01/03/25 07:05:10 0079 1                  44.889242 8.857315 00 00 3231313130304A3031343931            
01/03/25 07:06:44 0080 1                  44.889513 8.857370 00 00 3234313130304A3030333833            
01/03/25 07:07:47 0081 1                  44.889555 8.857373 00 00 3231313130304A3031353135            
01/03/25 07:10:56 0082 1                  44.890055 8.858455 00 00 3231313130304A3031363239            
01/03/25 07:11:19 0083 1                  44.890128 8.858447 00 00 3231313130304A3031363236            
01/03/25 07:13:31 0084 1                  44.889727 8.858518 00 00 3231303234304A3032313934            
01/03/25 07:15:16 0085 1                  44.890218 8.857992 00 00 3231313130304A3031353136            
01/03/25 07:15:50 0086 1                  44.890262 8.857968 00 00 3230303033304D3038393230            
01/03/25 07:16:02 0087 1                  44.890262 8.857955 00 00 313931323050303037393430            
01/03/25 07:17:30 0088 1                  44.890848 8.858235 00 00 3231313130304A3030363739            
01/03/25 07:17:54 0089 1                  44.890878 8.858240 00 00 3231313134304A3030363738            
01/03/25 07:19:16 0090 1                  44.891540 8.858867 00 00 313931323050303037383931            
01/03/25 07:20:28 0091 1                  44.891367 8.859282 00 00 313931323050303034373432            
01/03/25 07:21:19 0092 1                  44.891237 8.859522 00 00 3231313130304A3031383433            
01/03/25 07:22:32 0093 1                  44.891048 8.860038 00 00 313931323050303035313732            
01/03/25 07:22:33 0094 1                  44.891045 8.860040 00 00 313931323050303035313731            
01/03/25 07:23:09 0095 1                  44.891040 8.860042 00 00 313931323050303036323036            
01/03/25 07:23:09 0096 1                  44.891040 8.860042 00 00 31383132306A303237343934            
01/03/25 07:23:10 0097 1                  44.891040 8.860040 00 00 31383132306A303237343930            
01/03/25 07:23:48 0098 1                  44.891018 8.860052 00 00 3231303234304A3032333033            
01/03/25 07:24:33 0099 1                  44.891030 8.860063 00 00 3034DFB36C12B5D99C882E3C            
01/03/25 07:24:33 0100 1                  44.891030 8.860063 00 00 3231313130304A3032343139            
01/03/25 07:24:57 0101 1                  44.891023 8.860073 00 00 303ACB0342C5495C834695A3            
01/03/25 07:26:10 0102 1                  44.890918 8.860285 00 00 431252400393242500000000            
01/03/25 07:30:28 0103 1                  44.889630 8.859345 00 00 313931323050303131383939            
01/03/25 07:31:34 0104 1                  44.889465 8.859103 00 00 3231313130304A3031343939            
01/03/25 07:34:23 0105 1                  44.888967 8.858628 00 00 3231313130304A3031383235            
01/03/25 07:35:06 0106 1                  44.888968 8.858622 00 00 3231313130304A3031383039            
01/03/25 07:37:24 0107 1                  44.889510 8.856707 00 00 323031313030503030333532            
01/03/25 07:37:51 0108 1                  44.889478 8.856727 00 00 3231313130304A3031373338            
01/03/25 07:40:28 0109 1                  44.892233 8.856765 00 00 3231313130304A3031353130            
01/03/25 07:40:28 0110 1                  44.892233 8.856765 00 00 3231313330304A3031353130            
01/03/25 07:41:08 0111 1                  44.892212 8.856737 00 00 3231313130304A3031353131            
01/03/25 07:42:13 0112 1                  44.892178 8.857188 00 00 313931323050303034393730            
01/03/25 07:42:49 0113 1                  44.892158 8.857383 00 00 3233303033304D3030343737            
01/03/25 07:43:20 0114 1                  44.892145 8.857512 00 00 313931323050303034383431            
01/03/25 07:44:29 0115 1                  44.892030 8.858198 00 00 3231313130304A3031353033            
01/03/25 07:44:55 0116 1                  44.892065 8.858197 00 00 31383132304A303232363032            
01/03/25 07:45:19 0117 1                  44.892068 8.858195 00 00 3231313130304A3031363830            
01/03/25 07:48:00 0118 1                  44.891778 8.859848 00 00 3230313130B0503030353335            
01/03/25 07:49:52 0119 1                  44.892313 8.859782 00 00 3231313130304A3030363039            
01/03/25 07:50:35 0120 1                  44.892300 8.859775 00 00 3231313130304A3030363038            
01/03/25 07:52:09 0121 1                  44.891965 8.859283 00 00 3231313130304A3031363534            
01/03/25 07:52:48 0122 1                  44.891958 8.859297 00 00 3231313130304A3031353138            
01/03/25 07:52:55 0123 1                  44.891958 8.859302 00 00 000000100000018520792420            
01/03/25 08:23:25 0000 s 01889ver01 44.882435 8.859833 00 00
01/03/25 08:27:24 0124 1                  44.890378 8.860005 00 00 3231313130304A3031333139            
01/03/25 08:28:12 0125 1                  44.890380 8.859950 00 00 3231313130304A3031333230            
01/03/25 08:28:50 0126 1                  44.890468 8.860012 00 00 3231303033304D3032353932            
01/03/25 08:29:30 0127 1                  44.890697 8.859748 00 00 313931323050303030333133            
01/03/25 08:30:23 0128 1                  44.890858 8.859510 00 00 313931323050303032363834            
01/03/25 08:31:09 0129 1                  44.890955 8.859295 00 00 31383132304A303236343837            
01/03/25 08:31:10 0130 1                  44.890957 8.859287 00 00 3231303234304A3034373331            
01/03/25 08:31:42 0131 1                  44.890978 8.859273 00 00 313931323050303036333532            
01/03/25 08:31:46 0132 1                  44.890983 8.859268 00 00 313931323050303035393338            
01/03/25 08:32:33 0133 1                  44.891032 8.859133 00 00 313931323050303036323436            
01/03/25 08:32:33 0134 1                  44.891032 8.859133 00 00 313931323050303033353732            
01/03/25 08:33:01 0135 1                  44.891017 8.859135 00 00 313931323050303032393739            
01/03/25 08:33:01 0136 1                  44.891017 8.859135 00 00 313931323050303032393739            
01/03/25 08:33:03 0137 1                  44.891017 8.859135 00 00 313931323050303036313233            
01/03/25 08:33:31 0138 1                  44.891015 8.859123 00 00 3034326DA8257C90C8FFF404            
01/03/25 08:33:42 0139 1                  44.891010 8.859117 00 00 313931323050303033363230            
01/03/25 08:33:43 0140 1                  44.891010 8.859117 00 00 313931323050303034353837            
01/03/25 08:34:29 0141 1                  44.891005 8.859122 00 00 313931323050303033363232            
01/03/25 08:34:29 0142 1                  44.891005 8.859122 00 00 313931323050307032393738            
01/03/25 08:34:55 0143 1                  44.891002 8.859113 00 00 3233303033304D3030343132            
01/03/25 08:35:36 0144 1                  44.891128 8.859065 00 00 313931323050303033363233            
01/03/25 08:36:47 0145 1                  44.892920 8.861033 00 00 E280689400005007039550D0            
01/03/25 08:37:48 0146 1                  44.892780 8.861410 00 00 313931323050303037373638            
01/03/25 08:37:48 0147 1                  44.892780 8.861410 00 00 313931323050303038333432            
01/03/25 08:39:26 0148 1                  44.892085 8.861045 00 00 313931323050303033383932            
01/03/25 08:40:19 0149 1                  44.892085 8.860865 00 00 3231313130304A3031363632            
01/03/25 08:41:20 0150 1                  44.892365 8.860098 00 00 313931323050303037383437            
01/03/25 08:45:20 0151 1                  44.893515 8.860412 00 00 3230303033304D3038353934            
01/03/25 08:46:10 0152 1                  44.893412 8.860203 00 00 3230303033304D3038373333            
01/03/25 08:46:20 0153 1                  44.893397 8.860215 00 00 3230303033304D3038383530            
01/03/25 08:46:44 0154 1                  44.893387 8.860227 00 00 3234303132304A3030333134            
01/03/25 08:48:45 0155 1                  44.893533 8.859223 00 00 3231313130304A3031383939            
01/03/25 08:49:22 0156 1                  44.893545 8.859252 00 00 313931323050303038373931            
01/03/25 08:50:46 0157 1                  44.893445 8.859022 00 00 313931323050303038373930            
01/03/25 08:51:34 0158 1                  44.893388 8.858762 00 00 313931323050303035313937            
01/03/25 08:54:27 0159 1                  44.893087 8.857455 00 00 313931323050303038353738            
01/03/25 08:54:27 0160 1                  44.893087 8.857455 00 00 313931323050303036343132            
01/03/25 08:54:37 0161 1                  44.893092 8.857467 00 00 3230303033304D3038363830            
01/03/25 08:55:07 0162 1                  44.893105 8.857500 00 00 31383132304A303235373537            
01/03/25 08:56:15 0163 1                  44.893048 8.857382 00 00 313931323050303133323D30            
01/03/25 08:56:16 0164 1                  44.893043 8.857383 00 00 313931323050303034333534            
01/03/25 08:56:45 0165 1                  44.893048 8.857372 00 00 313931323050303038333333            
01/03/25 08:56:46 0166 1                  44.893053 8.857368 00 00 313931323050303032323234            
01/03/25 08:57:39 0167 1                  44.893028 8.856990 00 00 3231303033304D3032393234            
01/03/25 08:58:01 0168 1                  44.893003 8.856955 00 00 313931323050303039343232            
01/03/25 08:58:01 0169 1                  44.893003 8.856955 00 00 313931323050303039343230            
01/03/25 09:02:49 0170 1                  44.888572 8.858187 00 00 3231313130304A3031323633            
01/03/25 09:03:18 0171 1                  44.888575 8.858187 00 00 3231313130304A3032333930            
01/03/25 09:06:08 0172 1                  44.887328 8.857535 00 00 3232313130304A3030323831            
01/03/25 09:07:02 0173 1                  44.887358 8.857562 00 00 3232313130304A3030323833            
01/03/25 09:07:31 0174 1                  44.887367 8.857553 00 00 3231313130304A3032333838            
01/03/25 09:09:08 0175 1                  44.886870 8.857907 00 00 313931323050303034303437            
01/03/25 09:11:49 0176 1                  44.889333 8.855605 00 00 313931323050303031393931            
01/03/25 09:13:41 0177 1                  44.889523 8.853957 00 00 313931323050303038333735            
01/03/25 09:14:55 0178 1                  44.889680 8.853402 00 00 3231313330304A3030363537            
01/03/25 09:16:48 0179 1                  44.890120 8.853787 00 00 3231313130304A3031343730            
01/03/25 09:16:48 0180 1                  44.890120 8.853787 00 00 303ACB0340E5A89AC688EE36            
01/03/25 09:16:52 0181 1                  44.890120 8.853792 00 00 3036143DD45D88D749645881            
01/03/25 09:18:07 0182 1                  44.890573 8.853813 00 00 3231313130304A3030363131            
01/03/25 09:18:10 0183 1                  44.890572 8.853815 00 00 3231313130304A3030363131            
01/03/25 09:18:40 0184 1                  44.890563 8.853827 00 00 3231313130304A3030353939            
01/03/25 09:20:37 0185 1                  44.891213 8.853290 00 00 313931323050303038363137            
01/03/25 09:20:38 0186 1                  44.891212 8.853288 00 00 313931323050303038373539            
01/03/25 09:21:53 0187 1                  44.891240 8.853360 00 00 313931323050303038373538            
01/03/25 09:23:06 0188 1                  44.891317 8.853602 00 00 313931323050303035363035            
01/03/25 09:23:41 0189 1                  44.891217 8.853603 00 00 4F34C64F8DB0C773F22C2C31            
01/03/25 09:25:00 0190 1                  44.890753 8.853325 00 00 313931323050303132393935            
01/03/25 09:25:00 0191 1                  44.890753 8.853325 00 00 313931323050303037313731            
01/03/25 09:25:29 0192 1                  44.890788 8.853320 00 00 313931323050303035383335            
01/03/25 09:25:29 0193 1                  44.890788 8.853320 00 00 313931323050303039343433            
01/03/25 09:25:52 0194 1                  44.890802 8.853322 00 00 313931323050303035383334            
01/03/25 09:28:16 0195 1                  44.889503 8.854185 00 00 313931323050303038383431            
01/03/25 09:28:17 0196 1                  44.889505 8.854187 00 00 313931323050303033383831            
01/03/25 09:28:23 0197 1                  44.889510 8.854193 00 00 30396062C39484400032594B            
01/03/25 09:29:48 0198 1                  44.890160 8.854195 00 00 313931323050303034303136            
01/03/25 09:29:48 0199 1                  44.890160 8.854195 00 00 313931323050303038383432            
01/03/25 09:30:14 0200 1                  44.890173 8.854208 00 00 313931323050303038333434            
01/03/25 09:31:01 0201 1                  44.890367 8.854203 00 00 313931323050303131353435            
01/03/25 09:31:02 0202 1                  44.890367 8.854203 00 00 30396061C05701C00010C052            
01/03/25 09:31:39 0203 1                  44.890495 8.854200 00 00 3234303132304A3030393936            
01/03/25 09:32:49 0204 1                  44.891092 8.854163 00 00 3231303234304A3034373033            
01/03/25 09:32:49 0205 1                  44.891092 8.854163 00 00 313931323050303038313536            
01/03/25 09:32:52 0206 1                  44.891095 8.854162 00 00 3034DFAD64113BC9502FFA50            
01/03/25 09:33:11 0207 1                  44.891107 8.854157 00 00 313931323050303038343738            
01/03/25 09:34:28 0208 1                  44.891995 8.854185 00 00 3231313130304A3031363535            
01/03/25 09:34:30 0209 1                  44.891995 8.854187 00 00 414C54303039363535393731            
01/03/25 09:34:46 0210 1                  44.891995 8.854193 00 00 313931323050303038343831            
01/03/25 09:35:37 0211 1                  44.892207 8.854107 00 00 313931323050303032373530            
01/03/25 09:35:38 0212 1                  44.892207 8.854107 00 00 313931323050303033393333            
01/03/25 09:36:17 0213 1                  44.892262 8.854125 00 00 313931323050303033393332            
01/03/25 09:38:02 0214 1                  44.892448 8.853500 00 00 313931323050303033383832            
01/03/25 09:39:20 0215 1                  44.892583 8.853923 00 00 313931323050303038343739            
01/03/25 09:39:21 0216 1                  44.892583 8.853923 00 00 313931323050303033393331            
01/03/25 09:41:00 0217 1                  44.891622 8.854287 00 00 313931323050303034303435            
01/03/25 09:41:00 0218 1                  44.891622 8.854287 00 00 313931323050303034303432            
01/03/25 09:42:13 0219 1                  44.891708 8.855292 00 00 313931323050303033323237            
01/03/25 09:43:10 0220 1                  44.891732 8.854942 00 00 313931323050303034303538            
01/03/25 09:43:10 0221 1                  44.891732 8.854942 00 00 313931323050303032353236            
01/03/25 09:43:40 0222 1                  44.891703 8.854932 00 00 313931323050303034303434            
01/03/25 09:43:41 0223 1                  44.891703 8.854932 00 00 313931323050303035313232            
01/03/25 09:45:09 0224 1                  44.891490 8.854707 00 00 313931323050303034303431            
01/03/25 09:45:52 0225 1                  44.891365 8.854698 00 00 313931323050303038343038            
01/03/25 09:46:30 0226 1                  44.891262 8.854670 00 00 313931323050303038343039            
01/03/25 09:47:10 0227 1                  44.890898 8.854655 00 00 313931323050303038383538            
01/03/25 09:47:44 0228 1                  44.890853 8.854660 00 00 3231313130304A3031353035            
01/03/25 09:48:42 0229 1                  44.890787 8.854683 00 00 31383132304A303234333235            
01/03/25 09:48:42 0230 1                  44.890787 8.854683 00 00 313931323050303038383433            
01/03/25 09:49:33 0231 1                  44.890543 8.854633 00 00 313931323050303035383230            
01/03/25 09:49:34 0232 1                  44.890540 8.854632 00 00 3034DFB36C12B2D99C8492BB            
01/03/25 09:50:16 0233 1                  44.890415 8.854655 00 00 3231303234304A3034363030            
01/03/25 09:51:21 0234 1                  44.889972 8.854652 00 00 3231313130304A3031343636            
01/03/25 09:53:45 0235 1                  44.889220 8.854935 00 00 300ED89F335001551DD1527E            
01/03/25 09:53:49 0236 1                  44.889220 8.854935 00 00 300ED89F335000A01E923079            
