27/01/25 10:52:15 0000 s 01497ver01 44.882192 8.859667 00 00
27/01/25 11:15:50 0000 s 01497ver01 44.882472 8.859692 00 00
27/01/25 11:26:22 0001 1                  44.889892 8.837383 00 00 313931323050303032393632            
27/01/25 11:27:42 0002 1                  44.889058 8.834340 00 00 3233313130304A3030323030            
27/01/25 11:28:00 0003 1                  44.889063 8.834333 00 00 3233313130304A3030323032            
27/01/25 11:29:07 0004 1                  44.889022 8.832560 00 00 313931323045303630313634            
27/01/25 11:29:07 0005 1                  44.889022 8.832560 00 00 313831323045303235333031            
27/01/25 11:30:04 0006 1                  44.888973 8.831968 00 00 313931323045303630303834            
27/01/25 11:30:04 0007 1                  44.888973 8.831968 00 00 313931323045303630303834            
27/01/25 11:31:01 0008 1                  44.888537 8.830412 00 00 313931323045303630313530            
27/01/25 11:32:34 0009 1                  44.888188 8.828603 00 00 313831323045303235363333            
27/01/25 11:35:39 0010 1                  44.884603 8.835815 00 00 313931323050303031383031            
27/01/25 11:37:55 0011 1                  44.883562 8.834062 00 00 323031313030503030313234            
27/01/25 11:39:09 0012 1                  44.883153 8.833845 00 00 323031313030503030303039            
27/01/25 11:39:30 0013 1                  44.883198 8.833828 00 00 323031313030503030303130            
27/01/25 11:43:38 0014 1                  44.880515 8.831618 00 00 3233303234304A3030353735            
27/01/25 11:45:30 0015 1                  44.879515 8.832123 00 00 323031313030503030323239            
27/01/25 11:46:19 0016 1                  44.879692 8.831833 00 00 3230313130304A3031313838            
27/01/25 11:46:40 0017 1                  44.879698 8.831842 00 00 323031313030503030313330            
27/01/25 11:53:22 0018 1                  44.872182 8.825313 00 00 313831323045303235373232            
27/01/25 11:58:34 0019 1                  44.875423 8.832355 00 00 313931323045303630313133            
27/01/25 12:05:31 0020 1                  44.870198 8.828137 00 00 313931323050303131323335            
27/01/25 12:06:39 0021 1                  44.869633 8.826993 00 00 313831323045303235343530            
27/01/25 12:09:16 0022 1                  44.869107 8.824057 00 00 313831323045303235343532            
27/01/25 12:12:14 0023 1                  44.867133 8.824392 00 00 323031313030503030313733            
27/01/25 12:12:50 0024 1                  44.867115 8.824403 00 00 323031313030503030313732            
27/01/25 12:13:20 0025 1                  44.867108 8.824395 00 00 323031313030503030313734            
27/01/25 12:20:21 0026 1                  44.872675 8.805385 00 00 3230313130304A3030323231            
27/01/25 12:20:40 0027 1                  44.872670 8.805390 00 00 3230313130304A3030323232            
27/01/25 12:25:53 0028 1                  44.873220 8.808230 00 00 323031313030503030343732            
27/01/25 12:26:10 0029 1                  44.873207 8.808232 00 00 313932343050303030313633            
27/01/25 12:29:56 0030 1                  44.869043 8.809397 00 00 323031313030503030343437            
27/01/25 12:37:10 0031 1                  44.871977 8.809593 00 00 3230313130304A3030363133            
27/01/25 12:39:29 0032 1                  44.872625 8.809008 00 00 323031313030503030343536            
27/01/25 12:39:32 0033 1                  44.872627 8.809003 00 00 323031313030503030343536            
27/01/25 12:40:39 0034 1                  44.872732 8.808910 00 00 313932343050303030353539            
27/01/25 12:42:11 0035 1                  44.873883 8.809728 00 00 3230313130304A3030333830            
27/01/25 12:45:52 0036 1                  44.871963 8.811438 00 00 323031313030503030333934            
27/01/25 12:46:10 0037 1                  44.871950 8.811450 00 00 3230313130304A3030323830            
27/01/25 12:46:11 0038 1                  44.871950 8.811450 00 00 300833B2DDD9014000000000            
27/01/25 12:47:53 0039 1                  44.873527 8.811348 00 00 3232313130304A3030303938            
27/01/25 12:48:20 0040 1                  44.873493 8.811315 00 00 999999150011100101984000            
27/01/25 12:53:53 0041 1                  44.862588 8.798883 00 00 3230313130304A3030323932            
27/01/25 12:57:14 0042 1                  44.855953 8.797957 00 00 313931323050303039373630            
27/01/25 12:58:21 0043 1                  44.855637 8.795687 00 00 313931323050303039313230            
27/01/25 12:58:21 0044 1                  44.855637 8.795687 00 00 313931323050303039313139            
27/01/25 12:59:15 0045 1                  44.855567 8.795297 00 00 313931323050303039383538            
27/01/25 12:59:15 0046 1                  44.855567 8.795297 00 00 313931323050303034343338            
27/01/25 13:03:54 0047 1                  44.850238 8.789355 00 00 313931323050303035363839            
27/01/25 13:11:25 0048 1                  44.871582 8.796383 00 00 313831323045303235343435            
27/01/25 13:14:05 0049 1                  44.871197 8.795708 00 00 313831323045303235343438            
27/01/25 13:16:02 0050 1                  44.872107 8.796582 00 00 313831323045303235343436            
27/01/25 13:16:05 0051 1                  44.872112 8.796580 00 00 313931323045303630333333            
27/01/25 13:17:40 0052 1                  44.873470 8.795780 00 00 313931323045303630333739            
27/01/25 13:22:24 0053 1                  44.872732 8.792207 00 00 313831323045303235343534            
27/01/25 13:23:35 0054 1                  44.872445 8.790985 00 00 313831323045303235353830            
27/01/25 13:25:21 0055 1                  44.872782 8.789857 00 00 313831323045303235373532            
27/01/25 13:27:54 0056 1                  44.873933 8.786478 00 00 313931323045303630363237            
27/01/25 13:28:41 0057 1                  44.873958 8.786243 00 00 313931323050303132373334            
27/01/25 13:29:27 0058 1                  44.873992 8.786020 00 00 313831323045303139313531            
27/01/25 13:30:47 0059 1                  44.874027 8.785617 00 00 313831323045303235373535            
27/01/25 13:34:24 0060 1                  44.886963 8.785867 00 00 313831323045303235393032            
27/01/25 13:35:37 0061 1                  44.889747 8.786127 00 00 313831723045303235323938            
27/01/25 13:36:46 0062 1                  44.889987 8.786202 00 00 313831323045303235373537            
27/01/25 13:37:46 0063 1                  44.890960 8.786375 00 00 313831323045303235373331            
27/01/25 13:40:26 0064 1                  44.894422 8.787047 00 00 313931323050303031363933            
27/01/25 13:45:32 0065 1                  44.887997 8.803253 00 00 3234303234304A3030343235            
27/01/25 13:45:32 0066 1                  44.887997 8.803253 00 00 313931323050303130353932            
27/01/25 13:45:34 0067 1                  44.887998 8.803252 00 00 30395DFA8104AE80F8196125            
27/01/25 13:45:35 0068 1                  44.888000 8.803250 00 00 30395DFA81A48AC0001A8E70            
27/01/25 13:46:20 0069 1                  44.888058 8.803600 00 00 313931323050303034363230            
27/01/25 13:47:57 0070 1                  44.888127 8.804020 00 00 313831323045303235383937            
27/01/25 13:48:34 0071 1                  44.888135 8.804192 00 00 313931323045303630303835            
27/01/25 13:49:17 0072 1                  44.888147 8.804398 00 00 313931323045303630303837            
27/01/25 13:50:20 0073 1                  44.888157 8.804542 00 00 313831323045303235393736            
27/01/25 13:53:34 0074 1                  44.885637 8.798425 00 00 323031313030503030313931            
27/01/25 13:58:58 0075 1                  44.893318 8.813655 00 00 313831323045303235363337            
27/01/25 14:00:11 0076 1                  44.891973 8.813567 00 00 313831323045303235363335            
27/01/25 14:01:03 0077 1                  44.891540 8.813535 00 00 313931323045303630323835            
27/01/25 14:01:28 0078 1                  44.891528 8.813505 00 00 313931323045303630313439            
27/01/25 14:01:28 0079 1                  44.891528 8.813505 00 00 313831323045303235363336            
27/01/25 14:03:31 0080 1                  44.889415 8.813060 00 00 313931323045303630303439            
27/01/25 14:10:20 0081 1                  44.888417 8.822317 00 00 313831323045303235363136            
27/01/25 14:19:40 0000 s 01497ver01 44.894643 8.824600 00 00
27/01/25 15:10:20 0000 s 01497ver01 44.882282 8.860018 00 00
