04/11/25 10:35:27 0000 s 01507ver01 44.778985 8.755963 00 00
04/11/25 10:55:44 0001 1                  44.822490 8.613455 00 00 3234303132304A3033323537            
04/11/25 10:55:48 0002 1                  44.822490 8.613455 00 00 313931323050303034363935            
04/11/25 10:57:30 0003 1                  44.823395 8.614947 00 00 3234303132304A3033323535            
04/11/25 11:02:02 0004 1                  44.835192 8.625797 00 00 E28011A0A5010062DE4F21D5            
04/11/25 11:06:10 0005 1                  44.839470 8.598020 00 00 313931323050303036313932            
04/11/25 11:09:09 0006 1                  44.840495 8.595838 00 00 313831323045303231383538            
04/11/25 11:14:11 0007 1                  44.841230 8.586058 00 00 3234303132304A3030383533            
04/11/25 11:14:19 0008 1                  44.841227 8.586062 00 00 313831323045303234353132            
04/11/25 11:14:25 0009 1                  44.841225 8.586070 00 00 313831323045303233323434            
04/11/25 11:16:41 0010 1                  44.841662 8.585723 00 00 313931323050303036393634            
04/11/25 11:18:59 0011 1                  44.842858 8.581288 00 00 31383033304D303034373638            
04/11/25 11:19:14 0012 1                  44.842827 8.581250 00 00 3235303132304A3031393133            
04/11/25 11:19:25 0013 1                  44.842812 8.581237 00 00 313831323045303233393933            
04/11/25 11:20:17 0014 1                  44.842828 8.581282 00 00 313931323050303038393938            
04/11/25 11:20:22 0015 1                  44.842828 8.581280 00 00 313931323450303036333339            
04/11/25 11:20:24 0016 1                  44.842827 8.581278 00 00 313931323050303036333339            
04/11/25 11:23:04 0017 1                  44.842992 8.580508 00 00 313831323045303233373136            
04/11/25 11:23:10 0018 1                  44.842992 8.580513 00 00 313831323045303233363135            
04/11/25 11:23:48 0019 1                  44.842992 8.580535 00 00 313931323050303036323838            
04/11/25 11:25:26 0020 1                  44.843593 8.580728 00 00 313931323050303039373034            
04/11/25 11:27:00 0021 1                  44.844000 8.581122 00 00 313831323045303233353233            
04/11/25 11:27:00 0022 1                  44.844000 8.581122 00 00 313831323045303233353233            
04/11/25 11:28:07 0023 1                  44.844093 8.581242 00 00 313831323045303233373534            
04/11/25 11:29:29 0024 1                  44.844305 8.581495 00 00 313831323045303230313234            
04/11/25 11:30:44 0025 1                  44.844663 8.581833 00 00 313931323050303034333133            
04/11/25 11:30:46 0026 1                  44.844663 8.581832 00 00 313931323050303034323133            
04/11/25 11:30:55 0027 1                  44.844667 8.581833 00 00 313931323050303032363030            
04/11/25 11:31:29 0028 1                  44.844655 8.581855 00 00 3234303132304A3030393732            
04/11/25 11:31:34 0029 1                  44.844655 8.581855 00 00 3235303132304A3030393835            
04/11/25 11:32:27 0030 1                  44.844710 8.582402 00 00 3235303132304A3030393830            
04/11/25 11:33:37 0031 1                  44.844232 8.582045 00 00 313831323045303233343737            
04/11/25 11:33:41 0032 1                  44.844232 8.582043 00 00 31383132B045303233353736            
04/11/25 11:34:55 0033 1                  44.844012 8.581707 00 00 313831323045303232313533            
04/11/25 11:35:05 0034 1                  44.844008 8.581707 00 00 313831323045303232333730            
04/11/25 11:36:12 0035 1                  44.843897 8.581573 00 00 313831323045303232333733            
04/11/25 11:37:06 0036 1                  44.843813 8.581505 00 00 313831323045303232333032            
04/11/25 11:37:06 0037 1                  44.843813 8.581505 00 00 313831323045303232343638            
04/11/25 11:38:16 0038 1                  44.843712 8.581372 00 00 31383132304A303138363031            
04/11/25 11:38:27 0039 1                  44.843707 8.581363 00 00 313831323045303230393534            
04/11/25 11:38:38 0040 1                  44.843705 8.581360 00 00 313831323045303232343732            
04/11/25 11:39:57 0041 1                  44.843607 8.581182 00 00 3234303132304A3033303930            
04/11/25 11:40:07 0042 1                  44.843610 8.581173 00 00 313831323045303234323537            
04/11/25 11:42:00 0043 1                  44.844332 8.579278 00 00 313831323045303233363438            
04/11/25 11:44:19 0044 1                  44.844543 8.580100 00 00 313831323045303233303836            
04/11/25 11:45:35 0045 1                  44.844668 8.579915 00 00 313931323050303039363533            
04/11/25 11:46:17 0046 1                  44.844752 8.579745 00 00 313931323050303038333139            
04/11/25 11:47:20 0047 1                  44.844895 8.579575 00 00 313831323045303236323634            
04/11/25 11:48:42 0048 1                  44.845062 8.579388 00 00 313831323045303233313038            
04/11/25 11:48:47 0049 1                  44.845060 8.579385 00 00 313831323045303234393330            
04/11/25 11:49:02 0050 1                  44.845063 8.579383 00 00 313831323045303234353932            
04/11/25 11:51:18 0051 1                  44.845657 8.579220 00 00 313831323045303232323039            
04/11/25 11:51:58 0052 1                  44.845810 8.579483 00 00 313831323045303232323131            
04/11/25 11:52:07 0053 1                  44.845813 8.579488 00 00 313831323045303233303530            
04/11/25 11:53:18 0054 1                  44.845935 8.579687 00 00 313831323045303233313039            
04/11/25 11:54:23 0055 1                  44.846053 8.579955 00 00 313931323050303035363933            
04/11/25 11:54:58 0056 1                  44.846062 8.579953 00 00 30396120C238858000002505            
04/11/25 11:55:44 0057 1                  44.846160 8.580087 00 00 313831323045303233313831            
04/11/25 11:57:23 0058 1                  44.846343 8.580457 00 00 313831323045303233323439            
04/11/25 11:59:46 0059 1                  44.846370 8.579440 00 00 313831323045303235343431            
04/11/25 12:01:48 0060 1                  44.846655 8.579242 00 00 313831323045303233353235            
04/11/25 12:01:54 0061 1                  44.846662 8.579248 00 00 313831323045303233303433            
04/11/25 12:03:08 0062 1                  44.846578 8.578980 00 00 313831323045303233303338            
04/11/25 12:06:19 0063 1                  44.845312 8.575610 00 00 313831323045303234393232            
04/11/25 12:08:16 0064 1                  44.845437 8.576172 00 00 313931323050303035383436            
04/11/25 12:08:25 0065 1                  44.845428 8.576173 00 00 3233303033304D3030343337            
04/11/25 12:09:36 0066 1                  44.845597 8.575853 00 00 313831323045303232373732            
04/11/25 12:12:30 0067 1                  44.845250 8.579777 00 00 313931323050303132313936            
04/11/25 12:13:17 0068 1                  44.845265 8.579743 00 00 313831323045303234303838            
04/11/25 12:14:00 0069 1                  44.845407 8.579995 00 00 313831323045303232303138            
04/11/25 12:14:11 0070 1                  44.845408 8.579998 00 00 313931323050303133313333            
04/11/25 12:14:14 0071 1                  44.845407 8.579998 00 00 313831323045303234313933            
04/11/25 12:15:59 0072 1                  44.845577 8.580222 00 00 313831323045303232373339            
04/11/25 12:16:00 0073 1                  44.845577 8.580220 00 00 3138313230453032323733B9            
04/11/25 12:17:29 0074 1                  44.845922 8.580523 00 00 313831323045303234313930            
04/11/25 12:19:02 0075 1                  44.846752 8.579937 00 00 313831323045303236323632            
04/11/25 12:19:41 0076 1                  44.847018 8.579637 00 00 313931323050303033303832            
04/11/25 12:20:49 0077 1                  44.847142 8.579470 00 00 313831323045303233383339            
04/11/25 12:22:03 0078 1                  44.847262 8.579250 00 00 313831323045303233313833            
04/11/25 12:23:08 0079 1                  44.847393 8.578957 00 00 313931323050303038333538            
04/11/25 12:24:18 0080 1                  44.847745 8.578480 00 00 313831323045303230393136            
04/11/25 12:25:26 0081 1                  44.847875 8.578358 00 00 313831323045303139383538            
04/11/25 12:26:36 0082 1                  44.848068 8.578120 00 00 313831323045303233313436            
04/11/25 12:26:42 0083 1                  44.848067 8.578120 00 00 313831323045303138373331            
04/11/25 12:29:04 0084 1                  44.848203 8.577063 00 00 313931323045303630343431            
04/11/25 12:30:53 0085 1                  44.847682 8.577023 00 00 3234303132304A3030343139            
04/11/25 12:31:06 0086 1                  44.847697 8.577027 00 00 313831323045303234313132            
04/11/25 12:33:52 0087 1                  44.847233 8.578348 00 00 313831323045303230343732            
04/11/25 12:35:26 0088 1                  44.846977 8.579017 00 00 313931323050303133383332            
04/11/25 12:35:41 0089 1                  44.846982 8.579035 00 00 313831323045303233313836            
04/11/25 12:39:05 0090 1                  44.846630 8.576537 00 00 31383032334D303037353131            
04/11/25 12:39:48 0091 1                  44.846405 8.575983 00 00 313831323045303233313837            
04/11/25 12:40:59 0092 1                  44.846562 8.576245 00 00 313832343045303034313735            
04/11/25 12:42:19 0093 1                  44.846595 8.576493 00 00 3233303132304A3030363833            
04/11/25 12:42:58 0094 1                  44.846592 8.576488 00 00 313831323045303232353735            
04/11/25 12:43:16 0095 1                  44.846610 8.576497 00 00 313831323045303233393837            
04/11/25 12:43:25 0096 1                  44.846650 8.576507 00 00 313832343045303034323037            
04/11/25 12:44:09 0097 1                  44.846653 8.576527 00 00 313832343045303034323039            
04/11/25 12:44:26 0098 1                  44.846650 8.576547 00 00 313832343045303034323135            
04/11/25 12:50:01 0099 1                  44.849248 8.574890 00 00 313831323045303233393537            
04/11/25 12:50:13 0100 1                  44.849262 8.574882 00 00 313831323045303233373839            
04/11/25 12:51:48 0101 1                  44.850000 8.573598 00 00 313831313030533031313232            
04/11/25 12:53:28 0102 1                  44.850112 8.573362 00 00 3234303132304A3030393335            
04/11/25 12:55:12 0103 1                  44.849333 8.574475 00 00 3234303132304A3031303937            
04/11/25 12:56:27 0104 1                  44.849155 8.576105 00 00 31383132304A303231373532            
04/11/25 12:57:42 0105 1                  44.849060 8.576250 00 00 313831323045303233303837            
04/11/25 12:59:22 0106 1                  44.848947 8.576425 00 00 313831323045303233303330            
04/11/25 13:00:20 0107 1                  44.848693 8.576768 00 00 313831323045303233393834            
04/11/25 13:00:39 0108 1                  44.848708 8.576803 00 00 313931323050303131353332            
04/11/25 13:00:51 0109 1                  44.848720 8.576813 00 00 313931323050303039363435            
04/11/25 13:01:36 0110 1                  44.848722 8.576818 00 00 313831323045303233343131            
04/11/25 13:01:38 0111 1                  44.848720 8.576818 00 00 313831323045303233383834            
04/11/25 13:04:29 0112 1                  44.849117 8.578272 00 00 313831323045303233313034            
04/11/25 13:04:34 0113 1                  44.849127 8.578268 00 00 313831323045303233323633            
04/11/25 13:05:22 0114 1                  44.849142 8.578237 00 00 313831323045303233313338            
04/11/25 13:05:29 0115 1                  44.849142 8.578238 00 00 313831323045303233373132            
04/11/25 13:07:59 0116 1                  44.849502 8.578207 00 00 313831323045303232373436            
04/11/25 13:07:59 0117 1                  44.849502 8.578207 00 00 313831323045303232373436            
04/11/25 13:08:08 0118 1                  44.849502 8.578205 00 00 313831323045303233383332            
04/11/25 13:08:19 0119 1                  44.849500 8.578200 00 00 313831323045B03232373436            
04/11/25 13:10:09 0120 1                  44.849343 8.578447 00 00 31383132304A303233323637            
04/11/25 13:11:16 0121 1                  44.849153 8.578628 00 00 3231303033304D3033303734            
04/11/25 13:11:53 0122 1                  44.849085 8.578748 00 00 313831323045303233303932            
04/11/25 13:12:59 0123 1                  44.849033 8.578877 00 00 3235303132304A3031303235            
04/11/25 13:14:36 0124 1                  44.849258 8.579183 00 00 313831323045303039B43133            
04/11/25 13:16:15 0125 1                  44.848842 8.580072 00 00 313931323050303036353130            
04/11/25 13:16:26 0126 1                  44.848843 8.580070 00 00 313931323045303630323331            
04/11/25 13:18:39 0127 1                  44.849702 8.579458 00 00 31383132304530323337303D            
04/11/25 13:18:44 0128 1                  44.849707 8.579465 00 00 313831323045303233373035            
04/11/25 13:20:49 0129 1                  44.850257 8.579232 00 00 313831323045303232393133            
04/11/25 13:20:49 0130 1                  44.850257 8.579232 00 00 313931323050303036393636            
04/11/25 13:50:28 0000 s 01507ver01 44.841637 8.574377 00 00
04/11/25 13:53:37 0131 1                  44.842598 8.575123 00 00 3234303132304A3030333339            
04/11/25 13:53:47 0132 1                  44.842607 8.575128 00 00 3138313230C5303233383236            
04/11/25 13:55:10 0133 1                  44.842600 8.575133 00 00 313831323045303232343032            
04/11/25 13:57:51 0134 1                  44.843090 8.574148 00 00 313831323045303233383831            
04/11/25 13:58:37 0135 1                  44.842970 8.574607 00 00 313831323045303232383533            
04/11/25 14:00:36 0136 1                  44.842822 8.575440 00 00 313831323045343232333539            
04/11/25 14:03:17 0137 1                  44.843028 8.576322 00 00 313831323045303232343033            
04/11/25 14:03:25 0138 1                  44.843038 8.576337 00 00 313831323045303232313037            
04/11/25 14:05:25 0139 1                  44.843097 8.576135 00 00 31383132304530323B373634            
04/11/25 14:05:33 0140 1                  44.843090 8.576127 00 00 313831323045303233383035            
04/11/25 14:06:51 0141 1                  44.843152 8.575925 00 00 313931323045303630313438            
04/11/25 14:09:11 0142 1                  44.845318 8.574005 00 00 3234303132304A3031303731            
04/11/25 14:13:15 0143 1                  44.855068 8.568397 00 00 313831323045303139313335            
04/11/25 14:17:48 0144 1                  44.860958 8.553263 00 00 3234303132304A3032313835            
04/11/25 14:19:19 0145 1                  44.860448 8.554887 00 00 313831323045303233353635            
04/11/25 14:20:37 0146 1                  44.859978 8.554630 00 00 3234303132304A3031303332            
04/11/25 14:21:29 0147 1                  44.859902 8.554587 00 00 E28011700000020F4DB6C531            
04/11/25 14:26:34 0148 1                  44.859137 8.529763 00 00 313931323050303033343533            
04/11/25 14:27:44 0149 1                  44.859148 8.530002 00 00 313831323045303035363733            
04/11/25 14:31:52 0150 1                  44.860908 8.546973 00 00 313831323045303233343734            
04/11/25 14:31:58 0151 1                  44.860907 8.546977 00 00 313831323045303138363932            
04/11/25 14:35:00 0152 1                  44.858760 8.550493 00 00 313931323050303131333235            
04/11/25 14:35:16 0153 1                  44.858735 8.550520 00 00 313931323050303133343631            
04/11/25 14:35:26 0154 1                  44.858733 8.550525 00 00 313831323045303233333937            
04/11/25 14:36:23 0155 1                  44.858745 8.550547 00 00 31383132304A303236353831            
04/11/25 14:36:23 0156 1                  44.858745 8.550547 00 00 313931323050303131333238            
04/11/25 14:36:41 0157 1                  44.858750 8.550540 00 00 313831323045303233343533            
04/11/25 14:41:24 0158 1                  44.849262 8.533140 00 00 3233303132304A3030363634            
04/11/25 14:43:40 0159 1                  44.846375 8.531872 00 00 3233303132304A3030363234            
04/11/25 14:43:52 0160 1                  44.846367 8.531872 00 00 313831323045303139393132            
04/11/25 14:49:19 0161 1                  44.850583 8.515073 00 00 313931323050303130323431            
04/11/25 14:54:35 0162 1                  44.850390 8.544455 00 00 313831323045303232363635            
04/11/25 14:56:36 0163 1                  44.850940 8.544597 00 00 313831323045303138363032            
