27/01/25 05:20:32 0000 s 01485ver01 44.882223 8.860038 00 00
27/01/25 05:28:47 0000 s 01485ver01 0 0 00 00
27/01/25 05:46:35 0001 1                  44.853380 8.818350 00 00 3231303032334D3031333137            
27/01/25 05:47:54 0002 1                  44.851680 8.817322 00 00 3232303032334D3030343830            
27/01/25 05:49:16 0003 1                  44.849590 8.816100 00 00 3231303234304A3034343737            
27/01/25 05:55:28 0004 1                  44.847400 8.815865 00 00 3231303032334D3035333939            
27/01/25 05:58:06 0005 1                  44.846778 8.815545 00 00 3231303032334D3035333532            
27/01/25 05:58:59 0006 1                  44.846745 8.815835 00 00 3234303032334D3030303334            
27/01/25 06:00:14 0007 1                  44.846690 8.816500 00 00 3231303032334D3031343030            
27/01/25 06:01:58 0008 1                  44.846727 8.816825 00 00 3231303032334D3035343834            
27/01/25 06:04:43 0009 1                  44.847603 8.817468 00 00 3231303032334D3035333537            
27/01/25 06:04:51 0010 1                  44.847610 8.817467 00 00 3231303032334D3031333939            
27/01/25 06:06:53 0011 1                  44.847687 8.816082 00 00 3231303032334D3035313830            
27/01/25 06:09:03 0012 1                  44.847928 8.817377 00 00 3231303032334D3035303834            
27/01/25 06:09:16 0013 1                  44.847927 8.817385 00 00 3231303032334D3035343836            
27/01/25 06:09:30 0014 1                  44.847930 8.817385 00 00 3231303032334D3035343835            
27/01/25 06:09:56 0015 1                  44.847947 8.817393 00 00 3231303032334D3035343838            
27/01/25 06:11:21 0016 1                  44.847927 8.817118 00 00 3231303032334D3035303835            
27/01/25 06:11:29 0017 1                  44.847928 8.817117 00 00 3231303032334D3035303433            
27/01/25 06:12:53 0018 1                  44.847935 8.816898 00 00 3234303032334D3030303530            
27/01/25 06:13:51 0019 1                  44.847898 8.816613 00 00 3231303032334D3035303132            
27/01/25 06:17:09 0020 1                  44.848672 8.815880 00 00 31383032334D303035333133            
27/01/25 06:19:34 0021 1                  44.848755 8.815758 00 00 3234303032334D3030333739            
27/01/25 06:20:58 0022 1                  44.848533 8.815527 00 00 3231303032334D3031353036            
27/01/25 06:22:34 0023 1                  44.848148 8.815283 00 00 3231303032334D3031333038            
27/01/25 06:22:41 0024 1                  44.848142 8.815285 00 00 3231303032334D3031353035            
27/01/25 06:22:49 0025 1                  44.848137 8.815283 00 00 3231303032334D3031343936            
27/01/25 06:24:23 0026 1                  44.847837 8.815093 00 00 3231303032334D3035333332            
27/01/25 06:24:32 0027 1                  44.847820 8.815088 00 00 3231303032334D3031333834            
27/01/25 06:25:36 0028 1                  44.847685 8.814978 00 00 3231303032334D3031373532            
27/01/25 06:25:45 0029 1                  44.847685 8.814977 00 00 3231303032334D3031333133            
27/01/25 06:27:38 0030 1                  44.847038 8.813652 00 00 3231303032334D3031363136            
27/01/25 06:27:44 0031 1                  44.847042 8.813650 00 00 3231303032334D3035313633            
27/01/25 06:27:49 0032 1                  44.847045 8.813648 00 00 3231303032334D3035303738            
27/01/25 06:28:20 0033 1                  44.847048 8.813637 00 00 3231303032334D3031353137            
27/01/25 06:28:50 0034 1                  44.847033 8.813608 00 00 3231303032334D3031343731            
27/01/25 06:33:11 0035 1                  44.847678 8.811007 00 00 323030323545303036373631            
27/01/25 06:34:51 0036 1                  44.847158 8.810270 00 00 3231303032334D3031343832            
27/01/25 06:38:03 0037 1                  44.846685 8.813875 00 00 3231303032334D3035313737            
27/01/25 06:39:06 0038 1                  44.846533 8.813902 00 00 3231303032334D3035313736            
27/01/25 06:40:53 0039 1                  44.846022 8.813560 00 00 3231303032334D3035333334            
27/01/25 06:41:04 0040 1                  44.846018 8.813570 00 00 3233303032334D3030333339            
27/01/25 06:44:17 0041 1                  44.846098 8.813145 00 00 3231303032334D3031353037            
27/01/25 06:47:37 0042 1                  44.847610 8.814183 00 00 3231303032334D3031333938            
27/01/25 06:48:27 0043 1                  44.847737 8.814222 00 00 3233303032334D3030323038            
27/01/25 06:48:48 0044 1                  44.847735 8.814220 00 00 3234303032334D3030323131            
27/01/25 06:48:55 0045 1                  44.847733 8.814220 00 00 3232303032334D3030373734            
27/01/25 06:49:07 0046 1                  44.847733 8.814217 00 00 3231303032334D3035333935            
27/01/25 06:54:50 0047 1                  44.846398 8.814285 00 00 3231303032334D3035333932            
27/01/25 06:56:53 0048 1                  44.844663 8.813210 00 00 3231303032334D3031353130            
27/01/25 06:58:51 0049 1                  44.842082 8.811688 00 00 3231303032334D3030363035            
27/01/25 06:59:00 0050 1                  44.842082 8.811685 00 00 3232303032334D3030343738            
27/01/25 07:01:39 0051 1                  44.841578 8.810367 00 00 3231303032334D3031343332            
27/01/25 07:04:09 0052 1                  44.841542 8.810578 00 00 3231303032334D3035373039            
27/01/25 07:04:20 0053 1                  44.841542 8.810577 00 00 3231303032334D3031353135            
27/01/25 07:05:47 0054 1                  44.841422 8.811068 00 00 3232303032334D3031353532            
27/01/25 07:05:57 0055 1                  44.841420 8.811078 00 00 3231303032334D3031353131            
27/01/25 07:07:09 0056 1                  44.841092 8.811143 00 00 3231303032334D3031343334            
27/01/25 07:08:10 0057 1                  44.840518 8.810765 00 00 3231303032334D3031333830            
27/01/25 07:09:07 0058 1                  44.839710 8.810290 00 00 3231303032334D3031343333            
27/01/25 07:10:01 0059 1                  44.838915 8.809788 00 00 3231303032334D3035333837            
27/01/25 07:13:03 0060 1                  44.836457 8.807078 00 00 3231303032334D3031343339            
27/01/25 07:17:30 0061 1                  44.836095 8.806698 00 00 3231303032334D3031343939            
27/01/25 07:19:56 0062 1                  44.835590 8.804240 00 00 3231303032334D3031333739            
27/01/25 07:39:13 0063 1                  44.837852 8.809495 00 00 3231303032334D3031343336            
27/01/25 07:40:37 0064 1                  44.839567 8.810508 00 00 3231303032334D3031343634            
27/01/25 07:40:44 0065 1                  44.839563 8.810523 00 00 3234303032334D3030303431            
27/01/25 07:41:40 0066 1                  44.839890 8.810627 00 00 3231303032334D3031343631            
27/01/25 07:44:08 0067 1                  44.843545 8.812807 00 00 3231303132304A3037353333            
27/01/25 07:45:45 0068 1                  44.843827 8.813125 00 00 3234303032334D3030353930            
27/01/25 07:47:05 0069 1                  44.843742 8.813582 00 00 3231303032334D3035313935            
27/01/25 07:47:24 0070 1                  44.843747 8.813570 00 00 3231303132304A3037363839            
27/01/25 07:49:54 0071 1                  44.843743 8.814498 00 00 3233303032334D3030323036            
27/01/25 07:50:00 0072 1                  44.843745 8.814502 00 00 3231303032334D3035333834            
27/01/25 07:51:11 0073 1                  44.843553 8.816823 00 00 3231303032334D3031333930            
27/01/25 07:51:58 0074 1                  44.843368 8.817280 00 00 3231303032334D3035313236            
27/01/25 07:52:48 0075 1                  44.842890 8.817995 00 00 3231303032334D3035313237            
27/01/25 07:54:52 0076 1                  44.840098 8.817883 00 00 3231303032334D3035313430            
27/01/25 07:54:57 0077 1                  44.840100 8.817882 00 00 3231303032334D3031333635            
27/01/25 07:55:04 0078 1                  44.840100 8.817883 00 00 3231303032334D3031343633            
27/01/25 07:57:58 0079 1                  44.840318 8.817153 00 00 3231303032334D3035313739            
27/01/25 07:58:07 0080 1                  44.840315 8.817153 00 00 3231303032334D3035333735            
27/01/25 07:59:49 0081 1                  44.840698 8.816353 00 00 3231303032334D3031343236            
27/01/25 07:59:53 0082 1                  44.840700 8.816360 00 00 3231303032334D3031353337            
27/01/25 08:00:50 0083 1                  44.840130 8.815962 00 00 3231303032334D3031343233            
27/01/25 08:03:13 0084 1                  44.839408 8.811258 00 00 3231303032334D3035313031            
27/01/25 08:03:20 0085 1                  44.839415 8.811250 00 00 3232303032334D3031313133            
27/01/25 08:03:49 0086 1                  44.839422 8.811237 00 00 3231303032334D3035313432            
27/01/25 08:04:07 0087 1                  44.839423 8.811232 00 00 3231303032334D3031333037            
27/01/25 08:06:07 0088 1                  44.839768 8.809337 00 00 3231303032334D3035313431            
27/01/25 08:06:45 0089 1                  44.839740 8.809315 00 00 3231303032334D3031333036            
27/01/25 08:08:46 0090 1                  44.840350 8.807143 00 00 3231303032334D3035333338            
27/01/25 08:09:18 0091 1                  44.840320 8.807117 00 00 3231303032334D3035333337            
27/01/25 08:11:34 0092 1                  44.844175 8.808500 00 00 3231303032334D3035313634            
27/01/25 08:13:09 0093 1                  44.844082 8.809095 00 00 3231303032334D3035313933            
27/01/25 08:13:52 0094 1                  44.844070 8.809513 00 00 3231303032334D3035303136            
27/01/25 08:15:15 0095 1                  44.843888 8.812418 00 00 3234303032334D3031313438            
27/01/25 08:16:36 0096 1                  44.845833 8.814165 00 00 3232303032334D3031353630            
27/01/25 08:16:39 0097 1                  44.845833 8.814165 00 00 3231303032334D3035323030            
27/01/25 08:16:51 0098 1                  44.845825 8.814167 00 00 3233303032334D3030303936            
27/01/25 08:21:02 0099 1                  44.846772 8.814712 00 00 3231303032334D3031343232            
27/01/25 08:21:14 0100 1                  44.846788 8.814710 00 00 3231303032334D3031333836            
27/01/25 08:22:06 0101 1                  44.847445 8.815102 00 00 3231303132304A3037353336            
27/01/25 08:24:01 0102 1                  44.849323 8.816213 00 00 3231303032334D3035313638            
27/01/25 08:25:01 0103 1                  44.849582 8.816413 00 00 3231303032334D3035313637            
27/01/25 08:25:51 0104 1                  44.849948 8.816618 00 00 3231303032334D3035333331            
27/01/25 08:30:46 0105 1                  44.853183 8.817983 00 00 3231303032334D3035313639            
27/01/25 08:31:38 0106 1                  44.853233 8.817390 00 00 3234303032334D3030303131            
27/01/25 08:32:31 0107 1                  44.853193 8.817043 00 00 3231303032334D3031343737            
27/01/25 08:37:27 0108 1                  44.855653 8.795720 00 00 3231303032334D3035303534            
27/01/25 08:37:34 0109 1                  44.855662 8.795715 00 00 3231303032334D3035303533            
27/01/25 08:38:17 0110 1                  44.855590 8.795332 00 00 3231303032334D3035303535            
27/01/25 08:39:06 0111 1                  44.855468 8.794432 00 00 3231303032334D3035303532            
27/01/25 08:43:25 0112 1                  44.847877 8.801547 00 00 3231303234304A3034323037            
27/01/25 08:46:13 0113 1                  44.841078 8.794570 00 00 3231303032334D3035303138            
27/01/25 08:48:28 0114 1                  44.841143 8.801488 00 00 3231303032334D3035303736            
27/01/25 08:50:15 0115 1                  44.840865 8.802745 00 00 3231303032334D3035303730            
27/01/25 08:50:36 0116 1                  44.840875 8.802752 00 00 3231303032334D3031353237            
27/01/25 08:51:22 0117 1                  44.841038 8.802263 00 00 3231303032334D3035333630            
27/01/25 08:59:12 0118 1                  44.847702 8.809570 00 00 3233303032334D3030303536            
27/01/25 09:02:58 0119 1                  44.834913 8.808172 00 00 31383032334D303035343437            
27/01/25 09:04:09 0120 1                  44.834700 8.809597 00 00 3231303032334D3035303039            
27/01/25 09:04:59 0121 1                  44.834640 8.810168 00 00 3231303032334D3035333631            
27/01/25 09:08:29 0122 1                  44.837910 8.815245 00 00 3231303032334D3031333039            
27/01/25 09:14:19 0123 1                  44.821592 8.822170 00 00 3231303032334D3031333333            
27/01/25 09:15:15 0124 1                  44.821405 8.821705 00 00 3231303032334D3035303633            
27/01/25 09:16:45 0125 1                  44.817833 8.821843 00 00 3231303032334D3035303431            
27/01/25 09:18:19 0126 1                  44.812827 8.820545 00 00 3231303032334D3035333438            
27/01/25 09:19:10 0127 1                  44.812287 8.820445 00 00 3231303032334D3031343839            
27/01/25 09:21:05 0128 1                  44.814785 8.826845 00 00 3231303032334D3031333738            
27/01/25 09:21:11 0129 1                  44.814783 8.826848 00 00 3231303032334D3031333838            
27/01/25 09:22:11 0130 1                  44.814933 8.827252 00 00 3231303032334D3030373638            
27/01/25 09:23:40 0131 1                  44.817523 8.830978 00 00 3231303032334D3035313738            
27/01/25 09:25:01 0132 1                  44.817650 8.830527 00 00 3231303032334D3035303038            
27/01/25 09:26:25 0133 1                  44.817447 8.831185 00 00 3232303032334D3030303432            
27/01/25 09:28:43 0134 1                  44.818112 8.833592 00 00 3231303032334D3031353236            
27/01/25 09:28:48 0135 1                  44.818117 8.833588 00 00 3231303032334D3033333938            
27/01/25 09:28:51 0136 1                  44.818118 8.833588 00 00 3231303032334D3035333736            
27/01/25 09:29:32 0137 1                  44.818145 8.833580 00 00 3231303032334D3035333232            
27/01/25 09:29:58 0138 1                  44.818150 8.833573 00 00 3231303032334D3035333235            
27/01/25 09:30:03 0139 1                  44.818150 8.833572 00 00 3231303032334D3031343932            
27/01/25 09:31:43 0140 1                  44.818657 8.834613 00 00 3231303032334D3035333835            
27/01/25 09:31:57 0141 1                  44.818653 8.834618 00 00 3231303032334D3031323439            
27/01/25 09:32:58 0142 1                  44.818733 8.834260 00 00 3231303032334D3033333939            
27/01/25 09:34:41 0143 1                  44.817918 8.833133 00 00 3231303032334D3031333131            
27/01/25 09:35:37 0144 1                  44.818098 8.832638 00 00 3231303032334D3035333333            
27/01/25 09:35:51 0145 1                  44.818115 8.832648 00 00 3231303032334D3031343035            
27/01/25 09:37:04 0146 1                  44.818483 8.832600 00 00 3231303032334D3035333633            
27/01/25 09:37:09 0147 1                  44.818488 8.832598 00 00 3231303032334D3031393535            
27/01/25 09:37:12 0148 1                  44.818490 8.832598 00 00 3234303032334D3030343333            
27/01/25 09:37:36 0149 1                  44.818510 8.832595 00 00 3231303032334D3035333637            
27/01/25 09:41:20 0150 1                  44.821035 8.826230 00 00 3231303032334D3031343031            
27/01/25 09:43:16 0151 1                  44.825098 8.823970 00 00 3232303032334D3030323034            
27/01/25 09:50:26 0152 1                  44.820347 8.832488 00 00 3231303032334D3035333433            
27/01/25 09:50:31 0153 1                  44.820355 8.832485 00 00 3231303032334D3035333434            
27/01/25 09:51:43 0154 1                  44.824057 8.832437 00 00 3231303032334D3031333937            
27/01/25 09:53:21 0155 1                  44.831147 8.831635 00 00 3231303032334D3035303531            
27/01/25 09:55:09 0156 1                  44.832820 8.830158 00 00 3232303032334D3031323530            
27/01/25 09:56:36 0157 1                  44.837950 8.831788 00 00 3231303032334D3035303230            
27/01/25 10:31:30 0000 s 01485ver01 44.905800 8.868797 00 00
27/01/25 11:17:01 0000 s 01485ver01 44.882285 8.860337 00 00
