25/01/25 05:41:15 0000 s 01497ver01 44.882152 8.859863 00 00
25/01/25 05:47:52 0001 1                  44.886070 8.858795 00 00 313931323050303036343534            
25/01/25 05:48:39 0002 1                  44.886158 8.858602 00 00 3231303234304A3031333837            
25/01/25 05:49:34 0003 1                  44.886220 8.858452 00 00 313931323050303033343033            
25/01/25 05:50:34 0004 1                  44.886437 8.857948 00 00 313931323050303038353434            
25/01/25 05:52:05 0005 1                  44.885908 8.857385 00 00 313931323050303036323038            
25/01/25 05:53:18 0006 1                  44.885662 8.857348 00 00 3231313130304A3031343833            
25/01/25 05:54:57 0007 1                  44.886008 8.857247 00 00 3231313130304A3031373131            
25/01/25 05:55:21 0008 1                  44.886047 8.857278 00 00 3231313130304A3031383333            
25/01/25 05:56:08 0009 1                  44.886030 8.857252 00 00 3231313130304A3031383233            
25/01/25 05:58:45 0010 1                  44.888795 8.857585 00 00 313931323050303033323231            
25/01/25 06:00:22 0011 1                  44.887523 8.856822 00 00 3231313130304A3031363636            
25/01/25 06:00:48 0012 1                  44.887518 8.856810 00 00 3231303234304E3032323531            
25/01/25 06:01:59 0013 1                  44.886653 8.856932 00 00 313931B23050303033393139            
25/01/25 06:02:02 0014 1                  44.886633 8.856947 00 00 313931323050303033393233            
25/01/25 06:02:41 0015 1                  44.886627 8.856963 00 00 313931323050303033393230            
25/01/25 06:05:21 0016 1                  44.884895 8.857762 00 00 313931323050303033323334            
25/01/25 06:05:57 0017 1                  44.884875 8.857778 00 00 313931323050303037313630            
25/01/25 06:05:57 0018 1                  44.884875 8.857778 00 00 313931323050303030373336            
25/01/25 06:06:42 0019 1                  44.884802 8.857842 00 00 313931323050303037313538            
25/01/25 06:06:43 0020 1                  44.884802 8.857842 00 00 313931323050303037313537            
25/01/25 06:07:18 0021 1                  44.884813 8.857795 00 00 313931323050303037313539            
25/01/25 06:07:18 0022 1                  44.884813 8.857795 00 00 313931323050303037313631            
25/01/25 06:09:15 0023 1                  44.885240 8.857512 00 00 3231313130304A3030363334            
25/01/25 06:09:56 0024 1                  44.885175 8.857500 00 00 3231313130304A3030363333            
25/01/25 06:12:27 0025 1                  44.886397 8.856453 00 00 313931323050303035393336            
25/01/25 06:12:31 0026 1                  44.886395 8.856447 00 00 313931323050303131353935            
25/01/25 06:13:56 0027 1                  44.887608 8.856053 00 00 3231313130304A3031363631            
25/01/25 06:16:14 0028 1                  44.890217 8.856008 00 00 3231313130304A3031363630            
25/01/25 06:17:23 0029 1                  44.890567 8.856018 00 00 3231313130304A3031363332            
25/01/25 06:18:57 0030 1                  44.890790 8.856018 00 00 3231313130304A3032343632            
25/01/25 06:20:24 0031 1                  44.891417 8.856073 00 00 3231313130304A3030363238            
25/01/25 06:22:43 0032 1                  44.891800 8.856002 00 00 313931323050303038363237            
25/01/25 06:23:37 0033 1                  44.892150 8.855927 00 00 313931323050303033323134            
25/01/25 06:26:33 0034 1                  44.892167 8.854558 00 00 313931323050303033323238            
25/01/25 06:26:33 0035 1                  44.892167 8.854558 00 00 313931323050303030323332            
25/01/25 06:26:57 0036 1                  44.892198 8.854580 00 00 3230303033304D3038343531            
25/01/25 06:27:05 0037 1                  44.892202 8.854583 00 00 3233303033304D3030343838            
25/01/25 06:27:50 0038 1                  44.892208 8.854597 00 00 313931323050303038363234            
25/01/25 06:27:52 0039 1                  44.892208 8.854597 00 00 313931323050303038363233            
25/01/25 06:30:41 0040 1                  44.892298 8.855233 00 00 313931323050303038363232            
25/01/25 06:31:29 0041 1                  44.892255 8.855428 00 00 313931323050303031303431            
25/01/25 06:36:23 0042 1                  44.894827 8.853823 00 00 313931323050303038333339            
25/01/25 06:37:50 0043 1                  44.894897 8.855432 00 00 313931323050303036313330            
25/01/25 06:39:19 0044 1                  44.894890 8.856103 00 00 313931323050303135383336            
25/01/25 06:39:20 0045 1                  44.894890 8.856103 00 00 313931323050303037333830            
25/01/25 06:39:49 0046 1                  44.894867 8.856082 00 00 313931323050303037343039            
25/01/25 06:41:25 0047 1                  44.895260 8.856317 00 00 3231303234304A3032313836            
25/01/25 06:41:26 0048 1                  44.895260 8.856317 00 00 313931323050303037373633            
25/01/25 06:43:08 0049 1                  44.895535 8.856338 00 00 3230303033304D3038363833            
25/01/25 06:43:13 0050 1                  44.895537 8.856350 00 00 3230303033304D3038363438            
25/01/25 06:43:20 0051 1                  44.895542 8.856373 00 00 3231303033304D3032353735            
25/01/25 06:43:24 0052 1                  44.895543 8.856380 00 00 3231303033304D3033303536            
25/01/25 06:43:48 0053 1                  44.895538 8.856390 00 00 3231303033304D3033303539            
25/01/25 06:43:50 0054 1                  44.895540 8.856393 00 00 3231303033304D3032393231            
25/01/25 06:44:50 0055 1                  44.895687 8.856450 00 00 3231313130304A3031343739            
25/01/25 06:45:57 0056 1                  44.895683 8.856508 00 00 323031313030503030313834            
25/01/25 06:49:10 0057 1                  44.893138 8.855610 00 00 323031313030503030323031            
25/01/25 06:50:58 0058 1                  44.892095 8.855582 00 00 313931323050303031333337            
25/01/25 06:52:05 0059 1                  44.891097 8.855612 00 00 31383132304A303231343731            
25/01/25 06:52:58 0060 1                  44.890983 8.855593 00 00 3231313130304A3031343932            
25/01/25 06:54:15 0061 1                  44.890613 8.855608 00 00 313931323050303038363330            
25/01/25 06:54:47 0062 1                  44.890615 8.855617 00 00 3231313130304A3031363334            
25/01/25 06:56:36 0063 1                  44.889112 8.856343 00 00 31383132304A303237313334            
25/01/25 06:57:24 0064 1                  44.888817 8.856338 00 00 313931323050303033383830            
25/01/25 06:59:58 0065 1                  44.888290 8.856475 00 00 3231313130304A3031363733            
25/01/25 07:01:44 0066 1                  44.888113 8.856813 00 00 313931323050303034363839            
25/01/25 07:01:44 0067 1                  44.888113 8.856813 00 00 313931323050303035383437            
25/01/25 07:02:50 0068 1                  44.888272 8.856818 00 00 313931323050303033323139            
25/01/25 07:04:04 0069 1                  44.888627 8.856835 00 00 3231303234304A3032323230            
25/01/25 07:04:05 0070 1                  44.888627 8.856835 00 00 3231303234304A3032323231            
25/01/25 07:05:10 0071 1                  44.888863 8.856800 00 00 313931323050303034303730            
25/01/25 07:06:16 0072 1                  44.889025 8.856842 00 00 30395DFA82D87940001A2EAE            
25/01/25 07:06:16 0073 1                  44.889025 8.856842 00 00 30395DFA82D87940001A2EBA            
25/01/25 07:07:10 0074 1                  44.889177 8.856812 00 00 3231303234304A3032323238            
25/01/25 07:08:32 0075 1                  44.889257 8.857262 00 00 3231313130304A3031343931            
25/01/25 07:08:59 0076 1                  44.889260 8.857270 00 00 3231313130304A3031343838            
25/01/25 07:11:49 0077 1                  44.889443 8.857442 00 00 3231313130304A3031353135            
25/01/25 07:13:48 0078 1                  44.889467 8.857430 00 00 3234313130304A3030333833            
25/01/25 07:13:56 0079 1                  44.889463 8.857423 00 00 3234313130304A3030333833            
25/01/25 07:17:48 0080 1                  44.889973 8.858652 00 00 3231313130304A3031363239            
25/01/25 07:18:23 0081 1                  44.889993 8.858635 00 00 3231313130304A3031363236            
25/01/25 07:20:27 0082 1                  44.890030 8.858637 00 00 3231313130304A3031363235            
25/01/25 07:24:23 0083 1                  44.890263 8.857982 00 00 30340C138C5CB2CCB0564404            
25/01/25 07:27:03 0084 1                  44.890212 8.858005 00 00 3231313130304A3031353136            
25/01/25 07:30:03 0085 1                  44.890862 8.858270 00 00 3231313134304A3030363738            
25/01/25 07:31:00 0086 1                  44.890917 8.858253 00 00 3231313130304A3030363739            
25/01/25 07:33:00 0087 1                  44.890648 8.857690 00 00 3231303234304A3034363731            
25/01/25 07:35:24 0088 1                  44.889535 8.859317 00 00 313931323050303131383939            
25/01/25 07:36:43 0089 1                  44.889548 8.859155 00 00 3231313130304A3031343939            
25/01/25 07:39:45 0090 1                  44.888948 8.858525 00 00 3231313130304A3031383039            
25/01/25 07:40:51 0091 1                  44.888872 8.858467 00 00 3231313130304A3031373032            
25/01/25 07:43:33 0092 1                  44.889422 8.856650 00 00 323031313030503030333532            
25/01/25 07:44:13 0093 1                  44.889393 8.856693 00 00 3231313130304A3031373338            
25/01/25 07:47:05 0094 1                  44.891003 8.856890 00 00 3231313130304A3031353232            
25/01/25 07:47:41 0095 1                  44.891007 8.856900 00 00 3231313130304A3031353231            
25/01/25 07:51:11 0096 1                  44.893122 8.857563 00 00 313931323050303038353738            
25/01/25 07:52:14 0097 1                  44.893078 8.857245 00 00 313931323050303032323234            
25/01/25 07:52:45 0098 1                  44.893072 8.857227 00 00 313931323050303133323D30            
25/01/25 07:52:47 0099 1                  44.893070 8.857227 00 00 313931323050303038333333            
25/01/25 07:53:41 0100 1                  44.893048 8.856928 00 00 3231303033304D3032393233            
25/01/25 07:54:05 0101 1                  44.893037 8.856973 00 00 313931323050303039343232            
25/01/25 07:56:15 0102 1                  44.892215 8.856785 00 00 3231313130304A3031353130            
25/01/25 07:57:00 0103 1                  44.892227 8.856790 00 00 3231313130304A3031353131            
25/01/25 07:57:02 0104 1                  44.892227 8.856792 00 00 30395DFA82FCDEC00011CFE8            
25/01/25 07:57:24 0105 1                  44.892217 8.856793 00 00 313931323050303033323234            
25/01/25 07:58:21 0106 1                  44.892212 8.857033 00 00 313931323050303131313936            
25/01/25 07:59:32 0107 1                  44.892147 8.857243 00 00 313931323050303034393730            
25/01/25 08:00:42 0108 1                  44.892150 8.857567 00 00 313931323050303035383738            
25/01/25 08:00:43 0109 1                  44.892150 8.857567 00 00 313931323050303034383431            
25/01/25 08:02:00 0110 1                  44.892068 8.857845 00 00 3232313130304A3030303839            
25/01/25 08:03:52 0111 1                  44.892048 8.858243 00 00 3231313130304A3031353033            
25/01/25 08:04:32 0112 1                  44.892048 8.858295 00 00 3231313130304A3031363830            
25/01/25 08:06:08 0113 1                  44.891542 8.858810 00 00 313931323050303037383931            
25/01/25 08:07:00 0114 1                  44.891358 8.859360 00 00 313931323050303037383131            
25/01/25 08:07:50 0115 1                  44.891265 8.859562 00 00 3231313130304A3031383433            
25/01/25 08:09:12 0116 1                  44.891022 8.860082 00 00 313931323050303036323036            
25/01/25 08:09:14 0117 1                  44.891022 8.860077 00 00 313931323050303035313733            
25/01/25 08:09:57 0118 1                  44.891008 8.860072 00 00 313931323050303035313732            
25/01/25 08:09:58 0119 1                  44.891008 8.860072 00 00 313931323050303035313731            
25/01/25 08:11:06 0120 1                  44.890993 8.860153 00 00 3231313130304A3032333738            
25/01/25 08:12:06 0121 1                  44.890988 8.860143 00 00 3036018FC021DF80000F728A            
25/01/25 08:12:06 0122 1                  44.890988 8.860143 00 00 10382184000D36594080880E            
25/01/25 08:15:04 0123 1                  44.890557 8.860060 00 00 3231313130304A3031333230            
25/01/25 08:15:41 0124 1                  44.890542 8.860120 00 00 3231313130304A3031333139            
25/01/25 08:16:48 0125 1                  44.890772 8.859737 00 00 313931363050303039323930            
25/01/25 08:17:45 0126 1                  44.890833 8.859623 00 00 3234303033304D3030343536            
25/01/25 08:17:57 0127 1                  44.890875 8.859637 00 00 313931323050303030333134            
25/01/25 08:17:57 0128 1                  44.890875 8.859637 00 00 313931323050303030333136            
25/01/25 08:19:03 0129 1                  44.890947 8.859442 00 00 313931323050303037373632            
25/01/25 08:19:05 0130 1                  44.890945 8.859443 00 00 31383132304A303231353331            
25/01/25 08:20:13 0131 1                  44.891045 8.859245 00 00 3231303234304A3034373331            
25/01/25 08:20:15 0132 1                  44.891043 8.859237 00 00 313931323050303036333532            
25/01/25 08:20:51 0133 1                  44.891038 8.859192 00 00 313931323050303036323839            
25/01/25 08:20:52 0134 1                  44.891038 8.859192 00 00 31383132304A303236343837            
25/01/25 08:21:25 0135 1                  44.891012 8.859177 00 00 313931323050303035393338            
25/01/25 08:21:26 0136 1                  44.891012 8.859175 00 00 313931323050303034353837            
25/01/25 08:22:25 0137 1                  44.891107 8.859032 00 00 313931323050303033353732            
25/01/25 08:22:27 0138 1                  44.891107 8.859030 00 00 313931323050303032393739            
25/01/25 08:22:50 0139 1                  44.891082 8.859032 00 00 313931323050303033363232            
25/01/25 08:22:53 0140 1                  44.891072 8.859045 00 00 313931323050303033363230            
25/01/25 08:23:11 0141 1                  44.891058 8.859080 00 00 3233303033304D3030343132            
25/01/25 08:23:20 0142 1                  44.891062 8.859088 00 00 3231303033304D3033303132            
25/01/25 08:23:40 0143 1                  44.891077 8.859095 00 00 313931323050303036313233            
25/01/25 08:24:37 0144 1                  44.891200 8.858960 00 00 313931323050303033363233            
25/01/25 08:25:21 0145 1                  44.891322 8.858872 00 00 313931323050303034303138            
25/01/25 08:44:11 0000 s 01497ver01 44.882677 8.859938 00 00
25/01/25 08:49:45 0146 1                  44.888488 8.858180 00 00 3231313130304A3031323633            
25/01/25 08:52:18 0147 1                  44.887335 8.857578 00 00 3232313130304A3030323833            
25/01/25 08:53:22 0148 1                  44.887328 8.857533 00 00 3232313130304A3030323831            
25/01/25 08:54:25 0149 1                  44.887355 8.857590 00 00 3231313130304A3032333838            
25/01/25 08:56:44 0150 1                  44.887577 8.858272 00 00 3234303234304A3030343337            
25/01/25 08:58:47 0151 1                  44.886847 8.857873 00 00 313931323050303034303437            
25/01/25 09:26:15 0152 1                  44.892932 8.861347 00 00 313931323050303038333432            
25/01/25 09:26:48 0153 1                  44.892895 8.861353 00 00 31383132304A303231383439            
25/01/25 09:26:56 0154 1                  44.892885 8.861358 00 00 313931323050303037373638            
25/01/25 09:29:29 0155 1                  44.892267 8.860215 00 00 313931323050303037383437            
25/01/25 09:30:37 0156 1                  44.892328 8.859827 00 00 3231313130304A3030363039            
25/01/25 09:31:03 0157 1                  44.892310 8.859823 00 00 3231313130304A3030363038            
25/01/25 09:32:11 0158 1                  44.892002 8.859340 00 00 3231313130304A3031363534            
25/01/25 09:32:58 0159 1                  44.891997 8.859285 00 00 3231313130304A3031353138            
25/01/25 09:35:43 0160 1                  44.891805 8.859827 00 00 323031313030503030353335            
25/01/25 09:35:43 0161 1                  44.891803 8.859827 00 00 3230313130B0503030353335            
25/01/25 09:37:22 0162 1                  44.892667 8.860527 00 00 E280689400005007039550D0            
25/01/25 09:40:08 0163 1                  44.893408 8.860430 00 00 3230303033304D3038353934            
25/01/25 09:40:50 0164 1                  44.893418 8.860218 00 00 313931323050303039323331            
25/01/25 09:41:24 0165 1                  44.893402 8.860187 00 00 3230303033304D3038383530            
25/01/25 09:41:24 0166 1                  44.893402 8.860187 00 00 3230303033304D3038373333            
25/01/25 09:42:28 0167 1                  44.893403 8.859912 00 00 3231303234304A3032313738            
25/01/25 09:43:34 0168 1                  44.893377 8.859337 00 00 313931323050303038373931            
25/01/25 09:43:59 0169 1                  44.893377 8.859343 00 00 3231313130304A3031383939            
25/01/25 09:45:31 0170 1                  44.893358 8.859043 00 00 313931323050303038373930            
25/01/25 09:50:39 0171 1                  44.889302 8.855528 00 00 31383132304A303138373031            
25/01/25 09:50:39 0172 1                  44.889302 8.855528 00 00 313931323050303031393931            
25/01/25 09:52:04 0173 1                  44.889548 8.853867 00 00 313931323050303038333734            
25/01/25 09:52:06 0174 1                  44.889548 8.853867 00 00 313931323050303038333735            
25/01/25 09:54:31 0175 1                  44.889680 8.853430 00 00 3231313330304A3030363537            
25/01/25 09:56:06 0176 1                  44.890160 8.853778 00 00 3231313130304A3031343730            
25/01/25 09:56:08 0177 1                  44.890160 8.853782 00 00 303ACB034014A159D8B74F5D            
25/01/25 09:56:08 0178 1                  44.890160 8.853782 00 00 08502E74B255A18000A3B834            
25/01/25 09:57:16 0179 1                  44.890605 8.853840 00 00 3231313130304A3030353939            
25/01/25 09:57:51 0180 1                  44.890630 8.853823 00 00 3231313130304A3031363532            
25/01/25 10:00:06 0181 1                  44.891223 8.853288 00 00 313931323050303038363137            
25/01/25 10:00:07 0182 1                  44.891223 8.853288 00 00 313931323050303038373539            
25/01/25 10:01:13 0183 1                  44.891202 8.853440 00 00 313931323050303038373538            
25/01/25 10:01:13 0184 1                  44.891202 8.853440 00 00 313931323050303038373537            
25/01/25 10:02:33 0185 1                  44.891265 8.853650 00 00 31383132304A303139313639            
25/01/25 10:04:25 0186 1                  44.890817 8.853353 00 00 313931323050303037313731            
25/01/25 10:04:26 0187 1                  44.890813 8.853353 00 00 313931323050303035383334            
25/01/25 10:04:58 0188 1                  44.890792 8.853337 00 00 313931323050303035383335            
25/01/25 10:04:58 0189 1                  44.890792 8.853337 00 00 313931323050303035383335            
25/01/25 10:04:59 0190 1                  44.890792 8.853337 00 00 313931323050303037313730            
25/01/25 10:05:28 0191 1                  44.890763 8.853332 00 00 313931323050303039343433            
25/01/25 10:08:45 0192 1                  44.889498 8.854183 00 00 313931323050303038383431            
25/01/25 10:08:45 0193 1                  44.889498 8.854183 00 00 30395DFA82C680400013BD20            
25/01/25 10:08:45 0194 1                  44.889498 8.854183 00 00 313931323050303033383831            
25/01/25 10:10:07 0195 1                  44.890107 8.854152 00 00 313931323050303034303136            
25/01/25 10:10:08 0196 1                  44.890110 8.854153 00 00 313931323050303038383432            
25/01/25 10:10:34 0197 1                  44.890135 8.854160 00 00 313931323050303038333434            
25/01/25 10:11:43 0198 1                  44.890505 8.854177 00 00 313931323050303033383739            
25/01/25 10:12:29 0199 1                  44.890690 8.854165 00 00 313931323050303034353039            
25/01/25 10:13:27 0200 1                  44.890915 8.854138 00 00 313931323050303033323236            
25/01/25 10:14:38 0201 1                  44.891125 8.854150 00 00 313931323050303038313536            
25/01/25 10:14:39 0202 1                  44.891125 8.854150 00 00 3231303234304A3034373033            
25/01/25 10:15:30 0203 1                  44.891200 8.854147 00 00 313931323050303038343738            
25/01/25 10:17:16 0204 1                  44.891977 8.854188 00 00 3231313130304A3031363535            
25/01/25 10:18:06 0205 1                  44.892175 8.854168 00 00 313931323050303033393333            
25/01/25 10:18:39 0206 1                  44.892198 8.854168 00 00 31383132304A303232363133            
25/01/25 10:18:40 0207 1                  44.892198 8.854168 00 00 313931323050303033393332            
25/01/25 10:20:16 0208 1                  44.892417 8.853518 00 00 313931323050303033383832            
25/01/25 10:21:11 0209 1                  44.892402 8.853670 00 00 313931323050303033383833            
25/01/25 10:22:29 0210 1                  44.892573 8.853927 00 00 313931323050303033393331            
25/01/25 10:22:29 0211 1                  44.892573 8.853927 00 00 313931323050303038343739            
25/01/25 10:24:20 0212 1                  44.891675 8.854377 00 00 313931323050303034303435            
25/01/25 10:24:23 0213 1                  44.891672 8.854380 00 00 313931323050303034303432            
25/01/25 10:25:46 0214 1                  44.891692 8.854802 00 00 313931323050303034303434            
25/01/25 10:26:43 0215 1                  44.891685 8.854907 00 00 313931323050303034303538            
25/01/25 10:26:43 0216 1                  44.891685 8.854907 00 00 313931323050303032353236            
25/01/25 10:27:16 0217 1                  44.891665 8.854908 00 00 313931323050303034363931            
25/01/25 10:27:17 0218 1                  44.891665 8.854908 00 00 313931323050303035313232            
25/01/25 10:28:23 0219 1                  44.891683 8.855282 00 00 313931323050303033323237            
25/01/25 10:30:21 0220 1                  44.891263 8.854668 00 00 313931323050303038343038            
25/01/25 10:31:09 0221 1                  44.891130 8.854668 00 00 313931323050303038343039            
25/01/25 10:32:14 0222 1                  44.890810 8.854687 00 00 3231313130304A3031353035            
25/01/25 10:33:28 0223 1                  44.890648 8.854703 00 00 313931323050303038383433            
25/01/25 10:33:49 0224 1                  44.890643 8.854715 00 00 313931323050303031323936            
25/01/25 10:35:03 0225 1                  44.890525 8.854670 00 00 313931323050303035383230            
25/01/25 10:35:03 0226 1                  44.890525 8.854670 00 00 313931323050303030363233            
25/01/25 10:35:03 0227 1                  44.890525 8.854670 00 00 3034DFB36C12B2D99C8492BB            
25/01/25 10:36:07 0228 1                  44.890365 8.854637 00 00 3231313130304A3031363635            
25/01/25 10:36:33 0229 1                  44.890343 8.854620 00 00 3231303234304A3034363030            
25/01/25 10:37:32 0230 1                  44.890097 8.854683 00 00 313931323050303038343037            
25/01/25 10:38:44 0231 1                  44.889905 8.854683 00 00 3231313130304A3031363531            
25/01/25 10:39:19 0232 1                  44.889903 8.854672 00 00 3231313130304A3031343636            
25/01/25 10:55:48 0000 s 01497ver01 44.905550 8.868900 00 00
25/01/25 11:16:33 0000 s 01497ver01 44.882443 8.860180 00 00
25/01/25 11:19:36 0000 s 01497ver01 44.882558 8.860245 00 00
25/01/25 11:21:47 0000 s 01497ver01 44.882247 8.860280 00 00
25/01/25 11:22:43 0000 s 01497ver01 44.882228 8.859768 00 00
