27/01/25 05:26:56 0000 s 01885ver01 44.792837 8.739488 00 00
27/01/25 05:40:17 0001 1                  44.792298 8.739972 00 00 E280699500005019D5151A03            
27/01/25 05:40:17 0002 1                  44.792298 8.739972 00 00 300ED89F3350005FE2D3CC4E            
27/01/25 06:04:08 0003 1                  44.728283 8.853527 00 00 300ED89F3350005FE2D3CC4E            
27/01/25 06:24:44 0004 1                  44.725195 8.857065 00 00 300ED89F3350005FE2D3CC4E            
27/01/25 06:39:41 0005 1                  44.724440 8.856365 00 00 31383033304D303034373035            
27/01/25 06:39:41 0006 1                  44.724440 8.856365 00 00 31383033304D303034363837            
27/01/25 06:39:41 0007 1                  44.724440 8.856365 00 00 31383033304D303034373033            
27/01/25 07:19:39 0008 1                  44.721192 8.858512 00 00 01FF000000000072DE310000            
27/01/25 07:23:07 0009 1                  44.721198 8.858583 00 00 E28011A04100000000001FFE            
27/01/25 07:34:26 0010 1                  44.721257 8.858665 00 00 3138324B3556485035303135            
27/01/25 07:37:14 0011 1                  44.721253 8.858677 00 00 300ED89F3350005FE2D3CC4E            
27/01/25 07:47:20 0012 1                  44.720600 8.859018 00 00 25705569A686674332C34D70            
27/01/25 07:48:44 0013 1                  44.720632 8.859018 00 00 25705569A686CD84B1C36DF5            
27/01/25 07:51:22 0014 1                  44.720027 8.858955 00 00 00451F564100000000001FFF            
27/01/25 07:53:05 0015 1                  44.720063 8.858933 00 00 30396120C024610000000116            
27/01/25 07:53:05 0016 1                  44.720063 8.858933 00 00 303ACB0343B626D9D8B64747            
27/01/25 07:53:06 0017 1                  44.720063 8.858933 00 00 30396120C00F6900000000D7            
27/01/25 07:53:25 0018 1                  44.720053 8.858923 00 00 3039612D4391510950301B46            
27/01/25 07:55:38 0019 1                  44.720030 8.859013 00 00 3942070527724740CFA60000            
27/01/25 07:58:49 0020 1                  44.720062 8.858957 00 00 301854AAC1DA0842A264003B            
27/01/25 08:00:48 0021 1                  44.720017 8.858887 00 00 E28011A04100000000001FFE            
27/01/25 08:04:57 0022 1                  44.719537 8.858745 00 00 31383248504C5A3430303030            
27/01/25 08:05:18 0023 1                  44.719570 8.858778 00 00 178092246342096110000000            
27/01/25 08:09:44 0024 1                  44.719652 8.858675 00 00 313832584C37503635303135            
27/01/25 08:20:24 0025 1                  44.718283 8.858978 00 00 30340C0000283F3E02A3CC06            
27/01/25 08:39:04 0026 1                  44.720168 8.859860 00 00 000000000000000013877074            
27/01/25 08:49:55 0027 1                  44.720075 8.863772 00 00 300ED89F3350005FE2D3CC4E            
27/01/25 09:00:18 0028 1                  44.721755 8.859502 00 00 300ED89F3350005FE2D3CC4E            
27/01/25 09:35:36 0029 1                  44.723345 8.856063 00 00 300ED89F3350005FE2D3CC4E            
27/01/25 09:42:09 0030 1                  44.731070 8.853460 00 00 31383234304A303030333632            
27/01/25 10:38:32 0031 1                  44.724363 8.856187 00 00 31383033304D303034363837            
27/01/25 11:01:15 0032 1                  44.767493 8.789097 00 00 313832324B37505935303135            
27/01/25 11:31:41 0000 s 01885ver01 44.792392 8.740120 00 00
27/01/25 11:43:11 0033 1                  44.761967 8.786067 00 00 111080000000001163079895            
27/01/25 11:44:25 0034 1                  44.759537 8.791935 00 00 E28011A0A50100649D62C086            
27/01/25 12:30:24 0035 1                  44.723053 8.858742 00 00 534D50022600010000182CBA            
27/01/25 13:03:19 0036 1                  44.787152 8.785175 00 00 300ED89F3350014A1E207DF5            
27/01/25 13:06:00 0037 1                  44.791127 8.780928 00 00 31383032334D303037323430            
27/01/25 13:06:36 0038 1                  44.792580 8.781583 00 00 31383032334D303031303239            
27/01/25 13:21:38 0039 1                  44.804978 8.838817 00 00 300ED89F3350014A1E207DF5            
27/01/25 13:47:08 0040 1                  44.792312 8.740338 00 00 31383033304D303030323934            
27/01/25 14:03:18 0041 1                  44.791362 8.784450 00 00 31383032334D303037323831            
27/01/25 14:30:50 0042 1                  44.794918 8.784338 00 00 31383032334D303132333536            
27/01/25 14:31:05 0043 1                  44.795827 8.784892 00 00 31383032334D303032363637            
27/01/25 14:36:55 0044 1                  44.797475 8.784112 00 00 31383032334D303038383239            
27/01/25 14:37:23 0045 1                  44.796823 8.785227 00 00 31383032334D303138373031            
27/01/25 14:42:21 0046 1                  44.795085 8.786445 00 00 31383032334D303130343177            
27/01/25 14:42:21 0047 1                  44.795085 8.786445 00 00 31383032334D303037323137            
27/01/25 14:42:21 0048 1                  44.795085 8.786445 00 00 31383032334D303130373333            
27/01/25 14:44:10 0049 1                  44.791503 8.784323 00 00 31383032334D303037323831            
27/01/25 14:50:30 0050 1                  44.797188 8.780117 00 00 300ED89F3350014A1E207DF5            
27/01/25 15:44:36 0051 1                  44.792160 8.740548 00 00 3234303032334D3032323932            
27/01/25 15:44:40 0052 1                  44.792160 8.740543 00 00 3234303132304A3032373335            
27/01/25 15:45:13 0053 1                  44.792147 8.740527 00 00 3234303032334D3032323930            
27/01/25 15:45:15 0054 1                  44.792145 8.740527 00 00 3234303132304A3032333836            
27/01/25 15:45:15 0055 1                  44.792145 8.740527 00 00 3234303132304A3032373336            
27/01/25 15:45:20 0056 1                  44.792140 8.740525 00 00 3234303132304A3032333837            
27/01/25 15:45:30 0057 1                  44.792133 8.740525 00 00 3234303032334D3032323838            
27/01/25 15:45:31 0058 1                  44.792132 8.740525 00 00 3234303132304A3033323937            
27/01/25 15:45:31 0059 1                  44.792132 8.740525 00 00 3234303132304A3033323936            
27/01/25 15:45:34 0060 1                  44.792130 8.740525 00 00 3234303132304A3032373337            
27/01/25 15:46:42 0061 1                  44.792187 8.740548 00 00 3234303032334D3032323731            
27/01/25 15:46:45 0062 1                  44.792188 8.740550 00 00 3234303032334D3032323736            
27/01/25 15:47:52 0063 1                  44.792355 8.740432 00 00 3234303132304A3032333838            
27/01/25 15:49:00 0064 1                  44.792345 8.740408 00 00 3234303032334D3032323639            
27/01/25 15:49:00 0065 1                  44.792345 8.740408 00 00 3234303032334D3032323638            
27/01/25 15:49:47 0066 1                  44.792318 8.740452 00 00 3231303032334D3031353830            
27/01/25 15:49:47 0067 1                  44.792318 8.740452 00 00 313931323053303131343030            
27/01/25 15:49:49 0068 1                  44.792320 8.740448 00 00 31383032334D303130303536            
27/01/25 15:50:01 0069 1                  44.792317 8.740437 00 00 3231303032334D3032333739            
27/01/25 15:50:17 0070 1                  44.792293 8.740437 00 00 313931323050303030333037            
27/01/25 15:50:28 0071 1                  44.792285 8.740437 00 00 31383033304D303030323934            
27/01/25 15:50:28 0072 1                  44.792285 8.740437 00 00 323030323545303034393131            
27/01/25 15:50:29 0073 1                  44.792285 8.740437 00 00 3234303132304A3030303635            
27/01/25 15:57:13 0000 s 01885ver01 44.792923 8.739793 00 00
