27/01/25 05:06:30 0000 s 01500ver01 44.882137 8.859858 00 00
27/01/25 05:06:34 0000 s 01500ver01 44.882137 8.859858 00 00
27/01/25 05:19:15 0000 s 01500ver01 44.889622 8.859942 00 00
27/01/25 05:19:18 0000 s 01500ver01 44.889622 8.859942 00 00
27/01/25 05:21:31 0001 1                  44.890692 8.861347 00 00 30340C05A41AA0D965ECF006            
27/01/25 05:21:31 0002 1                  44.890692 8.861347 00 00 3231313130304A3030343634            
27/01/25 05:21:32 0003 1                  44.890692 8.861345 00 00 00B07A14F825D36F88000F26            
27/01/25 05:22:39 0004 1                  44.890637 8.861962 00 00 303549A91436D5CCCE416BE9            
27/01/25 05:22:41 0005 1                  44.890635 8.861963 00 00 3231313130304A3030353636            
27/01/25 05:23:01 0006 1                  44.890630 8.861998 00 00 3035EBB3203CD88800042B8D            
27/01/25 05:23:07 0007 1                  44.890622 8.862022 00 00 3035EBB32052F6C80004436F            
27/01/25 05:23:07 0008 1                  44.890622 8.862022 00 00 3231313130304A3030353637            
27/01/25 05:23:22 0009 1                  44.890597 8.862058 00 00 313931323043303039373933            
27/01/25 05:23:34 0010 1                  44.890587 8.862055 00 00 30360372D84205C00D694195            
27/01/25 05:24:21 0011 1                  44.890513 8.862343 00 00 313931323043303132313132            
27/01/25 05:24:23 0012 1                  44.890513 8.862345 00 00 313931323043303039353239            
27/01/25 05:24:23 0013 1                  44.890513 8.862345 00 00 31393132304330B132313132            
27/01/25 05:25:37 0014 1                  44.890452 8.863047 00 00 3231303234304A3032343137            
27/01/25 05:25:37 0015 1                  44.890452 8.863047 00 00 3231303234304A3030323535            
27/01/25 05:25:49 0016 1                  44.890440 8.863027 00 00 313931323043303037333334            
27/01/25 05:26:09 0017 1                  44.890425 8.863015 00 00 310006296392700000000000            
27/01/25 05:27:12 0018 1                  44.890333 8.863575 00 00 313931323043303133343833            
27/01/25 05:27:35 0019 1                  44.890363 8.863578 00 00 313931323043303132303637            
27/01/25 05:28:44 0020 1                  44.890300 8.864157 00 00 313931323043303031383237            
27/01/25 05:28:46 0021 1                  44.890303 8.864158 00 00 313931323043303133303539            
27/01/25 05:29:54 0022 1                  44.890270 8.864402 00 00 30340BE62851C934961A9405            
27/01/25 05:29:54 0023 1                  44.890270 8.864402 00 00 3231313130304A3031313932            
27/01/25 05:31:15 0024 1                  44.890400 8.864767 00 00 313931323043303132393333            
27/01/25 05:31:18 0025 1                  44.890400 8.864772 00 00 313931323043303133343738            
27/01/25 05:31:28 0026 1                  44.890382 8.864790 00 00 313931323043303133343834            
27/01/25 05:32:08 0027 1                  44.890588 8.864842 00 00 313931323043303133303537            
27/01/25 05:32:17 0028 1                  44.890617 8.864825 00 00 313931323043303133303538            
27/01/25 05:32:31 0029 1                  44.890625 8.864810 00 00 313931323043303132393332            
27/01/25 05:33:14 0030 1                  44.890847 8.864835 00 00 313931323043303131343636            
27/01/25 05:34:00 0031 1                  44.890932 8.864937 00 00 313931323043303131343635            
27/01/25 05:34:14 0032 1                  44.890942 8.864943 00 00 30395DFA819EC3C000414B50            
27/01/25 05:34:15 0033 1                  44.890942 8.864943 00 00 0829018442FD2FBF1F1F3462            
27/01/25 05:34:15 0034 1                  44.890942 8.864943 00 00 3231313130304A3030353833            
27/01/25 05:35:02 0035 1                  44.891182 8.864918 00 00 3231313130304A3030353832            
27/01/25 05:35:58 0036 1                  44.891250 8.864958 00 00 313931323043303133363431            
27/01/25 05:35:58 0037 1                  44.891250 8.864958 00 00 313931323043303133363430            
27/01/25 05:36:46 0038 1                  44.891440 8.864985 00 00 313931323043303131353235            
27/01/25 05:37:28 0039 1                  44.891582 8.865235 00 00 3230303033304D3037343836            
27/01/25 05:37:35 0040 1                  44.891567 8.865222 00 00 30355CDB6020FDC000000066            
27/01/25 05:37:35 0041 1                  44.891567 8.865222 00 00 3230303033304D3038303838            
27/01/25 05:38:08 0042 1                  44.891453 8.865558 00 00 313931323043303033373532            
27/01/25 05:38:12 0043 1                  44.891452 8.865563 00 00 084829D7E2BCD2C90CA66CF4            
27/01/25 05:38:17 0044 1                  44.891455 8.865577 00 00 313931323043303035373430            
27/01/25 05:38:28 0045 1                  44.891467 8.865592 00 00 3034F7C2E84B320AB41EABBF            
27/01/25 05:38:44 0046 1                  44.891475 8.865592 00 00 3039611941911E49502FD1A2            
27/01/25 05:38:44 0047 1                  44.891475 8.865592 00 00 3231313130304A3030343139            
27/01/25 05:39:53 0048 1                  44.891407 8.865983 00 00 3231313130304A3030353231            
27/01/25 05:42:06 0049 1                  44.891123 8.866567 00 00 3230313130304A3030393231            
27/01/25 05:42:52 0050 1                  44.891087 8.866555 00 00 3139313130304A3031303636            
27/01/25 05:44:08 0051 1                  44.890832 8.866045 00 00 3231313130304A3030343035            
27/01/25 05:44:54 0052 1                  44.890842 8.866063 00 00 30340BDF105571CB4B122C06            
27/01/25 05:44:54 0053 1                  44.890842 8.866063 00 00 3231313130304A3030343036            
27/01/25 05:46:07 0054 1                  44.890535 8.866043 00 00 3231313130304A3030353336            
27/01/25 05:46:08 0055 1                  44.890532 8.866045 00 00 30326279A4024040001EBC1F            
27/01/25 05:49:12 0056 1                  44.891263 8.861757 00 00 3230303033304D3037343635            
27/01/25 05:49:20 0057 1                  44.891272 8.861757 00 00 3035EBEA0802F1C800046ADF            
27/01/25 05:49:22 0058 1                  44.891275 8.861758 00 00 3231303234304A3030323438            
27/01/25 05:49:26 0059 1                  44.891282 8.861750 00 00 3230303033304D3037353633            
27/01/25 05:49:29 0060 1                  44.891280 8.861748 00 00 3230303033304D3037353537            
27/01/25 05:49:40 0061 1                  44.891278 8.861750 00 00 3231303033304D3031383738            
27/01/25 05:49:45 0062 1                  44.891282 8.861750 00 00 30340C05A008946ED93ED006            
27/01/25 05:49:54 0063 1                  44.891277 8.861752 00 00 313932343043303030353133            
27/01/25 05:49:56 0064 1                  44.891277 8.861752 00 00 A06C2041E00F40C398E5205B            
27/01/25 05:50:28 0065 1                  44.891195 8.861778 00 00 3231313130304A3030343336            
27/01/25 05:50:28 0066 1                  44.891195 8.861778 00 00 303515BCE00D031C004C4BFE            
27/01/25 05:50:29 0067 1                  44.891195 8.861778 00 00 30340C0F7400FB0821B29405            
27/01/25 05:50:29 0068 1                  44.891193 8.861778 00 00 30340C05C015EFABE6CFE805            
27/01/25 05:50:29 0069 1                  44.891193 8.861778 00 00 30340C0F7C4D49E5A9DC9804            
27/01/25 05:50:30 0070 1                  44.891193 8.861778 00 00 30340C05BC24DF9178751004            
27/01/25 05:50:30 0071 1                  44.891193 8.861778 00 00 30340C05A0537FF6F70BA404            
27/01/25 05:50:52 0072 1                  44.891255 8.861780 00 00 3231313130304A3030343537            
27/01/25 05:50:54 0073 1                  44.891262 8.861780 00 00 303ACB034382DA19D8B6A849            
27/01/25 05:51:13 0074 1                  44.891283 8.861755 00 00 3035EB57C416204000000245            
27/01/25 05:51:22 0075 1                  44.891270 8.861752 00 00 3231313130304A3030353237            
27/01/25 05:51:39 0076 1                  44.891287 8.861745 00 00 3034F848E42E7E02EE000928            
27/01/25 05:51:53 0077 1                  44.891303 8.861740 00 00 3231313130304A3030343434            
27/01/25 05:51:58 0078 1                  44.891310 8.861743 00 00 313931323043303034363134            
27/01/25 05:51:59 0079 1                  44.891310 8.861743 00 00 30396061C0260140000A222E            
27/01/25 05:52:21 0080 1                  44.891308 8.861750 00 00 313931323043303130313032            
27/01/25 05:52:59 0081 1                  44.891255 8.862047 00 00 313931323043303033313234            
27/01/25 05:53:04 0082 1                  44.891238 8.862045 00 00 3230303033304D3037393335            
27/01/25 05:53:09 0083 1                  44.891217 8.862042 00 00 3230303033304D3037393831            
27/01/25 05:53:22 0084 1                  44.891185 8.862032 00 00 3234303033304D3030303336            
27/01/25 05:53:25 0085 1                  44.891178 8.862030 00 00 31383033304D303033313333            
27/01/25 05:53:25 0086 1                  44.891178 8.862030 00 00 3230303033304D3037393334            
27/01/25 05:53:29 0087 1                  44.891177 8.862030 00 00 0000000000000E000002E798            
27/01/25 05:53:30 0088 1                  44.891175 8.862030 00 00 3230303033304D3037353135            
27/01/25 05:53:30 0089 1                  44.891175 8.862030 00 00 0000000000000E00000D218E            
27/01/25 05:53:40 0090 1                  44.891178 8.862033 00 00 3230303033304D3038303037            
27/01/25 06:01:05 0091 1                  44.891873 8.865108 00 00 3039606303BDBE00000F8E4F            
27/01/25 06:01:05 0092 1                  44.891873 8.865108 00 00 313931323043303132383733            
27/01/25 06:02:00 0093 1                  44.891968 8.865075 00 00 313931323045303330313730            
27/01/25 06:02:15 0094 1                  44.891977 8.865070 00 00 3231313130304A3030353337            
27/01/25 06:02:15 0095 1                  44.891977 8.865070 00 00 3035EBB32041D54800040F43            
27/01/25 06:02:15 0096 1                  44.891977 8.865070 00 00 3035EBB320413188000409D3            
27/01/25 06:02:19 0097 1                  44.891977 8.865075 00 00 3035EB8ADC48AF48000429D3            
27/01/25 06:02:56 0098 1                  44.892070 8.865158 00 00 3231303234304A3032343238            
27/01/25 06:03:11 0099 1                  44.892050 8.865192 00 00 3231303234304A3034373936            
27/01/25 06:03:13 0100 1                  44.892050 8.865197 00 00 303ACA4782ABCC599C82D973            
27/01/25 06:03:30 0101 1                  44.892035 8.865238 00 00 3231313130304A3031303934            
27/01/25 06:04:32 0102 1                  44.892280 8.865275 00 00 3231313130304A3030353732            
27/01/25 06:04:46 0103 1                  44.892318 8.865227 00 00 E280689400004007039538F7            
27/01/25 06:04:54 0104 1                  44.892335 8.865203 00 00 3231313130304A3030353538            
27/01/25 06:05:03 0105 1                  44.892348 8.865188 00 00 3035EBE3141783C80004A51B            
27/01/25 06:05:04 0106 1                  44.892348 8.865188 00 00 3035EBB320531A8800042D1D            
27/01/25 06:05:13 0107 1                  44.892353 8.865183 00 00 3230303033304D3037383236            
27/01/25 06:05:17 0108 1                  44.892350 8.865182 00 00 3234303033304D3030313133            
27/01/25 06:05:57 0109 1                  44.892342 8.865190 00 00 313931323043303131373236            
27/01/25 06:06:24 0110 1                  44.892323 8.865198 00 00 313931323043303133353131            
27/01/25 06:06:24 0111 1                  44.892323 8.865198 00 00 313931323043303131373237            
27/01/25 06:06:25 0112 1                  44.892323 8.865198 00 00 30340C0F64541A807D076C06            
27/01/25 06:07:33 0113 1                  44.892833 8.865258 00 00 313931323043303037363839            
27/01/25 06:08:30 0114 1                  44.893500 8.865385 00 00 313931323043303031343737            
27/01/25 06:09:10 0115 1                  44.893765 8.865432 00 00 3233303033304D3030303834            
27/01/25 06:09:57 0116 1                  44.894090 8.865508 00 00 313931323043303037323832            
27/01/25 06:10:42 0117 1                  44.894300 8.865518 00 00 3230303033304D3037373135            
27/01/25 06:10:43 0118 1                  44.894302 8.865515 00 00 303ACB03432A3A20AEA50B61            
27/01/25 06:12:57 0119 1                  44.892415 8.863208 00 00 313931323043303132353232            
27/01/25 06:13:30 0120 1                  44.892330 8.863203 00 00 313931323043303131373231            
27/01/25 06:14:22 0121 1                  44.892123 8.863055 00 00 3230303033304D3037393538            
27/01/25 06:14:24 0122 1                  44.892120 8.863053 00 00 3230303033304D3037393537            
27/01/25 06:14:25 0123 1                  44.892120 8.863053 00 00 3233303033304D3030303434            
27/01/25 06:14:28 0124 1                  44.892112 8.863050 00 00 3230303033304D3037393836            
27/01/25 06:15:56 0125 1                  44.891980 8.863027 00 00 3231313130304A3030353734            
27/01/25 06:15:56 0126 1                  44.891980 8.863027 00 00 3035EBA780068A1748A1930C            
27/01/25 06:16:41 0127 1                  44.891895 8.863045 00 00 313931323043303035363036            
27/01/25 06:17:20 0128 1                  44.891732 8.862968 00 00 313931323043303132323032            
27/01/25 06:17:21 0129 1                  44.891732 8.862968 00 00 3039612D407CC6C9502F9E30            
27/01/25 06:17:22 0130 1                  44.891728 8.862960 00 00 3035EBE7DC14A7174876E8EF            
27/01/25 06:17:22 0131 1                  44.891728 8.862960 00 00 3035EBE7DC20BE574876F12C            
27/01/25 06:17:22 0132 1                  44.891728 8.862960 00 00 30340C1244072D2540BE64D8            
27/01/25 06:17:35 0133 1                  44.891703 8.862907 00 00 30340C05BC403D5E25719006            
27/01/25 06:17:46 0134 1                  44.891697 8.862910 00 00 3231313130304A3030353037            
27/01/25 06:17:48 0135 1                  44.891697 8.862910 00 00 1AB4BF01C193CDB350987885            
27/01/25 06:17:48 0136 1                  44.891697 8.862910 00 00 30361443FC5455DF3305C8FC            
27/01/25 06:17:48 0137 1                  44.891697 8.862910 00 00 30361443FC53511FEE1E5EC8            
27/01/25 06:18:52 0138 1                  44.891460 8.862812 00 00 313931323043303131353234            
27/01/25 06:18:58 0139 1                  44.891450 8.862810 00 00 313931323043303132303439            
27/01/25 06:19:11 0140 1                  44.891448 8.862810 00 00 313931323043303132303530            
27/01/25 06:20:01 0141 1                  44.891397 8.862822 00 00 313931323043303132313939            
27/01/25 06:20:04 0142 1                  44.891393 8.862820 00 00 313931323043303132313937            
27/01/25 06:20:52 0143 1                  44.890917 8.862638 00 00 313931323043303132303430            
27/01/25 06:21:10 0144 1                  44.890847 8.862627 00 00 0007C87A4100000000001FFE            
27/01/25 06:21:31 0145 1                  44.890430 8.862478 00 00 25758769A6B53B5497C31D77            
27/01/25 06:21:51 0146 1                  44.890305 8.862410 00 00 313931323043303133313930            
27/01/25 06:22:18 0147 1                  44.890305 8.862405 00 00 E28011A0A50200014F16A23E            
27/01/25 06:22:43 0148 1                  44.890057 8.862325 00 00 313931323043303132313635            
27/01/25 06:22:43 0149 1                  44.890057 8.862325 00 00 0000001000000182332029B4            
27/01/25 06:22:44 0150 1                  44.890057 8.862325 00 00 0000001000000172170424AE            
27/01/25 06:22:55 0151 1                  44.890042 8.862333 00 00 313931323043303133353536            
27/01/25 06:23:27 0152 1                  44.889873 8.862275 00 00 313931323043303133353535            
27/01/25 06:23:49 0153 1                  44.889857 8.862270 00 00 3234303132304A3032393234            
27/01/25 06:23:59 0154 1                  44.889838 8.862258 00 00 3234303132304A3032373431            
27/01/25 06:24:01 0155 1                  44.889833 8.862253 00 00 3035EBEA0802F58F224DFAB4            
27/01/25 06:24:01 0156 1                  44.889833 8.862253 00 00 3035EBEA0802FC4F224D6A6C            
27/01/25 06:24:59 0157 1                  44.889610 8.862232 00 00 3231313130304A3030343132            
27/01/25 06:25:00 0158 1                  44.889610 8.862232 00 00 30361443F804185FF414F4F9            
27/01/25 06:25:00 0159 1                  44.889610 8.862232 00 00 30355CD8FC29DA400000000C            
27/01/25 06:25:01 0160 1                  44.889610 8.862233 00 00 3036144B4C179A9FFA0A2249            
27/01/25 06:25:01 0161 1                  44.889610 8.862233 00 00 30396061C3C2574186955DB3            
27/01/25 06:25:02 0162 1                  44.889610 8.862233 00 00 30340BE62C35A26FC20F7004            
27/01/25 06:25:02 0163 1                  44.889610 8.862233 00 00 30395DFA82D16980001AD3B0            
27/01/25 06:25:02 0164 1                  44.889610 8.862233 00 00 3034FA398C298102CB417856            
27/01/25 06:25:03 0165 1                  44.889610 8.862233 00 00 30355CD8E4543B0000000011            
27/01/25 06:26:01 0166 1                  44.889445 8.862160 00 00 3034F848E44C7182EE000535            
27/01/25 06:26:12 0167 1                  44.889400 8.862165 00 00 303ACA47800EAE999C82CC90            
27/01/25 06:26:12 0168 1                  44.889400 8.862165 00 00 990120000234171970000005            
27/01/25 06:26:13 0169 1                  44.889400 8.862165 00 00 3231313130304A3030343133            
27/01/25 06:26:14 0170 1                  44.889393 8.862165 00 00 303ACA49834FA05AC688CDB1            
27/01/25 06:27:41 0171 1                  44.888930 8.862647 00 00 30360372D841EE000CD0A63F            
27/01/25 06:27:41 0172 1                  44.888930 8.862647 00 00 303436395C16D6C8E5BA9804            
27/01/25 06:27:44 0173 1                  44.888928 8.862647 00 00 3231313130304A3030353130            
27/01/25 06:28:03 0174 1                  44.888908 8.862642 00 00 303ACB0340461F5C68C0538A            
27/01/25 06:28:15 0175 1                  44.888907 8.862652 00 00 3231313130304A3030353131            
27/01/25 06:28:21 0176 1                  44.888907 8.862660 00 00 303ACB034318FB99D8B66918            
27/01/25 06:28:24 0177 1                  44.888907 8.862662 00 00 3034F8373821F9C2EE0007A9            
27/01/25 06:28:24 0178 1                  44.888907 8.862662 00 00 303549A914264E0CCE4169E1            
27/01/25 06:28:29 0179 1                  44.888910 8.862668 00 00 3034F82248172702EE00CDBF            
27/01/25 06:29:26 0180 1                  44.889073 8.863025 00 00 303ACB0343237119D8B63947            
27/01/25 06:29:36 0181 1                  44.889063 8.863042 00 00 3231313130304A3030343736            
27/01/25 06:29:38 0182 1                  44.889063 8.863043 00 00 3036143BB45CE04BAA1AC290            
27/01/25 06:29:40 0183 1                  44.889065 8.863045 00 00 30340C0000023B7A79444806            
27/01/25 06:30:00 0184 1                  44.889070 8.863040 00 00 303AB0A301C49B8002852EEE            
27/01/25 06:30:00 0185 1                  44.889070 8.863040 00 00 3231313130304A3030343735            
27/01/25 06:30:37 0186 1                  44.889050 8.863088 00 00 313931323043303033373432            
27/01/25 06:31:36 0187 1                  44.889647 8.863292 00 00 3230303033304D3031383536            
27/01/25 06:31:36 0188 1                  44.889647 8.863292 00 00 30361443FC53E09FFA0A2B14            
27/01/25 06:31:37 0189 1                  44.889647 8.863292 00 00 30361443FC545D1FFA0A48B5            
27/01/25 06:31:37 0190 1                  44.889647 8.863292 00 00 3230303033304D3031343338            
27/01/25 06:31:40 0191 1                  44.889647 8.863293 00 00 3230303033304D3031323536            
27/01/25 06:31:49 0192 1                  44.889642 8.863288 00 00 3230303033304D3038303737            
27/01/25 06:32:26 0193 1                  44.889727 8.863352 00 00 303ACB0341F1FDDC85B7AAAF            
27/01/25 06:32:36 0194 1                  44.889727 8.863360 00 00 303ACB034263AA9C89163B82            
27/01/25 06:32:37 0195 1                  44.889727 8.863358 00 00 323031313030433030303033            
27/01/25 06:32:37 0196 1                  44.889727 8.863358 00 00 303ACB0342A3FE1C84293F2E            
27/01/25 06:32:38 0197 1                  44.889727 8.863358 00 00 303ACB0342D54E19D8B635D4            
27/01/25 06:32:38 0198 1                  44.889727 8.863358 00 00 303ACB03437A499C8FED4769            
27/01/25 06:32:38 0199 1                  44.889727 8.863358 00 00 303ACB0343287F5C8E5DA984            
27/01/25 06:32:39 0200 1                  44.889727 8.863357 00 00 3034F80CBC1C5E8AB41DE38E            
27/01/25 06:32:39 0201 1                  44.889727 8.863357 00 00 303ACB034219B39C87D9F889            
27/01/25 06:32:41 0202 1                  44.889728 8.863357 00 00 303ACB0342439119D8B745B8            
27/01/25 06:33:19 0203 1                  44.889748 8.863337 00 00 3230303033304D3031343337            
27/01/25 06:33:19 0204 1                  44.889748 8.863337 00 00 3230303033304D3031343433            
27/01/25 06:33:21 0205 1                  44.889747 8.863337 00 00 3230303033304D3031313339            
27/01/25 06:33:23 0206 1                  44.889747 8.863337 00 00 3230303033304D3035343131            
27/01/25 06:33:23 0207 1                  44.889747 8.863337 00 00 300ED89F335001501DF9F55A            
27/01/25 06:34:17 0208 1                  44.889955 8.863367 00 00 3230303033304D3031343530            
27/01/25 06:34:21 0209 1                  44.889957 8.863363 00 00 31383033B04D303032383731            
27/01/25 06:34:26 0210 1                  44.889957 8.863353 00 00 3233303033304D3030303832            
27/01/25 06:34:27 0211 1                  44.889957 8.863353 00 00 3034F82248049642EE000B94            
27/01/25 06:34:59 0212 1                  44.890137 8.863482 00 00 313931323043303131343338            
27/01/25 06:36:50 0213 1                  44.889383 8.863448 00 00 00B07A150C386F6074001010            
27/01/25 06:36:50 0214 1                  44.889383 8.863448 00 00 00B07A14F8300FAE90EDEA9F            
27/01/25 06:36:51 0215 1                  44.889383 8.863448 00 00 3231313130304A3031303232            
27/01/25 06:37:45 0216 1                  44.889277 8.863317 00 00 313931323043303133303533            
27/01/25 06:39:53 0217 1                  44.891372 8.865023 00 00 111150000000002049684095            
27/01/25 06:40:09 0218 1                  44.891790 8.865113 00 00 25758769A683531497D71DB9            
27/01/25 06:41:32 0219 1                  44.892730 8.866045 00 00 3231313130304A3030343636            
27/01/25 06:41:32 0220 1                  44.892730 8.866045 00 00 30395DFA82C4308000106527            
27/01/25 06:42:15 0221 1                  44.892688 8.866177 00 00 3230303033304D3037323538            
27/01/25 06:42:28 0222 1                  44.892698 8.866165 00 00 3231303234304A3032343836            
27/01/25 06:42:31 0223 1                  44.892700 8.866165 00 00 08C82B508D96D98036E7D9C2            
27/01/25 06:43:09 0224 1                  44.892425 8.866948 00 00 25758769A6B53B0417C36E73            
27/01/25 06:43:47 0225 1                  44.892287 8.867273 00 00 303ACB0342DD3C99D8B6B723            
27/01/25 06:43:47 0226 1                  44.892287 8.867273 00 00 313931323043303131323337            
27/01/25 06:43:48 0227 1                  44.892287 8.867273 00 00 313931323043303131323338            
27/01/25 06:43:52 0228 1                  44.892285 8.867270 00 00 313931323043303131323338            
27/01/25 06:44:37 0229 1                  44.892090 8.867647 00 00 313931323043303131323339            
27/01/25 06:45:35 0230 1                  44.891915 8.867997 00 00 313931323043303037383036            
27/01/25 06:45:37 0231 1                  44.891913 8.867997 00 00 313931323043303131323431            
27/01/25 06:46:31 0232 1                  44.892207 8.867972 00 00 313931323043303131353139            
27/01/25 06:46:34 0233 1                  44.892197 8.867972 00 00 30361443F45F685FF414F462            
27/01/25 06:46:34 0234 1                  44.892197 8.867972 00 00 303614441434948BAA751DA4            
27/01/25 06:47:11 0235 1                  44.892488 8.867868 00 00 313931323043303131373637            
27/01/25 06:47:17 0236 1                  44.892488 8.867875 00 00 313931323043303131373639            
27/01/25 06:47:29 0237 1                  44.892488 8.867883 00 00 313931323043303131373633            
27/01/25 06:48:11 0238 1                  44.892783 8.867798 00 00 313931323043303131353137            
27/01/25 06:49:15 0239 1                  44.892220 8.868732 00 00 313931323043303034363630            
27/01/25 06:49:16 0240 1                  44.892220 8.868730 00 00 000000100000017923474001            
27/01/25 06:50:15 0241 1                  44.892098 8.869315 00 00 313931323043303131353230            
27/01/25 06:50:15 0242 1                  44.892098 8.869315 00 00 303ACB0343B35F59D8B62D84            
27/01/25 06:50:52 0243 1                  44.892210 8.869487 00 00 313931323043303132323036            
27/01/25 06:51:47 0244 1                  44.892640 8.869242 00 00 30340BF71C61382E91981B54            
27/01/25 06:51:49 0245 1                  44.892642 8.869242 00 00 3231303234304A3034373931            
27/01/25 06:52:39 0246 1                  44.892712 8.869462 00 00 313931323043303039353832            
27/01/25 06:52:45 0247 1                  44.892717 8.869455 00 00 313931323043303131373238            
27/01/25 06:53:55 0248 1                  44.890457 8.871578 00 00 111080000000002137815895            
27/01/25 06:54:54 0249 1                  44.889833 8.871542 00 00 313931323043303131323130            
27/01/25 06:58:36 0250 1                  44.884993 8.880883 00 00 313931323043303035393532            
27/01/25 06:58:36 0251 1                  44.884993 8.880883 00 00 30395DFA82F88F800041B924            
27/01/25 06:58:37 0252 1                  44.884993 8.880883 00 00 30396061C087C1C000007430            
27/01/25 06:59:21 0253 1                  44.885223 8.880193 00 00 313931323043303133363036            
27/01/25 06:59:21 0254 1                  44.885223 8.880193 00 00 30396061C01D0D00000FC121            
27/01/25 07:01:18 0255 1                  44.886723 8.875358 00 00 313931323043303033323432            
27/01/25 07:01:23 0256 1                  44.886722 8.875352 00 00 3034F848C013EAC2EE0002D3            
27/01/25 07:01:23 0257 1                  44.886722 8.875352 00 00 3034F836F451ECC2EE049E7C            
27/01/25 07:01:23 0258 1                  44.886722 8.875352 00 00 3034F848C4309642EE012293            
27/01/25 07:01:24 0259 1                  44.886722 8.875352 00 00 3035EB5C645161080004B89D            
27/01/25 07:01:24 0260 1                  44.886722 8.875352 00 00 3035EB5C645162C80004B4A2            
27/01/25 07:01:47 0261 1                  44.886737 8.875375 00 00 3034F8370C35F7009D80023C            
27/01/25 07:01:49 0262 1                  44.886737 8.875373 00 00 313931323043303035363730            
27/01/25 07:01:50 0263 1                  44.886738 8.875380 00 00 30340C10082C1C00000F488E            
27/01/25 07:06:15 0264 1                  44.891738 8.871750 00 00 313931323043303133363031            
27/01/25 07:06:18 0265 1                  44.891742 8.871745 00 00 30360394A83241C404000AD8            
27/01/25 07:06:18 0266 1                  44.891742 8.871745 00 00 30360394A83453C404000090            
27/01/25 07:06:19 0267 1                  44.891742 8.871745 00 00 30360394A8382D0404000471            
27/01/25 07:06:20 0268 1                  44.891740 8.871747 00 00 313931323043303039343635            
27/01/25 07:06:57 0269 1                  44.891700 8.871585 00 00 313931323043303131323537            
27/01/25 07:07:28 0270 1                  44.891642 8.871385 00 00 313931323043303132333231            
27/01/25 07:08:03 0271 1                  44.891585 8.871265 00 00 3036142C2C119FDEBBD028E8            
27/01/25 07:08:03 0272 1                  44.891585 8.871265 00 00 313931323043303131323536            
27/01/25 07:08:03 0273 1                  44.891585 8.871265 00 00 313931323043303131323539            
27/01/25 07:08:05 0274 1                  44.891587 8.871267 00 00 3036142C2C119F9EBBD02B91            
27/01/25 07:08:05 0275 1                  44.891587 8.871267 00 00 30361443FC55FC9FF414F7D6            
27/01/25 07:08:06 0276 1                  44.891587 8.871267 00 00 30340C0F7419BE6476DD1005            
27/01/25 07:08:06 0277 1                  44.891588 8.871267 00 00 30396061C05E72C00004CF5D            
27/01/25 07:08:06 0278 1                  44.891588 8.871267 00 00 3034059104291F9ADCAD6404            
27/01/25 07:08:07 0279 1                  44.891588 8.871267 00 00 30340C0F741D36E9FF863404            
27/01/25 07:08:07 0280 1                  44.891588 8.871267 00 00 30361443FC55FCDFF414F791            
27/01/25 07:08:07 0281 1                  44.891588 8.871267 00 00 30361443FC55DE9FF414F411            
27/01/25 07:08:08 0282 1                  44.891590 8.871268 00 00 30361443FC55DB5FF414F549            
27/01/25 07:08:08 0283 1                  44.891590 8.871268 00 00 3035EBB3205350480004172E            
27/01/25 07:09:01 0284 1                  44.891832 8.870653 00 00 30340BDF18468B68E6BE0804            
27/01/25 07:09:02 0285 1                  44.891828 8.870653 00 00 30340BDF18468B4ABE487C04            
27/01/25 07:09:05 0286 1                  44.891825 8.870653 00 00 313931323043303131353930            
27/01/25 07:11:50 0287 1                  44.893928 8.866582 00 00 313931323043303133313036            
27/01/25 07:13:46 0288 1                  44.893358 8.866040 00 00 3233303132304A3030323537            
27/01/25 07:13:56 0289 1                  44.893367 8.866047 00 00 313931323043303133393730            
27/01/25 07:13:59 0290 1                  44.893370 8.866048 00 00 3233303132304A3030333638            
27/01/25 07:14:53 0291 1                  44.893018 8.865778 00 00 3035EBEA080F3B480003FE4F            
27/01/25 07:14:53 0292 1                  44.893018 8.865778 00 00 3035EBDF782E19880007C0C2            
27/01/25 07:14:54 0293 1                  44.893018 8.865778 00 00 3035EB5C6451AA4800043334            
27/01/25 07:14:54 0294 1                  44.893018 8.865778 00 00 313931323043303039353831            
27/01/25 07:14:54 0295 1                  44.893018 8.865778 00 00 3035EBDF782E19880007C0C0            
27/01/25 07:14:55 0296 1                  44.893018 8.865778 00 00 3035EBEA080F05480004088E            
27/01/25 07:14:55 0297 1                  44.893015 8.865778 00 00 3035EB5C641DA2C800056EFC            
27/01/25 07:14:55 0298 1                  44.893015 8.865778 00 00 3035EB5C641DA38800049943            
27/01/25 07:14:56 0299 1                  44.893015 8.865778 00 00 3035EB5C641DA208000424A2            
27/01/25 07:15:13 0300 1                  44.893058 8.865783 00 00 00B07A14F405BE6F8800200C            
27/01/25 07:15:18 0301 1                  44.893070 8.865783 00 00 313931323043303132373134            
27/01/25 07:15:18 0302 1                  44.893070 8.865783 00 00 313931323043303033313138            
27/01/25 07:16:23 0303 1                  44.893168 8.865408 00 00 313931323043303133313438            
27/01/25 07:24:41 0000 s 01500ver01 44.882398 8.860327 00 00
27/01/25 07:24:46 0000 s 01500ver01 44.882398 8.860327 00 00
27/01/25 07:25:02 0304 1                  44.882412 8.860090 00 00 30361443FC55DE9FF414F411            
27/01/25 07:25:02 0305 1                  44.882412 8.860090 00 00 30361443FC55FC9FF414F7D6            
27/01/25 08:11:10 0000 s 01500ver01 44.882027 8.859842 00 00
27/01/25 08:11:12 0000 s 01500ver01 44.882027 8.859842 00 00
27/01/25 08:11:28 0306 1                  0 0 00 00 30361443FC55FC9FF414F7D6            
27/01/25 08:11:28 0307 1                  0 0 00 00 30361443FC55DE9FF414F411            
27/01/25 08:11:28 0308 1                  0 0 00 00 3035EB5C6451AA4800043334            
27/01/25 08:17:19 0309 1                  44.892530 8.864268 00 00 178032142244257110000000            
27/01/25 08:19:09 0310 1                  44.893172 8.866393 00 00 30361443FC55DB5FF414F549            
27/01/25 08:19:13 0311 1                  44.893175 8.866393 00 00 3231313130304A3031303835            
27/01/25 08:19:20 0312 1                  44.893168 8.866377 00 00 3034F848C4309642EE012293            
27/01/25 08:19:34 0313 1                  44.893150 8.866383 00 00 3231313130304A3031303839            
27/01/25 08:22:56 0314 1                  44.892153 8.871545 00 00 313931323043303131353839            
27/01/25 08:23:30 0315 1                  44.892145 8.871672 00 00 3231303234304A3032343538            
27/01/25 08:23:58 0316 1                  44.892097 8.871587 00 00 313931313030433030343730            
27/01/25 08:25:38 0317 1                  44.892363 8.872135 00 00 313931323043303039373137            
27/01/25 08:26:32 0318 1                  44.892582 8.872822 00 00 313931323043303131353838            
27/01/25 08:28:29 0319 1                  44.895067 8.871150 00 00 3231313130304A3030343536            
27/01/25 08:28:30 0320 1                  44.895067 8.871150 00 00 0828372511A70F3F05CC9446            
27/01/25 08:30:28 0321 1                  44.895123 8.870618 00 00 313931323043303132323038            
27/01/25 08:30:32 0322 1                  44.895132 8.870622 00 00 3034F82254297CCAB420CF25            
27/01/25 08:30:36 0323 1                  44.895135 8.870622 00 00 3034F848C013EAC2EE0002D3            
27/01/25 08:31:46 0324 1                  44.895977 8.870243 00 00 313931323043303132343334            
27/01/25 08:32:46 0325 1                  44.895862 8.871205 00 00 313931323043303132303936            
27/01/25 08:32:46 0326 1                  44.895862 8.871205 00 00 313931323043303132343831            
27/01/25 08:32:50 0327 1                  44.895865 8.871213 00 00 3BE10349DA652DA9000F428D            
27/01/25 08:33:27 0328 1                  44.895873 8.871243 00 00 313931323043303039383630            
27/01/25 08:34:10 0329 1                  44.895847 8.871257 00 00 30396062C3863D80001C7A94            
27/01/25 08:34:11 0330 1                  44.895847 8.871257 00 00 30395DFA82CEAC40001E31C3            
27/01/25 08:35:09 0331 1                  44.896007 8.871823 00 00 3BE40000019B5979C0001B0B            
27/01/25 08:35:18 0332 1                  44.896013 8.871862 00 00 31383132304A303133393333            
27/01/25 08:35:18 0333 1                  44.896013 8.871862 00 00 3BE40000019B5A3FC0000B55            
27/01/25 08:35:20 0334 1                  44.896015 8.871863 00 00 3BE40000019BC935C000098B            
27/01/25 08:35:20 0335 1                  44.896015 8.871863 00 00 30340C0F8058970FA0CE3C04            
27/01/25 08:36:20 0336 1                  44.896058 8.872122 00 00 313931323043303035303933            
27/01/25 08:38:04 0337 1                  44.896527 8.873163 00 00 313931323043303133363130            
27/01/25 08:38:45 0338 1                  44.896260 8.873410 00 00 313931323043303130343233            
27/01/25 08:39:32 0339 1                  44.895743 8.873790 00 00 313931323043303131323335            
27/01/25 08:39:41 0340 1                  44.895742 8.873802 00 00 313931323043303035373339            
27/01/25 08:40:18 0341 1                  44.895603 8.873942 00 00 313931323043303131303834            
27/01/25 08:42:45 0342 1                  44.893463 8.874967 00 00 313931323043303039343536            
27/01/25 08:43:35 0343 1                  44.893343 8.874893 00 00 313931323043303039343637            
27/01/25 08:44:58 0344 1                  44.893068 8.875248 00 00 313931323043303131343934            
27/01/25 08:46:25 0345 1                  44.894330 8.874130 00 00 313931323043303037383536            
27/01/25 08:47:14 0346 1                  44.894695 8.874048 00 00 313931323043303132393631            
27/01/25 08:47:16 0347 1                  44.894693 8.874047 00 00 30340BC9E45F57537E600C06            
27/01/25 08:48:15 0348 1                  44.895073 8.874195 00 00 313931323043303033373332            
27/01/25 08:49:41 0349 1                  44.895187 8.874213 00 00 313931323043303131323231            
27/01/25 08:50:39 0350 1                  44.894845 8.874440 00 00 313931323043303039383633            
27/01/25 08:51:54 0351 1                  44.894415 8.875165 00 00 313931323043303039383634            
27/01/25 08:52:55 0352 1                  44.894228 8.875777 00 00 313931323043303131353132            
27/01/25 08:52:58 0353 1                  44.894218 8.875785 00 00 00B07A14F802CAAFBD3C3CBE            
27/01/25 08:53:27 0354 1                  44.894133 8.875928 00 00 3233303132304A3031393232            
27/01/25 08:53:27 0355 1                  44.894133 8.875928 00 00 313931323043303133383939            
27/01/25 08:53:28 0356 1                  44.894133 8.875928 00 00 3034F7F43C3A45C0000001D2            
27/01/25 08:53:28 0357 1                  44.894133 8.875928 00 00 303ACB034300601C885ADC33            
27/01/25 08:54:35 0358 1                  44.893485 8.876542 00 00 313931323043303133323032            
27/01/25 08:55:22 0359 1                  44.893132 8.876520 00 00 313931323043303037333338            
27/01/25 08:56:17 0360 1                  44.892740 8.876483 00 00 31383132304A303039363634            
27/01/25 08:59:27 0361 1                  44.890000 8.878265 00 00 313931323043303133313437            
27/01/25 09:05:01 0362 1                  44.895930 8.869260 00 00 3234313130304A3030303930            
27/01/25 09:08:58 0363 1                  44.890945 8.873373 00 00 303515BEE001AAD1002DCC01            
27/01/25 09:08:59 0364 1                  44.890945 8.873373 00 00 313931323043303133363434            
27/01/25 09:09:00 0365 1                  44.890945 8.873375 00 00 30340BE62C35A05173411C05            
27/01/25 09:09:01 0366 1                  44.890945 8.873375 00 00 303515BEE01161D90800020D            
27/01/25 09:09:51 0367 1                  44.890642 8.873255 00 00 313931323043303034323533            
27/01/25 09:09:52 0368 1                  44.890638 8.873257 00 00 313931323043303131323435            
27/01/25 09:09:52 0369 1                  44.890638 8.873257 00 00 30340BFFFC17C731E36AB404            
27/01/25 09:11:17 0370 1                  44.888647 8.875210 00 00 313931323043303032383938            
27/01/25 09:12:21 0371 1                  44.887437 8.876970 00 00 313931323043303132343731            
27/01/25 09:12:23 0372 1                  44.887433 8.876980 00 00 313931323043303132343733            
27/01/25 09:13:53 0373 1                  44.886038 8.878158 00 00 3034F7F43C3A45C0000001D2            
27/01/25 09:14:01 0374 1                  44.886020 8.878160 00 00 313931323043303032393239            
27/01/25 09:14:02 0375 1                  44.886012 8.878162 00 00 313931323043303039363939            
27/01/25 09:14:36 0376 1                  44.885967 8.878183 00 00 30340C0F7030551ED98DC405            
27/01/25 09:22:48 0377 1                  44.888360 8.860748 00 00 3231313130304A3031313836            
27/01/25 09:22:56 0378 1                  44.888365 8.860747 00 00 303ACB034300601C885ADC33            
27/01/25 09:23:13 0379 1                  44.888373 8.860732 00 00 999999020011100192109000            
27/01/25 09:23:13 0380 1                  44.888373 8.860732 00 00 999999020011100191946000            
27/01/25 09:23:22 0381 1                  44.888380 8.860722 00 00 3231313130304A3031313738            
27/01/25 09:24:01 0382 1                  44.888385 8.860710 00 00 3231313130304A3031303438            
27/01/25 09:24:20 0383 1                  44.888383 8.860703 00 00 999999020011100191948000            
27/01/25 09:24:31 0384 1                  44.888385 8.860713 00 00 3231313130304A3031313739            
27/01/25 09:24:53 0385 1                  44.888388 8.860720 00 00 3231313130304A3032353131            
27/01/25 09:25:09 0386 1                  44.888380 8.860675 00 00 300ED89F335001501DF9F55A            
27/01/25 09:38:38 0387 1                  44.899917 8.864432 00 00 25759769A683135417C77DF3            
27/01/25 10:00:18 0000 s 01500ver01 44.903543 8.880667 00 00
27/01/25 10:00:20 0000 s 01500ver01 44.903543 8.880667 00 00
27/01/25 10:01:09 0388 1                  44.903487 8.880708 00 00 999999020011100191948000            
27/01/25 10:21:36 0389 1                  44.913123 8.871303 00 00 999999020011100191948000            
27/01/25 10:22:07 0390 1                  44.913127 8.871292 00 00 0000001000000172170424AE            
27/01/25 10:23:04 0391 1                  44.913107 8.871258 00 00 310006296392700000000000            
