27/01/25 10:04:49 0000 s 01491ver01 44.882253 8.859888 00 00
27/01/25 10:04:55 0000 s 01491ver01 44.882253 8.859888 00 00
27/01/25 10:05:08 0000 s 01491ver01 44.882418 8.859787 00 00
27/01/25 10:15:09 0001 1                  44.884828 8.857538 00 00 3231303032334D3030313834            
27/01/25 10:15:09 0002 1                  44.884828 8.857538 00 00 3232303032334D3030393437            
27/01/25 10:30:53 0003 1                  44.988350 8.822308 00 00 313931323050303032373531            
27/01/25 10:31:56 0004 1                  44.988793 8.822562 00 00 313831323045303234343831            
27/01/25 10:32:49 0005 1                  44.988953 8.822558 00 00 3138B1323045303234353634            
27/01/25 10:34:54 0006 1                  44.990480 8.823397 00 00 313831323045303234353631            
27/01/25 10:37:38 0007 1                  44.995017 8.823122 00 00 313831323045303234343738            
27/01/25 10:37:38 0008 1                  44.995017 8.823122 00 00 313831323045303234343830            
27/01/25 10:40:12 0009 1                  44.995032 8.826628 00 00 313831323045303231303832            
27/01/25 10:40:14 0010 1                  44.995033 8.826628 00 00 313831323045303231303531            
27/01/25 10:43:38 0011 1                  44.998267 8.826483 00 00 313831323045303234353538            
27/01/25 10:47:15 0012 1                  45.003317 8.830313 00 00 31383032334D303039393439            
27/01/25 10:49:48 0013 1                  44.999633 8.831778 00 00 3234303132304A3032323837            
27/01/25 10:51:01 0014 1                  44.999847 8.832465 00 00 313831323045303139383536            
27/01/25 10:52:14 0015 1                  44.999983 8.833082 00 00 313931323050303039353037            
27/01/25 10:54:03 0016 1                  45.000462 8.835195 00 00 313831323045303231303538            
27/01/25 10:54:03 0017 1                  45.000462 8.835195 00 00 313831323045303236333436            
27/01/25 10:56:23 0018 1                  45.000788 8.836132 00 00 313831323045303231363030            
27/01/25 10:57:26 0019 1                  45.000662 8.835687 00 00 313831323045303232333134            
27/01/25 11:01:14 0020 1                  45.005215 8.842155 00 00 313831323045303234353330            
27/01/25 11:03:37 0021 1                  45.000280 8.843668 00 00 313931323050303039353036            
27/01/25 11:05:55 0022 1                  44.996473 8.840550 00 00 313831323045303230353934            
27/01/25 11:07:04 0023 1                  44.996437 8.839228 00 00 313831323045303138373337            
27/01/25 11:09:21 0024 1                  44.994172 8.838562 00 00 313831323045303231303535            
27/01/25 11:12:23 0025 1                  44.996433 8.837048 00 00 313831323045303231303833            
27/01/25 11:15:58 0026 1                  44.992212 8.823928 00 00 313831323045303231303134            
27/01/25 11:17:07 0027 1                  44.991795 8.823353 00 00 313831323045303230313436            
27/01/25 11:18:28 0028 1                  44.991305 8.822647 00 00 313831323045303139383533            
27/01/25 11:19:34 0029 1                  44.990872 8.822037 00 00 313831323045303139383439            
27/01/25 11:21:20 0030 1                  44.990290 8.821107 00 00 313831323045303139363338            
27/01/25 11:21:20 0031 1                  44.990290 8.821107 00 00 313831323045303139353234            
27/01/25 11:22:39 0032 1                  44.989305 8.820870 00 00 313831323045303234393033            
27/01/25 11:23:53 0033 1                  44.988217 8.820765 00 00 313831323045303230313633            
27/01/25 11:23:53 0034 1                  44.988217 8.820765 00 00 3026580BE769810000000F67            
27/01/25 11:24:50 0035 1                  44.987383 8.820477 00 00 313831323045303230313735            
27/01/25 11:26:31 0036 1                  44.986565 8.820310 00 00 313831323045303230313431            
27/01/25 11:27:36 0037 1                  44.986240 8.820117 00 00 313831323045303233323237            
27/01/25 11:31:34 0038 1                  44.985880 8.818887 00 00 313831323045303234343632            
27/01/25 11:32:40 0039 1                  44.985785 8.818435 00 00 313831323045303139363633            
27/01/25 11:34:32 0040 1                  44.985173 8.818290 00 00 313832343045303034313531            
27/01/25 11:35:14 0041 1                  44.985177 8.818300 00 00 3233313130304A3030323239            
27/01/25 11:36:25 0042 1                  44.985358 8.816882 00 00 313831323045303139363134            
27/01/25 11:37:28 0043 1                  44.985333 8.816553 00 00 313831323045303138353238            
27/01/25 11:37:30 0044 1                  44.985335 8.816553 00 00 313831323045303139343434            
27/01/25 11:38:53 0045 1                  44.985238 8.816153 00 00 313831323045303139363131            
27/01/25 11:38:53 0046 1                  44.985238 8.816153 00 00 313831323045303139363538            
27/01/25 11:40:22 0047 1                  44.985117 8.814578 00 00 313831323045303139343333            
27/01/25 11:42:15 0048 1                  44.984973 8.813955 00 00 313831323045303230343233            
27/01/25 11:42:17 0049 1                  44.984972 8.813957 00 00 313831323045303232373037            
27/01/25 11:44:06 0050 1                  44.984830 8.813533 00 00 313831313030533031303838            
27/01/25 11:45:13 0051 1                  44.984842 8.813520 00 00 313831323045303230313130            
27/01/25 11:45:13 0052 1                  44.984842 8.813520 00 00 313831323045303230343232            
27/01/25 11:47:22 0053 1                  44.984788 8.812798 00 00 313931323050303031313438            
27/01/25 11:48:41 0054 1                  44.985098 8.812547 00 00 313831323045303139323336            
27/01/25 11:49:12 0055 1                  44.985108 8.812560 00 00 313931323050303035363930            
27/01/25 11:49:12 0056 1                  44.985108 8.812560 00 00 313931323050303133343236            
27/01/25 11:50:55 0057 1                  44.985463 8.812187 00 00 313931323050303033343535            
27/01/25 11:50:55 0058 1                  44.985463 8.812187 00 00 313931323050303033363036            
27/01/25 11:52:20 0059 1                  44.985768 8.811875 00 00 313831323045303139373234            
27/01/25 11:52:20 0060 1                  44.985768 8.811875 00 00 3233303132304A3030373530            
27/01/25 11:53:06 0061 1                  44.985772 8.811915 00 00 313931323050303034313830            
27/01/25 11:53:06 0062 1                  44.985772 8.811915 00 00 313831323045303139393033            
27/01/25 11:54:39 0063 1                  44.986027 8.811640 00 00 313831323045303139373230            
27/01/25 11:56:04 0064 1                  44.986600 8.811875 00 00 534D5004E700010137303034            
27/01/25 11:56:55 0065 1                  44.986953 8.812642 00 00 313831323045303139333434            
27/01/25 11:58:14 0066 1                  44.986878 8.812462 00 00 313831323045303139393638            
27/01/25 11:58:16 0067 1                  44.986880 8.812460 00 00 313831323045303139363137            
27/01/25 12:00:23 0068 1                  44.986735 8.811183 00 00 313831323045303233383538            
27/01/25 12:00:27 0069 1                  44.986735 8.811180 00 00 313831323045303139393330            
27/01/25 12:01:54 0070 1                  44.986382 8.810915 00 00 313831323045303139393730            
27/01/25 12:03:15 0071 1                  44.986253 8.810835 00 00 313831323045303230333131            
27/01/25 12:03:15 0072 1                  44.986253 8.810835 00 00 313831323045303139343139            
27/01/25 12:04:44 0073 1                  44.986108 8.810720 00 00 313831323045303230323835            
27/01/25 12:04:44 0074 1                  44.986108 8.810720 00 00 313831323045303230323834            
27/01/25 12:06:13 0075 1                  44.985707 8.810498 00 00 313831323045303230323830            
27/01/25 12:06:17 0076 1                  44.985702 8.810495 00 00 313831323045303230323738            
27/01/25 12:07:40 0077 1                  44.985302 8.810188 00 00 313831323045303230323837            
27/01/25 12:07:40 0078 1                  44.985302 8.810188 00 00 313831323045303230323039            
27/01/25 12:10:08 0079 1                  44.985298 8.809038 00 00 313831323045303139343736            
27/01/25 12:11:17 0080 1                  44.985720 8.808725 00 00 313831323045303230303036            
27/01/25 12:12:36 0081 1                  44.986068 8.808697 00 00 313831323045303139393939            
27/01/25 12:12:36 0082 1                  44.986068 8.808697 00 00 313831323045303230313736            
27/01/25 12:13:30 0083 1                  44.986073 8.808688 00 00 313931323050303039383736            
27/01/25 12:13:32 0084 1                  44.986072 8.808687 00 00 313831323045303230313734            
27/01/25 12:13:34 0085 1                  44.986073 8.808687 00 00 313931323050303039383736            
27/01/25 12:14:31 0086 1                  44.986083 8.808680 00 00 313831323045303230333332            
27/01/25 12:14:31 0087 1                  44.986083 8.808680 00 00 313831323045303139383932            
27/01/25 12:15:09 0088 1                  44.986088 8.808697 00 00 313831323045303139383931            
27/01/25 12:17:13 0089 1                  44.986422 8.808905 00 00 313831323045303139383837            
27/01/25 12:17:15 0090 1                  44.986422 8.808903 00 00 313831323045303139383838            
27/01/25 12:18:07 0091 1                  44.986435 8.808875 00 00 313831323045303230393035            
27/01/25 12:18:07 0092 1                  44.986435 8.808875 00 00 313831323045303232373036            
27/01/25 12:20:01 0093 1                  44.986512 8.808582 00 00 313831323045303139393937            
27/01/25 12:20:01 0094 1                  44.986512 8.808582 00 00 313831323045303139393933            
27/01/25 12:21:38 0095 1                  44.986617 8.808620 00 00 313A31323045303139373139            
27/01/25 12:23:05 0096 1                  44.986860 8.808532 00 00 313831323045303139383839            
27/01/25 12:24:52 0097 1                  44.987000 8.808498 00 00 313831323045303139353432            
27/01/25 12:24:52 0098 1                  44.987000 8.808498 00 00 313831323045303139353432            
27/01/25 12:24:54 0099 1                  44.987000 8.808498 00 00 313831323045703230333339            
27/01/25 12:26:35 0100 1                  44.986760 8.809457 00 00 313831323045303230333230            
27/01/25 12:27:34 0101 1                  44.986658 8.809840 00 00 313831323045303139343634            
27/01/25 12:28:41 0102 1                  44.986650 8.810182 00 00 313831323045303139393934            
27/01/25 12:29:43 0103 1                  44.986667 8.810543 00 00 313831323045303232303232            
27/01/25 12:31:39 0104 1                  44.987507 8.811347 00 00 313831323045303232303438            
27/01/25 12:32:58 0105 1                  44.987978 8.811157 00 00 313831323045303138373533            
27/01/25 12:34:51 0106 1                  44.991285 8.811510 00 00 3234303132304A3030343330            
27/01/25 12:36:44 0107 1                  44.995697 8.812647 00 00 313831323045303232323931            
27/01/25 12:40:37 0108 1                  45.003382 8.817565 00 00 313931323050303039333737            
27/01/25 12:42:15 0109 1                  45.003488 8.817150 00 00 313831323045303232373135            
27/01/25 12:42:15 0110 1                  45.003488 8.817150 00 00 313831323045303232373135            
27/01/25 12:42:15 0111 1                  45.003488 8.817150 00 00 313831323045303232323537            
27/01/25 12:44:05 0112 1                  45.003445 8.816368 00 00 313831323045303139323739            
27/01/25 12:45:48 0113 1                  45.005197 8.817788 00 00 313931323050303038363333            
27/01/25 12:47:01 0114 1                  45.006123 8.817823 00 00 313831323045303233323132            
27/01/25 12:48:12 0115 1                  45.006650 8.819037 00 00 313931323050303033383432            
27/01/25 12:49:35 0116 1                  45.008347 8.820728 00 00 313831323045303231383435            
27/01/25 12:52:07 0117 1                  45.008613 8.818668 00 00 31383132304A303231353435            
27/01/25 12:53:19 0118 1                  45.008425 8.819015 00 00 31383132304A303233353330            
27/01/25 12:59:28 0119 1                  44.998553 8.813862 00 00 313831323045303230363139            
27/01/25 12:59:30 0120 1                  44.998552 8.813858 00 00 313831323045383230363139            
27/01/25 13:04:59 0121 1                  44.989243 8.806537 00 00 313831323045303232723636            
27/01/25 13:06:05 0122 1                  44.989900 8.805950 00 00 313931323050303130383133            
27/01/25 13:08:43 0123 1                  44.998700 8.797857 00 00 313931323050303039393936            
27/01/25 13:08:45 0124 1                  44.998695 8.797858 00 00 313831323045303139303431            
27/01/25 13:13:47 0125 1                  44.984425 8.810117 00 00 313831323045303139373236            
27/01/25 13:15:18 0126 1                  44.983990 8.810817 00 00 313831323045303139343530            
27/01/25 13:15:22 0127 1                  44.983993 8.810820 00 00 313931323050303130303238            
27/01/25 13:15:54 0128 1                  44.983992 8.810808 00 00 313831323045303231313137            
27/01/25 13:17:33 0129 1                  44.983823 8.811182 00 00 313831313030533031313030            
27/01/25 13:19:37 0130 1                  44.982967 8.812045 00 00 313931323050303034353737            
27/01/25 13:19:37 0131 1                  44.982967 8.812045 00 00 3233303234304A3030363339            
27/01/25 13:20:56 0132 1                  44.982743 8.811958 00 00 31383033304D303034343735            
27/01/25 13:21:30 0133 1                  44.982743 8.811950 00 00 3231303234304A3034373436            
27/01/25 13:21:32 0134 1                  44.982745 8.811950 00 00 313832343045303034303633            
27/01/25 13:23:11 0135 1                  44.982183 8.811703 00 00 3233303234304A3030363238            
27/01/25 13:23:13 0136 1                  44.982183 8.811705 00 00 313831323045303138373235            
27/01/25 13:23:45 0137 1                  44.982155 8.811745 00 00 31383033304D303034353331            
27/01/25 13:23:49 0138 1                  44.982148 8.811748 00 00 3230303033304D3038363732            
27/01/25 13:24:54 0139 1                  44.981975 8.811693 00 00 31383033304D303034353330            
27/01/25 13:25:00 0140 1                  44.981972 8.811695 00 00 31383033304D303034353238            
27/01/25 13:25:31 0141 1                  44.981983 8.811673 00 00 31383033304D303034353239            
27/01/25 13:25:35 0142 1                  44.981983 8.811675 00 00 31383033304D303034373939            
27/01/25 13:25:53 0143 1                  44.981978 8.811692 00 00 3233303033304D3030343930            
27/01/25 13:27:08 0144 1                  44.981587 8.811348 00 00 313831323045303234383837            
27/01/25 13:28:49 0145 1                  44.980850 8.810527 00 00 313831323045303037363138            
27/01/25 13:30:38 0146 1                  44.981093 8.809330 00 00 313831323045303139323131            
27/01/25 13:30:38 0147 1                  44.981093 8.809330 00 00 313831323045303232363937            
27/01/25 13:31:39 0148 1                  44.981097 8.809320 00 00 313931323050303032383834            
27/01/25 13:33:18 0149 1                  44.981218 8.808900 00 00 313831323045303139313237            
27/01/25 13:33:18 0150 1                  44.981218 8.808900 00 00 313831323045303139313235            
27/01/25 13:34:13 0151 1                  44.981220 8.808852 00 00 313831323045303139313438            
27/01/25 13:34:13 0152 1                  44.981220 8.808852 00 00 313832343045303034333536            
27/01/25 13:34:59 0153 1                  44.981213 8.808860 00 00 313831323045303139333931            
27/01/25 13:36:20 0154 1                  44.981368 8.808657 00 00 313831323045303139343930            
27/01/25 13:37:31 0155 1                  44.981618 8.808543 00 00 31383033304D303034343732            
27/01/25 13:38:35 0156 1                  44.981813 8.808765 00 00 31383033304D303034343734            
27/01/25 13:38:49 0157 1                  44.981830 8.808787 00 00 313831323045303231323331            
27/01/25 13:39:26 0158 1                  44.981883 8.808828 00 00 25705569A686677432C36E71            
27/01/25 13:40:06 0159 1                  44.982178 8.808717 00 00 313831323045303139323738            
27/01/25 13:40:06 0160 1                  44.982178 8.808717 00 00 313931323050303036373430            
27/01/25 13:40:06 0161 1                  44.982178 8.808717 00 00 3034F848E42DCA0AB41DC8C5            
27/01/25 13:40:53 0162 1                  44.982208 8.808662 00 00 313931323050303032333734            
27/01/25 13:40:53 0163 1                  44.982208 8.808662 00 00 313831323045303234383433            
27/01/25 13:42:22 0164 1                  44.982437 8.808560 00 00 3234303234304A3030333834            
27/01/25 13:42:22 0165 1                  44.982437 8.808560 00 00 313832343045303034303135            
27/01/25 13:43:02 0166 1                  44.982425 8.808587 00 00 3234303234304A3030333833            
27/01/25 13:43:16 0167 1                  44.982455 8.808592 00 00 313931323050303130333333            
27/01/25 13:44:33 0168 1                  44.982597 8.808570 00 00 313831323045303232383134            
27/01/25 13:44:33 0169 1                  44.982597 8.808570 00 00 313831323045303139353731            
27/01/25 13:46:14 0170 1                  44.983025 8.808695 00 00 31383033304D303033393934            
27/01/25 13:46:31 0171 1                  44.983052 8.808685 00 00 313831323045303139333139            
27/01/25 13:47:05 0172 1                  44.983135 8.808692 00 00 3142040140008460E25DE280            
27/01/25 13:47:37 0173 1                  44.983265 8.808752 00 00 313832343045303034313137            
27/01/25 13:48:34 0174 1                  44.983465 8.808813 00 00 313831323045303139333234            
27/01/25 13:49:06 0175 1                  44.983530 8.808755 00 00 313832343045303034333539            
27/01/25 13:49:06 0176 1                  44.983530 8.808755 00 00 313832343045303034333630            
27/01/25 13:50:24 0177 1                  44.983865 8.808997 00 00 3234303234304A3030333635            
27/01/25 13:51:35 0178 1                  44.984087 8.808937 00 00 31383033304D303034353335            
27/01/25 14:26:03 0000 s 01491ver01 44.982410 8.811687 00 00
27/01/25 14:26:10 0000 s 01491ver01 44.982410 8.811687 00 00
27/01/25 15:31:52 0000 s 01491ver01 44.882362 8.860323 00 00
27/01/25 15:31:56 0000 s 01491ver01 44.882362 8.860323 00 00
