01/03/25 05:25:53 0000 s 01483ver01 44.882462 8.860190 00 00
01/03/25 05:37:40 0001 1                  44.838990 8.856202 00 00 31383032334D303039333830            
01/03/25 05:38:50 0002 1                  44.839577 8.860930 00 00 31383032334D303037313739            
01/03/25 05:39:37 0003 1                  44.836905 8.861638 00 00 31383032334D303037313534            
01/03/25 05:42:40 0004 1                  44.841852 8.863402 00 00 31383032334D303135323336            
01/03/25 05:44:16 0005 1                  44.842342 8.866978 00 00 3231303032334D3031393033            
01/03/25 05:45:13 0006 1                  44.842153 8.867370 00 00 31383032334D303036383438            
01/03/25 05:45:13 0007 1                  44.842153 8.867370 00 00 31383032334D303036383437            
01/03/25 05:45:23 0008 1                  44.842148 8.867378 00 00 31383032334D303037303839            
01/03/25 05:47:26 0009 1                  44.841587 8.868745 00 00 3231303032334D3031393034            
01/03/25 05:47:41 0010 1                  44.841577 8.868740 00 00 31383032334D303036393434            
01/03/25 05:48:14 0011 1                  44.841542 8.868877 00 00 3232303032334D3031323231            
01/03/25 05:48:39 0012 1                  44.841467 8.869088 00 00 31383032334D303036393435            
01/03/25 05:50:01 0013 1                  44.842155 8.869128 00 00 323030323545303036333435            
01/03/25 05:51:11 0014 1                  44.841537 8.869885 00 00 31383032334D303037313436            
01/03/25 05:51:33 0015 1                  44.841580 8.870402 00 00 313931323045303630363331            
01/03/25 05:52:03 0016 1                  44.840978 8.871283 00 00 31383032334D303036383039            
01/03/25 05:53:34 0017 1                  44.839932 8.870918 00 00 31383032334D303037313034            
01/03/25 05:54:13 0018 1                  44.840143 8.870867 00 00 3233303032334D3030353837            
01/03/25 05:54:51 0019 1                  44.840567 8.870505 00 00 31383032334D303037303930            
01/03/25 05:58:43 0020 1                  44.837455 8.871405 00 00 3232303032334D3030303235            
01/03/25 05:59:05 0021 1                  44.837292 8.871528 00 00 31383032334D303131353632            
01/03/25 05:59:11 0022 1                  44.837293 8.871538 00 00 31383032334D303032313036            
01/03/25 05:59:20 0023 1                  44.837295 8.871547 00 00 3234303032334D3030363230            
01/03/25 05:59:53 0024 1                  44.837232 8.871650 00 00 31383032334D303037303437            
01/03/25 06:00:36 0025 1                  44.837487 8.872513 00 00 31383032334D303135383532            
01/03/25 06:00:36 0026 1                  44.837487 8.872513 00 00 31383032334D303032313034            
01/03/25 06:01:44 0027 1                  44.837403 8.872335 00 00 313931323053303036373332            
01/03/25 06:01:58 0028 1                  44.837253 8.872130 00 00 31383032334D303131333037            
01/03/25 06:03:02 0029 1                  44.836957 8.871618 00 00 31383032334D303032323233            
01/03/25 06:03:43 0030 1                  44.837158 8.871747 00 00 31383032334D303037313837            
01/03/25 06:04:15 0031 1                  44.837198 8.871873 00 00 31383032334D303032303132            
01/03/25 06:04:19 0032 1                  44.837228 8.871900 00 00 31383032334D303032303131            
01/03/25 06:04:23 0033 1                  44.837252 8.871918 00 00 31383032334D303032303133            
01/03/25 06:05:01 0034 1                  44.836958 8.871958 00 00 31383032334D303032313832            
01/03/25 06:05:07 0035 1                  44.836940 8.871955 00 00 31383032334D303037303436            
01/03/25 06:07:35 0036 1                  44.834433 8.872070 00 00 31383032334D303135373035            
01/03/25 06:07:36 0037 1                  44.834433 8.872070 00 00 31383032334D303135373037            
01/03/25 06:08:33 0038 1                  44.835993 8.872297 00 00 31383032334D303037303432            
01/03/25 06:09:11 0039 1                  44.836250 8.872102 00 00 31383032334D303037313832            
01/03/25 06:09:38 0040 1                  44.836655 8.871398 00 00 31383032334D303131343434            
01/03/25 06:10:32 0041 1                  44.836885 8.870925 00 00 31383032334D303076333139            
01/03/25 06:10:32 0042 1                  44.836885 8.870925 00 00 31383032334D303036333139            
01/03/25 06:11:35 0043 1                  44.837712 8.871585 00 00 3232303032334D3030333834            
01/03/25 06:12:02 0044 1                  44.837820 8.871673 00 00 31383032334D303037303438            
01/03/25 06:12:23 0045 1                  44.837830 8.871675 00 00 31383032334D303032333333            
01/03/25 06:13:42 0046 1                  44.837865 8.871643 00 00 323030323545303039353734            
01/03/25 06:14:11 0047 1                  44.837842 8.871613 00 00 3232303032334D3030343639            
01/03/25 06:16:26 0048 1                  44.837783 8.872290 00 00 323030323545303038363231            
01/03/25 06:17:01 0049 1                  44.837937 8.874245 00 00 31383032334D303036383939            
01/03/25 06:18:08 0050 1                  44.837933 8.874893 00 00 31383032334D303037313530            
01/03/25 06:19:09 0051 1                  44.837573 8.873790 00 00 31383032334D303032333934            
01/03/25 06:19:32 0052 1                  44.837407 8.874152 00 00 31383032334D303032333933            
01/03/25 06:20:20 0053 1                  44.837367 8.874565 00 00 31383032334D303037313531            
01/03/25 06:21:14 0054 1                  44.836692 8.877022 00 00 31383032334D303032333931            
01/03/25 06:21:43 0055 1                  44.836520 8.877213 00 00 323030323545303032333431            
01/03/25 06:29:37 0056 1                  44.816287 8.903622 00 00 31383032334D303133343931            
01/03/25 06:32:50 0057 1                  44.812835 8.903757 00 00 31383032334D303133333230            
01/03/25 06:35:41 0058 1                  44.809225 8.904085 00 00 31383132304A303235373432            
01/03/25 06:36:26 0059 1                  44.809213 8.903837 00 00 313931323045303030343037            
01/03/25 06:37:11 0060 1                  44.808287 8.904155 00 00 31383032334D303133323432            
01/03/25 06:38:09 0061 1                  44.806977 8.903337 00 00 31383032334D303136333138            
01/03/25 06:41:26 0062 1                  44.800710 8.913450 00 00 31383032334D303133333433            
01/03/25 06:42:05 0063 1                  44.800240 8.913618 00 00 31383032334D303136303730            
01/03/25 06:42:15 0064 1                  44.800163 8.913635 00 00 31383032334D303136303730            
01/03/25 06:42:45 0065 1                  44.800123 8.913647 00 00 31383032334D303136333132            
01/03/25 06:48:24 0066 1                  44.808422 8.900735 00 00 31383032334D303136323031            
01/03/25 06:48:27 0067 1                  44.808423 8.900732 00 00 31383032334D303136323033            
01/03/25 06:49:22 0068 1                  44.807997 8.899882 00 00 31383132304A303039313738            
01/03/25 06:49:30 0069 1                  44.807995 8.899880 00 00 31383132304A303039313735            
01/03/25 06:51:02 0070 1                  44.808055 8.898665 00 00 31383032334D303136333335            
01/03/25 06:51:11 0071 1                  44.808058 8.898657 00 00 300ED89F3350015A1DF59AFB            
01/03/25 06:52:09 0072 1                  44.806220 8.897158 00 00 31383032334D303133323239            
01/03/25 06:55:12 0073 1                  44.806633 8.898492 00 00 31383032334D303136333038            
01/03/25 06:55:47 0074 1                  44.806703 8.898563 00 00 31383032334D303039333833            
01/03/25 06:56:13 0075 1                  44.807617 8.898688 00 00 25705569A686679432C70D77            
01/03/25 06:57:16 0076 1                  44.806610 8.898522 00 00 31383032334D303136323839            
01/03/25 06:57:24 0077 1                  44.806515 8.898827 00 00 31383032334D303136323336            
01/03/25 06:58:04 0078 1                  44.806465 8.899170 00 00 3234303032334D3032303630            
01/03/25 06:58:38 0079 1                  44.806457 8.899287 00 00 31383032334D303134323631            
01/03/25 06:59:22 0080 1                  44.806457 8.899323 00 00 31383032334D303038363733            
01/03/25 07:00:25 0081 1                  44.806295 8.899343 00 00 3232303032334D3030303438            
01/03/25 07:00:46 0082 1                  44.806220 8.899380 00 00 31383032334D303032353332            
01/03/25 07:01:36 0083 1                  44.806385 8.899467 00 00 31383032334D303136313534            
01/03/25 07:03:09 0084 1                  44.806648 8.899703 00 00 31383032334D303133343038            
01/03/25 07:03:32 0085 1                  44.806518 8.899753 00 00 31383032334D303136333638            
01/03/25 07:04:05 0086 1                  44.806490 8.900082 00 00 31383032334D303038363830            
01/03/25 07:04:49 0087 1                  44.806607 8.900447 00 00 3231303032334D3034353335            
01/03/25 07:06:54 0088 1                  44.806908 8.899805 00 00 31383032334D303135313135            
01/03/25 07:09:14 0089 1                  44.807097 8.899343 00 00 31383032334D303136313630            
01/03/25 07:11:28 0090 1                  44.808498 8.891745 00 00 31383032334D303133323931            
01/03/25 07:13:25 0091 1                  44.811155 8.884538 00 00 31383032334D303133323436            
01/03/25 07:15:06 0092 1                  44.811950 8.883138 00 00 31383032334D303133343834            
01/03/25 07:21:32 0093 1                  44.810532 8.884665 00 00 31383032334D303133343833            
01/03/25 07:22:14 0094 1                  44.810442 8.885190 00 00 31383032334D303136313537            
01/03/25 07:40:16 0095 1                  44.776080 8.931638 00 00 31383032334D303133343635            
01/03/25 07:51:00 0096 1                  44.755553 8.909478 00 00 31383032334D303038343037            
01/03/25 07:51:54 0097 1                  44.755368 8.909277 00 00 31383032334D303134303439            
01/03/25 07:54:30 0098 1                  44.754348 8.908197 00 00 31383032334D303038373237            
01/03/25 07:55:32 0099 1                  44.754352 8.907905 00 00 3234303032334D3030323835            
01/03/25 07:56:40 0100 1                  44.753515 8.906433 00 00 313932343045303030363930            
01/03/25 07:58:38 0101 1                  44.753098 8.906257 00 00 31383032334D303136333233            
01/03/25 07:59:20 0102 1                  44.752688 8.904300 00 00 31383032334D303038363137            
01/03/25 08:01:25 0103 1                  44.752823 8.897580 00 00 31383032334D303136313731            
01/03/25 08:02:18 0104 1                  44.752830 8.897473 00 00 300ED89F3350015A1DF59AFB            
01/03/25 08:02:18 0105 1                  44.752830 8.897473 00 00 3234303032334D3030323338            
01/03/25 08:03:14 0106 1                  44.752200 8.897003 00 00 3234303032334D3030323236            
01/03/25 08:03:31 0107 1                  44.752148 8.897038 00 00 31383032334D303136313036            
01/03/25 08:05:28 0108 1                  44.752768 8.896555 00 00 31383032334D303038353739            
01/03/25 08:05:35 0109 1                  44.752765 8.896545 00 00 31383032334D303136303737            
01/03/25 08:06:57 0110 1                  44.751917 8.896388 00 00 31383032334D303134323437            
01/03/25 08:07:36 0111 1                  44.751762 8.896487 00 00 31383032334D303038343233            
01/03/25 08:07:39 0112 1                  44.751763 8.896488 00 00 31383032334D303138383939            
01/03/25 08:09:38 0113 1                  44.752675 8.895997 00 00 31383032334D303136323936            
01/03/25 08:10:21 0114 1                  44.752498 8.895638 00 00 3232313130304A3030323234            
01/03/25 08:10:44 0115 1                  44.752450 8.895602 00 00 3234303132304A3032313435            
01/03/25 08:11:34 0116 1                  44.752423 8.895575 00 00 313932343045303030323239            
01/03/25 08:12:57 0117 1                  44.750348 8.892538 00 00 31383032334D303139313634            
01/03/25 08:14:58 0118 1                  44.753075 8.895125 00 00 3233303032334D3030383737            
01/03/25 08:15:57 0119 1                  44.753470 8.894448 00 00 323030323545303033333735            
01/03/25 08:17:18 0120 1                  44.755208 8.891690 00 00 3234303032334D3030383436            
01/03/25 08:21:26 0121 1                  44.765313 8.877100 00 00 3233303032334D3030363032            
01/03/25 08:22:41 0122 1                  44.766163 8.876098 00 00 31383032334D303038353032            
01/03/25 08:22:41 0123 1                  44.766163 8.876098 00 00 31383032334D303038343538            
01/03/25 08:24:32 0124 1                  44.764892 8.871858 00 00 3234303032334D3031333637            
01/03/25 08:24:36 0125 1                  44.764888 8.871862 00 00 300ED89F3350015A1DF59AFB            
01/03/25 08:26:03 0126 1                  44.764518 8.871313 00 00 323030323545303035343830            
01/03/25 08:27:05 0127 1                  44.765140 8.870653 00 00 31383032334D303134323137            
01/03/25 08:27:33 0128 1                  44.765153 8.870113 00 00 31383032334D303038353732            
01/03/25 08:28:21 0129 1                  44.764250 8.870085 00 00 31383032334D303038343236            
01/03/25 08:29:07 0130 1                  44.764950 8.870168 00 00 31383032334D30303835373200000000    
01/03/25 08:30:06 0131 1                  44.765062 8.867397 00 00 31383032334D303038353034            
01/03/25 08:30:48 0132 1                  44.764610 8.867493 00 00 31383032334D303038353132            
01/03/25 08:31:49 0133 1                  44.764448 8.867618 00 00 3232303032334D3030353930            
01/03/25 08:33:55 0134 1                  44.764515 8.865962 00 00 31383032334D303038363134            
01/03/25 08:34:04 0135 1                  44.764520 8.865977 00 00 31383032334D303038363133            
01/03/25 08:35:20 0136 1                  44.764480 8.865690 00 00 323030323545303033323634            
01/03/25 08:36:53 0137 1                  44.765030 8.866175 00 00 31383032334D303136333433            
01/03/25 08:37:48 0138 1                  44.764792 8.865447 00 00 31383032334D303039333835            
01/03/25 08:37:50 0139 1                  44.764792 8.865443 00 00 31383032334D303134333630            
01/03/25 08:38:33 0140 1                  44.764742 8.865402 00 00 31383032334D303139373236            
01/03/25 08:38:46 0141 1                  44.764665 8.865308 00 00 3233303032334D3030363736            
01/03/25 08:39:22 0142 1                  44.764215 8.865277 00 00 31383032334D303038353639            
01/03/25 08:41:11 0143 1                  44.764718 8.865312 00 00 31383032334D303038343231            
01/03/25 08:42:37 0144 1                  44.765215 8.864447 00 00 3232303032334D3031303036            
01/03/25 08:44:43 0145 1                  44.765437 8.864810 00 00 31383032334D303038353438            
01/03/25 08:45:17 0146 1                  44.765563 8.864868 00 00 3232303032334D3030363938            
01/03/25 08:45:57 0147 1                  44.765820 8.864623 00 00 31383032334D303133343732            
01/03/25 08:46:02 0148 1                  44.765812 8.864630 00 00 3234303032334D3031313031            
01/03/25 08:46:32 0149 1                  44.765832 8.864508 00 00 31383032334D303033303833            
01/03/25 08:47:15 0150 1                  44.765595 8.863308 00 00 3233303132304A3031393033            
01/03/25 08:47:24 0151 1                  44.765333 8.863057 00 00 31383032334D303039393237            
01/03/25 08:48:10 0152 1                  44.763425 8.862378 00 00 31383032334D303131383032            
01/03/25 08:54:22 0000 s 01483ver01 44.763337 8.862565 00 00
01/03/25 08:59:08 0000 s 01483ver01 44.780872 8.864500 00 00
01/03/25 08:59:32 0153 1                  44.780888 8.864440 00 00 31383032334D303136333238            
01/03/25 09:10:01 0154 1                  44.829092 8.854235 00 00 573137383231333330443238            
01/03/25 09:15:33 0155 1                  44.874368 8.857447 00 00 3156070397933730576F0000            
01/03/25 09:18:25 0156 1                  44.889357 8.856105 00 00 534D5005B000010135303030            
01/03/25 09:30:50 0157 1                  44.913352 8.854983 00 00 3233303234304A3030393836            
01/03/25 10:22:06 0000 s 01483ver01 44.905818 8.868870 00 00
01/03/25 10:23:10 0158 1                  44.904428 8.867322 00 00 323030323545303034303939            
01/03/25 10:26:59 0159 1                  44.896013 8.855357 00 00 111150000000003329292795            
01/03/25 10:27:05 0160 1                  44.895342 8.855567 00 00 534D5004E700010137303030            
01/03/25 10:28:23 0161 1                  44.888512 8.855650 00 00 193286983209220002010000            
01/03/25 10:39:51 0162 1                  44.882407 8.860030 00 00 300ED89F3350015A1DF59AFB            
01/03/25 10:46:26 0163 1                  44.882247 8.860357 00 00 31383234304A303030303331            
