28/01/25 11:03:05 0000 s 01510ver01 44.792685 8.739433 00 00
28/01/25 11:21:57 0001 1                  44.836592 8.610812 00 00 313831323045303231383931            
28/01/25 11:23:09 0002 1                  44.837077 8.606287 00 00 313831323045303233343634            
28/01/25 11:25:16 0003 1                  44.836697 8.600668 00 00 313831323045303139343033            
28/01/25 11:25:50 0004 1                  44.836673 8.600687 00 00 313831313030533031303130            
28/01/25 11:29:30 0005 1                  44.841355 8.591318 00 00 3231313130304A3031363539            
28/01/25 11:30:02 0006 1                  44.841353 8.591320 00 00 E28069950000500E56E62685            
28/01/25 11:31:03 0007 1                  44.841142 8.590795 00 00 313831323045303232323534            
28/01/25 11:33:27 0008 1                  44.841703 8.584412 00 00 313831323045303230323131            
28/01/25 11:34:03 0009 1                  44.841798 8.585128 00 00 313931323050303037383433            
28/01/25 11:34:39 0010 1                  44.841688 8.585763 00 00 3234303132304A3030393536            
28/01/25 11:34:50 0011 1                  44.841680 8.585762 00 00 313831323045303232363433            
28/01/25 11:35:40 0012 1                  44.841413 8.586607 00 00 313831323045303233363035            
28/01/25 11:37:11 0013 1                  44.840997 8.588355 00 00 313831323045303230333534            
28/01/25 11:38:24 0014 1                  44.842557 8.588583 00 00 313831323045303230373836            
28/01/25 11:41:51 0015 1                  44.842518 8.587860 00 00 313831323045303232333532            
28/01/25 11:42:04 0016 1                  44.842530 8.587845 00 00 313831323045303230373731            
28/01/25 11:42:42 0017 1                  44.842498 8.587147 00 00 313831323045303230373839            
28/01/25 11:44:23 0018 1                  44.842443 8.586245 00 00 313931323050303030333731            
28/01/25 11:44:37 0019 1                  44.842430 8.586240 00 00 313831323045303232363439            
28/01/25 11:44:46 0020 1                  44.842425 8.586235 00 00 3234303132304A3030333837            
28/01/25 11:44:55 0021 1                  44.842420 8.586232 00 00 313831323045303232353734            
28/01/25 11:45:34 0022 1                  44.842348 8.585767 00 00 313831323045303231363734            
28/01/25 11:46:13 0023 1                  44.842270 8.585467 00 00 313831323045303231333036            
28/01/25 11:46:50 0024 1                  44.841997 8.584690 00 00 313831323045303231393530            
28/01/25 11:47:51 0025 1                  44.843053 8.582228 00 00 313831323045303234303037            
28/01/25 11:48:01 0026 1                  44.843048 8.582243 00 00 3234303132304A3032323638            
28/01/25 11:48:16 0027 1                  44.843050 8.582257 00 00 313931323050303034383038            
28/01/25 11:48:25 0028 1                  44.843055 8.582260 00 00 3234303132304A3031313433            
28/01/25 11:49:34 0029 1                  44.843322 8.582450 00 00 31383033304D303034343932            
28/01/25 11:49:43 0030 1                  44.843333 8.582472 00 00 31383033304D303033353634            
28/01/25 11:50:17 0031 1                  44.843662 8.582712 00 00 313831323045303232373935            
28/01/25 11:51:21 0032 1                  44.844775 8.583452 00 00 313831323045303230303039            
28/01/25 11:52:27 0033 1                  44.845458 8.582303 00 00 30340C0F6C513AB26BFF8C04            
28/01/25 11:52:27 0034 1                  44.845458 8.582303 00 00 313831323045303234303836            
28/01/25 11:53:10 0035 1                  44.845675 8.581910 00 00 313831323045303232343434            
28/01/25 11:53:26 0036 1                  44.845688 8.581918 00 00 313831323045303232343437            
28/01/25 11:54:11 0037 1                  44.845948 8.581462 00 00 3234303132304A3030333632            
28/01/25 11:54:40 0038 1                  44.845960 8.581277 00 00 313831323045303232353831            
28/01/25 11:54:43 0039 1                  44.845953 8.581270 00 00 3039606303C1A4400041E327            
28/01/25 11:55:58 0040 1                  44.845815 8.580730 00 00 313831323045303232373430            
28/01/25 11:56:14 0041 1                  44.845808 8.580707 00 00 313831323045303233343739            
28/01/25 11:56:56 0042 1                  44.845562 8.580675 00 00 313831323045303231393331            
28/01/25 11:57:02 0043 1                  44.845545 8.580665 00 00 313831323045303233353634            
28/01/25 11:58:08 0044 1                  44.845340 8.580643 00 00 313831323045303230303635            
28/01/25 11:58:35 0045 1                  44.845327 8.580650 00 00 313831323045303138383634            
28/01/25 11:59:19 0046 1                  44.845020 8.580592 00 00 313831323045303232373433            
28/01/25 11:59:53 0047 1                  44.844923 8.580593 00 00 313831323045303234313439            
28/01/25 12:00:36 0048 1                  44.844920 8.580602 00 00 313831313030533031313335            
28/01/25 12:02:13 0049 1                  44.844153 8.580645 00 00 313831323045303231363830            
28/01/25 12:02:51 0050 1                  44.844347 8.580653 00 00 313831323045303230363830            
28/01/25 12:03:59 0051 1                  44.844668 8.580710 00 00 313831313030533031313031            
28/01/25 12:05:31 0052 1                  44.846165 8.581033 00 00 313831323045303232303736            
28/01/25 12:06:28 0053 1                  44.846618 8.581028 00 00 313931323050303037303331            
28/01/25 12:06:43 0054 1                  44.846638 8.581045 00 00 313831323045303233313234            
28/01/25 12:06:53 0055 1                  44.846645 8.581062 00 00 313831323045303213109100            
28/01/25 12:07:47 0056 1                  44.847362 8.580185 00 00 31560605644247302C13E280            
28/01/25 12:08:04 0057 1                  44.847367 8.580175 00 00 313831323045303233303335            
28/01/25 12:08:51 0058 1                  44.847553 8.579897 00 00 3234303132304A3030333930            
28/01/25 12:08:54 0059 1                  44.847557 8.579898 00 00 E28069950000500E56E62685            
28/01/25 12:09:01 0060 1                  44.847557 8.579900 00 00 3234303132304A3030333631            
28/01/25 12:10:19 0061 1                  44.847873 8.579478 00 00 313831323045303232313937            
28/01/25 12:10:39 0062 1                  44.847868 8.579468 00 00 313831323045303233303634            
28/01/25 12:11:16 0063 1                  44.848210 8.578987 00 00 3138B1323045303232323134            
28/01/25 12:12:08 0064 1                  44.848240 8.578042 00 00 313831323045303232373437            
28/01/25 12:12:32 0065 1                  44.848253 8.578035 00 00 313831323045303233303931            
28/01/25 12:13:22 0066 1                  44.847893 8.577582 00 00 313831323045303233303632            
28/01/25 12:13:34 0067 1                  44.847888 8.577572 00 00 31383132304A303230393139            
28/01/25 12:13:48 0068 1                  44.847887 8.577558 00 00 313831323045303233393134            
28/01/25 12:14:44 0069 1                  44.847467 8.577027 00 00 313831323045303233303437            
28/01/25 12:14:53 0070 1                  44.847458 8.577017 00 00 313831323045303232303131            
28/01/25 12:15:06 0071 1                  44.847447 8.577012 00 00 313831323045303235303437            
28/01/25 12:15:16 0072 1                  44.847438 8.577000 00 00 313831323045303233393130            
28/01/25 12:16:06 0073 1                  44.847273 8.576853 00 00 313831323045303233393038            
28/01/25 12:17:19 0074 1                  44.848803 8.575385 00 00 313831323045303234303433            
28/01/25 12:17:30 0075 1                  44.848823 8.575423 00 00 313831323045303234303434            
28/01/25 12:18:41 0076 1                  44.848775 8.576462 00 00 313831313030533031303133            
28/01/25 12:19:21 0077 1                  44.848800 8.576472 00 00 313831313030533031303135            
28/01/25 12:20:02 0078 1                  44.848833 8.576467 00 00 313831313030533031303132            
28/01/25 12:21:07 0079 1                  44.849633 8.575680 00 00 313831323045303234303432            
28/01/25 12:21:48 0080 1                  44.849895 8.576288 00 00 313831323045303233393630            
28/01/25 12:24:21 0081 1                  44.853638 8.581287 00 00 3139313130304A3032313131            
28/01/25 12:24:21 0082 1                  44.853638 8.581287 00 00 3139313130304A3032313131            
28/01/25 12:28:23 0083 1                  44.854312 8.584155 00 00 313831323045303232333835            
28/01/25 12:29:07 0084 1                  44.854242 8.583947 00 00 313831323045303232333739            
28/01/25 12:30:14 0085 1                  44.853305 8.582980 00 00 313931323050303132303632            
28/01/25 12:31:51 0086 1                  44.851657 8.581217 00 00 313831323045303232333637            
28/01/25 12:32:47 0087 1                  44.851403 8.580692 00 00 313831323045303233393534            
28/01/25 12:33:18 0088 1                  44.851248 8.580355 00 00 3234303132304A3030333630            
28/01/25 12:33:21 0089 1                  44.851247 8.580355 00 00 3035E8844000FBA38D0DE32D            
28/01/25 12:34:04 0090 1                  44.851120 8.580078 00 00 313831323045303233393037            
28/01/25 12:34:44 0091 1                  44.850858 8.579590 00 00 313831323045303233313138            
28/01/25 12:35:01 0092 1                  44.850868 8.579593 00 00 313931323050303036393330            
28/01/25 12:36:03 0093 1                  44.850083 8.579598 00 00 313831323045303232303037            
28/01/25 12:36:22 0094 1                  44.850067 8.579593 00 00 313831323045303233303434            
28/01/25 12:37:42 0095 1                  44.849360 8.579723 00 00 313831323045303233323539            
28/01/25 12:37:57 0096 1                  44.849362 8.579725 00 00 313831323045303234313335            
28/01/25 12:39:06 0097 1                  44.848863 8.578982 00 00 313831323045303234383836            
28/01/25 12:39:16 0098 1                  44.848858 8.578980 00 00 313831323045303231333038            
28/01/25 12:41:18 0099 1                  44.848618 8.578507 00 00 313831323045303233303933            
28/01/25 12:42:02 0100 1                  44.848623 8.578512 00 00 313831323045303233303832            
28/01/25 12:45:19 0101 1                  44.848968 8.577497 00 00 313931323050303030303736            
28/01/25 12:45:36 0102 1                  44.848972 8.577502 00 00 313831323045303232393136            
28/01/25 12:46:24 0103 1                  44.848860 8.577213 00 00 313831323045303233363730            
28/01/25 12:46:30 0104 1                  44.848865 8.577212 00 00 3233303132304A3030353733            
28/01/25 12:46:30 0105 1                  44.848865 8.577212 00 00 00B07A14FC4EE82F84000770            
28/01/25 12:47:15 0106 1                  44.848817 8.577213 00 00 313831323045303233343536            
28/01/25 12:47:24 0107 1                  44.848807 8.577213 00 00 313831323045303233373030            
28/01/25 12:48:34 0108 1                  44.848582 8.576868 00 00 313831323045303233313534            
28/01/25 12:48:56 0109 1                  44.848565 8.576873 00 00 313831323045303230353134            
28/01/25 12:51:30 0110 1                  44.848433 8.576190 00 00 3139313130304A3032303836            
28/01/25 12:52:57 0111 1                  44.848275 8.576400 00 00 313831323045303138363331            
28/01/25 12:54:13 0112 1                  44.848668 8.577063 00 00 313831323045303230373736            
28/01/25 12:55:20 0113 1                  44.848080 8.578935 00 00 313831323045303232313834            
28/01/25 12:56:15 0114 1                  44.846860 8.580573 00 00 313831323045303233303332            
28/01/25 12:57:03 0115 1                  44.846327 8.580897 00 00 313831323045303232383133            
28/01/25 12:58:22 0116 1                  44.844487 8.583602 00 00 3234303132304A3033303430            
28/01/25 12:58:40 0117 1                  44.844493 8.583613 00 00 3234303132304A3033303532            
28/01/25 12:58:40 0118 1                  44.844493 8.583613 00 00 E28069950000500E56E62685            
28/01/25 12:59:04 0119 1                  44.844497 8.583620 00 00 3234303132304A3033303431            
28/01/25 12:59:12 0120 1                  44.844495 8.583627 00 00 3234303132304A3033303432            
28/01/25 12:59:26 0121 1                  44.844490 8.583623 00 00 30396061C05E568000002BBB            
28/01/25 13:01:00 0122 1                  44.843563 8.584757 00 00 313831323045303232343730            
28/01/25 13:01:10 0123 1                  44.843563 8.584762 00 00 313831323045303232343430            
28/01/25 13:02:21 0124 1                  44.843120 8.585982 00 00 313831323045303234303832            
28/01/25 13:03:09 0125 1                  44.843165 8.586537 00 00 313831323045303234303132            
28/01/25 13:04:25 0126 1                  44.843258 8.587330 00 00 313931323050303037343834            
28/01/25 13:05:01 0127 1                  44.843257 8.587867 00 00 313831323045303233363736            
28/01/25 13:05:07 0128 1                  44.843258 8.587868 00 00 313831323045303233383430            
28/01/25 13:05:55 0129 1                  44.843313 8.588295 00 00 313931323050303037343632            
28/01/25 13:06:26 0130 1                  44.843305 8.588292 00 00 313831323045303234303737            
28/01/25 13:07:30 0131 1                  44.843565 8.589268 00 00 31155CD6140619FAF0000000            
28/01/25 13:07:44 0132 1                  44.843572 8.589272 00 00 313831313030533031313035            
28/01/25 13:07:47 0133 1                  44.843572 8.589273 00 00 31155CD6140619FADB000000            
28/01/25 13:12:20 0134 1                  44.843093 8.584408 00 00 313831323045303233323431            
28/01/25 13:12:41 0135 1                  44.843100 8.584412 00 00 313931323050303130363735            
28/01/25 13:13:25 0136 1                  44.843030 8.584157 00 00 313831323045303232373633            
28/01/25 13:13:57 0137 1                  44.843030 8.583612 00 00 313931323050303033303032            
28/01/25 13:14:24 0138 1                  44.843055 8.583630 00 00 313831323045303234303830            
28/01/25 13:15:04 0139 1                  44.843047 8.583655 00 00 313831323045303234313830            
28/01/25 13:16:49 0140 1                  44.842677 8.581688 00 00 313831323045303233383933            
28/01/25 13:17:02 0141 1                  44.842678 8.581682 00 00 30395509410B8DC00000E78C            
28/01/25 13:17:04 0142 1                  44.842680 8.581680 00 00 313831323045303139303531            
28/01/25 13:17:15 0143 1                  44.842685 8.581677 00 00 313831323045303231353935            
28/01/25 13:18:01 0144 1                  44.842597 8.581532 00 00 313831323045303233373236            
28/01/25 13:18:54 0145 1                  44.842457 8.581278 00 00 3233303132304A3030373234            
28/01/25 13:19:55 0146 1                  44.842503 8.581127 00 00 313831323045303232353639            
28/01/25 13:19:57 0147 1                  44.842502 8.581128 00 00 E28069950000500E56E62685            
28/01/25 13:20:06 0148 1                  44.842490 8.581130 00 00 313831323045303232373736            
28/01/25 13:20:54 0149 1                  44.842590 8.580765 00 00 3234303132304A3033323136            
28/01/25 13:21:26 0150 1                  44.842667 8.580478 00 00 3234303132304A3032323335            
28/01/25 13:22:13 0151 1                  44.842735 8.580023 00 00 313831323045303234323530            
28/01/25 13:22:25 0152 1                  44.842732 8.580022 00 00 313831323045303234323437            
28/01/25 13:23:17 0153 1                  44.842910 8.579105 00 00 313831323045303138353437            
28/01/25 13:24:05 0154 1                  44.842868 8.578097 00 00 313831323045303233353130            
28/01/25 13:26:21 0155 1                  44.842538 8.576745 00 00 31383033304D303034363033            
28/01/25 13:26:33 0156 1                  44.842527 8.576768 00 00 313831323045303233323130            
28/01/25 13:26:45 0157 1                  44.842515 8.576790 00 00 313831323045303230393433            
28/01/25 13:27:43 0158 1                  44.842648 8.576697 00 00 313831323045303232343031            
28/01/25 13:28:12 0159 1                  44.842587 8.576538 00 00 313931323050303037343538            
28/01/25 13:28:21 0160 1                  44.842573 8.576537 00 00 313831323045303234303332            
28/01/25 13:28:31 0161 1                  44.842567 8.576548 00 00 313831323045303233393934            
28/01/25 13:30:05 0162 1                  44.842435 8.576197 00 00 313831323045303232383531            
28/01/25 13:31:19 0163 1                  44.842245 8.575483 00 00 313831323045303232353837            
28/01/25 13:31:42 0164 1                  44.842262 8.575473 00 00 313831323045303232313639            
28/01/25 13:32:29 0165 1                  44.842177 8.575053 00 00 313831323045303232333234            
28/01/25 13:32:51 0166 1                  44.842192 8.575038 00 00 313932343045303030363834            
28/01/25 13:33:59 0167 1                  44.842075 8.574755 00 00 313832343045303034313331            
28/01/25 13:34:17 0168 1                  44.842075 8.574757 00 00 313931323050303133383939            
28/01/25 13:34:27 0169 1                  44.842075 8.574758 00 00 313831323045303232383530            
28/01/25 13:36:52 0170 1                  44.842857 8.577688 00 00 323031313030503030323836            
28/01/25 14:05:27 0000 s 01510ver01 44.843593 8.577782 00 00
28/01/25 14:10:05 0171 1                  44.849772 8.581467 00 00 3233303234304A3030353131            
28/01/25 14:10:05 0172 1                  44.849772 8.581467 00 00 3233303234304A3030353739            
28/01/25 14:10:41 0173 1                  44.849848 8.581453 00 00 E28069950000500E56E62685            
28/01/25 14:11:46 0174 1                  44.849962 8.581915 00 00 313831323045303230343335            
28/01/25 14:12:07 0175 1                  44.849957 8.581920 00 00 313831323045303230343238            
28/01/25 14:12:30 0176 1                  44.849963 8.581910 00 00 313831323045303230333833            
28/01/25 14:15:58 0177 1                  44.854348 8.605392 00 00 313831323045303230343239            
28/01/25 14:16:06 0178 1                  44.854355 8.605388 00 00 313831323045303230343334            
28/01/25 14:19:21 0179 1                  44.850892 8.612708 00 00 313832343045303034323833            
28/01/25 14:22:11 0180 1                  44.857528 8.608973 00 00 313831323045303230343338            
28/01/25 14:24:00 0181 1                  44.859253 8.609227 00 00 313831323045303233353931            
28/01/25 15:25:36 0000 s 01510ver01 44.882408 8.860317 00 00
28/01/25 15:30:46 0000 s 01510ver01 44.882510 8.859935 00 00
28/01/25 15:37:25 0182 1                  44.839438 8.853388 00 00 E200001C980300951220409F            
