27/01/25 05:06:28 0000 s 01504ver01 44.792858 8.739490 00 00
27/01/25 05:25:45 0001 1                  44.730868 8.851318 00 00 31383132304A303237343339            
27/01/25 05:27:48 0002 1                  44.730980 8.850853 00 00 31383132304A303235363535            
27/01/25 05:27:48 0003 1                  44.730980 8.850853 00 00 31383132304A303235363535            
27/01/25 05:27:50 0004 1                  44.730982 8.850852 00 00 31383132304A303235363132            
27/01/25 05:30:06 0005 1                  44.728892 8.855518 00 00 31383132304A303139323733            
27/01/25 05:33:38 0006 1                  44.725882 8.857542 00 00 31383132304A303231333031            
27/01/25 05:38:29 0007 1                  44.722722 8.858065 00 00 31383033304D303033323633            
27/01/25 05:38:55 0008 1                  44.722687 8.858138 00 00 31383033304D303034323331            
27/01/25 05:43:04 0009 1                  44.722087 8.858012 00 00 31383033304D303033323635            
27/01/25 05:43:12 0010 1                  44.722108 8.858003 00 00 3230303033304D3038393738            
27/01/25 05:43:42 0011 1                  44.722115 8.858078 00 00 31383033304D303034373133            
27/01/25 05:45:13 0012 1                  44.721985 8.857763 00 00 30340C0F7421102C64494C06            
27/01/25 05:45:23 0013 1                  44.721978 8.857755 00 00 31383033304D303034363037            
27/01/25 05:46:06 0014 1                  44.722017 8.857775 00 00 31383033304D303034313336            
27/01/25 05:50:48 0015 1                  44.721957 8.857518 00 00 3231303033304D3032363038            
27/01/25 05:50:56 0016 1                  44.721948 8.857523 00 00 31383033304D303034323337            
27/01/25 05:51:17 0017 1                  44.721938 8.857538 00 00 3234303033304D3030343130            
27/01/25 05:52:50 0018 1                  44.721927 8.857703 00 00 31383033304D303033333830            
27/01/25 05:53:06 0019 1                  44.721903 8.857640 00 00 31383033304D303034313539            
27/01/25 05:53:22 0020 1                  44.721807 8.857642 00 00 31383033304D303033363736            
27/01/25 05:53:42 0021 1                  44.721762 8.857707 00 00 31383033304D303034363234            
27/01/25 05:54:49 0022 1                  44.721780 8.857920 00 00 31383033304D303034313735            
27/01/25 05:55:09 0023 1                  44.721833 8.857937 00 00 3231303033304D3032373132            
27/01/25 05:56:16 0024 1                  44.721717 8.857913 00 00 31383132304A303231333237            
27/01/25 05:56:16 0025 1                  44.721717 8.857913 00 00 31383132304A303139303136            
27/01/25 05:58:27 0026 1                  44.722542 8.857403 00 00 313932343045303030373436            
27/01/25 05:59:05 0027 1                  44.722548 8.857413 00 00 31383033304D303036303036            
27/01/25 06:04:08 0028 1                  44.721318 8.858697 00 00 31383033304D303033363939            
27/01/25 06:08:21 0029 1                  44.720422 8.858962 00 00 31383033304D303034363331            
27/01/25 06:08:39 0030 1                  44.720457 8.858873 00 00 31383033304D303033343232            
27/01/25 06:08:59 0031 1                  44.720497 8.858807 00 00 31383033304D303033393532            
27/01/25 06:14:46 0032 1                  44.720670 8.858300 00 00 31383132304A303139353135            
27/01/25 06:15:25 0033 1                  44.720737 8.858463 00 00 3231303234304A3034373533            
27/01/25 06:15:35 0034 1                  44.720742 8.858498 00 00 31383033304D303034313733            
27/01/25 06:15:37 0035 1                  44.720738 8.858503 00 00 31383033304D303034313738            
27/01/25 06:15:59 0036 1                  44.720742 8.858557 00 00 31383033304D303034323335            
27/01/25 06:17:41 0037 1                  44.720223 8.858328 00 00 31383033304D303033343437            
27/01/25 06:17:53 0038 1                  44.720207 8.858317 00 00 3234303033304D3030323735            
27/01/25 06:20:55 0039 1                  44.719882 8.858160 00 00 31383033304D303033343133            
27/01/25 06:22:34 0040 1                  44.719448 8.858483 00 00 31383132304A303230383839            
27/01/25 06:23:47 0041 1                  44.719355 8.858545 00 00 31383033304D303033343235            
27/01/25 06:24:03 0042 1                  44.719355 8.858558 00 00 31383033304D303033343234            
27/01/25 06:26:13 0043 1                  44.718715 8.858490 00 00 31383033304D303033343135            
27/01/25 06:26:13 0044 1                  44.718715 8.858490 00 00 31383033304D303033343135            
27/01/25 06:29:10 0045 1                  44.716135 8.856583 00 00 31383033304D303033333338            
27/01/25 06:34:04 0046 1                  44.711300 8.856593 00 00 31383132304A303231343732            
27/01/25 06:36:49 0047 1                  44.716502 8.857322 00 00 31383132304A303139353239            
27/01/25 06:37:08 0048 1                  44.716522 8.857285 00 00 31383132304A303237303938            
27/01/25 06:38:12 0049 1                  44.717093 8.857437 00 00 3234303132304A3033303735            
27/01/25 06:39:44 0050 1                  44.717558 8.857913 00 00 31383132304A303139363337            
27/01/25 06:40:34 0051 1                  44.718058 8.858528 00 00 31383132304A303138383834            
27/01/25 06:59:48 0052 1                  44.703233 8.854255 00 00 31383132304A303138393337            
27/01/25 07:03:15 0053 1                  44.700138 8.846885 00 00 31383132304A303138383735            
27/01/25 07:06:24 0054 1                  44.703643 8.851682 00 00 31383132304A303230363631            
27/01/25 07:11:59 0055 1                  44.703647 8.851070 00 00 31383132304A303236303230            
27/01/25 07:12:24 0056 1                  44.703663 8.851037 00 00 31383132304A303236303232            
27/01/25 07:17:04 0057 1                  44.700022 8.852275 00 00 31383132304A303138363236            
27/01/25 07:24:32 0058 1                  44.709695 8.861802 00 00 3234303132304A3032313633            
27/01/25 07:33:52 0059 1                  44.722012 8.859812 00 00 31383033304D303034363833            
27/01/25 07:34:38 0060 1                  44.722092 8.859923 00 00 313931323050303035353836            
27/01/25 07:42:01 0061 1                  44.723140 8.859287 00 00 3231303234304A3032303839            
27/01/25 07:42:25 0062 1                  44.723138 8.859307 00 00 31383033304D303034323336            
27/01/25 07:44:24 0063 1                  44.723598 8.859075 00 00 31383132304A303231323938            
27/01/25 07:47:56 0064 1                  44.720320 8.859497 00 00 31383033304D303034373336            
27/01/25 07:48:29 0065 1                  44.720082 8.859430 00 00 3234303132304A3031313331            
27/01/25 07:49:23 0066 1                  44.719800 8.859548 00 00 31383033304D30303B363633            
27/01/25 07:49:55 0067 1                  44.719703 8.859578 00 00 31383033304D303034373332            
27/01/25 07:50:55 0068 1                  44.719583 8.859693 00 00 31383033304D303033343033            
27/01/25 07:56:25 0069 1                  44.720657 8.861117 00 00 31383132304A303138353538            
27/01/25 08:00:28 0070 1                  44.720740 8.862103 00 00 31383132304A303139313836            
27/01/25 08:02:51 0071 1                  44.718122 8.863507 00 00 31383132304A303234393632            
27/01/25 08:03:34 0072 1                  44.718097 8.863548 00 00 31383132304A303234393637            
27/01/25 08:04:57 0073 1                  44.717835 8.863623 00 00 31383132304A303139383537            
27/01/25 08:06:29 0074 1                  44.717652 8.863370 00 00 3234303132304A3031313334            
27/01/25 08:07:14 0075 1                  44.717607 8.863310 00 00 31383132304A303237313837            
27/01/25 08:24:40 0076 1                  44.716610 8.831408 00 00 31383132304A303139333538            
27/01/25 08:26:09 0077 1                  44.718287 8.832340 00 00 31383132304A303237303939            
27/01/25 08:28:39 0078 1                  44.718772 8.830620 00 00 31383132304A303230353032            
27/01/25 08:31:51 0079 1                  44.711365 8.831073 00 00 31383132304A303138393233            
27/01/25 08:33:36 0080 1                  44.710595 8.832233 00 00 31383132304A303139343535            
27/01/25 08:37:56 0081 1                  44.712808 8.840035 00 00 31383132304A303139303937            
27/01/25 08:38:41 0082 1                  44.712838 8.840087 00 00 31383033304D303034333433            
27/01/25 08:46:28 0083 1                  44.717583 8.847128 00 00 31383132304A303138373035            
27/01/25 08:47:42 0084 1                  44.718460 8.847643 00 00 31383033304D303033343231            
27/01/25 08:51:53 0085 1                  44.723457 8.843707 00 00 31383132304A303139383630            
27/01/25 08:53:14 0086 1                  44.723637 8.846753 00 00 31383033304D303034303631            
27/01/25 08:53:22 0087 1                  44.723640 8.846762 00 00 31383033304D303034373532            
27/01/25 08:55:35 0088 1                  44.725940 8.846123 00 00 31383132304A303138373631            
27/01/25 09:00:48 0089 1                  44.726520 8.846122 00 00 31383132304A303236393435            
27/01/25 09:04:40 0090 1                  44.725570 8.844810 00 00 31383132304A303230363036            
27/01/25 09:06:17 0091 1                  44.727228 8.844750 00 00 31383132304A303237303431            
27/01/25 09:07:52 0092 1                  44.726463 8.844335 00 00 31383132304A303235393839            
27/01/25 09:10:32 0093 1                  44.727350 8.843353 00 00 31383132304A303236373735            
27/01/25 09:11:31 0094 1                  44.727370 8.842880 00 00 31383132304A303230303539            
27/01/25 09:12:49 0095 1                  44.728085 8.842840 00 00 31383132304A303231343738            
27/01/25 09:13:42 0096 1                  44.728303 8.842883 00 00 31383132304A303139383733            
27/01/25 09:14:59 0097 1                  44.728383 8.842897 00 00 31383132304A303138363131            
27/01/25 09:16:28 0098 1                  44.728518 8.842938 00 00 313931323050303034323538            
27/01/25 09:18:21 0099 1                  44.726807 8.843067 00 00 31383132304A303138363035            
27/01/25 09:19:13 0100 1                  44.726783 8.843082 00 00 31383132304A303138353832            
27/01/25 09:20:59 0101 1                  44.726845 8.842727 00 00 31383132304A303138353833            
27/01/25 09:51:21 0102 1                  44.759082 8.793030 00 00 3152060595010520394EE280            
27/01/25 09:52:23 0103 1                  44.761820 8.787312 00 00 4E20190AE800400000000001            
27/01/25 10:07:08 0000 s 01504ver01 44.792805 8.739458 00 00
27/01/25 11:23:42 0000 s 01504ver01 44.792845 8.739465 00 00
27/01/25 11:35:11 0104 1                  44.766910 8.789758 00 00 000000000000000014248024            
27/01/25 11:46:23 0105 1                  44.760775 8.860080 00 00 313831323045303236313032            
27/01/25 11:53:25 0106 1                  44.763715 8.862863 00 00 31383033304D303034323430            
27/01/25 11:54:10 0107 1                  44.763562 8.862888 00 00 313931323045303630353035            
27/01/25 11:54:38 0108 1                  44.763635 8.862983 00 00 313931323045303630353031            
27/01/25 11:56:13 0109 1                  44.763460 8.863095 00 00 313931323050303133333532            
27/01/25 11:56:13 0110 1                  44.763460 8.863095 00 00 313931323050303133333532            
27/01/25 11:56:47 0111 1                  44.763448 8.863103 00 00 300ED89F3350015A1E19F2DE            
27/01/25 12:03:06 0112 1                  44.757890 8.867875 00 00 313831323045303235333036            
27/01/25 12:10:55 0113 1                  44.764470 8.864230 00 00 313831323045303235323233            
27/01/25 12:13:20 0114 1                  44.764793 8.864170 00 00 313831323045303235303638            
27/01/25 12:14:36 0115 1                  44.764757 8.863718 00 00 313831323045303236323832            
27/01/25 12:23:25 0116 1                  44.765343 8.864445 00 00 313831323045303235353031            
27/01/25 12:23:37 0117 1                  44.765363 8.864437 00 00 313931323050303035313438            
27/01/25 12:25:06 0118 1                  44.765488 8.864365 00 00 313931323045303630343630            
27/01/25 12:28:32 0119 1                  44.765400 8.864405 00 00 313831323045303236313136            
27/01/25 12:32:35 0120 1                  44.765533 8.864963 00 00 313831323045303236313639            
27/01/25 12:33:15 0121 1                  44.765547 8.864977 00 00 313931323050303032353331            
27/01/25 12:36:26 0122 1                  44.765843 8.864370 00 00 31383033304D303034333633            
27/01/25 12:36:48 0123 1                  44.765842 8.864368 00 00 313831323045303234343535            
27/01/25 12:42:17 0124 1                  44.766688 8.863380 00 00 313831323045303236313631            
27/01/25 12:45:45 0125 1                  44.766853 8.863697 00 00 313831323045303236303439            
27/01/25 12:49:17 0000 s 01504ver01 44.767353 8.864672 00 00
27/01/25 12:50:46 0126 1                  44.766517 8.864645 00 00 313831323045303236343639            
27/01/25 12:51:16 0127 1                  44.766515 8.864642 00 00 313931323050303039303438            
27/01/25 12:52:59 0128 1                  44.766703 8.864712 00 00 31383033304D303034333932            
27/01/25 12:53:26 0129 1                  44.766700 8.864715 00 00 31383033304D303034333939            
27/01/25 12:53:34 0130 1                  44.766697 8.864722 00 00 31383033304D303034333938            
27/01/25 12:57:52 0131 1                  44.766955 8.864848 00 00 313831323045303236343038            
27/01/25 13:03:37 0132 1                  44.765027 8.864518 00 00 313831323045303236323236            
27/01/25 13:05:16 0133 1                  44.765110 8.864303 00 00 313831323045303236343835            
27/01/25 13:05:52 0134 1                  44.765122 8.864303 00 00 313831323045303236323033            
27/01/25 13:08:18 0135 1                  44.765128 8.864113 00 00 313831323045303236313936            
27/01/25 13:09:02 0136 1                  44.765117 8.863913 00 00 313831323045307236333736            
27/01/25 13:11:06 0137 1                  44.765160 8.863613 00 00 313831323045303236333530            
27/01/25 13:13:35 0138 1                  44.765088 8.862760 00 00 313831323045303236303036            
27/01/25 13:14:44 0139 1                  44.765133 8.862498 00 00 313931323045303630343736            
27/01/25 13:17:14 0140 1                  44.765675 8.862417 00 00 313831323045303235333331            
27/01/25 13:21:47 0141 1                  44.765208 8.862012 00 00 313831323045303235343538            
27/01/25 13:35:34 0142 1                  44.763777 8.860707 00 00 313932343045303030373830            
27/01/25 13:37:01 0143 1                  44.762000 8.859708 00 00 313931323050303034323734            
27/01/25 13:37:31 0144 1                  44.761982 8.859725 00 00 313831323045303235333731            
27/01/25 13:39:03 0145 1                  44.761835 8.859793 00 00 313931323050303036323435            
27/01/25 13:43:44 0146 1                  44.770678 8.861342 00 00 313931323045303630353936            
27/01/25 13:45:23 0147 1                  44.770812 8.862490 00 00 313831323045303236343230            
27/01/25 13:45:31 0148 1                  44.770847 8.862512 00 00 313831323045303236343231            
27/01/25 13:45:35 0149 1                  44.770863 8.862523 00 00 313831323045303236343231            
27/01/25 13:47:00 0150 1                  44.771650 8.862805 00 00 313931323045303630343836            
27/01/25 13:52:35 0151 1                  44.766413 8.866763 00 00 313931323045303630353032            
27/01/25 13:52:48 0152 1                  44.766412 8.866775 00 00 300ED89F3350015A1E19F2DE            
27/01/25 13:53:56 0153 1                  44.766203 8.866762 00 00 313831323045303236323036            
27/01/25 13:57:17 0154 1                  44.765453 8.866832 00 00 313831323045303236313730            
27/01/25 14:00:23 0155 1                  44.764940 8.866667 00 00 3234303033304D3030343232            
27/01/25 14:00:27 0156 1                  44.764942 8.866663 00 00 300ED89F3350014A1E207EBC            
27/01/25 14:00:43 0157 1                  44.764935 8.866662 00 00 313931323045303630353339            
27/01/25 14:02:16 0158 1                  44.764520 8.865913 00 00 313831323045303236343336            
27/01/25 14:02:16 0159 1                  44.764520 8.865913 00 00 313831323045303236343335            
27/01/25 14:05:20 0160 1                  44.764457 8.865692 00 00 313831323045303236323338            
27/01/25 14:07:38 0161 1                  44.764808 8.865698 00 00 313931323045303630353330            
27/01/25 14:15:47 0162 1                  44.764763 8.865443 00 00 313831323045303236303432            
27/01/25 14:18:09 0163 1                  44.764400 8.867460 00 00 313831323045303236333834            
27/01/25 14:18:15 0164 1                  44.764390 8.867483 00 00 313831323045303236333833            
27/01/25 14:20:28 0165 1                  44.765015 8.867902 00 00 313831323045303236343932            
27/01/25 14:23:46 0166 1                  44.765012 8.870578 00 00 313831323045303234363830            
27/01/25 14:24:31 0167 1                  44.765007 8.870570 00 00 313831323045303138373030            
27/01/25 14:25:31 0168 1                  44.765022 8.870575 00 00 313931323045303630353138            
27/01/25 14:31:20 0169 1                  44.764702 8.871580 00 00 313831323045303236353431            
27/01/25 14:32:47 0170 1                  44.764892 8.871775 00 00 313831323045303236333431            
27/01/25 14:33:56 0171 1                  44.764963 8.871888 00 00 313831323045303236333430            
27/01/25 14:39:37 0172 1                  44.765248 8.877142 00 00 313831323045303236343238            
27/01/25 15:24:26 0000 s 01504ver01 44.762888 8.860935 00 00
27/01/25 15:45:54 0000 s 01504ver01 44.792873 8.739770 00 00
27/01/25 15:50:35 0000 s 01504ver01 44.792935 8.739790 00 00
