25/01/25 04:53:40 0000 s 01485ver01 44.882152 8.860038 00 00
25/01/25 05:14:05 0001 1                  44.780143 8.865450 00 00 31383032334D303138393034            
25/01/25 05:14:59 0002 1                  44.779590 8.865523 00 00 31383032334D303134323031            
25/01/25 05:16:54 0003 1                  44.777970 8.866215 00 00 31383032334D303136323438            
25/01/25 05:20:34 0004 1                  44.777800 8.865815 00 00 3232303032334D3030393833            
25/01/25 05:20:56 0005 1                  44.777818 8.865823 00 00 31383032334D303137323831            
25/01/25 05:28:05 0006 1                  44.772077 8.865593 00 00 31383032334D303131373937            
25/01/25 05:28:11 0007 1                  44.772080 8.865613 00 00 31383032334D303131373231            
25/01/25 05:28:25 0008 1                  44.772083 8.865677 00 00 31383032334D303136303837            
25/01/25 05:29:32 0009 1                  44.771692 8.865742 00 00 31383032334D303136333435            
25/01/25 05:30:46 0010 1                  44.770638 8.865907 00 00 31383032334D303136313435            
25/01/25 05:31:07 0011 1                  44.770673 8.865957 00 00 3234303032334D3031303135            
25/01/25 05:31:13 0012 1                  44.770683 8.865963 00 00 31383032334D303131383433            
25/01/25 05:31:17 0013 1                  44.770692 8.865967 00 00 31383032334D303038353231            
25/01/25 05:31:23 0014 1                  44.770698 8.865970 00 00 31383032334D303038353432            
25/01/25 05:31:30 0015 1                  44.770707 8.865977 00 00 31383032334D303134303035            
25/01/25 05:31:40 0016 1                  44.770713 8.865983 00 00 31383032334D303136323837            
25/01/25 05:31:50 0017 1                  44.770727 8.865990 00 00 31383032334D303134303032            
25/01/25 05:31:55 0018 1                  44.770732 8.865992 00 00 3233303032334D3030343932            
25/01/25 05:32:07 0019 1                  44.770745 8.865985 00 00 31383032334D303131373638            
25/01/25 05:33:06 0020 1                  44.770403 8.865788 00 00 31383032334D303133343035            
25/01/25 05:35:01 0021 1                  44.769877 8.866557 00 00 31383032334D303136303839            
25/01/25 05:35:42 0022 1                  44.769922 8.866315 00 00 3234303032334D3030333638            
25/01/25 05:35:56 0023 1                  44.769928 8.866310 00 00 31383032334D303134303738            
25/01/25 05:36:58 0024 1                  44.769950 8.865935 00 00 3231303032334D3030373331            
25/01/25 05:37:06 0025 1                  44.769947 8.865932 00 00 31383032334D303033383732            
25/01/25 05:38:25 0026 1                  44.768210 8.864857 00 00 31383032334D303130303236            
25/01/25 05:38:41 0027 1                  44.768188 8.864848 00 00 3234303032334D3030383537            
25/01/25 05:39:25 0028 1                  44.766962 8.864263 00 00 3231303032334D3035323330            
25/01/25 05:40:10 0029 1                  44.767045 8.864130 00 00 31383032334D303137333030            
25/01/25 05:40:16 0030 1                  44.767065 8.864132 00 00 31383032334D303131373931            
25/01/25 05:45:36 0031 1                  44.766278 8.864232 00 00 31383032334D303038363231            
25/01/25 05:47:11 0032 1                  44.764435 8.864602 00 00 31383032334D303038373337            
25/01/25 05:47:51 0033 1                  44.764065 8.864397 00 00 31383032334D303038343537            
25/01/25 05:47:57 0034 1                  44.764058 8.864413 00 00 31383032334D303038353636            
25/01/25 05:52:22 0035 1                  44.765177 8.863923 00 00 31383032334D303136333538            
25/01/25 05:54:39 0036 1                  44.765243 8.863410 00 00 31383032334D303038363431            
25/01/25 05:54:43 0037 1                  44.765248 8.863408 00 00 31383032334D303134313730            
25/01/25 05:54:50 0038 1                  44.765252 8.863410 00 00 31383032334D303038363432            
25/01/25 05:54:53 0039 1                  44.765252 8.863410 00 00 31383032334D303136333234            
25/01/25 05:55:58 0040 1                  44.765335 8.863075 00 00 31383132334D303038353137            
25/01/25 05:59:25 0041 1                  44.764867 8.863042 00 00 31383032334D303134333534            
25/01/25 05:59:40 0042 1                  44.764880 8.862992 00 00 31383032334D303136303735            
25/01/25 05:59:44 0043 1                  44.764880 8.862990 00 00 31383032334D303133343731            
25/01/25 06:00:39 0044 1                  44.764557 8.862848 00 00 3232303032334D3030363232            
25/01/25 06:00:44 0045 1                  44.764528 8.862823 00 00 31383032334D303131393734            
25/01/25 06:00:58 0046 1                  44.764487 8.862807 00 00 31383032334D303131363431            
25/01/25 06:03:36 0047 1                  44.763500 8.862983 00 00 31383032334D303131373438            
25/01/25 06:05:18 0048 1                  44.764502 8.864348 00 00 31383032334D303131393932            
25/01/25 06:05:36 0049 1                  44.764513 8.864373 00 00 31383032334D303038343330            
25/01/25 06:07:03 0050 1                  44.764757 8.864185 00 00 31383032334D303131393237            
25/01/25 06:07:10 0051 1                  44.764775 8.864172 00 00 31383032334D303038373932            
25/01/25 06:11:00 0052 1                  44.764028 8.862645 00 00 3232303032334D3030373339            
25/01/25 06:11:16 0053 1                  44.764028 8.862637 00 00 3231303032334D3031353633            
25/01/25 06:11:20 0054 1                  44.764032 8.862633 00 00 31383032334D303137353433            
25/01/25 06:13:15 0055 1                  44.763982 8.862552 00 00 313831323045303039303830            
25/01/25 06:14:56 0056 1                  44.763858 8.862322 00 00 313832343045303030333434            
25/01/25 06:17:17 0057 1                  44.765038 8.862365 00 00 31383032334D303131373239            
25/01/25 06:18:05 0058 1                  44.765190 8.862013 00 00 31383032334D303131383234            
25/01/25 06:20:30 0059 1                  44.765442 8.862367 00 00 3233303032334D3030353232            
25/01/25 06:22:38 0060 1                  44.765332 8.861615 00 00 31383032334D303038343837            
25/01/25 06:23:25 0061 1                  44.765293 8.861407 00 00 3234303032334D3031313731            
25/01/25 06:24:53 0062 1                  44.765200 8.860583 00 00 31383032334D303038343838            
25/01/25 06:25:45 0063 1                  44.765265 8.859827 00 00 31383032334D303038363239            
25/01/25 06:31:16 0064 1                  44.763700 8.862290 00 00 3234303234304A3030373032            
25/01/25 06:36:14 0065 1                  44.763300 8.862143 00 00 31383032334D303134333332            
25/01/25 06:36:20 0066 1                  44.763303 8.862143 00 00 31383032334D303134333331            
25/01/25 06:38:44 0067 1                  44.763000 8.860913 00 00 31383032334D303136323939            
25/01/25 06:39:42 0068 1                  44.763002 8.860485 00 00 3233303032334D3030353233            
25/01/25 06:39:49 0069 1                  44.762997 8.860477 00 00 31383032334D303038353932            
25/01/25 06:41:22 0070 1                  44.762720 8.859645 00 00 31383032334D303131373839            
25/01/25 06:41:29 0071 1                  44.762715 8.859637 00 00 31383032334D303131373434            
25/01/25 06:45:41 0072 1                  44.763720 8.861228 00 00 3234303032334D3030343236            
25/01/25 06:46:51 0073 1                  44.763790 8.861222 00 00 3231303132304A3037343338            
25/01/25 06:49:34 0074 1                  44.764645 8.861670 00 00 31383032334D303137323037            
25/01/25 06:49:49 0075 1                  44.764623 8.861668 00 00 31383032334D303134323536            
25/01/25 06:52:40 0076 1                  44.766065 8.863110 00 00 3233303032334D3030333631            
25/01/25 06:54:02 0077 1                  44.765950 8.863490 00 00 31383032334D303131373539            
25/01/25 06:58:27 0078 1                  44.762770 8.860943 00 00 3231303132304A3037353032            
25/01/25 07:00:14 0079 1                  44.762567 8.861472 00 00 31383032334D303131383039            
25/01/25 07:01:24 0080 1                  44.762113 8.860953 00 00 30361443F844711EBBD02A00            
25/01/25 07:01:24 0081 1                  44.762113 8.860953 00 00 31383032334D303134303736            
25/01/25 07:07:33 0082 1                  44.760212 8.859265 00 00 31383032334D303134383731            
25/01/25 07:08:55 0083 1                  44.759098 8.859308 00 00 31383032334D303131393233            
25/01/25 07:18:09 0084 1                  44.757485 8.858328 00 00 31383032334D303131383431            
25/01/25 07:21:52 0085 1                  44.758200 8.856672 00 00 31383032334D303136313638            
25/01/25 07:30:53 0086 1                  44.760777 8.860067 00 00 31383032334D303038343630            
25/01/25 07:34:45 0087 1                  44.763795 8.860640 00 00 31383032334D303134313636            
25/01/25 07:35:01 0088 1                  44.763823 8.860647 00 00 31383032334D303134323835            
25/01/25 07:35:06 0089 1                  44.763827 8.860652 00 00 31383032334D303134323836            
25/01/25 07:35:15 0090 1                  44.763833 8.860650 00 00 31383032334D303134333337            
25/01/25 07:36:08 0091 1                  44.763930 8.860462 00 00 31383032334D303038353833            
25/01/25 07:37:47 0092 1                  44.764225 8.860957 00 00 31383032334D303134303031            
25/01/25 07:37:52 0093 1                  44.764237 8.860955 00 00 31383032334D303038343833            
25/01/25 07:41:09 0094 1                  44.766818 8.862955 00 00 31383032334D303134323030            
25/01/25 07:44:07 0095 1                  44.768528 8.863718 00 00 31383032334D303134303832            
25/01/25 07:48:52 0096 1                  44.771633 8.862742 00 00 31383032334D303038363237            
25/01/25 07:52:15 0097 1                  44.766808 8.864735 00 00 31383032334D303038353638            
25/01/25 07:53:48 0098 1                  44.766685 8.864668 00 00 31383032334D303134323434            
25/01/25 07:58:37 0099 1                  44.766878 8.863768 00 00 31383032334D303136313237            
25/01/25 08:05:44 0000 s 01485ver01 44.765897 8.863468 00 00
25/01/25 08:18:23 0100 1                  44.771587 8.885017 00 00 31383032334D303131373837            
25/01/25 08:19:11 0101 1                  44.772007 8.885703 00 00 31383032334D303131363931            
25/01/25 08:21:41 0102 1                  44.772157 8.886175 00 00 31383032334D303131383132            
25/01/25 08:24:00 0103 1                  44.773653 8.887365 00 00 31383032334D303131393735            
25/01/25 08:26:01 0104 1                  44.774632 8.887730 00 00 31383032334D303134313531            
25/01/25 08:38:02 0105 1                  44.774343 8.883775 00 00 31383032334D303131383134            
25/01/25 08:38:07 0106 1                  44.774343 8.883772 00 00 31383032334D303131383135            
25/01/25 08:38:52 0107 1                  44.774195 8.883342 00 00 31383032334D303131373836            
25/01/25 08:39:51 0108 1                  44.773860 8.882718 00 00 3234303032334D3030313438            
25/01/25 08:42:18 0109 1                  44.771585 8.880342 00 00 3234303032334D3030393139            
25/01/25 08:42:24 0110 1                  44.771585 8.880342 00 00 3232303032334D3030303836            
25/01/25 08:42:34 0111 1                  44.771580 8.880350 00 00 3232303032334D3030303835            
25/01/25 09:51:38 0000 s 01485ver01 44.882242 8.860285 00 00
25/01/25 10:09:20 0000 s 01485ver01 44.882167 8.860128 00 00
