27/01/25 05:28:58 0000 s 01495ver01 44.882463 8.860175 00 00
27/01/25 05:29:13 0001 1                  0 0 00 00 3232303234304A3030393337            
27/01/25 05:35:18 0000 s 01495ver01 44.882863 8.859627 00 00
27/01/25 05:35:33 0002 1                  0 0 00 00 3232303234304A3030393337            
27/01/25 05:39:03 0003 1                  44.881580 8.858350 00 00 31383234304A303030323235            
27/01/25 05:40:27 0004 1                  44.881425 8.858170 00 00 31383032334D303036353330            
27/01/25 05:40:27 0005 1                  44.881425 8.858170 00 00 31383032334D303036353330            
27/01/25 05:41:13 0006 1                  44.880883 8.858288 00 00 31383032B34D303036363937            
27/01/25 05:42:20 0007 1                  44.877398 8.857753 00 00 3234303032334D3030333839            
27/01/25 05:42:52 0008 1                  44.877113 8.857688 00 00 3232303032334D3031393234            
27/01/25 05:42:57 0009 1                  44.877108 8.857690 00 00 3232303032334D3030343734            
27/01/25 05:43:54 0010 1                  44.875215 8.857347 00 00 31383032334D303036353037            
27/01/25 05:43:58 0011 1                  44.875205 8.857345 00 00 31383032334D303036373230            
27/01/25 05:44:55 0012 1                  44.873335 8.856850 00 00 31383032334D303036343435            
27/01/25 05:46:01 0013 1                  44.871372 8.857322 00 00 31383032334D303135313932            
27/01/25 05:46:59 0014 1                  44.871278 8.857612 00 00 31383032334D303135313530            
27/01/25 05:47:04 0015 1                  44.871278 8.857613 00 00 31383032334D303135303733            
27/01/25 05:47:48 0016 1                  44.871122 8.858518 00 00 31383032334D303135303539            
27/01/25 05:51:47 0017 1                  44.875665 8.859980 00 00 31383032334D303135313536            
27/01/25 05:52:19 0018 1                  44.875717 8.859508 00 00 31383032334D303036353238            
27/01/25 05:52:55 0019 1                  44.875705 8.859102 00 00 31383032334D303036353439            
27/01/25 05:53:07 0020 1                  44.875692 8.859090 00 00 31383032334D303036363833            
27/01/25 05:53:14 0021 1                  44.875687 8.859080 00 00 33383032334D303036363834            
27/01/25 05:53:48 0022 1                  44.875762 8.858693 00 00 31383032334D303036353239            
27/01/25 05:54:18 0023 1                  44.875840 8.858203 00 00 31383032334D303036373131            
27/01/25 05:55:39 0024 1                  44.871657 8.856833 00 00 31383032334D303036373132            
27/01/25 05:56:47 0025 1                  44.871337 8.856355 00 00 31383032334D303133323137            
27/01/25 05:59:59 0026 1                  44.870855 8.856688 00 00 3234303032334D3030323431            
27/01/25 06:01:07 0027 1                  44.865510 8.855938 00 00 31383032334D303036353834            
27/01/25 06:01:50 0028 1                  44.863860 8.855678 00 00 31383032334D303036353938            
27/01/25 06:03:25 0029 1                  44.855382 8.854313 00 00 31383032334D303133333731            
27/01/25 06:05:50 0030 1                  44.852085 8.854133 00 00 3231303234304A3031323737            
27/01/25 06:07:26 0031 1                  44.854968 8.854543 00 00 313831323045303039313833            
27/01/25 06:08:38 0032 1                  44.858168 8.855010 00 00 3233303032334D3030363935            
27/01/25 06:13:08 0033 1                  44.860057 8.856582 00 00 31383032334D303137333335            
27/01/25 06:13:56 0034 1                  44.860000 8.856350 00 00 3234303032334D3031303239            
27/01/25 06:14:30 0035 1                  44.860065 8.856053 00 00 31383032334D303134323332            
27/01/25 06:16:06 0036 1                  44.860960 8.855583 00 00 3231303234304A3031313831            
27/01/25 06:16:51 0037 1                  44.861028 8.855587 00 00 3231303234304A3031313834            
27/01/25 06:18:36 0038 1                  44.861790 8.855915 00 00 3233303234304A3031303139            
27/01/25 06:20:09 0039 1                  44.865577 8.856160 00 00 181222318400007950160695            
27/01/25 06:20:19 0040 1                  44.865623 8.856173 00 00 31383032334D303036343036            
27/01/25 06:22:16 0041 1                  44.857803 8.865170 00 00 31383032334D303138373432            
27/01/25 06:22:21 0042 1                  44.857802 8.865168 00 00 31383032334D303037323439            
27/01/25 06:23:21 0043 1                  44.856000 8.867772 00 00 31383032334D303138343835            
27/01/25 06:25:20 0044 1                  44.848900 8.873083 00 00 3232303032334D3030323437            
27/01/25 06:29:17 0045 1                  44.848987 8.870920 00 00 31383032334D303031313736            
27/01/25 06:30:09 0046 1                  44.849328 8.870842 00 00 3231303132304A3037343131            
27/01/25 06:31:43 0047 1                  44.849510 8.870322 00 00 31383032334D303138353633            
27/01/25 06:31:47 0048 1                  44.849527 8.870317 00 00 31383032334D303138343132            
27/01/25 06:32:02 0049 1                  44.849553 8.870310 00 00 323030323545303037343935            
27/01/25 06:32:30 0050 1                  44.849562 8.870298 00 00 323030323545303032373238            
27/01/25 06:32:47 0051 1                  44.849565 8.870298 00 00 31383032334D303138363537            
27/01/25 06:33:38 0052 1                  44.849275 8.869845 00 00 31383032334D303137333236            
27/01/25 06:35:19 0053 1                  44.848872 8.870270 00 00 31383032334D303137353436            
27/01/25 06:36:03 0054 1                  44.848843 8.870313 00 00 31383032334D303137333338            
27/01/25 06:36:08 0055 1                  44.848840 8.870317 00 00 31383032334D303137333337            
27/01/25 06:36:50 0056 1                  44.848923 8.870005 00 00 31383032334D303137343837            
27/01/25 06:38:11 0057 1                  44.849018 8.869938 00 00 31383032334D303137343839            
27/01/25 06:38:15 0058 1                  44.849022 8.869940 00 00 31383032334D303137333830            
27/01/25 06:39:19 0059 1                  44.849157 8.869443 00 00 31383032334D303137323131            
27/01/25 06:39:28 0060 1                  44.849132 8.869383 00 00 31383032334D303137323137            
27/01/25 06:40:19 0061 1                  44.849338 8.869027 00 00 31383032334D303137343836            
27/01/25 06:40:32 0062 1                  44.849337 8.869008 00 00 31383032334D303137343838            
27/01/25 06:41:11 0063 1                  44.849477 8.868995 00 00 31383032334D303133323632            
27/01/25 06:41:28 0064 1                  44.849470 8.869013 00 00 31383032334D303138393634            
27/01/25 06:41:58 0065 1                  44.849742 8.868973 00 00 31383032334D303138363535            
27/01/25 06:42:28 0066 1                  44.849947 8.868920 00 00 31383032334D303032313735            
27/01/25 06:43:13 0067 1                  44.850117 8.869658 00 00 31383032334D303138363139            
27/01/25 06:43:35 0068 1                  44.849932 8.869697 00 00 31383032334D303030393139            
27/01/25 06:43:35 0069 1                  44.849932 8.869697 00 00 31383032334D303030393139            
27/01/25 06:44:01 0070 1                  44.849865 8.869712 00 00 313831323045303039303333            
27/01/25 06:44:14 0071 1                  44.849842 8.869695 00 00 3233303032334D3030313934            
27/01/25 06:46:19 0072 1                  44.849700 8.869897 00 00 313831323045303039303932            
27/01/25 06:46:40 0073 1                  44.849697 8.869920 00 00 31383032334D303138363038            
27/01/25 06:46:52 0074 1                  44.849598 8.869943 00 00 3231303032334D3030313739            
27/01/25 06:47:01 0075 1                  44.849590 8.869953 00 00 31383032334D303037333533            
27/01/25 06:47:37 0076 1                  44.849448 8.870010 00 00 31383032334D303138363534            
27/01/25 06:48:22 0077 1                  44.849638 8.871068 00 00 31383032334D303038353939            
27/01/25 06:48:29 0078 1                  44.849643 8.871085 00 00 31383032334D303137353431            
27/01/25 06:49:01 0079 1                  44.849918 8.871120 00 00 31383032334D303138363134            
27/01/25 06:49:09 0080 1                  44.849923 8.871120 00 00 31383032334D303038363030            
27/01/25 06:49:15 0081 1                  44.849925 8.871125 00 00 31383032334D303138373932            
27/01/25 06:49:42 0082 1                  44.849918 8.871117 00 00 31383132304A303039313838            
27/01/25 06:53:24 0083 1                  44.850345 8.870973 00 00 31383032334D303138353035            
27/01/25 06:53:29 0084 1                  44.850345 8.870972 00 00 31383032334D303138373633            
27/01/25 06:54:00 0085 1                  44.850733 8.870760 00 00 31383032334D303138343930            
27/01/25 06:54:33 0086 1                  44.851422 8.870405 00 00 31383032334D303137343831            
27/01/25 06:54:59 0087 1                  44.851565 8.870347 00 00 31383032334D303138353036            
27/01/25 06:55:19 0088 1                  44.851698 8.870268 00 00 31383032334D303138373435            
27/01/25 06:56:53 0089 1                  44.858327 8.864868 00 00 3232303032334D3030383832            
27/01/25 06:58:03 0090 1                  44.861937 8.862038 00 00 3231303032334D3034313138            
27/01/25 06:59:27 0091 1                  44.865400 8.858190 00 00 31383032334D303135303433            
27/01/25 06:59:57 0092 1                  44.865815 8.857663 00 00 31383032334D303135363630            
27/01/25 07:00:42 0093 1                  44.866910 8.856370 00 00 31383032334D303036353939            
27/01/25 07:01:42 0094 1                  44.870143 8.856833 00 00 31383032334D303036353833            
27/01/25 07:02:19 0095 1                  44.870720 8.856960 00 00 31383032334D303134383535            
27/01/25 07:03:17 0096 1                  44.874712 8.857517 00 00 31383032334D303135303834            
27/01/25 07:04:23 0097 1                  44.879863 8.858357 00 00 3232303032334D3030323436            
27/01/25 07:04:55 0098 1                  44.880257 8.858412 00 00 3234303032334D3031323438            
27/01/25 07:05:46 0099 1                  44.882128 8.858712 00 00 3232303032334D3031323233            
27/01/25 07:05:52 0100 1                  44.882127 8.858710 00 00 31383032334D303134393234            
27/01/25 07:06:30 0101 1                  44.882470 8.858783 00 00 31383032334D303038303638            
27/01/25 07:34:22 0102 1                  44.863378 8.857443 00 00 3232303032334D3030383934            
27/01/25 07:35:10 0103 1                  44.863287 8.858163 00 00 31383032334D303036353930            
27/01/25 07:35:48 0104 1                  44.863248 8.858447 00 00 31383032334D303138363830            
27/01/25 07:38:52 0105 1                  44.849703 8.871000 00 00 31383032334D303137353431            
27/01/25 07:39:24 0106 1                  44.849170 8.869583 00 00 31383032334D303137323137            
27/01/25 07:40:13 0107 1                  44.850392 8.868887 00 00 31383032334D303138363539            
27/01/25 07:41:48 0108 1                  44.854818 8.866557 00 00 323031323055303030333438            
27/01/25 07:41:55 0109 1                  44.854825 8.866555 00 00 323030323545303038323633            
27/01/25 07:45:14 0110 1                  44.852218 8.867912 00 00 31383032334D303038353737            
27/01/25 07:45:15 0111 1                  44.852217 8.867910 00 00 31383036334D303038353737            
27/01/25 07:45:42 0112 1                  44.851992 8.867985 00 00 31383032334D303038373435            
27/01/25 07:46:24 0113 1                  44.850795 8.868538 00 00 3232303032334D3031313039            
27/01/25 07:46:51 0114 1                  44.850585 8.868442 00 00 31383032334D303038343536            
27/01/25 07:47:15 0115 1                  44.851022 8.867545 00 00 31383032334D303138373835            
27/01/25 07:47:29 0116 1                  44.851020 8.867538 00 00 3234303032334D3032313036            
27/01/25 07:48:13 0117 1                  44.851507 8.866703 00 00 3231303032334D3031393539            
27/01/25 07:48:41 0118 1                  44.851640 8.866490 00 00 3232303032334D3030393530            
27/01/25 07:49:17 0119 1                  44.851818 8.865963 00 00 31383032334D303133323935            
27/01/25 07:49:46 0120 1                  44.851627 8.865960 00 00 31383033334D303138343935            
27/01/25 07:50:14 0121 1                  44.851295 8.866035 00 00 3231303032334D3030313933            
27/01/25 07:50:40 0122 1                  44.851068 8.866092 00 00 31383032334D303038393736            
27/01/25 07:51:11 0123 1                  44.850855 8.866147 00 00 31383032334D303030393835            
27/01/25 07:52:53 0124 1                  44.851367 8.866815 00 00 31383032334D303033353039            
27/01/25 07:54:38 0125 1                  44.850227 8.867210 00 00 31383032334D303132333330            
27/01/25 07:56:42 0126 1                  44.850622 8.870060 00 00 31383032334D303131373237            
27/01/25 07:57:13 0127 1                  44.850597 8.870308 00 00 31383032334D303138343739            
27/01/25 07:58:10 0128 1                  44.850210 8.870537 00 00 31383032334D303138343738            
27/01/25 07:58:18 0129 1                  44.850208 8.870535 00 00 3234303032334D3031383330            
27/01/25 07:59:47 0130 1                  44.849135 8.869492 00 00 31383032334D303137323137            
27/01/25 08:00:13 0131 1                  44.849122 8.868772 00 00 31383032334D303137343835            
27/01/25 08:00:43 0132 1                  44.849095 8.868298 00 00 31383032334D303136333037            
27/01/25 08:01:16 0133 1                  44.849053 8.867515 00 00 31383032334D303134303339            
27/01/25 08:01:25 0134 1                  44.849020 8.867462 00 00 31383032334D303138383434            
27/01/25 08:01:37 0135 1                  44.849008 8.867450 00 00 31383032334D303138363136            
27/01/25 08:02:05 0136 1                  44.849030 8.867280 00 00 31383032334D303138383237            
27/01/25 08:02:54 0137 1                  44.848942 8.866690 00 00 3233303132304A3032313432            
27/01/25 08:03:45 0138 1                  44.848932 8.866530 00 00 3232303032334D3031333834            
27/01/25 08:04:14 0139 1                  44.848892 8.865982 00 00 31383032334D303138383433            
27/01/25 08:05:49 0140 1                  44.847207 8.861398 00 00 31383032334D303138393531            
27/01/25 08:05:59 0141 1                  44.847205 8.861402 00 00 3233303032334D3030383137            
27/01/25 08:06:42 0142 1                  44.846858 8.861658 00 00 31383032334D303138393732            
27/01/25 08:07:12 0143 1                  44.846672 8.861813 00 00 31383032334D303138393536            
27/01/25 08:10:37 0144 1                  44.845902 8.862690 00 00 31383032334D303133323736            
27/01/25 08:10:58 0145 1                  44.845900 8.862703 00 00 31383032334D303138393633            
27/01/25 08:11:31 0146 1                  44.846027 8.862615 00 00 31383032334D303138393537            
27/01/25 08:11:39 0147 1                  44.846037 8.862605 00 00 3231303032334D3030343434            
27/01/25 08:14:08 0148 1                  44.848120 8.860588 00 00 3231303032334D3035363538            
27/01/25 08:14:47 0149 1                  44.848170 8.859437 00 00 31383032334D303138343433            
27/01/25 08:17:57 0150 1                  44.850842 8.856250 00 00 31383032334D303138373731            
27/01/25 08:20:23 0151 1                  44.849570 8.860877 00 00 31383032334D303138363034            
27/01/25 08:20:36 0152 1                  44.849570 8.860885 00 00 31383032334D303135343435            
27/01/25 08:21:14 0153 1                  44.849788 8.860820 00 00 31383032334D303133323830            
27/01/25 08:21:45 0154 1                  44.850145 8.860765 00 00 31383032334D303038373437            
27/01/25 08:22:07 0155 1                  44.850167 8.860760 00 00 31383032334D303136333031            
27/01/25 08:22:53 0156 1                  44.850397 8.860722 00 00 31383032334D303136303932            
27/01/25 08:22:58 0157 1                  44.850397 8.860723 00 00 3138303A334D303133333635            
27/01/25 08:22:58 0158 1                  44.850397 8.860723 00 00 31383032334D303133333635            
27/01/25 08:23:07 0159 1                  44.850398 8.860720 00 00 31383032334D303138363632            
27/01/25 08:23:48 0160 1                  44.851300 8.860387 00 00 31383032334D303138343432            
27/01/25 08:24:08 0161 1                  44.851327 8.860363 00 00 31383032334D303136323838            
27/01/25 08:25:10 0162 1                  44.851528 8.860295 00 00 31383032334D303138373733            
27/01/25 08:26:23 0163 1                  44.852112 8.860827 00 00 3233303032334D3030313634            
27/01/25 08:26:59 0164 1                  44.852015 8.860550 00 00 3234303032334D3030333830            
27/01/25 08:48:38 0165 1                  44.850672 8.860433 00 00 31383032334D303137333538            
27/01/25 08:48:43 0166 1                  44.850673 8.860450 00 00 31383032334D303137333630            
27/01/25 08:49:30 0167 1                  44.849375 8.860712 00 00 31383032334D303039333637            
27/01/25 08:49:44 0168 1                  44.849367 8.860720 00 00 31383032334D303138363131            
27/01/25 08:50:39 0169 1                  44.848975 8.860825 00 00 3232303032334D3030353632            
27/01/25 08:52:31 0170 1                  44.848193 8.866358 00 00 31383032334D303138383431            
27/01/25 08:53:02 0171 1                  44.847752 8.866497 00 00 31383032334D303037333534            
27/01/25 08:56:25 0172 1                  44.848173 8.866730 00 00 31383032334D303138383439            
27/01/25 08:56:44 0173 1                  44.848173 8.866708 00 00 31383032334D303135353534            
27/01/25 09:02:25 0174 1                  44.848892 8.867118 00 00 3231303032334D3035313630            
27/01/25 09:02:30 0175 1                  44.848893 8.867115 00 00 31383032334D303138363435            
27/01/25 09:03:08 0176 1                  44.849028 8.868510 00 00 31383032334D303137303838            
27/01/25 09:03:47 0177 1                  44.848935 8.868973 00 00 31383032334D303133353931            
27/01/25 09:04:19 0178 1                  44.848758 8.869008 00 00 31383032334D303137333531            
27/01/25 09:04:35 0179 1                  44.848733 8.869047 00 00 31383032334D303137323337            
27/01/25 09:04:53 0180 1                  44.848725 8.869063 00 00 31383032334D303133323130            
27/01/25 09:05:31 0181 1                  44.848608 8.869085 00 00 31383032334D303136333439            
27/01/25 09:06:05 0182 1                  44.848515 8.869010 00 00 3234303032334D3030363033            
27/01/25 09:06:18 0183 1                  44.848515 8.869010 00 00 31383032334D303137343036            
27/01/25 09:07:26 0184 1                  44.848318 8.868772 00 00 31383032334D303137323032            
27/01/25 09:07:42 0185 1                  44.848310 8.868765 00 00 31383032334D303137343032            
27/01/25 09:08:07 0186 1                  44.848205 8.868550 00 00 3234303032334D3032303431            
27/01/25 09:08:21 0187 1                  44.848182 8.868453 00 00 3232303032334D3030333335            
27/01/25 09:08:30 0188 1                  44.848193 8.868452 00 00 3234303032334D3030313031            
27/01/25 09:09:06 0189 1                  44.848190 8.868458 00 00 323030323545303034303831            
27/01/25 09:09:44 0190 1                  44.847990 8.868110 00 00 31383032334D303038343332            
27/01/25 09:10:08 0191 1                  44.847655 8.867727 00 00 31383032334D303137323133            
27/01/25 09:10:39 0192 1                  44.847585 8.867642 00 00 31383032334D303137323035            
27/01/25 09:11:10 0193 1                  44.847520 8.867550 00 00 3234303032334D3030303537            
27/01/25 09:11:48 0194 1                  44.846792 8.866795 00 00 31383032334D303137323330            
27/01/25 09:12:12 0195 1                  44.846665 8.866682 00 00 31383032334D303137333333            
27/01/25 09:13:43 0196 1                  44.845383 8.865747 00 00 31383032334D303134303230            
27/01/25 09:14:13 0197 1                  44.845503 8.865888 00 00 31383032334D303137323238            
27/01/25 09:14:51 0198 1                  44.846080 8.866415 00 00 31383032334D303137343130            
27/01/25 09:15:14 0199 1                  44.846087 8.866420 00 00 31383032334D303130393735            
27/01/25 09:15:42 0200 1                  44.846233 8.866487 00 00 31383032334D303137353936            
27/01/25 09:16:21 0201 1                  44.846878 8.867037 00 00 31383032334D303137353338            
27/01/25 09:16:27 0202 1                  44.846878 8.867037 00 00 3231303032334D3031373232            
27/01/25 09:17:40 0203 1                  44.847253 8.867433 00 00 31383032334D303137343539            
27/01/25 09:18:29 0204 1                  44.848032 8.868387 00 00 3232303032334D3030333335            
27/01/25 09:19:04 0205 1                  44.848447 8.869348 00 00 31383032334D303137343230            
27/01/25 09:19:17 0206 1                  44.848457 8.869368 00 00 31383032334D303136333630            
27/01/25 09:20:16 0207 1                  44.848587 8.869840 00 00 31383032334D303138393535            
27/01/25 09:20:36 0208 1                  44.848592 8.869843 00 00 31383032334D303138383530            
27/01/25 09:21:34 0209 1                  44.848575 8.870287 00 00 31383032334D303138363035            
27/01/25 09:22:32 0210 1                  44.848070 8.870518 00 00 31383032334D303138373630            
27/01/25 09:23:34 0211 1                  44.847182 8.870830 00 00 31383032334D303138373732            
27/01/25 09:24:18 0212 1                  44.846373 8.871037 00 00 31383032334D303131383036            
27/01/25 09:25:18 0213 1                  44.845000 8.871105 00 00 3233303032334D3030353334            
27/01/25 09:26:03 0214 1                  44.844672 8.871093 00 00 3234303032334D3031323039            
27/01/25 09:26:54 0215 1                  44.844002 8.870835 00 00 31383032334D303138393533            
27/01/25 09:27:04 0216 1                  44.843995 8.870845 00 00 323030323545303037343738            
27/01/25 09:30:43 0217 1                  44.845213 8.871642 00 00 31383032334D303138383937            
27/01/25 09:31:30 0218 1                  44.845392 8.871687 00 00 3234303032334D3031303532            
27/01/25 09:32:30 0219 1                  44.845942 8.871660 00 00 3232303032334D3031353537            
27/01/25 09:33:18 0220 1                  44.846400 8.871160 00 00 31383032334D303137333530            
27/01/25 09:33:25 0221 1                  44.846395 8.871165 00 00 31383032334D303137333532            
27/01/25 09:34:00 0222 1                  44.846747 8.871073 00 00 323030323545303032343436            
27/01/25 09:34:50 0223 1                  44.847408 8.870848 00 00 31383032334D303138383739            
27/01/25 09:35:02 0224 1                  44.847428 8.870837 00 00 31383032334D303035343931            
27/01/25 09:35:36 0225 1                  44.848413 8.870452 00 00 31383032334D303138363035            
27/01/25 09:35:49 0226 1                  44.848695 8.870690 00 00 31383032334D303138383430            
27/01/25 09:35:58 0227 1                  44.848715 8.870687 00 00 31783032334D303138383435            
