27/01/25 05:21:06 0000 s 01886ver01 44.882458 8.859677 00 00
27/01/25 05:47:02 0001 1                  44.979152 8.809035 00 00 300ED89F3350005FE2D3CCE3            
27/01/25 05:47:02 0002 1                  44.979152 8.809035 00 00 31383032334D303031363430            
27/01/25 05:47:53 0003 1                  44.979207 8.808482 00 00 31383032334D303035343038            
27/01/25 05:48:17 0004 1                  44.979228 8.808482 00 00 31383032334D303035353433            
27/01/25 05:48:19 0005 1                  44.979230 8.808482 00 00 3231303032334D3031363134            
27/01/25 05:49:30 0006 1                  44.979065 8.808202 00 00 31383032334D303031363336            
27/01/25 05:49:33 0007 1                  44.979053 8.808200 00 00 31383032334D303035333935            
27/01/25 05:50:38 0008 1                  44.978947 8.807468 00 00 31383032334D303032353237            
27/01/25 05:50:40 0009 1                  44.978945 8.807468 00 00 31383032334D303032353130            
27/01/25 05:55:45 0010 1                  44.984365 8.810437 00 00 3231303132304A3037373036            
27/01/25 05:55:59 0011 1                  44.984355 8.810438 00 00 3231303132304A3035323134            
27/01/25 05:57:57 0012 1                  44.984345 8.810357 00 00 3231303132304A3035323135            
27/01/25 05:59:15 0013 1                  44.983867 8.811140 00 00 323032343055303030303339            
27/01/25 06:01:57 0014 1                  44.983050 8.812062 00 00 31383032334D303037373734            
27/01/25 06:01:59 0015 1                  44.983047 8.812063 00 00 3231303132304A3037373834            
27/01/25 06:03:38 0016 1                  44.982763 8.812080 00 00 323032343055303030313235            
27/01/25 06:05:10 0017 1                  44.982150 8.812080 00 00 31383032334D303034333838            
27/01/25 06:05:14 0018 1                  44.982140 8.812082 00 00 31383032334D303037333630            
27/01/25 06:05:19 0019 1                  44.982130 8.812083 00 00 31383032334D303037343036            
27/01/25 06:05:26 0020 1                  44.982100 8.812095 00 00 31383032334D303035343632            
27/01/25 06:05:54 0021 1                  44.982132 8.812025 00 00 313831323045303039323138            
27/01/25 06:06:10 0022 1                  44.982137 8.811995 00 00 31383032334D303037343037            
27/01/25 06:06:12 0023 1                  44.982135 8.811995 00 00 31383032334D303037343035            
27/01/25 06:06:47 0024 1                  44.982078 8.812015 00 00 31383032334D303037343033            
27/01/25 06:06:52 0025 1                  44.982078 8.812015 00 00 31383032334D303030373035            
27/01/25 06:06:58 0026 1                  44.982083 8.812010 00 00 31383032334D303030373733            
27/01/25 06:07:03 0027 1                  44.982088 8.812005 00 00 31383032334D303037343034            
27/01/25 06:10:43 0028 1                  44.980917 8.810493 00 00 313831323045303039313737            
27/01/25 06:13:52 0029 1                  44.981068 8.809323 00 00 31383032334D303032353734            
27/01/25 06:13:55 0030 1                  44.981068 8.809322 00 00 31383032334D303037303934            
27/01/25 06:14:59 0031 1                  44.981167 8.809050 00 00 31383032334D303031383837            
27/01/25 06:15:04 0032 1                  44.981168 8.809050 00 00 31383032334D303031363233            
27/01/25 06:15:36 0033 1                  44.981170 8.809057 00 00 31383032334D303031393638            
27/01/25 06:15:38 0034 1                  44.981170 8.809057 00 00 31383032334D303135343338            
27/01/25 06:16:01 0035 1                  44.981173 8.809062 00 00 31383032334D303031383937            
27/01/25 06:17:08 0036 1                  44.981407 8.808500 00 00 313A3032334D303030323338            
27/01/25 06:18:17 0037 1                  44.981943 8.808683 00 00 31383032334D303031363432            
27/01/25 06:19:31 0038 1                  44.982003 8.809033 00 00 3231303132304A3037373737            
27/01/25 06:20:59 0039 1                  44.981940 8.810003 00 00 31383032334D303132303732            
27/01/25 06:21:09 0040 1                  44.981933 8.810005 00 00 31383032334D303035353835            
27/01/25 06:21:09 0041 1                  44.981933 8.810005 00 00 31383032334D303035333730            
27/01/25 06:21:52 0042 1                  44.981938 8.810007 00 00 31383032334D303037353636            
27/01/25 06:21:58 0043 1                  44.981937 8.810005 00 00 31383032334D303132303639            
27/01/25 06:23:09 0044 1                  44.981883 8.810615 00 00 31383032334D303032373031            
27/01/25 06:23:24 0045 1                  44.981892 8.810627 00 00 31383032334D303030313233            
27/01/25 06:23:56 0046 1                  44.981907 8.810633 00 00 31383032334D303132303638            
27/01/25 06:24:07 0047 1                  44.981905 8.810640 00 00 31383032334D303132303734            
27/01/25 06:25:13 0048 1                  44.981865 8.811110 00 00 3232303032334D3030373735            
27/01/25 06:26:28 0049 1                  44.981433 8.810805 00 00 3231303234304A3031313730            
27/01/25 06:26:50 0050 1                  44.981432 8.810798 00 00 3231303234304A3031323931            
27/01/25 06:26:50 0051 1                  44.981432 8.810798 00 00 3231303234304A3031333239            
27/01/25 06:27:15 0052 1                  44.981443 8.810780 00 00 3233303234304A3031303235            
27/01/25 06:28:37 0053 1                  44.981732 8.809522 00 00 31383032334D303132333732            
27/01/25 06:28:41 0054 1                  44.981732 8.809522 00 00 31B83032334D303138353235            
27/01/25 06:29:55 0055 1                  44.981842 8.808818 00 00 31383032334D303037353133            
27/01/25 06:32:15 0056 1                  44.982243 8.807865 00 00 3233303032334D3030383937            
27/01/25 06:33:12 0057 1                  44.982202 8.808177 00 00 31383032334D303136373831            
27/01/25 06:33:22 0058 1                  44.982193 8.808183 00 00 31383032334D303132333635            
27/01/25 06:34:43 0059 1                  44.982235 8.808648 00 00 3232303032334D3031333437            
27/01/25 06:34:46 0060 1                  44.982237 8.808650 00 00 31383032334D303031393536            
27/01/25 06:35:00 0061 1                  44.982253 8.808682 00 00 323030323545303034383132            
27/01/25 06:35:02 0062 1                  44.982255 8.808687 00 00 323030323545303032353132            
27/01/25 06:35:55 0063 1                  44.982388 8.808675 00 00 31383032334D303031393630            
27/01/25 06:36:06 0064 1                  44.982385 8.808665 00 00 323031323055303030303234            
27/01/25 06:36:10 0065 1                  44.982387 8.808663 00 00 3231303132304A3037363636            
27/01/25 06:37:23 0066 1                  44.982565 8.808637 00 00 31383032334D303039393336            
27/01/25 06:37:25 0067 1                  44.982567 8.808635 00 00 31383032334D303031393334            
27/01/25 06:38:11 0068 1                  44.982867 8.808623 00 00 323031323055303030313438            
27/01/25 06:38:23 0069 1                  44.982867 8.808625 00 00 31383032B34D303031373634            
27/01/25 06:38:23 0070 1                  44.982867 8.808625 00 00 31383032334D303031373634            
27/01/25 06:39:57 0071 1                  44.983110 8.808692 00 00 31383032334D303039363330            
27/01/25 06:40:09 0072 1                  44.983115 8.808682 00 00 31383032334D303136363430            
27/01/25 06:40:54 0073 1                  44.983285 8.808832 00 00 3232303032334D3031303534            
27/01/25 06:41:01 0074 1                  44.983283 8.808838 00 00 31383032334D303037333635            
27/01/25 06:41:51 0075 1                  44.983433 8.808763 00 00 313831323045303039323233            
27/01/25 06:41:59 0076 1                  44.983435 8.808753 00 00 31383032334D303136343638            
27/01/25 06:43:58 0077 1                  44.983932 8.809005 00 00 3233303132304A3032303636            
27/01/25 06:45:25 0078 1                  44.984103 8.808990 00 00 31383032334D303030313336            
27/01/25 06:45:39 0079 1                  44.984113 8.808972 00 00 31383032334D303039363832            
27/01/25 06:47:00 0080 1                  44.984420 8.809215 00 00 31383032334D303031333539            
27/01/25 06:47:15 0081 1                  44.984428 8.809217 00 00 31383032334D303037323036            
27/01/25 06:47:17 0082 1                  44.984428 8.809218 00 00 3231303032334D3031393032            
27/01/25 06:47:31 0083 1                  44.984437 8.809230 00 00 31383032334D303131383337            
27/01/25 06:48:13 0084 1                  44.984443 8.809255 00 00 3232303032334D3030303338            
27/01/25 06:48:19 0085 1                  44.984443 8.809260 00 00 31383032334D303030313838            
27/01/25 06:48:29 0086 1                  44.984440 8.809262 00 00 323030323545303035323132            
27/01/25 06:49:43 0087 1                  44.984643 8.809470 00 00 31383032334D303030323638            
27/01/25 06:49:46 0088 1                  44.984643 8.809472 00 00 31383032334D303030323535            
27/01/25 06:51:02 0089 1                  44.984968 8.809583 00 00 31383032334D303030333235            
27/01/25 06:52:35 0090 1                  44.984572 8.808440 00 00 313831323045303039303634            
27/01/25 06:52:44 0091 1                  44.984573 8.808440 00 00 31383032334D303132303737            
27/01/25 06:52:47 0092 1                  44.984573 8.808440 00 00 31383032334D303031363631            
27/01/25 06:53:21 0093 1                  44.984587 8.808425 00 00 31383032334D303031363639            
27/01/25 06:53:26 0094 1                  44.984587 8.808430 00 00 31383032334D303030313630            
27/01/25 06:55:01 0095 1                  44.984512 8.808127 00 00 31383032334D303132333432            
27/01/25 06:55:01 0096 1                  44.984512 8.808127 00 00 31383032334D303132303834            
27/01/25 06:56:07 0097 1                  44.984437 8.807613 00 00 31383032334D303030333633            
27/01/25 06:56:36 0098 1                  44.984373 8.807633 00 00 31383032334D303031383432            
27/01/25 06:56:36 0099 1                  44.984373 8.807633 00 00 31383032334D303037353634            
27/01/25 06:57:37 0100 1                  44.984210 8.807500 00 00 31383032334D303132333334            
27/01/25 07:00:06 0101 1                  44.984127 8.807537 00 00 31383032334D303035343830            
27/01/25 07:01:54 0102 1                  44.983888 8.807402 00 00 3233303032334D3030323435            
27/01/25 07:03:36 0103 1                  44.983703 8.807247 00 00 31383032334D303136343637            
27/01/25 07:04:57 0104 1                  44.983765 8.807540 00 00 31383032334D303030333635            
27/01/25 07:06:40 0105 1                  44.983777 8.807988 00 00 31383032334D303138373635            
27/01/25 07:06:59 0106 1                  44.983748 8.808018 00 00 31383032334D303030333636            
27/01/25 07:08:02 0107 1                  44.983782 8.808303 00 00 313831323045303039303335            
27/01/25 07:08:10 0108 1                  44.983778 8.808305 00 00 31383032334D303030333237            
27/01/25 07:08:35 0109 1                  44.983767 8.808283 00 00 3234303032334D3032303737            
27/01/25 07:11:24 0110 1                  44.983860 8.809275 00 00 31383032334D303037353737            
27/01/25 07:11:40 0111 1                  44.983858 8.809297 00 00 31383032334D303132323437            
27/01/25 07:13:09 0112 1                  44.983795 8.809705 00 00 31383032334D303030303738            
27/01/25 07:13:31 0113 1                  44.983828 8.809710 00 00 31383032334D303030303039            
27/01/25 07:13:57 0114 1                  44.983875 8.809733 00 00 31383032334D303037353735            
27/01/25 07:18:04 0115 1                  44.983648 8.809937 00 00 31383032334D303030333938            
27/01/25 07:18:29 0116 1                  44.983647 8.809910 00 00 323032343055303030303237            
27/01/25 07:19:47 0117 1                  44.983537 8.810418 00 00 31383032334D303030313237            
27/01/25 07:20:00 0118 1                  44.983550 8.810430 00 00 31383032334D303030313437            
27/01/25 07:21:01 0119 1                  44.983615 8.810487 00 00 3232303032334D3030383734            
27/01/25 07:21:56 0120 1                  44.983375 8.810975 00 00 31383032334D303030323734            
27/01/25 07:22:47 0121 1                  44.983263 8.811375 00 00 31383032334D303030303133            
27/01/25 07:24:42 0122 1                  44.982520 8.811547 00 00 3231303234304A3031313635            
27/01/25 07:26:34 0123 1                  44.982552 8.811278 00 00 323030323545303033333035            
27/01/25 07:27:06 0124 1                  44.982502 8.811257 00 00 31383032334D303030323534            
27/01/25 07:27:09 0125 1                  44.982500 8.811257 00 00 3231303032334D3030343432            
27/01/25 07:28:03 0126 1                  44.982520 8.811007 00 00 3231303032334D3031353937            
27/01/25 07:28:54 0127 1                  44.982538 8.810737 00 00 3232303032334D3031303439            
27/01/25 07:28:54 0128 1                  44.982538 8.810737 00 00 3232303032334D3031303439            
27/01/25 07:29:07 0129 1                  44.982543 8.810733 00 00 31383032334D303032353732            
27/01/25 07:29:20 0130 1                  44.982545 8.810738 00 00 323030323545303034363939            
27/01/25 07:30:35 0131 1                  44.982645 8.810515 00 00 31383032334D303132383039            
27/01/25 07:30:38 0132 1                  44.982647 8.810513 00 00 31383032334D303033323335            
27/01/25 07:30:49 0133 1                  44.982653 8.810507 00 00 31383032334D303136373435            
27/01/25 07:30:51 0134 1                  44.982655 8.810507 00 00 323030323545303035333931            
27/01/25 07:32:18 0135 1                  44.982727 8.809948 00 00 31383032334D303037323834            
27/01/25 07:32:25 0136 1                  44.982718 8.809935 00 00 31383032334D303037323835            
27/01/25 07:32:34 0137 1                  44.982707 8.809918 00 00 31383032334D303133323435            
27/01/25 07:32:49 0138 1                  44.982682 8.809920 00 00 3233303032334D3030383736            
27/01/25 07:33:06 0139 1                  44.982678 8.809917 00 00 31383032334D303031373036            
27/01/25 07:35:30 0140 1                  44.982775 8.809470 00 00 31383032334D303034313334            
27/01/25 07:35:54 0141 1                  44.982787 8.809465 00 00 3234303032334D3031383233            
27/01/25 07:36:50 0142 1                  44.982800 8.809105 00 00 3232303032334D3031353538            
27/01/25 07:37:07 0143 1                  44.982817 8.809092 00 00 3231303032334D3035363639            
27/01/25 07:37:27 0144 1                  44.982823 8.809085 00 00 31383032334D303031373838            
27/01/25 07:37:27 0145 1                  44.982823 8.809085 00 00 31383032334D30303137383800000000    
27/01/25 07:38:15 0146 1                  44.982828 8.809077 00 00 31383032334D303032353531            
27/01/25 07:38:21 0147 1                  44.982828 8.809078 00 00 31383032334D303035383736            
27/01/25 07:40:33 0148 1                  44.982803 8.808097 00 00 31383032334D303231383730            
27/01/25 07:40:33 0149 1                  44.982803 8.808097 00 00 31383032334D303031383730            
27/01/25 07:42:08 0150 1                  44.983077 8.807173 00 00 3232303032334D3030363637            
27/01/25 07:42:10 0151 1                  44.983077 8.807172 00 00 3231303032334D3032303437            
27/01/25 07:42:27 0152 1                  44.983083 8.807175 00 00 31383032334D303037343835            
27/01/25 07:44:51 0153 1                  44.983290 8.807362 00 00 31383032334D303030333531            
27/01/25 07:47:36 0154 1                  44.983305 8.807698 00 00 31383032334D303039373931            
27/01/25 07:48:00 0155 1                  44.983313 8.807692 00 00 31383032334D303032363031            
27/01/25 07:48:03 0156 1                  44.983313 8.807690 00 00 31383032334D303030383437            
27/01/25 07:48:23 0157 1                  44.983327 8.807677 00 00 31383032334D303136363333            
27/01/25 07:50:40 0158 1                  44.982642 8.807623 00 00 31383032334D303031363731            
27/01/25 07:53:21 0159 1                  44.982742 8.806958 00 00 31383032334D303031303635            
27/01/25 07:53:36 0160 1                  44.982730 8.806977 00 00 31383032334D303035323831            
27/01/25 07:54:21 0161 1                  44.982702 8.806982 00 00 3232303032334D3030323035            
27/01/25 07:54:27 0162 1                  44.982698 8.806983 00 00 3232303032334D3030303034            
27/01/25 07:54:53 0163 1                  44.982682 8.806978 00 00 3231303032334D3031303930            
27/01/25 07:57:29 0164 1                  44.982305 8.806715 00 00 31383032334D303031363537            
27/01/25 07:57:50 0165 1                  44.982350 8.806675 00 00 31383032334D303031383639            
27/01/25 08:02:40 0166 1                  44.982227 8.806503 00 00 31383032334D303030323237            
27/01/25 08:05:44 0167 1                  44.982542 8.805790 00 00 31383032334D303031383138            
27/01/25 08:07:32 0168 1                  44.982920 8.805967 00 00 3233303132304A3032313231            
27/01/25 08:11:38 0169 1                  44.982517 8.805472 00 00 31383032334D303031363330            
27/01/25 08:12:05 0170 1                  44.982467 8.805392 00 00 31383032334D303131343038            
27/01/25 08:14:02 0171 1                  44.981923 8.805380 00 00 323030323545303035363237            
27/01/25 08:14:31 0172 1                  44.981908 8.805383 00 00 3232303032334D3031353830            
27/01/25 08:14:36 0173 1                  44.981905 8.805385 00 00 31383032334D303031303233            
27/01/25 08:14:39 0174 1                  44.981903 8.805385 00 00 3234303032334D3030313930            
27/01/25 08:16:01 0175 1                  44.981727 8.806587 00 00 31383032334D303031373732            
27/01/25 08:16:47 0176 1                  44.981618 8.806912 00 00 31383032334D303132333335            
27/01/25 08:17:00 0177 1                  44.981605 8.806928 00 00 31383032334D303031363333            
27/01/25 08:18:05 0178 1                  44.981475 8.807492 00 00 31383032334D303031363334            
27/01/25 08:18:21 0179 1                  44.981488 8.807495 00 00 323030323545303039303132            
27/01/25 08:18:24 0180 1                  44.981490 8.807495 00 00 31383032334D303031373735            
27/01/25 08:22:35 0181 1                  44.981535 8.807943 00 00 323030323545303035383032            
27/01/25 08:22:52 0182 1                  44.981505 8.807913 00 00 3232303032334D3031333130            
27/01/25 08:23:20 0183 1                  44.981490 8.807898 00 00 31383032334D303035343131            
27/01/25 08:23:20 0184 1                  44.981490 8.807898 00 00 31383032334D303031373737            
27/01/25 08:25:30 0185 1                  44.981072 8.807988 00 00 31383032334D303037343233            
27/01/25 08:26:13 0186 1                  44.980895 8.807805 00 00 31383032334D303132303530            
27/01/25 08:26:13 0187 1                  44.980895 8.807805 00 00 31383032334D303037333738            
27/01/25 08:26:32 0188 1                  44.980900 8.807778 00 00 31383032334D303035363434            
27/01/25 08:26:44 0189 1                  44.980902 8.807760 00 00 3233303032334D3030363530            
27/01/25 08:27:57 0190 1                  44.980083 8.807580 00 00 31383032334D303031383836            
27/01/25 08:29:26 0191 1                  44.979093 8.806242 00 00 31383032334D303037353035            
27/01/25 08:30:50 0192 1                  44.979342 8.806140 00 00 39383032334D303031363530            
27/01/25 08:30:55 0193 1                  44.979342 8.806133 00 00 323030323545303038353731            
27/01/25 08:31:09 0194 1                  44.979348 8.806125 00 00 31383032334D303037353834            
27/01/25 08:31:11 0195 1                  44.979350 8.806123 00 00 31383032334D303132373835            
27/01/25 08:32:46 0196 1                  44.980027 8.805830 00 00 3232303234304A3030353937            
27/01/25 08:33:48 0197 1                  44.980440 8.805697 00 00 31383032334D303130373334            
27/01/25 08:34:44 0198 1                  44.980785 8.805800 00 00 31383032334D303031393436            
27/01/25 08:34:46 0199 1                  44.980785 8.805802 00 00 31383032334D303031393538            
27/01/25 08:35:45 0200 1                  44.981205 8.805887 00 00 31383032334D303030383938            
27/01/25 08:35:53 0201 1                  44.981205 8.805883 00 00 3234303032334D3031323435            
27/01/25 08:37:14 0202 1                  44.981385 8.805977 00 00 31383032334D303030393333            
27/01/25 08:38:13 0203 1                  44.981380 8.806008 00 00 31383032334D303030313732            
27/01/25 08:40:15 0204 1                  44.981573 8.808308 00 00 323030323545303032363839            
27/01/25 08:40:18 0205 1                  44.981573 8.808308 00 00 31383032334D303031393939            
27/01/25 08:40:59 0206 1                  44.981543 8.808317 00 00 323031323055303030323730            
27/01/25 08:56:21 0000 s 01886ver01 44.981585 8.808390 00 00
27/01/25 08:58:49 0207 1                  44.981797 8.807728 00 00 31383032334D303031373334            
27/01/25 08:59:30 0208 1                  44.981862 8.807448 00 00 31383032334D3030313939B4            
27/01/25 08:59:30 0209 1                  44.981862 8.807448 00 00 31383032334D303031393934            
27/01/25 09:00:10 0210 1                  44.981957 8.807135 00 00 300ED89F3350005FE2D3CCE3            
27/01/25 09:00:13 0211 1                  44.981955 8.807133 00 00 31383032334D303135303932            
27/01/25 09:00:27 0212 1                  44.981962 8.807122 00 00 3233303032334D3030373630            
27/01/25 09:01:15 0213 1                  44.982073 8.806652 00 00 31383032334D303035343037            
27/01/25 09:01:23 0214 1                  44.982072 8.806655 00 00 31383032334D303031373636            
27/01/25 09:03:02 0215 1                  44.980633 8.806095 00 00 31383032334D303136343735            
27/01/25 09:03:22 0216 1                  44.980638 8.806113 00 00 31383032334D303030383530            
27/01/25 09:03:42 0217 1                  44.980645 8.806115 00 00 3233303032334D3030323339            
27/01/25 09:04:32 0218 1                  44.980685 8.806420 00 00 31383032334D303030373339            
27/01/25 09:05:03 0219 1                  44.980693 8.806453 00 00 31383032334D303130303739            
27/01/25 09:06:04 0220 1                  44.980675 8.806730 00 00 3231303032334D3030343136            
27/01/25 09:06:18 0221 1                  44.980682 8.806730 00 00 31383032334D303031373039            
27/01/25 09:06:28 0222 1                  44.980683 8.806738 00 00 31383032334D303031303738            
27/01/25 09:08:21 0223 1                  44.980615 8.807042 00 00 31383032334D303136363831            
27/01/25 09:08:40 0224 1                  44.980648 8.807023 00 00 31383032334D303136363736            
27/01/25 09:09:45 0225 1                  44.980587 8.807485 00 00 31383032334D303030393637            
27/01/25 09:11:57 0226 1                  44.977938 8.806547 00 00 31383032334D303132323538            
27/01/25 09:11:59 0227 1                  44.977938 8.806548 00 00 31383032334D303032373232            
27/01/25 09:12:54 0228 1                  44.977537 8.806597 00 00 3233303032334D3030353238            
27/01/25 09:13:03 0229 1                  44.977533 8.806592 00 00 31383032334D303030383432            
27/01/25 09:13:12 0230 1                  44.977538 8.806598 00 00 31383032334D303132313537            
27/01/25 09:13:53 0231 1                  44.977320 8.806700 00 00 31383032334D303132333435            
27/01/25 09:15:30 0232 1                  44.976870 8.806783 00 00 31383032334D303132313935            
27/01/25 09:15:44 0233 1                  44.976868 8.806793 00 00 31383032334D303030383533            
27/01/25 09:15:50 0234 1                  44.976868 8.806795 00 00 33383032334D303035323937            
27/01/25 09:16:48 0235 1                  44.976325 8.806877 00 00 3234303032334D3030333832            
27/01/25 09:17:30 0236 1                  44.976042 8.806927 00 00 31383032334D303137363139            
27/01/25 09:18:14 0237 1                  44.975607 8.807245 00 00 31383032334D303132343030            
27/01/25 09:18:51 0238 1                  44.975612 8.807735 00 00 31383032334D303039383436            
27/01/25 09:20:13 0239 1                  44.975663 8.808245 00 00 31383032334D303032363039            
27/01/25 09:21:23 0240 1                  44.976000 8.809160 00 00 31383032334D303132303935            
27/01/25 09:22:21 0241 1                  44.975930 8.808033 00 00 31383032334D303032363834            
27/01/25 09:25:14 0242 1                  44.975655 8.807007 00 00 31383032334D303132323235            
27/01/25 09:25:50 0243 1                  44.975413 8.806970 00 00 3231303032334D3031383635            
27/01/25 09:27:20 0244 1                  44.973552 8.807067 00 00 31383032334D303132333234            
27/01/25 09:28:01 0245 1                  44.973352 8.807457 00 00 31383032334D303034303639            
27/01/25 09:28:43 0246 1                  44.973295 8.807825 00 00 323030323545303036343037            
27/01/25 09:32:06 0247 1                  44.976627 8.796498 00 00 31383032334D303132303436            
27/01/25 09:32:18 0248 1                  44.976622 8.796495 00 00 31383032334D303132303534            
27/01/25 09:32:20 0249 1                  44.976622 8.796497 00 00 31383032334D303132333034            
27/01/25 09:32:33 0250 1                  44.976618 8.796507 00 00 31383032334D303132303537            
27/01/25 09:33:30 0251 1                  44.976950 8.797327 00 00 31383032334D303132303535            
27/01/25 09:35:14 0252 1                  44.976960 8.803230 00 00 31383032334D303132313035            
27/01/25 09:35:14 0253 1                  44.976960 8.803230 00 00 31383032334D30B132313035            
27/01/25 09:35:17 0254 1                  44.976962 8.803232 00 00 31383032334D303037353536            
27/01/25 09:36:21 0255 1                  44.977008 8.803868 00 00 31383032334D303032373339            
27/01/25 09:36:35 0256 1                  44.977013 8.803880 00 00 31383032334D303132303936            
27/01/25 09:37:02 0257 1                  44.977013 8.803898 00 00 31383032334D383132333837            
27/01/25 09:37:57 0258 1                  44.977215 8.804253 00 00 31383032334D303132323136            
27/01/25 09:38:40 0259 1                  44.977572 8.804853 00 00 31383032334D303132323131            
27/01/25 09:50:05 0260 1                  44.910765 8.850652 00 00 181232408400057950160621            
27/01/25 10:23:51 0261 1                  44.882455 8.860217 00 00 300ED89F3350005FE2D3CCE3            
