04/11/25 04:30:23 0000 s 01506ver01 44.778915 8.756050 00 00
04/11/25 05:25:43 0001 1                  44.727120 8.854537 00 00 31383032334D303033363232            
04/11/25 05:25:51 0002 1                  44.727118 8.854535 00 00 3233303032334D3031303936            
04/11/25 05:26:09 0003 1                  44.727120 8.854533 00 00 31383032334D303135313435            
04/11/25 05:26:24 0004 1                  44.727118 8.854520 00 00 31383032334D303035353231            
04/11/25 05:26:56 0005 1                  44.727135 8.854545 00 00 31383032334D303033363331            
04/11/25 05:27:50 0006 1                  44.726858 8.854712 00 00 3234303032334D3030343432            
04/11/25 05:27:59 0007 1                  44.726838 8.854728 00 00 3234303032334D3030343430            
04/11/25 05:28:06 0008 1                  44.726830 8.854730 00 00 3234303032334D3030393637            
04/11/25 05:28:13 0009 1                  44.726822 8.854723 00 00 3234303032334D3030343433            
04/11/25 05:29:10 0010 1                  44.726647 8.854953 00 00 31383032334D303037383830            
04/11/25 05:29:14 0011 1                  44.726647 8.854963 00 00 31383032334D303130343536            
04/11/25 05:29:33 0012 1                  44.726650 8.854998 00 00 3231303032334D3035373932            
04/11/25 05:29:37 0013 1                  44.726648 8.855003 00 00 3232303032334D3031393633            
04/11/25 05:30:04 0014 1                  44.726650 8.855042 00 00 3232303032334D3030313733            
04/11/25 05:30:06 0015 1                  44.726650 8.855045 00 00 31383032334D303037373839            
04/11/25 05:30:52 0016 1                  44.726672 8.855085 00 00 31383032334D303033363236            
04/11/25 05:30:56 0017 1                  44.726673 8.855082 00 00 3231303032334D3031363235            
04/11/25 05:31:11 0018 1                  44.726660 8.855028 00 00 3234303032334D3030343438            
04/11/25 05:33:11 0019 1                  44.726718 8.855525 00 00 3235303234304A3031313330            
04/11/25 05:35:13 0020 1                  44.726718 8.855630 00 00 3234303132304A3032313233            
04/11/25 05:35:14 0021 1                  44.726717 8.855627 00 00 3233303032334D3030343236            
04/11/25 05:35:31 0022 1                  44.726702 8.855597 00 00 31383132304A303039303833            
04/11/25 05:36:14 0023 1                  44.726707 8.855522 00 00 31383132304A303039303834            
04/11/25 05:38:58 0024 1                  44.726400 8.854480 00 00 2F383234304A303030333237            
04/11/25 05:42:18 0025 1                  44.727355 8.853462 00 00 31383234304A303030323133            
04/11/25 05:44:52 0026 1                  44.725292 8.856032 00 00 3235303032334D3030303131            
04/11/25 05:45:03 0027 1                  44.725283 8.856040 00 00 31383032334D303139313835            
04/11/25 05:46:22 0028 1                  44.724988 8.856193 00 00 31383032334D303139373431            
04/11/25 05:47:15 0029 1                  44.724898 8.856283 00 00 3231303132304A3035333431            
04/11/25 05:47:32 0030 1                  44.724888 8.856297 00 00 31383032334D303037383339            
04/11/25 05:49:16 0031 1                  44.724682 8.856445 00 00 31383032334D303033393539            
04/11/25 05:49:21 0032 1                  44.724667 8.856428 00 00 3232303032334D3031323335            
04/11/25 05:49:35 0033 1                  44.724645 8.856400 00 00 3233303032334D3030373737            
04/11/25 05:49:40 0034 1                  44.724643 8.856395 00 00 31383032334D303033393230            
04/11/25 05:49:56 0035 1                  44.724660 8.856393 00 00 31383032334D303033393935            
04/11/25 05:49:56 0036 1                  44.724660 8.856393 00 00 31383032334D303033393934            
04/11/25 05:50:17 0037 1                  44.724700 8.856420 00 00 3231303032334D3032383137            
04/11/25 05:50:26 0038 1                  44.724708 8.856427 00 00 31383032334D303033393536            
04/11/25 05:50:43 0039 1                  44.724697 8.856427 00 00 31383032334D303033393139            
04/11/25 05:50:47 0040 1                  44.724695 8.856425 00 00 31383032334D303139323936            
04/11/25 05:51:04 0041 1                  44.724690 8.856433 00 00 31383032334D303130313435            
04/11/25 05:51:08 0042 1                  44.724692 8.856435 00 00 3232303032334D3030333035            
04/11/25 05:51:27 0043 1                  44.724685 8.856435 00 00 31383032334D303139323131            
04/11/25 05:52:57 0044 1                  44.724382 8.856643 00 00 31383032334D303130323436            
04/11/25 05:52:57 0045 1                  44.724382 8.856643 00 00 31383032334D303037373938            
04/11/25 05:53:06 0046 1                  44.724373 8.856658 00 00 31383032334D303037373937            
04/11/25 05:53:57 0047 1                  44.724185 8.856835 00 00 3234303032334D3030373137            
04/11/25 05:54:53 0048 1                  44.723927 8.857080 00 00 31383032334D303038333234            
04/11/25 05:55:58 0049 1                  44.723703 8.857280 00 00 31383032334D303036363733            
04/11/25 05:56:04 0050 1                  44.723697 8.857312 00 00 3232303032334D3031303037            
04/11/25 05:56:11 0051 1                  44.723692 8.857330 00 00 3231303032334D3031323339            
04/11/25 05:56:39 0052 1                  44.723675 8.857377 00 00 3232303032334D3030323031            
04/11/25 05:56:43 0053 1                  44.723675 8.857378 00 00 3233303032334D3031303738            
04/11/25 05:58:29 0054 1                  44.723438 8.857183 00 00 31383032334D303033383534            
04/11/25 05:58:32 0055 1                  44.723437 8.857177 00 00 31383032334D303139373138            
04/11/25 05:58:49 0056 1                  44.723417 8.857158 00 00 3233303032334D3030343436            
04/11/25 05:59:56 0057 1                  44.723447 8.857210 00 00 3233303132304A3032313031            
04/11/25 06:01:20 0058 1                  44.723207 8.857082 00 00 31383032334D303130383838            
04/11/25 06:01:26 0059 1                  44.723205 8.857073 00 00 31383032334D303135373438            
04/11/25 06:01:33 0060 1                  44.723203 8.857063 00 00 31383032334D303139373735            
04/11/25 06:02:07 0061 1                  44.723122 8.856875 00 00 31383032334D303037383938            
04/11/25 06:03:28 0062 1                  44.722835 8.856207 00 00 3234303032334D3032323231            
04/11/25 06:03:34 0063 1                  44.722828 8.856198 00 00 323030323545303036323131            
04/11/25 06:03:41 0064 1                  44.722828 8.856192 00 00 31383032334D303139323232            
04/11/25 06:03:48 0065 1                  44.722830 8.856188 00 00 31383032334D303139313339            
04/11/25 06:03:56 0066 1                  44.722827 8.856187 00 00 31383032334D303139333435            
04/11/25 06:04:05 0067 1                  44.722823 8.856185 00 00 31383032334D303139313430            
04/11/25 06:04:48 0068 1                  44.722857 8.856180 00 00 3232303032334D3031323938            
04/11/25 06:04:48 0069 1                  44.722857 8.856180 00 00 31383032334D303033383332            
04/11/25 06:05:13 0070 1                  44.722840 8.856173 00 00 31383032334D303033393036            
04/11/25 06:05:13 0071 1                  44.722840 8.856173 00 00 31383032334D303033383236            
04/11/25 06:05:33 0072 1                  44.722837 8.856173 00 00 31383032334D303033383239            
04/11/25 06:05:34 0073 1                  44.722835 8.856173 00 00 3233303032334D3030373831            
04/11/25 06:06:04 0074 1                  44.722855 8.856158 00 00 31383032334D30303339303300000000    
04/11/25 06:06:04 0075 1                  44.722855 8.856158 00 00 31383032334D303033393033            
04/11/25 06:06:28 0076 1                  44.722845 8.856167 00 00 323030323545303039353132            
04/11/25 06:08:29 0077 1                  44.722812 8.857110 00 00 31383032334D303130303035            
04/11/25 06:08:31 0078 1                  44.722817 8.857122 00 00 31383032334D303037363739            
04/11/25 06:08:31 0079 1                  44.722817 8.857122 00 00 31383032334D303437363739            
04/11/25 06:08:46 0080 1                  44.722827 8.857160 00 00 31383032334D303130323438            
04/11/25 06:08:47 0081 1                  44.722827 8.857160 00 00 3235303032334D3030373135            
04/11/25 06:09:03 0082 1                  44.722812 8.857173 00 00 31383032334D303133303436            
04/11/25 06:11:05 0083 1                  44.723868 8.856472 00 00 3231303032334D3035303339            
04/11/25 06:11:07 0084 1                  44.723872 8.856472 00 00 3231303032334D3031313135            
04/11/25 06:11:31 0085 1                  44.723913 8.856437 00 00 31383032334D303130323236            
04/11/25 06:11:36 0086 1                  44.723917 8.856435 00 00 31383032334D303130323233            
04/11/25 06:11:52 0087 1                  44.723932 8.856437 00 00 31383032334D303130323330            
04/11/25 06:11:56 0088 1                  44.723935 8.856435 00 00 31383032334D3030373A3333            
04/11/25 06:12:13 0089 1                  44.723940 8.856443 00 00 31383032334D303139373031            
04/11/25 06:12:37 0090 1                  44.723940 8.856435 00 00 3231303234304A3032373731            
04/11/25 06:13:54 0091 1                  44.723757 8.856310 00 00 31383032334D303033373330            
04/11/25 06:13:54 0092 1                  44.723757 8.856310 00 00 323030323545303032313533            
04/11/25 06:14:11 0093 1                  44.723763 8.856277 00 00 31383032334D303033373232            
04/11/25 06:14:11 0094 1                  44.723763 8.856277 00 00 31383032334D303033373235            
04/11/25 06:14:26 0095 1                  44.723772 8.856252 00 00 31383032334D303033373236            
04/11/25 06:14:58 0096 1                  44.723665 8.856060 00 00 31383032334D303130303332            
04/11/25 06:14:58 0097 1                  44.723665 8.856060 00 00 3234303032334D3032333037            
04/11/25 06:14:59 0098 1                  44.723665 8.856060 00 00 31383032334D303130303239            
04/11/25 06:14:59 0099 1                  44.723667 8.856065 00 00 31383032334D303130333435            
04/11/25 06:14:59 0100 1                  44.723667 8.856065 00 00 3232303032334D3031363031            
04/11/25 06:15:00 0101 1                  44.723667 8.856065 00 00 31383032334D303130333434            
04/11/25 06:15:15 0102 1                  44.723688 8.856097 00 00 31383032334D303139373437            
04/11/25 06:15:57 0103 1                  44.723720 8.856150 00 00 3234303032334D3031303235            
04/11/25 06:16:06 0104 1                  44.723730 8.856148 00 00 31383032334D303130303237            
04/11/25 06:17:15 0105 1                  44.723580 8.856030 00 00 31383032334D303033383833            
04/11/25 06:17:16 0106 1                  44.723573 8.856030 00 00 31383032334D303134383738            
04/11/25 06:17:37 0107 1                  44.723553 8.856010 00 00 3234303032334D3031333730            
04/11/25 06:17:44 0108 1                  44.723563 8.855990 00 00 3234303032334D3031333731            
04/11/25 06:18:37 0109 1                  44.723588 8.855718 00 00 31383032334D303033373338            
04/11/25 06:18:39 0110 1                  44.723588 8.855718 00 00 31383032334D303033373339            
04/11/25 06:18:49 0111 1                  44.723585 8.855723 00 00 31383032334D303033373337            
04/11/25 06:19:02 0112 1                  44.723593 8.855742 00 00 31383032334D303033373336            
04/11/25 06:19:06 0113 1                  44.723597 8.855748 00 00 31383032334D303033383031            
04/11/25 06:19:22 0114 1                  44.723625 8.855768 00 00 31383032334D303033373430            
04/11/25 06:20:23 0115 1                  44.724052 8.855433 00 00 3233303132304A3032313435            
04/11/25 06:22:09 0116 1                  44.724685 8.855318 00 00 31383234304A303030323032            
04/11/25 06:23:36 0117 1                  44.724348 8.855343 00 00 3234303032334D3030333837            
04/11/25 06:23:47 0118 1                  44.724328 8.855358 00 00 31383032334D303037363735            
04/11/25 06:24:23 0119 1                  44.724223 8.855642 00 00 31383032334D303038323531            
04/11/25 06:24:59 0120 1                  44.724337 8.856148 00 00 31383032334D303037393634            
04/11/25 06:24:59 0121 1                  44.724337 8.856148 00 00 3234303032334D3032323033            
04/11/25 06:25:11 0122 1                  44.724338 8.856140 00 00 31383032334D303037393636            
04/11/25 06:25:19 0123 1                  44.724335 8.856142 00 00 31383032334D303037393635            
04/11/25 06:25:59 0124 1                  44.724475 8.856383 00 00 31383032334D303037383039            
04/11/25 06:26:04 0125 1                  44.724470 8.856377 00 00 31383032334D303037363737            
04/11/25 06:26:10 0126 1                  44.724467 8.856357 00 00 31383032334D303037383037            
04/11/25 06:26:15 0127 1                  44.724468 8.856333 00 00 31383032334D303139363034            
04/11/25 06:26:23 0128 1                  44.724472 8.856305 00 00 3233303032334D3030363634            
04/11/25 06:26:44 0129 1                  44.724488 8.856247 00 00 31383032334D303037363832            
04/11/25 06:26:53 0130 1                  44.724505 8.856212 00 00 31383032334D303130363833            
04/11/25 06:27:08 0131 1                  44.724532 8.856158 00 00 3234303032334D3032323731            
04/11/25 06:27:35 0132 1                  44.724547 8.856120 00 00 3233303032334D3030383637            
04/11/25 06:27:44 0133 1                  44.724540 8.856113 00 00 3232303032334D3030333638            
04/11/25 06:27:54 0134 1                  44.724538 8.856108 00 00 31383032334D303139373037            
04/11/25 06:31:19 0135 1                  44.725322 8.856647 00 00 31383032334D303139323630            
04/11/25 06:32:19 0136 1                  44.725643 8.856853 00 00 31383032334D303033363630            
04/11/25 06:32:25 0137 1                  44.725642 8.856852 00 00 3234303032334D3030313430            
04/11/25 06:32:34 0138 1                  44.725643 8.856848 00 00 31383032334D303033363532            
04/11/25 06:32:44 0139 1                  44.725640 8.856855 00 00 31383032334D303033363936            
04/11/25 06:32:50 0140 1                  44.725640 8.856863 00 00 31383032334D303033363536            
04/11/25 06:33:00 0141 1                  44.725643 8.856872 00 00 31383032334D303033393332            
04/11/25 06:33:00 0142 1                  44.725643 8.856872 00 00 3231303032334D3032303338            
04/11/25 06:33:19 0143 1                  44.725652 8.856875 00 00 3232303032334D3031363337            
04/11/25 06:33:19 0144 1                  44.725652 8.856875 00 00 31383032334D303033363836            
04/11/25 06:33:20 0145 1                  44.725653 8.856877 00 00 31383032334D303033363836            
04/11/25 06:33:31 0146 1                  44.725655 8.856872 00 00 31383032334D303033373331            
04/11/25 06:33:46 0147 1                  44.725652 8.856870 00 00 3231303032334D3031363038            
04/11/25 06:33:51 0148 1                  44.725652 8.856870 00 00 303030304F52413539393332            
04/11/25 06:34:09 0149 1                  44.725662 8.856878 00 00 3234303032334D3032333434            
04/11/25 06:34:14 0150 1                  44.725657 8.856880 00 00 31383032334D303033363438            
04/11/25 06:34:27 0151 1                  44.725650 8.856880 00 00 31383032334D303134393732            
04/11/25 06:34:30 0152 1                  44.725648 8.856877 00 00 3231303032334D3032373538            
04/11/25 06:35:12 0153 1                  44.725645 8.856887 00 00 31383032334D303033363436            
04/11/25 06:35:38 0154 1                  44.725643 8.856867 00 00 31383032334D303033383831            
04/11/25 06:38:10 0155 1                  44.724223 8.857495 00 00 3233303032334D3030303238            
04/11/25 06:38:42 0156 1                  44.724440 8.857403 00 00 31383032334D303139333930            
04/11/25 06:39:27 0157 1                  44.724692 8.857382 00 00 3231303032334D3030303930            
04/11/25 06:40:01 0158 1                  44.724848 8.857340 00 00 31383032334D303130303133            
04/11/25 06:40:09 0159 1                  44.724843 8.857342 00 00 31383032334D303033383937            
04/11/25 06:44:57 0160 1                  44.722955 8.854982 00 00 3231303234304A3034333637            
04/11/25 06:46:27 0161 1                  44.723028 8.854505 00 00 3232303032334D3030313138            
04/11/25 06:46:49 0162 1                  44.723010 8.854510 00 00 31383032334D303038323533            
04/11/25 06:46:52 0163 1                  44.723005 8.854513 00 00 31383032334D303038313930            
04/11/25 06:47:37 0164 1                  44.723057 8.853895 00 00 31383032334D303134373035            
04/11/25 06:47:46 0165 1                  44.723062 8.853885 00 00 3234303032334D3030323030            
04/11/25 06:48:32 0166 1                  44.722958 8.853620 00 00 31383132304A303039323336            
04/11/25 06:50:13 0167 1                  44.722383 8.853860 00 00 31383032334D303038313838            
04/11/25 06:51:58 0168 1                  44.722378 8.853892 00 00 31383032334D303038313837            
04/11/25 06:52:39 0169 1                  44.722708 8.853620 00 00 31383032334D303038323530            
04/11/25 06:54:12 0170 1                  44.721485 8.852593 00 00 31383032334D303130353934            
04/11/25 06:54:28 0171 1                  44.721482 8.852612 00 00 31383032334D303139353837            
04/11/25 06:55:17 0172 1                  44.721695 8.852465 00 00 31383234304A303030333931            
04/11/25 06:57:27 0173 1                  44.721723 8.853270 00 00 31383234304A303030323633            
04/11/25 06:57:55 0174 1                  44.721708 8.853268 00 00 3231303132304A3037343837            
04/11/25 06:58:58 0175 1                  44.721698 8.853300 00 00 31383132304A303039323432            
04/11/25 07:00:09 0176 1                  44.720982 8.853255 00 00 31383032334D303037363138            
04/11/25 07:00:13 0177 1                  44.720982 8.853260 00 00 3231303032334D3032303337            
04/11/25 07:00:21 0178 1                  44.720983 8.853268 00 00 31383032334D303130333634            
04/11/25 07:00:25 0179 1                  44.720983 8.853275 00 00 31383032334D303033393734            
04/11/25 07:00:32 0180 1                  44.720988 8.853287 00 00 31383032334D303130383337            
04/11/25 07:00:38 0181 1                  44.720987 8.853288 00 00 31383032334D303130333638            
04/11/25 07:02:06 0182 1                  44.721040 8.853060 00 00 31383234304A303030323138            
04/11/25 07:02:47 0183 1                  44.720768 8.853022 00 00 31383032334D303038303537            
04/11/25 07:03:22 0184 1                  44.720642 8.853148 00 00 31383032334D303139333230            
04/11/25 07:03:26 0185 1                  44.720643 8.853153 00 00 31383032334D303139333135            
04/11/25 07:04:07 0186 1                  44.720455 8.853335 00 00 31383032334D303134363834            
04/11/25 07:04:07 0187 1                  44.720455 8.853335 00 00 31383032334D303134363835            
04/11/25 07:04:37 0188 1                  44.720453 8.853350 00 00 31383032334D303139333137            
04/11/25 07:04:37 0189 1                  44.720453 8.853350 00 00 31383032334D303139333134            
04/11/25 07:04:39 0190 1                  44.720452 8.853352 00 00 31383032334D303139333639            
04/11/25 07:05:09 0191 1                  44.720420 8.853340 00 00 31383032334D303139323734            
04/11/25 07:05:10 0192 1                  44.720418 8.853340 00 00 31383032334D303139323733            
04/11/25 07:06:10 0193 1                  44.720332 8.853560 00 00 31383032334D303033373533            
04/11/25 07:06:10 0194 1                  44.720332 8.853560 00 00 31383032334D303033373537            
04/11/25 07:06:18 0195 1                  44.720342 8.853562 00 00 31383032334D303033373534            
04/11/25 07:06:47 0196 1                  44.720368 8.853572 00 00 31387032334D303033363733            
04/11/25 07:06:47 0197 1                  44.720368 8.853572 00 00 3234303032334D3032303132            
04/11/25 07:08:06 0198 1                  44.720238 8.853795 00 00 31383032334D303130323632            
04/11/25 07:08:47 0199 1                  44.720418 8.854260 00 00 31383032334D303033363534            
04/11/25 07:08:50 0200 1                  44.720428 8.854257 00 00 31383032334D303130313030            
04/11/25 07:08:54 0201 1                  44.720443 8.854248 00 00 31383032334D303037393331            
04/11/25 07:08:59 0202 1                  44.720453 8.854245 00 00 3233303032334D3030343536            
04/11/25 07:09:04 0203 1                  44.720455 8.854243 00 00 3233303032334D3030313838            
04/11/25 07:10:04 0204 1                  44.720080 8.854368 00 00 31383032334D303134343133            
04/11/25 07:13:17 0205 1                  44.719678 8.855192 00 00 31383032334D303133383531            
04/11/25 07:14:04 0206 1                  44.719772 8.855582 00 00 3234303032334D3031333832            
04/11/25 07:17:23 0207 1                  44.720910 8.854940 00 00 3231303132304A3037363738            
04/11/25 07:17:46 0208 1                  44.720903 8.854935 00 00 31383032334D303038303538            
04/11/25 07:18:54 0209 1                  44.720910 8.855117 00 00 3556303032354F3033333631            
04/11/25 07:18:58 0210 1                  44.720915 8.855118 00 00 31383032334D303033363638            
04/11/25 07:19:04 0211 1                  44.720917 8.855115 00 00 3138303A334D303033383034            
04/11/25 07:19:10 0212 1                  44.720915 8.855108 00 00 3232303032334D3031383138            
04/11/25 07:19:15 0213 1                  44.720913 8.855107 00 00 31383032334D303033393736            
04/11/25 07:19:22 0214 1                  44.720913 8.855108 00 00 31383032334D303033393735            
04/11/25 07:19:30 0215 1                  44.720907 8.855108 00 00 31383032334D303033373937            
04/11/25 07:19:47 0216 1                  44.720895 8.855080 00 00 31383033304D303034323033            
04/11/25 07:20:07 0217 1                  44.721078 8.855183 00 00 31383032334D303134343336            
04/11/25 07:20:43 0218 1                  44.721192 8.855318 00 00 3234303032334D3032303937            
04/11/25 07:20:50 0219 1                  44.721192 8.855325 00 00 31383032334D303134343733            
04/11/25 07:21:54 0220 1                  44.721392 8.855517 00 00 3231303132304A3035323737            
04/11/25 07:22:16 0221 1                  44.721388 8.855530 00 00 31383032334D303134343130            
04/11/25 07:22:19 0222 1                  44.721387 8.855532 00 00 31383032334D303134343139            
04/11/25 07:22:54 0223 1                  44.721573 8.855715 00 00 31383032334D303038303832            
04/11/25 07:22:59 0224 1                  44.721588 8.855697 00 00 31383032334D303135313230            
04/11/25 07:23:07 0225 1                  44.721595 8.855678 00 00 31383032334D303036393838            
04/11/25 07:24:09 0226 1                  44.721837 8.855882 00 00 3234303132304A3032303736            
04/11/25 07:24:21 0227 1                  44.721832 8.855887 00 00 3234303132304A3032303735            
04/11/25 07:25:49 0228 1                  44.721667 8.856082 00 00 3234303032334D3030373635            
04/11/25 07:26:15 0229 1                  44.721617 8.856110 00 00 31383032334D303134303034            
04/11/25 07:26:15 0230 1                  44.721617 8.856110 00 00 31383032334D303038303630            
04/11/25 07:26:16 0231 1                  44.721617 8.856110 00 00 31383032334D303038303733            
04/11/25 07:26:38 0232 1                  44.721597 8.856085 00 00 31383032334D303038323130            
04/11/25 07:28:08 0233 1                  44.721360 8.856477 00 00 3231303132304A3037363434            
04/11/25 07:28:58 0234 1                  44.721180 8.857120 00 00 31383032334D303033373935            
04/11/25 07:29:03 0235 1                  44.721193 8.857125 00 00 31383032334D303033373933            
04/11/25 07:29:09 0236 1                  44.721200 8.857127 00 00 31383032334D303132383234            
04/11/25 07:29:18 0237 1                  44.721208 8.857127 00 00 31383032334D303037383533            
04/11/25 07:29:39 0238 1                  44.721198 8.857240 00 00 000000000000000016883634            
04/11/25 07:30:05 0239 1                  44.721230 8.857640 00 00 31383032334D303130333339            
04/11/25 07:30:59 0240 1                  44.721077 8.858367 00 00 3235303032334D3030323538            
04/11/25 07:31:05 0241 1                  44.721087 8.858393 00 00 3232303032334D3030373233            
04/11/25 07:31:11 0242 1                  44.721093 8.858415 00 00 3233303032334D3030343835            
04/11/25 07:31:26 0243 1                  44.721100 8.858470 00 00 31383032334D303139333130            
04/11/25 07:31:30 0244 1                  44.721100 8.858483 00 00 3232303032334D3031343235            
04/11/25 07:31:46 0245 1                  44.721092 8.858502 00 00 31383032334D303130323332            
04/11/25 07:35:10 0246 1                  44.721255 8.857685 00 00 31383032334D303033373834            
04/11/25 07:35:20 0247 1                  44.721247 8.857685 00 00 31383032334D303037393339            
04/11/25 07:37:46 0248 1                  44.723295 8.854400 00 00 31383032334D303037383837            
04/11/25 07:37:49 0249 1                  44.723298 8.854398 00 00 3235303032334D3030393733            
04/11/25 07:38:03 0250 1                  44.723313 8.854383 00 00 31383032334D303037383231            
04/11/25 07:38:08 0251 1                  44.723318 8.854377 00 00 3234303032334D3030313432            
04/11/25 07:38:18 0252 1                  44.723323 8.854370 00 00 31383032334D313037383839            
04/11/25 07:38:31 0253 1                  44.723327 8.854360 00 00 323030323545303034313136            
04/11/25 07:39:27 0254 1                  44.723478 8.854263 00 00 31383032334D303134373936            
04/11/25 07:39:44 0255 1                  44.723483 8.854253 00 00 3232303032334D3030363331            
04/11/25 07:40:36 0256 1                  44.723572 8.853995 00 00 31383032334D303038333034            
04/11/25 07:40:39 0257 1                  44.723573 8.853988 00 00 31383032334D303038333130            
04/11/25 07:40:42 0258 1                  44.723573 8.853987 00 00 31383032334D303130303635            
04/11/25 07:40:59 0259 1                  44.723588 8.853955 00 00 31383032334D303130307676            
04/11/25 07:41:00 0260 1                  44.723593 8.853950 00 00 31383032334D303130303676            
04/11/25 07:41:03 0261 1                  44.723598 8.853947 00 00 3138B032334D303039353933            
04/11/25 07:41:03 0262 1                  44.723598 8.853947 00 00 31383032334D303039353933            
04/11/25 07:41:19 0263 1                  44.723622 8.853940 00 00 31383032334D303038323330            
04/11/25 07:42:25 0264 1                  44.724442 8.853798 00 00 3233303032334D3031303231            
04/11/25 07:43:00 0265 1                  44.724527 8.853415 00 00 31383032334D303134363931            
04/11/25 07:45:53 0266 1                  44.724687 8.852988 00 00 3234303132304A3032313131            
04/11/25 07:47:19 0267 1                  44.725025 8.852898 00 00 31383032334D303038313734            
04/11/25 07:47:21 0268 1                  44.725027 8.852897 00 00 31383032334D303038313736            
04/11/25 07:47:24 0269 1                  44.725028 8.852897 00 00 31383032334D303038313735            
04/11/25 07:47:42 0270 1                  44.725038 8.852887 00 00 31383032334D303038313737            
04/11/25 07:47:44 0271 1                  44.725038 8.852885 00 00 31383032334D303038313739            
04/11/25 07:48:43 0272 1                  44.725050 8.852878 00 00 31383234304A303030323137            
04/11/25 07:49:34 0273 1                  44.725267 8.853330 00 00 31383032334D303038303433            
04/11/25 07:49:51 0274 1                  44.725268 8.853333 00 00 31383032334D303038323837            
04/11/25 07:50:16 0275 1                  44.725272 8.853342 00 00 31383032334D303038323836            
04/11/25 07:51:24 0276 1                  44.725623 8.853518 00 00 31383032334D303038313830            
04/11/25 07:53:49 0277 1                  44.725025 8.853607 00 00 31383032334D303038303737            
04/11/25 07:54:23 0278 1                  44.724837 8.853653 00 00 31383032334D303038303739            
04/11/25 07:54:54 0279 1                  44.724633 8.853715 00 00 3231303032334D3031393832            
04/11/25 07:55:49 0280 1                  44.724375 8.852537 00 00 31383032334D303133313332            
04/11/25 07:56:59 0281 1                  44.724155 8.852800 00 00 3235303234304A3031313331            
04/11/25 07:57:08 0282 1                  44.724152 8.852815 00 00 3235303234304A3031313334            
04/11/25 07:58:42 0283 1                  44.724058 8.852933 00 00 3235303234304A3031313335            
04/11/25 07:58:42 0284 1                  44.724058 8.852933 00 00 3235303234304A3031313333            
04/11/25 08:00:18 0285 1                  44.724342 8.852248 00 00 31383032334D303038313932            
04/11/25 08:01:04 0286 1                  44.724035 8.852070 00 00 3232303032334D3031383336            
04/11/25 08:01:43 0287 1                  44.723698 8.852252 00 00 31383032334D303139373436            
04/11/25 08:01:52 0288 1                  44.723700 8.852253 00 00 3231303032334D3031353631            
04/11/25 08:02:49 0289 1                  44.723200 8.852985 00 00 31383032334D303134373932            
04/11/25 08:03:24 0290 1                  44.723565 8.852743 00 00 31383032334D303038303339            
04/11/25 08:05:22 0291 1                  44.721572 8.853438 00 00 001000000011271100000000            
04/11/25 08:05:54 0292 1                  44.721630 8.854168 00 00 31383032334D303036363136            
04/11/25 08:06:06 0293 1                  44.721657 8.854177 00 00 31383032334D303139333731            
04/11/25 08:08:08 0294 1                  44.723903 8.854895 00 00 31383032334D303037363237            
04/11/25 08:08:08 0295 1                  44.723903 8.854895 00 00 313C3032334D303037363237            
04/11/25 08:08:09 0296 1                  44.723903 8.854895 00 00 31383032334D303037373437            
04/11/25 08:08:20 0297 1                  44.723927 8.854868 00 00 3234303032334D3032323130            
04/11/25 08:08:59 0298 1                  44.724238 8.854808 00 00 3231303132304A3037343934            
04/11/25 08:10:00 0299 1                  44.724423 8.854833 00 00 3231303132304A3037373733            
04/11/25 08:11:14 0300 1                  44.724598 8.854793 00 00 3231303132304A3037363834            
04/11/25 08:15:01 0301 1                  44.727245 8.855063 00 00 330E03A6F1B000C0000F77D9            
04/11/25 08:15:07 0302 1                  44.727257 8.855028 00 00 330E03A6F1B000C0000FBC6A            
04/11/25 08:15:07 0303 1                  44.727257 8.855028 00 00 330E03A6F1B000C0000F7DFF            
04/11/25 08:15:07 0304 1                  44.727257 8.855028 00 00 330E03A6F1B000C0000FCA6E            
04/11/25 08:15:08 0305 1                  44.727278 8.855062 00 00 330E03A6F1B000C0000F4A34            
04/11/25 08:15:08 0306 1                  44.727278 8.855062 00 00 330E03A6F1B000C0000FBC8D            
04/11/25 08:15:09 0307 1                  44.727278 8.855062 00 00 330E03A6F1B000C0000FCA6D            
04/11/25 08:15:09 0308 1                  44.727278 8.855062 00 00 330E03A6F1B000C0000F942D            
04/11/25 08:15:09 0309 1                  44.727278 8.855062 00 00 330E03A6F1B000C0000FCD5D            
04/11/25 08:15:10 0310 1                  44.727278 8.855062 00 00 330E03A6F1B09AC0000F51D8            
04/11/25 08:15:10 0311 1                  44.727298 8.855083 00 00 330E03A6F1B000C0000F7789            
04/11/25 08:15:10 0312 1                  44.727298 8.855083 00 00 330E03A6F1B000C0000F4A33            
04/11/25 08:15:11 0313 1                  44.727298 8.855083 00 00 330E03A6F1B000C0000F9092            
04/11/25 08:15:11 0314 1                  44.727298 8.855083 00 00 330E03A6F1B09AC0000F51D9            
04/11/25 08:15:48 0315 1                  44.727328 8.854962 00 00 31383234306A303030333331            
04/11/25 08:17:49 0316 1                  44.727162 8.854587 00 00 330E03A6F1B000C0000F65EE            
04/11/25 08:17:49 0317 1                  44.727162 8.854587 00 00 330E03A6F1B0008000109410            
04/11/25 08:17:50 0318 1                  44.727162 8.854587 00 00 330E03A6F1B000C0000F9091            
04/11/25 08:18:16 0319 1                  44.727287 8.854457 00 00 000000000000000017797439            
04/11/25 08:20:58 0320 1                  44.730947 8.850148 00 00 3234303234304A3030383036            
04/11/25 08:22:54 0321 1                  44.731738 8.848240 00 00 31383032334D303039343436            
04/11/25 08:30:54 0322 1                  44.736945 8.845008 00 00 31383032334D303036363735            
04/11/25 08:33:35 0323 1                  44.743670 8.836923 00 00 3231303132304A3037363233            
04/11/25 08:38:05 0324 1                  44.741473 8.843962 00 00 31383032334D303137333332            
04/11/25 08:38:15 0325 1                  44.741473 8.843950 00 00 31383032334D303137393139            
04/11/25 08:38:26 0326 1                  44.741473 8.843938 00 00 31383032334D303131313637            
04/11/25 08:40:46 0327 1                  44.741912 8.846600 00 00 3231303234304A3034333038            
04/11/25 08:42:24 0328 1                  44.742540 8.846373 00 00 3231303032334D3031373930            
04/11/25 08:44:31 0329 1                  44.745972 8.849258 00 00 31383032334D303131373833            
04/11/25 08:49:35 0330 1                  44.745940 8.844165 00 00 3232303032334D3031383335            
04/11/25 08:50:27 0331 1                  44.744382 8.844823 00 00 31383032334D303039333938            
04/11/25 08:51:09 0332 1                  44.743823 8.844990 00 00 3234303032334D3030333133            
04/11/25 08:54:11 0333 1                  44.736013 8.847638 00 00 3233303132304A3032303731            
04/11/25 08:58:11 0334 1                  44.730952 8.854857 00 00 3234303132304A3032303237            
04/11/25 09:00:06 0335 1                  44.731973 8.853690 00 00 31383032334D303039343439            
04/11/25 09:01:55 0336 1                  44.734582 8.852922 00 00 3234303032334D3030313936            
04/11/25 09:10:07 0000 s 01506ver01 44.732038 8.852350 00 00
04/11/25 09:12:29 0337 1                  44.738605 8.850355 00 00 3235303032334D3030333630            
04/11/25 09:14:06 0338 1                  44.738643 8.851430 00 00 31383032334D303134343035            
04/11/25 09:15:04 0339 1                  44.739135 8.852928 00 00 31383032334D303134343034            
04/11/25 09:15:42 0340 1                  44.739112 8.853447 00 00 3231303032334D3030303339            
04/11/25 09:17:13 0341 1                  44.737642 8.853367 00 00 31383032334D303130393133            
04/11/25 09:18:47 0342 1                  44.738318 8.853525 00 00 31383032334D303039343236            
04/11/25 09:19:19 0343 1                  44.738585 8.853625 00 00 3234303032334D3031353739            
04/11/25 09:20:15 0344 1                  44.740350 8.853415 00 00 31383032334D303134313033            
04/11/25 09:21:28 0345 1                  44.742808 8.852148 00 00 3233303032334D3031303931            
04/11/25 09:25:13 0346 1                  44.754557 8.850708 00 00 31383032334D303132393236            
04/11/25 09:30:54 0347 1                  44.753127 8.845683 00 00 3235303234304A3031313236            
04/11/25 09:31:27 0348 1                  44.753120 8.845688 00 00 31383234304A303030323637            
04/11/25 09:41:31 0000 s 01506ver01 44.743743 8.836915 00 00
04/11/25 10:10:15 0000 s 01506ver01 44.755888 8.799525 00 00
04/11/25 10:13:40 0349 1                  44.761905 8.786845 00 00 444535323632353546343537            
04/11/25 10:22:19 0350 1                  44.787253 8.747393 00 00 004400470005000400092711            
04/11/25 10:37:16 0000 s 01506ver01 44.778857 8.755665 00 00
