01/03/25 05:44:38 0000 s 01497ver01 44.882507 8.859992 00 00
01/03/25 06:02:51 0001 1                  44.851267 8.871125 00 00 313832343045303033323736            
01/03/25 06:02:51 0002 1                  44.851267 8.871125 00 00 3232303234304A3030353531            
01/03/25 06:10:44 0003 1                  44.849422 8.869018 00 00 3138323430C5303033323631            
01/03/25 06:13:41 0004 1                  44.847118 8.870817 00 00 313832343045303031333830            
01/03/25 06:17:53 0005 1                  44.844578 8.865050 00 00 313832343045303033323836            
01/03/25 06:21:13 0006 1                  44.847445 8.867608 00 00 313832343045303032343334            
01/03/25 06:26:16 0007 1                  44.850742 8.868525 00 00 3232303234304A3230313839            
01/03/25 06:28:35 0008 1                  44.850943 8.867372 00 00 313832343045303033333432            
01/03/25 06:32:32 0009 1                  44.850238 8.867498 00 00 3231303234304A3030383835            
01/03/25 06:34:35 0010 1                  44.849067 8.867437 00 00 313832343045303033323833            
01/03/25 06:35:46 0011 1                  44.848833 8.865982 00 00 3232303234304A3030303337            
01/03/25 06:37:40 0012 1                  44.849130 8.860967 00 00 313832343045303030353433            
01/03/25 06:38:54 0013 1                  44.849948 8.860825 00 00 313832343045303031343431            
01/03/25 06:38:56 0014 1                  44.849948 8.860823 00 00 3232303234304A3030303731            
01/03/25 06:40:17 0015 1                  44.850953 8.860468 00 00 313832343045303030353832            
01/03/25 06:41:50 0016 1                  44.849632 8.860740 00 00 31383234304A303031383830            
01/03/25 06:45:51 0017 1                  44.847208 8.861315 00 00 3233303234304A3030303930            
01/03/25 06:45:51 0018 1                  44.847208 8.861315 00 00 313832343045303033323535            
01/03/25 06:46:31 0019 1                  44.846920 8.861547 00 00 181252428900089650152630            
01/03/25 06:49:12 0020 1                  44.848230 8.866350 00 00 313832343045303031333738            
01/03/25 06:56:08 0021 1                  44.850945 8.886300 00 00 313832343045303032303634            
01/03/25 06:57:16 0022 1                  44.850985 8.886937 00 00 313832343045303031333639            
01/03/25 06:59:04 0023 1                  44.848142 8.889340 00 00 313832363045303033333033            
01/03/25 07:00:58 0024 1                  44.848543 8.891122 00 00 3233303234304A3030333539            
01/03/25 07:04:32 0025 1                  44.846402 8.891480 00 00 313832343045303032393832            
01/03/25 07:08:59 0026 1                  44.847718 8.887923 00 00 3234303234304A3030303930            
01/03/25 07:08:59 0027 1                  44.847718 8.887923 00 00 3234303234304A3030303930            
01/03/25 07:10:14 0028 1                  44.849022 8.887472 00 00 313932343056303030303930            
01/03/25 07:14:07 0029 1                  44.850260 8.891637 00 00 313832343045303031343330            
01/03/25 07:15:42 0030 1                  44.850703 8.895013 00 00 323032343056303031363137            
01/03/25 07:18:39 0031 1                  44.853440 8.903470 00 00 323032343056303030373931            
01/03/25 07:20:04 0032 1                  44.852862 8.903058 00 00 3234303234304A3031303438            
01/03/25 07:20:04 0033 1                  44.852862 8.903058 00 00 3234303234304A3031303335            
01/03/25 07:25:49 0034 1                  44.850137 8.891028 00 00 3232303234304A3030323936            
01/03/25 07:30:08 0035 1                  44.852058 8.888443 00 00 3234303234304A3030383438            
01/03/25 07:30:08 0036 1                  44.852058 8.888443 00 00 313832343045303030343436            
01/03/25 07:30:10 0037 1                  44.852058 8.888440 00 00 313832343045303030343436            
01/03/25 07:31:21 0038 1                  44.851348 8.887948 00 00 313932343056303030333632            
01/03/25 07:46:51 0000 s 01497ver01 44.882358 8.860003 00 00
01/03/25 08:35:04 0000 s 01497ver01 44.882410 8.860303 00 00
01/03/25 08:36:39 0000 s 01497ver01 44.882413 8.860273 00 00
01/03/25 08:37:17 0000 s 01497ver01 44.882332 8.859750 00 00
