04/11/25 05:01:58 0000 s 01893ver01 44.779040 8.755860 00 00
04/11/25 05:20:55 0001 1                  44.732003 8.841882 00 00 3231303132304a3037363231            
04/11/25 05:22:14 0002 1                  44.732542 8.841067 00 00 3231303132304a3037363130            
04/11/25 05:22:33 0003 1                  44.732575 8.841002 00 00 3231303132304a3037363132            
04/11/25 05:22:44 0004 1                  44.732572 8.840982 00 00 3231303132304a3037363038            
04/11/25 05:22:48 0005 1                  44.732572 8.840980 00 00 3233303132304a3032313430            
04/11/25 05:23:06 0006 1                  44.732568 8.840970 00 00 3231303132304a3037363133            
04/11/25 05:24:02 0007 1                  44.732537 8.840940 00 00 3231303132304a3037363039            
04/11/25 05:25:16 0008 1                  44.732532 8.840950 00 00 3231303132304a3037363034            
04/11/25 05:25:24 0009 1                  44.732533 8.840952 00 00 3231303132304a3037363035            
04/11/25 05:26:22 0010 1                  44.732538 8.840953 00 00 3231303132304a3037363037            
04/11/25 05:26:28 0011 1                  44.732543 8.840955 00 00 3231303132304a3037363131            
04/11/25 05:28:02 0012 1                  44.732010 8.840772 00 00 31383032334d303139373035            
04/11/25 05:29:12 0013 1                  44.732568 8.840720 00 00 31383032334d303139303938            
04/11/25 05:33:11 0014 1                  44.735557 8.832142 00 00 3233303032334d3031303534            
04/11/25 05:33:40 0015 1                  44.735390 8.832342 00 00 3234303032334d3031333736            
04/11/25 05:37:10 0016 1                  44.729635 8.850763 00 00 31383234304a303030333134            
04/11/25 05:37:50 0017 1                  44.729628 8.850752 00 00 3235303234304a3030323639            
04/11/25 05:39:29 0018 1                  44.728997 8.852208 00 00 31383032334d303139313036            
04/11/25 05:39:36 0019 1                  44.729002 8.852212 00 00 31383032334d303139373534            
04/11/25 05:39:44 0020 1                  44.729005 8.852207 00 00 3231303032334d3032383234            
04/11/25 05:39:52 0021 1                  44.729007 8.852210 00 00 31383032334d303139353739            
04/11/25 05:40:42 0022 1                  44.728322 8.852868 00 00 3231303234304a3034353834            
04/11/25 05:40:54 0023 1                  44.728298 8.852875 00 00 3231303234304a3034323637            
04/11/25 05:42:34 0024 1                  44.728315 8.852820 00 00 31383234304a303030323033            
04/11/25 05:43:58 0025 1                  44.728260 8.852717 00 00 323031323055303030303931            
04/11/25 05:44:11 0026 1                  44.728260 8.852713 00 00 323031323055303030303739            
04/11/25 05:44:18 0027 1                  44.728262 8.852707 00 00 3232303234304a3030383535            
04/11/25 05:45:20 0028 1                  44.728220 8.852602 00 00 3231303234304a3034353438            
04/11/25 05:45:31 0029 1                  44.728200 8.852608 00 00 3231303234304a3034333639            
04/11/25 05:45:47 0030 1                  44.728178 8.852608 00 00 3232313130304a3030313236            
04/11/25 05:48:23 0031 1                  44.728180 8.852793 00 00 3233313130304a3030313036            
04/11/25 05:48:24 0032 1                  44.728198 8.852782 00 00 31383132304a303032303133            
04/11/25 05:49:11 0033 1                  44.729548 8.851277 00 00 111150000000001621069095            
04/11/25 05:54:27 0034 1                  44.730908 8.841997 00 00 3231303234304a3034333631            
04/11/25 05:55:30 0035 1                  44.730958 8.842307 00 00 3231303132304a3037343133            
04/11/25 05:56:59 0036 1                  44.730928 8.843542 00 00 31383132304a303039303235            
04/11/25 05:57:13 0037 1                  44.730952 8.843555 00 00 3234303132304a3032303639            
04/11/25 06:00:53 0038 1                  44.730468 8.843453 00 00 31383234304a303030323039            
04/11/25 06:03:17 0039 1                  44.729825 8.843698 00 00 31383032334d303134353438            
04/11/25 06:04:23 0040 1                  44.729850 8.843787 00 00 31383032334d303134373433            
04/11/25 06:05:37 0041 1                  44.729727 8.843245 00 00 3231303032334d3031373032            
04/11/25 06:07:20 0042 1                  44.730128 8.842337 00 00 31383032334d303033383135            
04/11/25 06:07:27 0043 1                  44.730132 8.842318 00 00 3232303032334d3031303830            
04/11/25 06:08:56 0044 1                  44.730108 8.844228 00 00 31383032334d303130333537            
04/11/25 06:09:05 0045 1                  44.730112 8.844227 00 00 31383032334d303036373535            
04/11/25 06:10:14 0046 1                  44.728658 8.845862 00 00 31383032334d303134353434            
04/11/25 06:10:33 0047 1                  44.728638 8.845925 00 00 3233303032334d3030343134            
04/11/25 06:11:18 0048 1                  44.728628 8.846677 00 00 31383032334d303131313831            
04/11/25 06:11:57 0049 1                  44.728048 8.847583 00 00 31383032334d303130313835            
04/11/25 06:12:44 0050 1                  44.727963 8.847233 00 00 3234303032334d3032333136            
04/11/25 06:12:54 0051 1                  44.727992 8.847165 00 00 31383032334d303134363137            
04/11/25 06:13:05 0052 1                  44.727990 8.847142 00 00 3233303032334d3030353838            
04/11/25 06:13:56 0053 1                  44.728088 8.846635 00 00 31383032334d303134363433            
04/11/25 06:14:08 0054 1                  44.728117 8.846618 00 00 31383032334d703038323131            
04/11/25 06:14:09 0055 1                  44.728122 8.846617 00 00 31383032334d303038323131            
04/11/25 06:15:08 0056 1                  44.728328 8.846923 00 00 31383032334d303037393934            
04/11/25 06:15:55 0057 1                  44.727895 8.847155 00 00 31383032334d303134363139            
04/11/25 06:15:57 0058 1                  44.727895 8.847152 00 00 31383032334d303334363139            
04/11/25 06:16:27 0059 1                  44.727655 8.847487 00 00 31383032334d303134363337            
04/11/25 06:17:50 0060 1                  44.727085 8.848660 00 00 31383032334d303131303039            
04/11/25 06:18:04 0061 1                  44.727087 8.848673 00 00 31383032334d303131303130            
04/11/25 06:20:54 0062 1                  44.727030 8.848153 00 00 31383032334d303131303033            
04/11/25 06:20:56 0063 1                  44.727048 8.848125 00 00 31383032334d303130383339            
04/11/25 06:22:48 0064 1                  44.726517 8.849870 00 00 31383032334d303134373535            
04/11/25 06:23:17 0065 1                  44.726697 8.849897 00 00 31383032334d303134373537            
04/11/25 06:23:20 0066 1                  44.726712 8.849907 00 00 31383032334d303130313635            
04/11/25 06:23:44 0067 1                  44.726735 8.849913 00 00 31383032334d303134373534            
04/11/25 06:23:49 0068 1                  44.726740 8.849912 00 00 31383032334d303134363135            
04/11/25 06:23:54 0069 1                  44.726745 8.849908 00 00 300ed89f335001401e3af7eb            
04/11/25 06:23:59 0070 1                  44.726752 8.849907 00 00 31383032334d303134363134            
04/11/25 06:24:30 0071 1                  44.726865 8.849887 00 00 25705569a686679232c30db1d7086082    
04/11/25 06:24:37 0072 1                  44.726937 8.849890 00 00 31383032334d303033373936            
04/11/25 06:25:22 0073 1                  44.727057 8.849887 00 00 31383033304d303031353432            
04/11/25 06:25:39 0074 1                  44.727142 8.849925 00 00 3234303032334d3031313330            
04/11/25 06:25:47 0075 1                  44.727155 8.849923 00 00 323030323545303030333833            
04/11/25 06:25:52 0076 1                  44.727157 8.849925 00 00 31383032334d303134383935            
04/11/25 06:26:04 0077 1                  44.727155 8.849930 00 00 3234303033304d3031353830            
04/11/25 06:26:07 0078 1                  44.727153 8.849932 00 00 323030323545303033333831            
04/11/25 06:26:49 0079 1                  44.727223 8.849900 00 00 3235303032334d3030373436            
04/11/25 06:26:50 0080 1                  44.727223 8.849900 00 00 323030323545303034313533            
04/11/25 06:28:14 0081 1                  44.727593 8.848633 00 00 3232303032334d3031343338            
04/11/25 06:28:19 0082 1                  44.727595 8.848630 00 00 31383032334d303037363936            
04/11/25 06:28:53 0083 1                  44.727713 8.848438 00 00 31383032334d303130313638            
04/11/25 06:28:57 0084 1                  44.727707 8.848433 00 00 31383032334d303130303532            
04/11/25 06:29:03 0085 1                  44.727702 8.848428 00 00 31383032334d303130313634            
04/11/25 06:29:33 0086 1                  44.727943 8.848025 00 00 31383032334d303535313131            
04/11/25 06:30:02 0087 1                  44.728067 8.847820 00 00 3232303032334d3030323733            
04/11/25 06:30:09 0088 1                  44.728065 8.847807 00 00 31383032334d303139313936            
04/11/25 06:30:15 0089 1                  44.728063 8.847803 00 00 31383032334d303130333635            
04/11/25 06:31:05 0090 1                  44.728600 8.846958 00 00 3231303132304a3037353439            
04/11/25 06:31:16 0091 1                  44.728605 8.846942 00 00 3234303032334d3030393937            
04/11/25 06:31:23 0092 1                  44.728605 8.846938 00 00 31383032334d303130303231            
04/11/25 06:31:28 0093 1                  44.728607 8.846933 00 00 31383032334d303037363339            
04/11/25 06:31:33 0094 1                  44.728608 8.846927 00 00 31383032334d303130303234            
04/11/25 06:31:38 0095 1                  44.728608 8.846918 00 00 31383032334d303130303232            
04/11/25 06:32:53 0096 1                  44.728870 8.846542 00 00 31383032334d303037383238            
04/11/25 06:32:58 0097 1                  44.728867 8.846530 00 00 31383032334d303037383331            
04/11/25 06:33:37 0098 1                  44.729198 8.846022 00 00 3235303032334d3030313739            
04/11/25 06:33:43 0099 1                  44.729210 8.846017 00 00 3235303032334d3030393738            
04/11/25 06:33:58 0100 1                  44.729227 8.846015 00 00 3231303132304a3037343433            
04/11/25 06:35:02 0101 1                  44.729665 8.845343 00 00 31383032334d303131303338            
04/11/25 06:35:28 0102 1                  44.729817 8.845067 00 00 71383832334d303134353436            
04/11/25 06:35:54 0103 1                  44.729982 8.844770 00 00 31383032334d303131303337            
04/11/25 06:36:21 0104 1                  44.730125 8.844497 00 00 3235303032334d3030383331            
04/11/25 06:37:03 0105 1                  44.730527 8.844902 00 00 31383032334d303331303831            
04/11/25 06:37:09 0106 1                  44.730527 8.844893 00 00 31383032334d303134343930            
04/11/25 06:37:13 0107 1                  44.730525 8.844883 00 00 31383032334d303134363432            
04/11/25 06:37:37 0108 1                  44.730422 8.845000 00 00 31383032334d303033383637            
04/11/25 06:37:45 0109 1                  44.730420 8.844988 00 00 31383032334d303033383935            
04/11/25 06:37:51 0110 1                  44.730420 8.844990 00 00 31383032334d303139333039            
04/11/25 06:38:12 0111 1                  44.730213 8.845292 00 00 18122243030005195016257300000000    
04/11/25 06:38:20 0112 1                  44.730180 8.845277 00 00 31383032334d303037393839            
04/11/25 06:39:44 0113 1                  44.730075 8.845538 00 00 31383032334d303033393434            
04/11/25 06:39:50 0114 1                  44.730072 8.845557 00 00 31383032334d303033363634            
04/11/25 06:39:57 0115 1                  44.730075 8.845570 00 00 31383032334d303037373238            
04/11/25 06:40:07 0116 1                  44.730077 8.845587 00 00 3234303032334d3030353738            
04/11/25 06:40:15 0117 1                  44.730082 8.845587 00 00 31383032334d303033373439            
04/11/25 06:40:39 0118 1                  44.730083 8.845588 00 00 3234303032334d3031383039            
04/11/25 06:41:05 0119 1                  44.730070 8.845652 00 00 313931323050303034383139            
04/11/25 06:41:32 0120 1                  44.729863 8.846050 00 00 31383032334d303134353337            
04/11/25 06:41:36 0121 1                  44.729865 8.846058 00 00 31383032334d303134353538            
04/11/25 06:42:09 0122 1                  44.729732 8.846238 00 00 3234303032334d3030383832            
04/11/25 06:42:35 0123 1                  44.729583 8.846400 00 00 31383032334d303134343839            
04/11/25 06:43:00 0124 1                  44.729500 8.846593 00 00 31383032334d303134353832            
04/11/25 06:43:30 0125 1                  44.729395 8.846705 00 00 31383032334d303134343f36            
04/11/25 06:43:40 0126 1                  44.729400 8.846702 00 00 31383032334d303134363636            
04/11/25 06:44:05 0127 1                  44.729305 8.846848 00 00 31383032334d303134343433            
04/11/25 06:44:38 0128 1                  44.729175 8.847115 00 00 31383032334d303134343737            
04/11/25 06:45:05 0129 1                  44.729047 8.847393 00 00 3232303032334d3030373934            
04/11/25 06:45:35 0130 1                  44.728778 8.847833 00 00 31383032334d303037363932            
04/11/25 06:46:05 0131 1                  44.728608 8.848093 00 00 31383032334d303037363933            
04/11/25 06:46:10 0132 1                  44.728605 8.848098 00 00 31383032334d303037363934            
04/11/25 06:46:14 0133 1                  44.728605 8.848105 00 00 31383032334d303037363935            
04/11/25 06:47:00 0134 1                  44.728347 8.848963 00 00 3231303132304a3037353335            
04/11/25 06:48:06 0135 1                  44.728463 8.848592 00 00 353631343933363630303031353031313032
04/11/25 06:48:08 0136 1                  44.728463 8.848592 00 00 353035353337323830303031353031393235
04/11/25 06:48:24 0137 1                  44.728663 8.848350 00 00 31383032334d303130323839            
04/11/25 06:48:51 0138 1                  44.728777 8.848197 00 00 31383032334d303037393230            
04/11/25 06:49:26 0139 1                  44.728993 8.847835 00 00 3232303032334d3031303839            
04/11/25 06:49:44 0140 1                  44.729073 8.847625 00 00 223370934109810002010000            
04/11/25 06:51:08 0141 1                  44.729798 8.846530 00 00 3234303032334d3030393435            
04/11/25 06:51:32 0142 1                  44.729920 8.846358 00 00 555338334d2309810024041705472001    
04/11/25 06:51:50 0143 1                  44.730145 8.845977 00 00 3234303032334d3032313136            
04/11/25 06:52:36 0144 1                  44.730525 8.845278 00 00 c30c30c30c30c30c30c30c30c3086082    
04/11/25 06:52:49 0145 1                  44.730608 8.845108 00 00 31383032334d303033383636            
04/11/25 06:53:47 0146 1                  44.730805 8.844332 00 00 323030323545303033383734            
04/11/25 06:53:56 0147 1                  44.730810 8.844312 00 00 31383032334d303037373334            
04/11/25 06:54:00 0148 1                  44.730810 8.844308 00 00 31383032334d303135313434            
04/11/25 06:55:50 0149 1                  44.728577 8.847385 00 00 3235303032334d3030393233            
04/11/25 06:56:00 0150 1                  44.728587 8.847388 00 00 31383032334d303037373736            
04/11/25 06:56:10 0151 1                  44.728583 8.847398 00 00 31383032334d303131313433            
04/11/25 06:58:26 0152 1                  44.729837 8.847723 00 00 3032334d3031343634310000000000000000
04/11/25 06:58:27 0153 1                  44.729838 8.847723 00 00 31383032334d303134343431            
04/11/25 06:58:54 0154 1                  44.730000 8.847470 00 00 3138303233cd303038303731            
04/11/25 06:58:55 0155 1                  44.730000 8.847470 00 00 31383032334d303038303731            
04/11/25 06:58:59 0156 1                  44.730003 8.847450 00 00 31383032334d303038303730            
04/11/25 06:59:05 0157 1                  44.730002 8.847430 00 00 31383032334d303038303732            
04/11/25 06:59:42 0158 1                  44.730183 8.847142 00 00 31383032334d303033393432            
04/11/25 06:59:43 0159 1                  44.730180 8.847142 00 00 31383032334d303038303639            
04/11/25 06:59:52 0160 1                  44.730173 8.847117 00 00 31383032334d303036343436            
04/11/25 07:00:39 0161 1                  44.730650 8.846435 00 00 31383032334d303038313030            
04/11/25 07:01:26 0162 1                  44.730750 8.846198 00 00 31383032334d303038303937            
04/11/25 07:02:37 0163 1                  44.730672 8.846270 00 00 31383032334d303038303938            
04/11/25 07:02:42 0164 1                  44.730672 8.846270 00 00 3032334d3030383039390000000000000000
04/11/25 07:02:44 0165 1                  44.730673 8.846270 00 00 31383032334d303038303939            
04/11/25 07:02:51 0166 1                  44.730672 8.846267 00 00 31383032334d303038323031            
04/11/25 07:02:59 0167 1                  44.730670 8.846270 00 00 31383032334d303038303734            
04/11/25 07:03:37 0168 1                  44.730538 8.846343 00 00 31383032334d303139353839            
04/11/25 07:04:14 0169 1                  44.730535 8.846343 00 00 31383032334d303038323132            
04/11/25 07:04:48 0170 1                  44.730392 8.846447 00 00 31383032334d303038303931            
04/11/25 07:05:36 0171 1                  44.730282 8.846542 00 00 31383032334d303038323134            
04/11/25 07:05:55 0172 1                  44.730210 8.846690 00 00 31383032334d303038313137            
04/11/25 07:06:57 0173 1                  44.730263 8.846898 00 00 31383032334d303134363837            
04/11/25 07:07:02 0174 1                  44.730263 8.846907 00 00 3232303032334d3030323239            
04/11/25 07:07:40 0175 1                  44.730042 8.847157 00 00 323030323545303038333933            
04/11/25 07:08:22 0176 1                  44.729848 8.847387 00 00 31383032334d303038313833            
04/11/25 07:09:28 0177 1                  44.727868 8.847828 00 00 31383032334d303130323734            
04/11/25 07:11:02 0178 1                  44.729048 8.851538 00 00 323032343055303030303239            
04/11/25 07:13:21 0179 1                  44.728897 8.852145 00 00 3231303132304a3037373739            
04/11/25 07:13:27 0180 1                  44.728897 8.852147 00 00 301854aac15283782377794b            
04/11/25 07:15:07 0181 1                  44.728677 8.850597 00 00 31383032334d303130393435            
04/11/25 07:15:53 0182 1                  44.728833 8.850543 00 00 31383234304a303030333933            
04/11/25 07:15:57 0183 1                  44.728830 8.850547 00 00 31383032334d303039323334            
04/11/25 07:15:59 0184 1                  44.728830 8.850547 00 00 31383032334d303130393933            
04/11/25 07:16:12 0185 1                  44.728825 8.850558 00 00 31383032334d303033393931            
04/11/25 07:16:16 0186 1                  44.728823 8.850562 00 00 3231303032334d3031383736            
04/11/25 07:16:28 0187 1                  44.728820 8.850577 00 00 3234303032334d3030373032            
04/11/25 07:18:17 0188 1                  44.729365 8.850187 00 00 31383032334d303130393436            
04/11/25 07:18:27 0189 1                  44.729390 8.850143 00 00 3234303032334d3030313933            
04/11/25 07:18:36 0190 1                  44.729408 8.850128 00 00 31383032334d303134373630            
04/11/25 07:18:39 0191 1                  44.729410 8.850128 00 00 31383032334d303130397438            
04/11/25 07:18:41 0192 1                  44.729412 8.850128 00 00 31383032334d303130393438            
04/11/25 07:19:12 0193 1                  44.729332 8.850200 00 00 31383234304a303030333936            
04/11/25 07:20:50 0194 1                  44.728572 8.850303 00 00 31383032734d303037393832            
04/11/25 07:20:53 0195 1                  44.728558 8.850307 00 00 31383032334d303037393832            
04/11/25 07:21:48 0196 1                  44.727412 8.849362 00 00 31383032334d303130323731            
04/11/25 07:21:54 0197 1                  44.727412 8.849363 00 00 31383032334d303130303338            
04/11/25 07:22:02 0198 1                  44.727402 8.849365 00 00 31383032334d303130333630            
04/11/25 07:22:12 0199 1                  44.727405 8.849367 00 00 31383032334d303130323732            
04/11/25 07:22:13 0200 1                  44.727405 8.849367 00 00 31383033334d303130323732            
04/11/25 07:23:28 0201 1                  44.726845 8.848402 00 00 31383032334d303131303036            
04/11/25 07:25:13 0202 1                  44.726632 8.847790 00 00 31383032334d303134363735            
04/11/25 07:25:27 0203 1                  44.726753 8.847592 00 00 31383032334d303134373937            
04/11/25 07:25:54 0204 1                  44.726843 8.847450 00 00 31383032334d303134353037            
04/11/25 07:26:29 0205 1                  44.727387 8.846588 00 00 31383032334d303134353634            
04/11/25 07:26:35 0206 1                  44.727387 8.846575 00 00 31383032334d303134353633            
04/11/25 07:27:07 0207 1                  44.727632 8.846207 00 00 33383032334d303038303736            
04/11/25 07:27:09 0208 1                  44.727632 8.846207 00 00 31383032334d303038303736            
04/11/25 07:27:40 0209 1                  44.727992 8.845647 00 00 31383032334d303134343439            
04/11/25 07:28:18 0210 1                  44.728432 8.844755 00 00 31383032334d303134343437            
04/11/25 07:28:58 0211 1                  44.728328 8.844818 00 00 31383032334d303134343531            
04/11/25 07:29:35 0212 1                  44.728178 8.844915 00 00 31383032334d303134343530            
04/11/25 07:30:51 0213 1                  44.727280 8.845197 00 00 31383032334d303134363237            
04/11/25 07:31:31 0214 1                  44.727812 8.845670 00 00 31383032334d303036353739            
04/11/25 07:31:59 0215 1                  44.727663 8.845887 00 00 31383032334d303134343532            
04/11/25 07:32:36 0216 1                  44.727263 8.846255 00 00 31383032334d303134353635            
04/11/25 07:32:53 0217 1                  44.727235 8.846325 00 00 3234303032334d3030313534            
04/11/25 07:33:28 0218 1                  44.727005 8.846765 00 00 31383032334d303134353439            
04/11/25 07:34:16 0219 1                  44.726858 8.847053 00 00 31383032334d303134363732            
04/11/25 07:36:52 0220 1                  44.729440 8.844275 00 00 31383032334d303134363739            
04/11/25 07:37:10 0221 1                  44.729457 8.844257 00 00 31383032334d303134373432            
04/11/25 07:37:12 0222 1                  44.729458 8.844255 00 00 31383032334d303130333034            
04/11/25 07:38:12 0223 1                  44.729265 8.844363 00 00 31383032334d303130383136            
04/11/25 07:38:53 0224 1                  44.729125 8.844518 00 00 31383032334d303134373435            
04/11/25 07:39:21 0225 1                  44.729028 8.844692 00 00 31383032334d303130383134            
04/11/25 07:40:04 0226 1                  44.729188 8.844237 00 00 000000000000000015960780            
04/11/25 07:40:26 0227 1                  44.729095 8.844010 00 00 323030323545303033363739            
04/11/25 07:40:44 0228 1                  44.729097 8.843963 00 00 31383032334d303038313130            
04/11/25 07:41:01 0229 1                  44.729127 8.843692 00 00 31383032334d303038313131            
04/11/25 07:41:50 0230 1                  44.728848 8.843893 00 00 31383032334d303134373431            
04/11/25 07:42:39 0231 1                  44.728743 8.843862 00 00 31383032334d303130383138            
04/11/25 07:43:27 0232 1                  44.728713 8.843845 00 00 31383032334d303130383133            
04/11/25 07:44:21 0233 1                  44.728522 8.843745 00 00 31383032334d303134363331            
04/11/25 07:45:20 0234 1                  44.728363 8.843650 00 00 31383032334d303131303635            
04/11/25 07:45:27 0235 1                  44.728358 8.843653 00 00 31383032334d303130323930            
04/11/25 07:46:17 0236 1                  44.728117 8.843620 00 00 31383032334d303134363638            
04/11/25 07:48:09 0237 1                  44.727460 8.842912 00 00 31383032334d303134343639            
04/11/25 07:48:20 0238 1                  44.727440 8.842898 00 00 31383032334d303037383734            
04/11/25 07:49:43 0239 1                  44.728452 8.843053 00 00 31383032334d303037373733            
04/11/25 07:51:14 0240 1                  44.726827 8.842898 00 00 31383032334d303134383030            
04/11/25 07:51:16 0241 1                  44.726813 8.842963 00 00 31383232334d303134343636            
04/11/25 07:51:31 0242 1                  44.726793 8.843040 00 00 31383032334d303134343738            
04/11/25 07:52:44 0243 1                  44.727357 8.843447 00 00 3234303032334d3031393537            
04/11/25 07:52:53 0244 1                  44.727358 8.843442 00 00 31383032334d303130383132            
04/11/25 07:53:43 0245 1                  44.727250 8.844128 00 00 31383032335d303134363438            
04/11/25 07:54:26 0246 1                  44.726688 8.844242 00 00 31383032334d303134343837            
04/11/25 07:54:33 0247 1                  44.726682 8.844240 00 00 31383032334d303134353530            
04/11/25 07:55:24 0248 1                  44.726582 8.844187 00 00 3235303032334d3030353631            
04/11/25 07:55:32 0249 1                  44.726583 8.844192 00 00 31383032334d303134343835            
04/11/25 07:55:39 0250 1                  44.726583 8.844195 00 00 31383032334db03134343834            
04/11/25 07:56:38 0251 1                  44.726200 8.844133 00 00 31383032334d303134343833            
04/11/25 07:57:26 0252 1                  44.727195 8.844668 00 00 31383032334d303134363532            
04/11/25 07:58:10 0253 1                  44.726467 8.845340 00 00 31383032334d303134363939            
04/11/25 07:58:38 0254 1                  44.726038 8.845160 00 00 31383032334d303134363937            
04/11/25 07:59:25 0255 1                  44.725705 8.844962 00 00 3232303032334d3030323732            
04/11/25 08:00:48 0256 1                  44.726458 8.846018 00 00 3234303032334d3032323532            
04/11/25 08:01:21 0257 1                  44.726277 8.846382 00 00 31383032334d303134363133            
04/11/25 08:02:19 0258 1                  44.725908 8.845647 00 00 31383032334d303134373634            
04/11/25 08:03:08 0259 1                  44.725657 8.845572 00 00 31383032334d303134373631            
04/11/25 08:03:22 0260 1                  44.725642 8.845572 00 00 31383032334d303134373633            
04/11/25 08:03:40 0261 1                  44.725570 8.845540 00 00 31383032334d303134363036            
04/11/25 08:03:41 0262 1                  44.725568 8.845538 00 00 31383032334d303134363032            
04/11/25 08:05:18 0263 1                  44.726285 8.847692 00 00 31383032334d303139353634            
04/11/25 08:05:29 0264 1                  44.726295 8.847695 00 00 31383032334d303134363736            
04/11/25 08:09:02 0265 1                  44.723573 8.838212 00 00 31383132304a303039313332            
04/11/25 08:13:28 0266 1                  44.712823 8.840087 00 00 31383032334d303139353237            
04/11/25 08:13:33 0267 1                  44.712828 8.840092 00 00 31383032334d303134353637            
04/11/25 08:16:51 0268 1                  44.718623 8.830955 00 00 31383032334d303130303735            
04/11/25 08:18:35 0269 1                  44.718695 8.830772 00 00 31383132304a303130373139            
04/11/25 08:27:08 0270 1                  44.725433 8.836470 00 00 3036143dd4468a9748dee6a8            
04/11/25 08:27:11 0271 1                  44.725435 8.836472 00 00 30340bf62808809bf08ebb6e            
04/11/25 08:27:16 0272 1                  44.725437 8.836473 00 00 300ed89f335001401e3af7eb            
04/11/25 08:29:35 0273 1                  44.727108 8.840232 00 00 31383234304a303030333537            
04/11/25 08:29:51 0274 1                  44.727103 8.840243 00 00 31383234304a303030333538            
04/11/25 08:31:25 0275 1                  44.729292 8.839528 00 00 3230303234304a3030343332            
04/11/25 08:31:47 0276 1                  44.729232 8.839243 00 00 31383234304a303030333330            
04/11/25 08:32:26 0277 1                  44.729207 8.839218 00 00 3230303234304a3030343333            
04/11/25 08:37:28 0278 1                  44.732637 8.832085 00 00 3231303234304a3034333330            
04/11/25 08:39:45 0279 1                  44.732843 8.831520 00 00 323032343055303030303632            
04/11/25 08:39:53 0280 1                  44.732842 8.831517 00 00 323031323055303030303939            
04/11/25 08:41:54 0281 1                  44.735693 8.830657 00 00 3234303234304a3030373335            
04/11/25 08:42:13 0282 1                  44.735682 8.830635 00 00 323031323055303030303936            
04/11/25 08:43:32 0283 1                  44.735668 8.830642 00 00 323031323055303030303937            
04/11/25 08:45:06 0284 1                  44.735437 8.831113 00 00 323031323055303030303538            
04/11/25 08:52:49 0285 1                  44.762063 8.786247 00 00 3142040110872190                    
04/11/25 08:54:12 0286 1                  44.763383 8.784202 00 00 313931323050303038303936            
04/11/25 08:54:14 0287 1                  44.763380 8.784223 00 00 313932343050303030313634            
04/11/25 10:51:36 0000 s 01893ver01 44.763443 8.784267 00 00
04/11/25 10:51:48 0288 1                  0 0 00 00 3230303033304d3034373337            
04/11/25 10:52:56 0289 1                  0 0 00 00 25759769a6831324d7cb1c33c7186082    
04/11/25 11:01:44 0290 1                  44.787287 8.747335 00 00 300ed89f3350020f0009d886            
