25/01/25 05:46:56 0000 s 01486ver01 44.882480 8.859907 00 00
25/01/25 06:03:11 0001 1                  44.971090 8.881497 00 00 323030323545303038363033            
25/01/25 06:04:16 0002 1                  44.971300 8.882353 00 00 3233303234304A3030393837            
25/01/25 06:04:52 0003 1                  44.971485 8.881650 00 00 31383032334D303035393936            
25/01/25 06:05:32 0004 1                  44.971970 8.881023 00 00 3231303032334D3030343333            
25/01/25 06:06:12 0005 1                  44.973042 8.881525 00 00 3231303032334D3032303135            
25/01/25 06:06:37 0006 1                  44.973240 8.881570 00 00 323030323545303030383838            
25/01/25 06:06:38 0007 1                  44.973240 8.881570 00 00 323030323545303030383839            
25/01/25 06:06:56 0008 1                  44.973280 8.881580 00 00 323030323545303030393230            
25/01/25 06:07:22 0009 1                  44.973417 8.881627 00 00 3231303032334D3032353938            
25/01/25 06:07:41 0010 1                  44.973513 8.881680 00 00 3231303032334D3034323831            
25/01/25 06:07:55 0011 1                  44.973615 8.881708 00 00 323030323545303035383833            
25/01/25 06:08:13 0012 1                  44.973778 8.881733 00 00 323030323545303036303634            
25/01/25 06:08:19 0013 1                  44.973777 8.881735 00 00 323030323545303037393735            
25/01/25 06:08:44 0014 1                  44.973927 8.881783 00 00 323030323545303030343432            
25/01/25 06:09:21 0015 1                  44.974807 8.881945 00 00 323030323545303036353239            
25/01/25 06:09:34 0016 1                  44.974940 8.881958 00 00 3234303032334D3032303434            
25/01/25 06:10:02 0017 1                  44.975688 8.882213 00 00 323030323545303035393937            
25/01/25 06:11:29 0018 1                  44.975345 8.881513 00 00 323030323545303030343133            
25/01/25 06:12:40 0019 1                  44.976150 8.882322 00 00 323030323545303036303139            
25/01/25 06:12:59 0020 1                  44.976308 8.882335 00 00 323031323055303030313832            
25/01/25 06:14:28 0021 1                  44.976098 8.883188 00 00 323030323545303036313734            
25/01/25 06:14:35 0022 1                  44.976093 8.883180 00 00 323030323545303036313735            
25/01/25 06:15:05 0023 1                  44.975782 8.883783 00 00 323030323545303036313534            
25/01/25 06:15:16 0024 1                  44.975792 8.883783 00 00 323030323545303036313736            
25/01/25 06:17:09 0025 1                  44.969572 8.885248 00 00 323030323545303032353031            
25/01/25 06:17:13 0026 1                  44.969563 8.885248 00 00 323030323545303032313832            
25/01/25 06:17:19 0027 1                  44.969552 8.885248 00 00 3231303032334D3031303837            
25/01/25 06:18:06 0028 1                  44.968712 8.884902 00 00 323030323545303035383139            
25/01/25 06:20:36 0029 1                  44.976363 8.885272 00 00 323030323545303033303433            
25/01/25 06:21:40 0030 1                  44.978010 8.885210 00 00 323030323545303035383931            
25/01/25 06:22:14 0031 1                  44.978048 8.884523 00 00 323030323545303036363235            
25/01/25 06:22:31 0032 1                  44.977910 8.884285 00 00 323030323545303035383236            
25/01/25 06:22:46 0033 1                  44.977787 8.884005 00 00 3232303032334D3030373834            
25/01/25 06:22:58 0034 1                  44.977710 8.883910 00 00 323030323545303035383132            
25/01/25 06:23:21 0035 1                  44.977338 8.883993 00 00 323030323545303035383831            
25/01/25 06:23:51 0036 1                  44.977145 8.884173 00 00 323030323545303033303839            
25/01/25 06:24:10 0037 1                  44.977073 8.884290 00 00 3231303032334D3035343433            
25/01/25 06:24:22 0038 1                  44.976815 8.884485 00 00 323030323545303033303838            
25/01/25 06:24:40 0039 1                  44.976358 8.884627 00 00 323030323545303032323238            
25/01/25 06:25:56 0040 1                  44.976402 8.885840 00 00 323030323545303036313030            
25/01/25 06:26:16 0041 1                  44.976610 8.885905 00 00 323030323545303032373832            
25/01/25 06:26:17 0042 1                  44.976610 8.885905 00 00 323030323545303032373931            
25/01/25 06:26:21 0043 1                  44.976613 8.885915 00 00 323030323545303032373936            
25/01/25 06:26:21 0044 1                  44.976613 8.885915 00 00 323030323545303032383632            
25/01/25 06:26:48 0045 1                  44.976818 8.885975 00 00 323030323545303032383730            
25/01/25 06:26:56 0046 1                  44.976810 8.885982 00 00 323030323545303032383638            
25/01/25 06:27:18 0047 1                  44.977087 8.886028 00 00 323030323545303032383536            
25/01/25 06:27:23 0048 1                  44.977090 8.886023 00 00 323030323545303032383537            
25/01/25 06:27:54 0049 1                  44.977327 8.886045 00 00 323030323545303032393138            
25/01/25 06:28:49 0050 1                  44.977735 8.886742 00 00 323030323545303032393432            
25/01/25 06:28:50 0051 1                  44.977737 8.886742 00 00 323030323545303032383338            
25/01/25 06:29:13 0052 1                  44.977803 8.886400 00 00 323030323545303032393035            
25/01/25 06:29:35 0053 1                  44.978095 8.886263 00 00 323030323545303036363539            
25/01/25 06:29:44 0054 1                  44.978107 8.886308 00 00 323030323545303036363630            
25/01/25 06:30:13 0055 1                  44.978152 8.886465 00 00 323030323545303032393635            
25/01/25 06:30:27 0056 1                  44.978160 8.886468 00 00 323030323545303032393633            
25/01/25 06:30:59 0057 1                  44.978350 8.886355 00 00 323030323545303036363530            
25/01/25 06:31:50 0058 1                  44.978560 8.885890 00 00 3234303032334D3030373133            
25/01/25 06:32:19 0059 1                  44.978588 8.885675 00 00 323030323545303032383732            
25/01/25 06:32:37 0060 1                  44.978590 8.885662 00 00 323030323545303035393133            
25/01/25 06:32:40 0061 1                  44.978592 8.885662 00 00 323030323545303032393730            
25/01/25 06:34:02 0062 1                  44.977883 8.885935 00 00 323030323545303036363537            
25/01/25 06:35:33 0063 1                  44.976807 8.882530 00 00 323030323545303035393636            
25/01/25 06:36:33 0064 1                  44.977415 8.883212 00 00 323030323545303035373734            
25/01/25 06:36:46 0065 1                  44.977493 8.883370 00 00 323030323545303035383636            
25/01/25 06:37:09 0066 1                  44.977758 8.884030 00 00 323030323545303033303938            
25/01/25 06:37:38 0067 1                  44.978477 8.885053 00 00 323030323545303036343833            
25/01/25 06:38:03 0068 1                  44.978895 8.885150 00 00 323030323545303035383536            
25/01/25 06:38:09 0069 1                  44.978890 8.885168 00 00 323030323545303035383039            
25/01/25 06:38:47 0070 1                  44.979162 8.885217 00 00 323030323545303035343933            
25/01/25 06:38:52 0071 1                  44.979165 8.885217 00 00 3234303032334D3030373239            
25/01/25 06:39:42 0072 1                  44.979418 8.885628 00 00 323030323545303036373635            
25/01/25 06:40:00 0073 1                  44.979403 8.885782 00 00 3232303032334D3031363530            
25/01/25 06:40:04 0074 1                  44.979397 8.885783 00 00 323030323545303030353433            
25/01/25 06:40:04 0075 1                  44.979397 8.885783 00 00 323030323545303030353834            
25/01/25 06:40:06 0076 1                  44.979397 8.885783 00 00 323030323545303032333730            
25/01/25 06:40:13 0077 1                  44.979400 8.885787 00 00 323030323545303030313936            
25/01/25 06:41:09 0078 1                  44.979243 8.886287 00 00 323030323545303035383631            
25/01/25 06:41:24 0079 1                  44.979195 8.886537 00 00 323030323545303035383538            
25/01/25 06:42:29 0080 1                  44.978952 8.889757 00 00 3231303032334D3033393133            
25/01/25 06:42:56 0081 1                  44.979122 8.889857 00 00 323030323545303033373730            
25/01/25 06:42:56 0082 1                  44.979122 8.889857 00 00 323030323545303033383133            
25/01/25 06:43:00 0083 1                  44.979117 8.889860 00 00 323030323545303030343730            
25/01/25 06:44:18 0084 1                  44.979550 8.890000 00 00 323030323545303032313337            
25/01/25 06:44:18 0085 1                  44.979550 8.890000 00 00 323030323545303033383139            
25/01/25 06:44:21 0086 1                  44.979548 8.889995 00 00 323030323545303030363038            
25/01/25 06:45:13 0087 1                  44.979792 8.890070 00 00 323030323545303032323936            
25/01/25 06:45:15 0088 1                  44.979803 8.890062 00 00 3234303032334D3030353239            
25/01/25 06:45:23 0089 1                  44.979828 8.890063 00 00 323030323545303033383332            
25/01/25 06:46:41 0090 1                  44.978567 8.890520 00 00 323030323545303035363031            
25/01/25 06:46:47 0091 1                  44.978557 8.890517 00 00 323030323545303035363030            
25/01/25 06:47:35 0092 1                  44.978078 8.893140 00 00 323030323545303036363938            
25/01/25 06:47:35 0093 1                  44.978078 8.893140 00 00 323030323545303032393534            
25/01/25 06:47:38 0094 1                  44.978077 8.893142 00 00 323030323545303033303034            
25/01/25 06:47:46 0095 1                  44.978075 8.893147 00 00 3234303032334D3030313838            
25/01/25 06:49:01 0096 1                  44.976780 8.900747 00 00 323030323545303036373638            
25/01/25 06:51:09 0097 1                  44.977558 8.910165 00 00 323031323055303030323732            
25/01/25 06:52:07 0098 1                  44.977817 8.910332 00 00 323031323055303030323536            
25/01/25 06:57:58 0099 1                  44.977318 8.894883 00 00 323030323545303035383939            
25/01/25 07:00:31 0100 1                  44.976978 8.893682 00 00 323030323545303030353239            
25/01/25 07:00:35 0101 1                  44.976975 8.893682 00 00 323030323545303032373935            
25/01/25 07:00:41 0102 1                  44.976973 8.893682 00 00 323030323545303033303739            
25/01/25 07:01:11 0103 1                  44.977567 8.893860 00 00 323030323545303036363937            
25/01/25 07:02:59 0104 1                  44.979177 8.892988 00 00 323030323545303036373633            
25/01/25 07:04:51 0105 1                  44.978860 8.888990 00 00 323030323545303035373932            
25/01/25 07:05:32 0106 1                  44.979003 8.887967 00 00 323030323545303036363830            
25/01/25 07:06:07 0107 1                  44.979377 8.886783 00 00 3232303032334D3030353236            
25/01/25 07:06:10 0108 1                  44.979368 8.886785 00 00 323030323545303036353439            
25/01/25 07:06:26 0109 1                  44.979347 8.886800 00 00 3234303032334D3030343235            
25/01/25 07:06:31 0110 1                  44.979340 8.886798 00 00 323030323545303032393736            
25/01/25 07:06:53 0111 1                  44.979587 8.886855 00 00 323030323545303035373931            
25/01/25 07:07:39 0112 1                  44.979907 8.887265 00 00 323030323545303036343739            
25/01/25 07:08:05 0113 1                  44.980133 8.886895 00 00 323030323545303036313031            
25/01/25 07:08:25 0114 1                  44.980272 8.886980 00 00 323030323545303036313038            
25/01/25 07:08:33 0115 1                  44.980272 8.886987 00 00 323030323545303035393237            
25/01/25 07:09:03 0116 1                  44.981078 8.887168 00 00 323030323545303035373632            
25/01/25 07:09:21 0117 1                  44.981407 8.887215 00 00 323030323545303035383930            
25/01/25 07:11:46 0118 1                  44.981713 8.887565 00 00 3233303032334D3030373930            
25/01/25 07:12:06 0119 1                  44.981608 8.887988 00 00 323030323545303036343039            
25/01/25 07:12:23 0120 1                  44.981502 8.888017 00 00 323030323545303036353539            
25/01/25 07:13:27 0121 1                  44.980648 8.888130 00 00 323030323545303035383335            
25/01/25 07:16:51 0122 1                  44.981905 8.886722 00 00 323030323545303036353433            
25/01/25 07:17:12 0123 1                  44.981993 8.886200 00 00 323030323545303036353430            
25/01/25 07:17:49 0124 1                  44.981780 8.885497 00 00 3232303032334D3030333435            
25/01/25 07:18:29 0125 1                  44.980087 8.885107 00 00 323030323545303036353130            
25/01/25 07:19:12 0126 1                  44.979712 8.885468 00 00 323030323545303032333932            
25/01/25 07:19:16 0127 1                  44.979712 8.885488 00 00 323030323545303032333933            
25/01/25 07:19:38 0128 1                  44.979892 8.885510 00 00 323030323545303035383733            
25/01/25 07:20:12 0129 1                  44.980697 8.885335 00 00 323030323545303036363230            
25/01/25 07:20:32 0130 1                  44.981372 8.885535 00 00 323030323545303035383637            
25/01/25 07:20:49 0131 1                  44.981577 8.885450 00 00 3231303032334D3035333038            
25/01/25 07:21:30 0132 1                  44.982692 8.885750 00 00 323030323545303036343735            
25/01/25 07:24:45 0133 1                  44.983610 8.886492 00 00 323030323545303036343935            
25/01/25 07:26:32 0134 1                  44.982563 8.885383 00 00 323030323545303036343632            
25/01/25 07:26:57 0135 1                  44.982675 8.885175 00 00 323030323545303032323838            
25/01/25 07:27:19 0136 1                  44.982810 8.884950 00 00 323030323545303036343435            
25/01/25 07:28:06 0137 1                  44.983175 8.884467 00 00 323030323545303036343436            
25/01/25 07:29:10 0138 1                  44.984205 8.883085 00 00 3231303032334D3033393730            
25/01/25 07:30:57 0139 1                  44.986327 8.883328 00 00 3234303032334D3030363633            
25/01/25 07:33:39 0140 1                  44.986340 8.880035 00 00 323030323545303036343238            
25/01/25 07:34:04 0141 1                  44.986160 8.879882 00 00 323030323545303032333231            
25/01/25 07:34:25 0142 1                  44.986040 8.879848 00 00 323030323545303033313337            
25/01/25 07:34:42 0143 1                  44.985987 8.879807 00 00 323030323545303033313338            
25/01/25 07:34:55 0144 1                  44.985783 8.879567 00 00 323030323545303033313230            
25/01/25 07:35:13 0145 1                  44.985608 8.879458 00 00 323030323545303039303330            
25/01/25 07:35:37 0146 1                  44.985403 8.879300 00 00 323030323545303033313331            
25/01/25 07:36:26 0147 1                  44.984902 8.878833 00 00 323030323545303032323539            
25/01/25 07:37:03 0148 1                  44.984635 8.878632 00 00 323030323545303033313037            
25/01/25 07:37:33 0149 1                  44.984687 8.878240 00 00 3231303032334D3030343139            
25/01/25 07:38:51 0150 1                  44.985238 8.878442 00 00 323030323545303033313537            
25/01/25 07:39:15 0151 1                  44.985312 8.878492 00 00 323030323545303032333233            
25/01/25 07:39:39 0152 1                  44.985505 8.878602 00 00 3232303032334D3030363135            
25/01/25 07:39:56 0153 1                  44.985670 8.878737 00 00 3232303032334D3030353834            
25/01/25 07:40:15 0154 1                  44.985890 8.878923 00 00 323030323545303036343931            
25/01/25 07:40:40 0155 1                  44.986085 8.879093 00 00 323030323545303033383333            
25/01/25 07:41:12 0156 1                  44.986268 8.879252 00 00 323030323545303036343530            
25/01/25 07:42:19 0157 1                  44.986528 8.879522 00 00 323030323545303036343938            
25/01/25 07:45:52 0158 1                  44.986455 8.880727 00 00 3231303032334D3031323639            
25/01/25 07:47:18 0159 1                  44.987905 8.881720 00 00 323030323545303036343336            
25/01/25 07:48:29 0160 1                  44.990205 8.882483 00 00 323030323545303038363134            
25/01/25 07:49:09 0161 1                  44.991588 8.882847 00 00 323030323545303033313339            
25/01/25 07:58:00 0162 1                  44.993732 8.883528 00 00 323030323545303037353036            
25/01/25 07:59:23 0163 1                  44.991198 8.882455 00 00 323030323545303036343334            
25/01/25 08:36:21 0000 s 01486ver01 44.982282 8.875147 00 00
25/01/25 08:37:45 0164 1                  44.982318 8.875015 00 00 3233303234304A3030393837            
25/01/25 08:38:54 0165 1                  44.979680 8.875850 00 00 3231303032334D3032323632            
25/01/25 08:39:21 0166 1                  44.979612 8.876132 00 00 323030323545303030323038            
25/01/25 08:39:48 0167 1                  44.979405 8.876645 00 00 323030323545303033303635            
25/01/25 08:39:58 0168 1                  44.979418 8.876703 00 00 323030323545303032323033            
25/01/25 08:40:58 0169 1                  44.979653 8.877153 00 00 3232303032334D3030393531            
25/01/25 08:42:11 0170 1                  44.980515 8.877870 00 00 323030323545303034323532            
25/01/25 08:42:42 0171 1                  44.980943 8.877128 00 00 323030323545303034313832            
25/01/25 08:43:07 0172 1                  44.980535 8.876852 00 00 323030323545303036303835            
25/01/25 08:43:25 0173 1                  44.980213 8.876628 00 00 323030323545303030353432            
25/01/25 08:43:29 0174 1                  44.980205 8.876617 00 00 323030323545303030343734            
25/01/25 08:43:30 0175 1                  44.980205 8.876617 00 00 323030323545303030353430            
25/01/25 08:43:33 0176 1                  44.980202 8.876605 00 00 323030323545303030343732            
25/01/25 08:43:36 0177 1                  44.980198 8.876603 00 00 323030323545303030353431            
25/01/25 08:44:01 0178 1                  44.980055 8.876518 00 00 323030323545303032383230            
25/01/25 08:44:07 0179 1                  44.980055 8.876523 00 00 323030323545303032333739            
25/01/25 08:44:11 0180 1                  44.980052 8.876525 00 00 323030323545303032373837            
25/01/25 08:45:25 0181 1                  44.978990 8.876643 00 00 323030323545303036303837            
25/01/25 08:46:12 0182 1                  44.978590 8.876055 00 00 323030323545303032343136            
25/01/25 08:46:51 0183 1                  44.978637 8.875462 00 00 323030323545303039333139            
25/01/25 08:47:21 0184 1                  44.978592 8.875723 00 00 323030323545303035383836            
25/01/25 08:47:43 0185 1                  44.978512 8.875955 00 00 323030323545303032353433            
25/01/25 08:47:49 0186 1                  44.978508 8.875955 00 00 323030323545303030363135            
25/01/25 08:48:20 0187 1                  44.978273 8.876095 00 00 323030323545303036303131            
25/01/25 08:51:00 0188 1                  44.978373 8.877063 00 00 323030323545303035393436            
25/01/25 08:51:48 0189 1                  44.978468 8.876767 00 00 3232303032334D3031353536            
25/01/25 08:53:21 0190 1                  44.979192 8.877272 00 00 323030323545303036303136            
25/01/25 08:53:58 0191 1                  44.979020 8.877673 00 00 323030323545303035393836            
25/01/25 08:54:20 0192 1                  44.978963 8.877935 00 00 323030323545303036303530            
25/01/25 08:54:55 0193 1                  44.979212 8.878200 00 00 111110000000000268530295            
25/01/25 08:55:30 0194 1                  44.979907 8.878605 00 00 323030323545303036353637            
25/01/25 08:55:31 0195 1                  44.979907 8.878605 00 00 323030323545303036303032            
25/01/25 08:55:51 0196 1                  44.979667 8.878532 00 00 323030323545303036353931            
25/01/25 08:56:50 0197 1                  44.978748 8.877805 00 00 323030323545303035393734            
25/01/25 08:57:44 0198 1                  44.977912 8.878017 00 00 323030323545303036303833            
25/01/25 08:58:06 0199 1                  44.977973 8.878242 00 00 323030323545303036303338            
25/01/25 08:58:24 0200 1                  44.978033 8.878532 00 00 323030323545303036303337            
25/01/25 08:58:43 0201 1                  44.978028 8.878695 00 00 323030323545303036353738            
25/01/25 08:59:21 0202 1                  44.978108 8.879103 00 00 323030323545303030343435            
25/01/25 08:59:23 0203 1                  44.978108 8.879103 00 00 3231303032334D3035323031            
25/01/25 08:59:43 0204 1                  44.978155 8.879383 00 00 323030323545303036343231            
25/01/25 08:59:52 0205 1                  44.978167 8.879447 00 00 3234303032334D3030363138            
25/01/25 09:00:20 0206 1                  44.978458 8.880257 00 00 323030323545303032393137            
25/01/25 09:00:39 0207 1                  44.978583 8.880103 00 00 323030323545303036353939            
25/01/25 09:00:57 0208 1                  44.978775 8.879998 00 00 323030323545303032393130            
25/01/25 09:01:04 0209 1                  44.978787 8.880017 00 00 3233303032334D3030383632            
25/01/25 09:01:08 0210 1                  44.978773 8.879988 00 00 323030323545303036363032            
25/01/25 09:01:31 0211 1                  44.978853 8.879868 00 00 323030323545303036303035            
25/01/25 09:02:18 0212 1                  44.979158 8.879683 00 00 323030323545303036353930            
25/01/25 09:02:56 0213 1                  44.978373 8.880258 00 00 323030323545303033383238            
25/01/25 09:03:03 0214 1                  44.978377 8.880275 00 00 3231303032334D3034353232            
25/01/25 09:04:17 0215 1                  44.978015 8.880490 00 00 323030323545303035393637            
25/01/25 09:05:32 0216 1                  44.977715 8.880580 00 00 323030323545303036303038            
25/01/25 09:15:03 0217 1                  44.981905 8.882598 00 00 3233303234304A3030393837            
25/01/25 09:21:38 0000 s 01486ver01 44.971367 8.882322 00 00
25/01/25 09:37:02 0218 1                  44.968010 8.878865 00 00 323030323545303034363637            
25/01/25 10:15:35 0000 s 01486ver01 44.882537 8.860232 00 00
25/01/25 10:21:22 0000 s 01486ver01 44.882537 8.860220 00 00
25/01/25 10:34:11 0000 s 01486ver01 44.882260 8.860293 00 00
25/01/25 11:11:05 0000 s 01486ver01 44.882202 8.860290 00 00
25/01/25 15:20:34 0000 s 01486ver01 44.882322 8.860083 00 00
25/01/25 15:23:26 0219 1                  0 0 00 00 300ED89F3350005FE2D3C8E7            
25/01/25 15:23:26 0220 1                  0 0 00 00 3231303234304A3032373534            
25/01/25 15:23:57 0221 1                  0 0 00 00 3231303234304A3032373538            
25/01/25 15:24:57 0222 1                  0 0 00 00 3231303234304A3032373738            
25/01/25 15:25:10 0223 1                  0 0 00 00 3233303234304A3030393836            
