03/11/25 05:25:25 0000 s 01883ver01 44.882727 8.860328 00 00
03/11/25 05:29:04 0001 1                  0 0 00 00 253003722909360002010000            
03/11/25 05:29:55 0002 1                  0 0 00 00 3234303234304a3030363235            
03/11/25 05:29:58 0003 1                  0 0 00 00 3234303132304a3032303431            
03/11/25 05:30:28 0004 1                  0 0 00 00 3234303234304a3030363236            
03/11/25 05:31:11 0005 1                  0 0 00 00 300ed89f335001601e5480d8            
03/11/25 05:31:47 0006 1                  0 0 00 00 31383032334d303036353330            
03/11/25 05:32:30 0007 1                  0 0 00 00 31383032b34d303036363937            
03/11/25 05:33:38 0008 1                  0 0 00 00 3234303032334d3031363937            
03/11/25 05:33:45 0009 1                  0 0 00 00 3234303032334d3030333839            
03/11/25 05:34:36 0010 1                  0 0 00 00 3232303032334d3031393234            
03/11/25 05:34:40 0011 1                  0 0 00 00 3232303032334d3030343734            
03/11/25 05:35:52 0012 1                  0 0 00 00 31383032334d303036373130            
03/11/25 05:36:02 0013 1                  0 0 00 00 31383032334d303036373230            
03/11/25 05:37:20 0014 1                  0 0 00 00 31383032334d303036343435            
03/11/25 05:38:24 0015 1                  0 0 00 00 31383032334d303036373132            
03/11/25 05:39:17 0016 1                  0 0 00 00 31383032334d303135373033            
03/11/25 05:40:00 0017 1                  0 0 00 00 313931323053303038303334            
03/11/25 05:40:02 0018 1                  0 0 00 00 31383032334d303133323137            
03/11/25 05:40:54 0019 1                  0 0 00 00 300ed89f335000a01e919eb3            
03/11/25 05:43:52 0020 1                  44.865608 8.856165 00 00 31383032334d303036343036            
03/11/25 05:44:31 0021 1                  44.865487 8.856063 00 00 31383032334d303036353834            
03/11/25 05:45:31 0022 1                  44.863827 8.855730 00 00 31383032334d303036353938            
03/11/25 05:46:26 0023 1                  0 0 00 00 31383032334d303036353930            
03/11/25 05:47:17 0024 1                  44.863225 8.858480 00 00 31383032334d303138363830            
03/11/25 05:51:40 0025 1                  44.865303 8.858130 00 00 31383032334d303135303433            
03/11/25 05:52:13 0026 1                  44.865777 8.857607 00 00 31383032334d303135363630            
03/11/25 05:54:09 0027 1                  44.861978 8.861965 00 00 3231303032334d3034313138            
03/11/25 05:55:25 0028 1                  44.858342 8.864822 00 00 3232303032334d3030383832            
03/11/25 05:56:04 0029 1                  44.857805 8.865190 00 00 31383032334d303037323439            
03/11/25 05:56:09 0030 1                  44.857792 8.865177 00 00 31383032334d303138373432            
03/11/25 05:57:09 0031 1                  44.856005 8.867773 00 00 31383032334d303138343835            
03/11/25 05:58:31 0032 1                  44.851688 8.870088 00 00 31383032334d303138373435            
03/11/25 05:59:24 0033 1                  44.850712 8.870662 00 00 31383032334d303138343930            
03/11/25 06:00:41 0034 1                  44.850292 8.870837 00 00 31383032334d303138373633            
03/11/25 06:01:42 0035 1                  44.849870 8.870992 00 00 31383132304a303039313838            
03/11/25 06:03:17 0036 1                  44.849708 8.871010 00 00 31383032334d303137353431            
03/11/25 06:03:26 0037 1                  44.849688 8.870992 00 00 31383032334d303038353939            
03/11/25 06:03:34 0038 1                  44.849673 8.871015 00 00 31383032334d303078353939            
03/11/25 06:04:10 0039 1                  44.849435 8.870363 00 00 3235303032334d3030313630            
03/11/25 06:04:41 0040 1                  44.849513 8.870332 00 00 31383032334d303138343830            
03/11/25 06:04:50 0041 1                  44.849482 8.870320 00 00 31383032334d303138363537            
03/11/25 06:05:16 0042 1                  44.849392 8.870445 00 00 31383032334d303138353633            
03/11/25 06:05:25 0043 1                  44.849455 8.870350 00 00 31383032334d303138343132            
03/11/25 06:06:56 0044 1                  44.848753 8.870625 00 00 31783032334d303138383435            
03/11/25 06:07:06 0045 1                  44.848765 8.870618 00 00 31383032334d303138383430            
03/11/25 06:07:58 0046 1                  44.848892 8.870918 00 00 3234303032334d3031353935            
03/11/25 06:08:56 0047 1                  44.849335 8.870787 00 00 3231303132304a3037343131            
03/11/25 06:10:38 0048 1                  44.849822 8.870575 00 00 31383032334d303030393838            
03/11/25 06:11:03 0049 1                  44.849985 8.870673 00 00 000000000000000005160342            
03/11/25 06:11:30 0050 1                  44.850175 8.870612 00 00 31383032334d303138343738            
03/11/25 06:11:46 0051 1                  44.850178 8.870593 00 00 3234303032334d3031383330            
03/11/25 06:12:27 0052 1                  44.849972 8.871033 00 00 31383032334d303138363134            
03/11/25 06:12:59 0053 1                  44.849490 8.869967 00 00 31383032334d303138363534            
03/11/25 06:13:26 0054 1                  44.849640 8.869892 00 00 3234303032334d3031363336            
03/11/25 06:13:39 0055 1                  44.849610 8.869887 00 00 3231303032334d3030313739            
03/11/25 06:14:00 0056 1                  44.849675 8.869868 00 00 3231303132304a3037343835            
03/11/25 06:14:55 0057 1                  44.849738 8.869798 00 00 313831323045303039303333            
03/11/25 06:15:06 0058 1                  44.849735 8.869755 00 00 31383032334d303138363038            
03/11/25 06:17:29 0059 1                  44.849187 8.869790 00 00 31383032334d303138363631            
03/11/25 06:17:48 0060 1                  44.849155 8.869742 00 00 31383032334d303137343839            
03/11/25 06:17:49 0061 1                  44.849102 8.869792 00 00 31383032334d303137333830            
03/11/25 06:17:58 0062 1                  44.849083 8.869800 00 00 31383032334d303137333a30            
03/11/25 06:18:33 0063 1                  44.848978 8.870133 00 00 31383032334d303137323132            
03/11/25 06:18:45 0064 1                  44.848973 8.870182 00 00 31383032334d303137353436            
03/11/25 06:19:34 0065 1                  44.848837 8.870177 00 00 31383032334d303137333337            
03/11/25 06:19:39 0066 1                  44.848833 8.870175 00 00 31383032334d303137333338            
03/11/25 06:19:48 0067 1                  44.848830 8.870172 00 00 31383032334d303137333339            
03/11/25 06:20:54 0068 1                  44.848875 8.869952 00 00 31383032334d303032303730            
03/11/25 06:20:55 0069 1                  44.848882 8.869905 00 00 31383032334d303032313030            
03/11/25 06:20:56 0070 1                  44.848882 8.869905 00 00 31383032334d303137343834            
03/11/25 06:21:20 0071 1                  44.848895 8.869825 00 00 31383032334d303032333030            
03/11/25 06:22:24 0072 1                  44.849267 8.869660 00 00 31383032334d303137343132            
03/11/25 06:23:41 0073 1                  44.849215 8.869433 00 00 31383032334d303137323131            
03/11/25 06:24:17 0074 1                  44.848898 8.869070 00 00 31383032334d303133353931            
03/11/25 06:24:42 0075 1                  44.848752 8.869025 00 00 31383032334d303133323130            
03/11/25 06:25:51 0076 1                  44.848490 8.869370 00 00 31383032334d303137343230            
03/11/25 06:26:04 0077 1                  44.848497 8.869378 00 00 31383032334d303136333630            
03/11/25 06:26:38 0078 1                  44.848512 8.869548 00 00 3234303032334d3031343537            
03/11/25 06:27:56 0079 1                  44.848475 8.869823 00 00 31383032334d303138383530            
03/11/25 06:28:30 0080 1                  44.848472 8.869893 00 00 31383032334d303138393535            
03/11/25 06:28:45 0081 1                  44.848595 8.869988 00 00 3232303032334d3030323138            
03/11/25 06:29:13 0082 1                  44.848602 8.870303 00 00 313831323045303135373637            
03/11/25 06:29:23 0083 1                  44.848593 8.870363 00 00 31383032334d303138363035            
03/11/25 06:29:37 0084 1                  44.848580 8.870358 00 00 31383032334d303138393733            
03/11/25 06:30:50 0085 1                  44.847975 8.870540 00 00 31383032334d303138373630            
03/11/25 06:31:06 0086 1                  44.847957 8.870552 00 00 31383032334d303138393532            
03/11/25 06:31:15 0087 1                  44.847503 8.870633 00 00 31383032334d303138383739            
03/11/25 06:31:58 0088 1                  44.847492 8.870615 00 00 31383032334d303035343931            
03/11/25 06:32:05 0089 1                  44.847147 8.870695 00 00 31383032334d303138373732            
03/11/25 06:32:49 0090 1                  44.846467 8.871015 00 00 31383032334d303137333530            
03/11/25 06:33:18 0091 1                  44.846395 8.871142 00 00 31383032334d303137333532            
03/11/25 06:33:48 0092 1                  44.846383 8.871092 00 00 31383032334d303131383036            
03/11/25 06:34:22 0093 1                  44.844998 8.871173 00 00 3233303032334d3030353334            
03/11/25 06:34:55 0094 1                  44.844095 8.870850 00 00 323030323545303037343738            
03/11/25 06:37:21 0095 1                  44.843975 8.870937 00 00 300ed89f335001501e13a557            
03/11/25 06:37:23 0096 1                  44.843975 8.870937 00 00 31383032334d303138393533            
03/11/25 06:39:55 0097 1                  44.845183 8.871617 00 00 31383234593945473530313535323732    
03/11/25 06:40:15 0098 1                  44.845452 8.871608 00 00 3234303032334d3031303532            
03/11/25 06:42:16 0099 1                  44.845968 8.871712 00 00 3232303032334d3031353537            
03/11/25 06:44:49 0100 1                  44.848910 8.873098 00 00 3232303032334d3030323437            
03/11/25 06:46:47 0101 1                  44.851328 8.871172 00 00 3233303032334d3030323338            
03/11/25 06:52:22 0102 1                  44.882155 8.858637 00 00 31383032334d303134393234            
03/11/25 07:00:23 0000 s 01883ver01 44.882805 8.859967 00 00
03/11/25 07:00:41 0103 1                  44.882602 8.860080 00 00 300ed89f3350014a1e1c50db            
03/11/25 07:01:17 0104 1                  44.883035 8.859610 00 00 253003722909360002010000            
03/11/25 07:02:10 0105 1                  44.881787 8.858523 00 00 3234303234304a3030363235            
03/11/25 07:03:37 0106 1                  44.867738 8.856348 00 00 000000002600000000000000            
03/11/25 07:04:01 0107 1                  44.865852 8.857530 00 00 31383032334d303135363630            
03/11/25 07:04:05 0108 1                  44.865445 8.858027 00 00 31383032334d303135303433            
03/11/25 07:05:08 0109 1                  44.857955 8.865125 00 00 31383032334d303138373432            
03/11/25 07:06:14 0110 1                  44.850827 8.870682 00 00 31383032334d303138343930            
03/11/25 07:06:22 0111 1                  44.850625 8.870502 00 00 31383032334d303138343739            
03/11/25 07:06:46 0112 1                  44.850643 8.870335 00 00 300ed89f335001501e13a557            
03/11/25 07:06:51 0113 1                  44.850647 8.870328 00 00 300ed89f335001601e5480d8            
03/11/25 07:07:11 0114 1                  44.850677 8.870095 00 00 31383032334d303138393734            
03/11/25 07:08:38 0115 1                  44.850553 8.868477 00 00 31383032334d303038343536            
03/11/25 07:09:17 0116 1                  44.850983 8.867518 00 00 31383032334d303138373835            
03/11/25 07:09:28 0117 1                  44.850998 8.867498 00 00 3234303032334d3032313036            
03/11/25 07:09:58 0118 1                  44.851170 8.867212 00 00 31383032334d303138343939            
03/11/25 07:11:35 0000 s 01883ver01 0 0 00 00
03/11/25 07:11:45 0119 1                  44.851625 8.866458 00 00 3232303032334d3030393530            
03/11/25 07:11:48 0120 1                  44.851627 8.866458 00 00 3232303032334d3030393530            
03/11/25 07:12:17 0121 1                  44.851810 8.865923 00 00 31383032334d303133323935            
03/11/25 07:12:30 0122 1                  44.851823 8.865928 00 00 300ed89f335001601e5480d8            
03/11/25 07:12:57 0123 1                  44.851613 8.866003 00 00 31383033334d303138343935            
03/11/25 07:13:29 0124 1                  44.851295 8.866087 00 00 3231303032334d3030313933            
03/11/25 07:14:16 0125 1                  44.851013 8.866203 00 00 e2806f1200000002331f3b03            
03/11/25 07:14:24 0126 1                  44.850970 8.866213 00 00 e2806f120000000232dc0aff            
03/11/25 07:17:08 0000 s 01883ver01 0 0 00 00
03/11/25 07:18:04 0127 1                  44.850215 8.867252 00 00 31383032334d303132333330            
03/11/25 07:19:04 0128 1                  44.850483 8.868423 00 00 31383032334d303038343536            
03/11/25 07:19:40 0129 1                  44.850653 8.868690 00 00 3232303032334d3031313039            
03/11/25 07:19:53 0130 1                  44.851692 8.868222 00 00 31383032334d303038373435            
03/11/25 07:23:20 0131 1                  44.850447 8.868747 00 00 31383032334d303138363539            
03/11/25 07:23:56 0132 1                  44.849983 8.868860 00 00 3231303032334d3031363439            
03/11/25 07:24:38 0133 1                  44.849553 8.868920 00 00 31383032334d303138393634            
03/11/25 07:24:50 0134 1                  44.849488 8.868938 00 00 31383032334d303133323632            
03/11/25 07:25:24 0135 1                  44.849342 8.868962 00 00 31383032334d303137343838            
03/11/25 07:26:42 0136 1                  44.849282 8.869010 00 00 31383032334d303137343836            
03/11/25 07:28:10 0137 1                  44.849123 8.868847 00 00 31383032334d303137343835            
03/11/25 07:28:33 0138 1                  44.849102 8.868435 00 00 31383032334d303136333037            
03/11/25 07:29:11 0139 1                  44.849057 8.867515 00 00 31383032334d303138383434            
03/11/25 07:29:13 0140 1                  44.849055 8.867512 00 00 71383032334d303138383434            
03/11/25 07:29:16 0141 1                  44.849055 8.867508 00 00 300ed89f335001601e5480d8            
03/11/25 07:29:40 0142 1                  44.849023 8.867250 00 00 31383032334d303138383237            
03/11/25 07:30:53 0143 1                  44.848948 8.866690 00 00 3233303132304a3032313432            
03/11/25 07:32:16 0144 1                  44.847750 8.866570 00 00 31383032334d303037333534            
03/11/25 07:32:59 0145 1                  44.848038 8.866695 00 00 31383032334d303135353534            
03/11/25 07:33:17 0146 1                  44.848063 8.866720 00 00 31383032334d303138383439            
03/11/25 07:34:18 0147 1                  44.848755 8.866047 00 00 31383032334d303138383433            
03/11/25 07:35:30 0148 1                  44.848765 8.865768 00 00 3231303032334d3035343333            
03/11/25 07:36:30 0149 1                  44.848730 8.865812 00 00 300ed89f335001501e13a557            
03/11/25 07:39:18 0150 1                  44.848500 8.861062 00 00 31383032334d303137333238            
03/11/25 07:39:56 0151 1                  44.848887 8.860990 00 00 3232303032334d3030353632            
03/11/25 07:39:58 0152 1                  44.848885 8.860990 00 00 300ed89f335000a01e919eb3            
03/11/25 07:40:28 0153 1                  44.849308 8.860928 00 00 31383032334d303138363131            
03/11/25 07:41:05 0154 1                  44.849512 8.860950 00 00 31383032334d303135343435            
03/11/25 07:41:30 0155 1                  44.849600 8.860913 00 00 31383032334d303133323830            
03/11/25 07:41:36 0156 1                  44.849983 8.860890 00 00 31383032334d303136333031            
03/11/25 07:41:48 0157 1                  44.850123 8.860828 00 00 3231303032334d3033313032            
03/11/25 07:41:53 0158 1                  44.850145 8.860807 00 00 31383032334d303038373437            
03/11/25 07:42:22 0159 1                  44.850350 8.860702 00 00 3138303a334d303133333635            
03/11/25 07:42:27 0160 1                  44.850538 8.860640 00 00 31383032334d303137333538            
03/11/25 07:42:37 0161 1                  44.850615 8.860582 00 00 31383032334d303137333630            
03/11/25 07:42:38 0162 1                  44.850617 8.860582 00 00 e28011052000731ca93a0b31            
03/11/25 07:43:04 0163 1                  44.851005 8.860478 00 00 31383032334d303037303533            
03/11/25 07:44:01 0164 1                  44.851260 8.860367 00 00 31383032334d303136323838            
03/11/25 07:45:33 0165 1                  44.852120 8.860898 00 00 31383032334d303138343737            
03/11/25 07:47:24 0166 1                  44.852142 8.860792 00 00 3233303032334d3030313634            
03/11/25 07:47:56 0167 1                  44.851988 8.860537 00 00 3234303032334d3030333830            
03/11/25 07:53:04 0168 1                  44.850173 8.860670 00 00 31383032334d303135353738            
03/11/25 07:54:08 0169 1                  44.850330 8.860690 00 00 31383032334d303133333635            
03/11/25 07:56:14 0170 1                  44.847678 8.861158 00 00 31383032334d303138383935            
03/11/25 07:57:00 0171 1                  44.847192 8.861403 00 00 3232303032334d3030393232            
03/11/25 07:57:10 0172 1                  44.847193 8.861410 00 00 3233303032334d3030383137            
03/11/25 07:57:45 0173 1                  44.846738 8.861815 00 00 31383032334d303138393536            
03/11/25 07:58:26 0174 1                  44.846418 8.862133 00 00 3234303032334d3032313130            
03/11/25 07:59:00 0175 1                  44.846040 8.862493 00 00 31383032334d303138393537            
03/11/25 07:59:11 0176 1                  44.846045 8.862500 00 00 3231303032334d3030343434            
03/11/25 08:00:21 0177 1                  44.845873 8.862617 00 00 31383032334d303133323736            
03/11/25 08:02:15 0178 1                  44.844522 8.864967 00 00 31383032334d303038343535            
03/11/25 08:02:57 0179 1                  44.845325 8.865695 00 00 31383032334d303134303230            
03/11/25 08:03:43 0180 1                  44.845487 8.865887 00 00 31383032334d303137323238            
03/11/25 08:04:51 0181 1                  44.846132 8.866433 00 00 31383032334d303137343130            
03/11/25 08:05:09 0182 1                  44.846140 8.866440 00 00 4d51b5cb7e74df343110d330e71c2080    
03/11/25 08:05:24 0183 1                  44.846173 8.866468 00 00 31383032334d303137353936            
03/11/25 08:05:34 0184 1                  44.846543 8.866750 00 00 31383032334d303137333333            
03/11/25 08:10:26 0185 1                  44.846705 8.866932 00 00 31383032334d303137323336            
03/11/25 08:10:29 0186 1                  44.846703 8.866928 00 00 31383032334d303137323330            
03/11/25 08:11:24 0187 1                  44.846867 8.867067 00 00 31383032334d303033363135            
03/11/25 08:11:30 0188 1                  44.846867 8.867068 00 00 3231303032334d3031373232            
03/11/25 08:11:57 0189 1                  44.846862 8.867082 00 00 31383032334d303137353338            
03/11/25 08:12:36 0190 1                  44.847247 8.867460 00 00 31383032334d303137343539            
03/11/25 08:12:55 0191 1                  44.847392 8.867630 00 00 3234303032334d3031353336            
03/11/25 08:13:10 0192 1                  44.847413 8.867627 00 00 31383032334d303137323035            
03/11/25 08:14:45 0193 1                  44.847723 8.868107 00 00 31383032334d303136313130            
03/11/25 08:14:46 0194 1                  44.847723 8.868107 00 00 31383032334d303137343034            
03/11/25 08:15:38 0195 1                  44.848040 8.868547 00 00 3234303032334d3032303431            
03/11/25 08:15:40 0196 1                  44.848042 8.868547 00 00 3234303032334d3030313031            
03/11/25 08:16:00 0197 1                  44.848042 8.868547 00 00 3235303032334d3030343833            
03/11/25 08:16:26 0198 1                  44.848038 8.868562 00 00 3232303032334d3030333335            
03/11/25 08:16:58 0199 1                  44.848182 8.868787 00 00 31383032334d303137343032            
03/11/25 08:18:11 0200 1                  44.848257 8.868793 00 00 31383032334d303137323032            
03/11/25 08:18:47 0201 1                  44.848397 8.869065 00 00 31383032334d303137343036            
03/11/25 08:18:57 0202 1                  44.848388 8.869067 00 00 3234303032334d3030363033            
03/11/25 08:20:50 0203 1                  44.848605 8.869980 00 00 3232303032334d3030323138            
03/11/25 08:22:39 0204 1                  44.848770 8.883887 00 00 31383032334d303134313431            
03/11/25 08:23:08 0205 1                  44.848533 8.885990 00 00 31383032334d303137353438            
03/11/25 08:23:21 0206 1                  44.848888 8.886802 00 00 31383032334d303138383835            
03/11/25 08:48:25 0000 s 01883ver01 44.848950 8.887162 00 00
03/11/25 08:52:13 0207 1                  44.849210 8.887725 00 00 31383032334d303137343033            
03/11/25 08:52:19 0208 1                  44.849378 8.887445 00 00 31383032334d303138383932            
03/11/25 08:52:23 0209 1                  44.849512 8.887240 00 00 31383032334d303038363130            
03/11/25 08:53:00 0210 1                  44.849290 8.886557 00 00 31383032334d303137323138            
03/11/25 08:53:19 0211 1                  44.848578 8.886157 00 00 31383032334d303137353438            
03/11/25 08:53:47 0212 1                  44.848562 8.884443 00 00 3234303032334d3031353033            
03/11/25 08:55:40 0213 1                  44.848880 8.870917 00 00 3234303032334d3031353935            
03/11/25 08:56:11 0214 1                  44.849240 8.869882 00 00 31383032334d303138363631            
03/11/25 08:56:21 0215 1                  44.849167 8.869583 00 00 31383032334d303137323131            
03/11/25 08:57:03 0216 1                  44.848967 8.867298 00 00 31383032334d303138383237            
03/11/25 08:59:16 0217 1                  44.848138 8.859457 00 00 300ed89f335001501e13a557            
03/11/25 08:59:19 0218 1                  44.848138 8.859455 00 00 31383032334d303138343433            
03/11/25 09:01:17 0219 1                  44.850857 8.856272 00 00 31383032334d303138373731            
03/11/25 09:04:44 0220 1                  44.852052 8.854157 00 00 3231303234304a3031323737            
03/11/25 09:06:16 0221 1                  44.853760 8.854443 00 00 000000001997955800000000            
03/11/25 09:07:04 0222 1                  44.853225 8.854825 00 00 3231303234304a3034333432            
03/11/25 09:08:00 0223 1                  44.853243 8.854893 00 00 300ed89f335001601e5480d8            
03/11/25 09:08:19 0224 1                  44.853253 8.854893 00 00 3235303234304a3031313234            
03/11/25 09:09:51 0225 1                  44.856433 8.854647 00 00 313830b2334d303131313836            
03/11/25 09:10:42 0226 1                  44.855407 8.854365 00 00 31383032334d303133333731            
03/11/25 09:13:04 0227 1                  44.857072 8.855512 00 00 18111230750006585015527200000000    
03/11/25 09:16:10 0228 1                  44.858183 8.856863 00 00 000000000865828800000000            
03/11/25 09:20:00 0229 1                  44.859947 8.856850 00 00 111902000000000537665495            
03/11/25 09:21:05 0230 1                  44.860097 8.855685 00 00 31383032334d303133343132            
03/11/25 09:21:24 0231 1                  44.860067 8.856008 00 00 31383032334d303134323332            
03/11/25 09:21:32 0232 1                  44.860047 8.856270 00 00 3234303132304a3030383135            
03/11/25 09:21:41 0233 1                  44.860012 8.856502 00 00 31383032334d303137343137            
03/11/25 09:21:43 0234 1                  44.860007 8.856582 00 00 31383032334d303137333335            
03/11/25 09:22:36 0235 1                  44.860058 8.856360 00 00 3234303032334d3031303239            
03/11/25 09:22:52 0236 1                  44.860073 8.856328 00 00 3234303132304a3032313935            
03/11/25 09:24:53 0237 1                  44.860992 8.855612 00 00 3231303234304a3031313833            
03/11/25 09:25:06 0238 1                  44.860987 8.855610 00 00 3231303234304a3031313834            
03/11/25 09:26:13 0239 1                  44.860987 8.855617 00 00 3231303234304a3031313831            
03/11/25 09:26:16 0240 1                  44.860987 8.855617 00 00 3231303234304a3031313832            
03/11/25 09:27:53 0241 1                  44.861773 8.855882 00 00 3233303234304a3031303139            
03/11/25 09:30:27 0242 1                  44.869855 8.856800 00 00 31383032334d303135313732            
03/11/25 09:30:49 0243 1                  44.869830 8.856848 00 00 111150000000003668944195            
03/11/25 09:31:30 0244 1                  44.870110 8.856890 00 00 31383032334d303036353833            
03/11/25 09:32:16 0245 1                  44.870445 8.856942 00 00 464e47015650202310100060            
03/11/25 09:32:21 0246 1                  44.870450 8.856933 00 00 31383032334d303036353832            
03/11/25 09:32:57 0247 1                  44.870727 8.856978 00 00 3234303032334d3031373535            
03/11/25 09:33:51 0248 1                  44.870747 8.857025 00 00 3235303132304a3030383130            
03/11/25 09:34:03 0249 1                  44.871023 8.857048 00 00 31383032334d303135303533            
03/11/25 09:35:40 0250 1                  44.871303 8.857600 00 00 31383032334d303135313530            
03/11/25 09:35:43 0251 1                  44.871303 8.857598 00 00 31383032334d303135303733            
03/11/25 09:35:47 0252 1                  44.871303 8.857595 00 00 300ed89f335000a01e919eb3            
03/11/25 09:39:36 0253 1                  44.871270 8.858662 00 00 31383032334d303135303539            
03/11/25 09:40:11 0254 1                  44.871398 8.857885 00 00 31383032334d303135313933            
03/11/25 09:40:27 0255 1                  44.871487 8.857355 00 00 31383032334d303135313932            
03/11/25 09:41:33 0256 1                  44.874700 8.857507 00 00 111150000000003495579695            
03/11/25 09:41:46 0257 1                  44.874723 8.857520 00 00 31383032334d303135303834            
03/11/25 09:42:37 0258 1                  44.875722 8.858085 00 00 31383132304a303231323231            
03/11/25 09:42:50 0259 1                  44.875720 8.858223 00 00 31383032334d303036373131            
03/11/25 09:43:17 0260 1                  44.875683 8.858672 00 00 31383032334d303036353239            
03/11/25 09:44:18 0261 1                  44.875615 8.859073 00 00 31383032334d303036353439            
03/11/25 09:44:20 0262 1                  44.875615 8.859073 00 00 33383032334d303036363834            
03/11/25 09:44:24 0263 1                  44.875617 8.859072 00 00 31383032334d303036363833            
03/11/25 09:45:04 0264 1                  44.875627 8.859430 00 00 31383032334d303036353238            
03/11/25 09:46:53 0265 1                  44.875592 8.859652 00 00 31383032334d303036363838            
03/11/25 09:50:53 0266 1                  44.879845 8.858327 00 00 3232303032334d3030323436            
03/11/25 09:51:25 0267 1                  44.880625 8.858435 00 00 31383132304a303139373630            
03/11/25 09:51:51 0268 1                  44.882105 8.858685 00 00 31383032334d303134393234            
03/11/25 09:51:56 0269 1                  44.882107 8.858683 00 00 3232303032334d3031323233            
03/11/25 09:52:19 0270 1                  44.882270 8.858722 00 00 3234303132304a3032303732            
03/11/25 09:52:30 0271 1                  44.882433 8.858762 00 00 31383032334d303038303638            
03/11/25 09:53:42 0272 1                  44.881762 8.858492 00 00 3234303234304a3030363235            
03/11/25 09:53:55 0273 1                  44.880070 8.858247 00 00 3156060552948040                    
03/11/25 09:54:30 0274 1                  44.877247 8.857748 00 00 31383032334d303130363231            
03/11/25 09:56:03 0275 1                  44.875775 8.857672 00 00 250000109195054303310467            
03/11/25 10:02:11 0276 1                  44.894957 8.852995 00 00 30395dfa82b58400000c5f90            
03/11/25 10:02:48 0277 1                  44.896132 8.854703 00 00 202282052401830251070100            
03/11/25 10:03:42 0278 1                  44.896652 8.855110 00 00 111150000000003380444095            
03/11/25 10:08:45 0279 1                  44.907668 8.866320 00 00 213487584009400002010000            
03/11/25 10:40:51 0280 1                  44.895383 8.858143 00 00 18122251150000405016256900000000    
03/11/25 10:41:45 0281 1                  44.892760 8.858425 00 00 193014982209530002010000            
03/11/25 10:41:48 0282 1                  44.892522 8.858448 00 00 3142040156996720                    
03/11/25 10:43:15 0283 1                  44.887378 8.856828 00 00 25759769a683131417cb0c37d7086082    
03/11/25 10:43:28 0284 1                  44.886423 8.856873 00 00 333830343339322d3944383800000000    
03/11/25 10:50:09 0285 1                  44.882345 8.860243 00 00 3231303234304a3032303934            
03/11/25 10:50:14 0286 1                  44.882268 8.860340 00 00 3235303234304a3030323730            
03/11/25 10:52:31 0000 s 01883ver01 44.882298 8.860285 00 00
