03/03/25 04:04:50 0000 s 01504ver01 44.792387 8.740142 00 00
03/03/25 05:05:54 0000 s 01504ver01 44.792425 8.740112 00 00
03/03/25 05:33:17 0001 1                  44.730988 8.850907 00 00 31383132304A303235363132            
03/03/25 05:33:40 0002 1                  44.730987 8.850823 00 00 31383132304A303235363535            
03/03/25 05:34:02 0003 1                  44.730982 8.850782 00 00 31383132304A303235363535            
03/03/25 05:37:10 0004 1                  44.728187 8.855853 00 00 313931323050303036323133            
03/03/25 05:39:02 0005 1                  44.725887 8.857377 00 00 31383132304A303230313130            
03/03/25 05:39:16 0006 1                  44.725870 8.857412 00 00 31383132304A303231333031            
03/03/25 05:42:37 0007 1                  44.723458 8.857630 00 00 31383132304A303138373230            
03/03/25 05:44:48 0008 1                  44.722638 8.858058 00 00 31383033304D303033323633            
03/03/25 05:44:54 0009 1                  44.722625 8.858060 00 00 31383033B04D303033323633            
03/03/25 05:47:14 0010 1                  44.722643 8.858053 00 00 313931313030503030323231            
03/03/25 05:49:05 0011 1                  44.722155 8.858043 00 00 31383033304D303033323635            
03/03/25 05:49:15 0012 1                  44.722102 8.858068 00 00 3234303033304D3030323637            
03/03/25 05:49:25 0013 1                  44.722077 8.858082 00 00 31383033304D303034373133            
03/03/25 05:51:29 0014 1                  44.721823 8.857792 00 00 31383033304D303034333034            
03/03/25 05:51:45 0015 1                  44.721815 8.857765 00 00 31383033304D303034313336            
03/03/25 05:53:32 0016 1                  44.721937 8.857313 00 00 313931313030503030313338            
03/03/25 05:56:22 0017 1                  44.721792 8.857560 00 00 31383033304D303034323337            
03/03/25 05:56:22 0018 1                  44.721792 8.857560 00 00 31383033304D303034313739            
03/03/25 05:56:52 0019 1                  44.721823 8.857592 00 00 3231303033304D3032363038            
03/03/25 05:56:52 0020 1                  44.721823 8.857592 00 00 3234303033304D3030343130            
03/03/25 05:58:31 0021 1                  44.721817 8.857837 00 00 31383033304D303034313539            
03/03/25 05:58:43 0022 1                  44.721838 8.857880 00 00 31383033304D303033333737            
03/03/25 05:59:01 0023 1                  44.721792 8.857893 00 00 31383033304D303033363736            
03/03/25 05:59:11 0024 1                  44.721765 8.857900 00 00 31383033304D303034363234            
03/03/25 05:59:26 0025 1                  44.721765 8.857923 00 00 31383033304D303033373139            
03/03/25 06:00:22 0026 1                  44.721640 8.857978 00 00 31383033304D303034313735            
03/03/25 06:00:59 0027 1                  44.721622 8.857902 00 00 31383132304A303139303136            
03/03/25 06:01:13 0028 1                  44.721587 8.857895 00 00 31383132304A303231333237            
03/03/25 06:03:30 0029 1                  44.722375 8.857368 00 00 31383132304A303237323231            
03/03/25 06:03:44 0030 1                  44.722412 8.857418 00 00 313932343045303030373436            
03/03/25 06:06:06 0031 1                  44.722665 8.857607 00 00 31383132304A303231343037            
03/03/25 06:14:05 0032 1                  44.720908 8.859258 00 00 31383033304D303033343438            
03/03/25 06:15:04 0033 1                  44.720662 8.859048 00 00 31383033304D303033333233            
03/03/25 06:15:14 0034 1                  44.720568 8.859002 00 00 31383033304D303034363631            
03/03/25 06:15:30 0035 1                  44.720498 8.858973 00 00 31383033304D303034363331            
03/03/25 06:15:46 0036 1                  44.720427 8.858962 00 00 31383033304D303033343232            
03/03/25 06:17:21 0037 1                  44.720423 8.858295 00 00 3234303132304A3033303633            
03/03/25 06:17:25 0038 1                  44.720418 8.858273 00 00 31383132304A303230333839            
03/03/25 06:18:42 0039 1                  44.720550 8.858185 00 00 31383132304A303139353135            
03/03/25 06:19:29 0040 1                  44.720722 8.858233 00 00 31383033304D303034313733            
03/03/25 06:19:41 0041 1                  44.720792 8.858285 00 00 3231303234304A3034373533            
03/03/25 06:20:05 0042 1                  44.720950 8.858397 00 00 31383033304D303034313738            
03/03/25 06:23:38 0043 1                  44.720727 8.858610 00 00 31383033304D303034323032            
03/03/25 06:24:29 0044 1                  44.720563 8.858378 00 00 31383033304D303033343437            
03/03/25 06:24:31 0045 1                  44.720567 8.858375 00 00 3234303033304D3030323735            
03/03/25 06:24:49 0046 1                  44.720600 8.858355 00 00 31383033304D303033333332            
03/03/25 06:26:50 0047 1                  44.720460 8.858270 00 00 31383132304A303230353030            
03/03/25 06:28:17 0048 1                  44.720073 8.858313 00 00 31383033304D303033343133            
03/03/25 06:29:12 0049 1                  44.719743 8.858422 00 00 31383132304A303230373435            
03/03/25 06:30:51 0050 1                  44.719495 8.858515 00 00 31383132304A303230383839            
03/03/25 06:32:12 0051 1                  44.719420 8.858497 00 00 31383033304D303033343235            
03/03/25 06:33:11 0052 1                  44.719398 8.858468 00 00 3233303033304D3030343334            
03/03/25 06:34:25 0053 1                  44.719058 8.858572 00 00 31383033304D303033343135            
03/03/25 06:34:25 0054 1                  44.719058 8.858572 00 00 31383033304D303033343135            
03/03/25 06:35:24 0055 1                  44.718733 8.858588 00 00 3231303033304D3032383036            
03/03/25 06:37:25 0056 1                  44.715793 8.856372 00 00 31383132304A303138383832            
03/03/25 06:37:40 0057 1                  44.715753 8.856393 00 00 31383132304A303138383833            
03/03/25 06:39:37 0058 1                  44.712928 8.856798 00 00 31383132304A303237313031            
03/03/25 06:40:50 0059 1                  44.711372 8.856548 00 00 31383132304A303231343732            
03/03/25 06:42:57 0060 1                  44.716595 8.857152 00 00 31383132304A303139353239            
03/03/25 06:44:14 0061 1                  44.717090 8.857508 00 00 3234303132304A3033303735            
03/03/25 06:44:28 0062 1                  44.717087 8.857530 00 00 31383132304A303230313930            
03/03/25 06:47:18 0063 1                  44.717893 8.858520 00 00 31383132304A303138383834            
03/03/25 06:47:28 0064 1                  44.717900 8.858525 00 00 31383132304A303139383533            
03/03/25 07:09:12 0065 1                  44.703845 8.855948 00 00 31383132304A303230303833            
03/03/25 07:11:41 0066 1                  44.703697 8.851618 00 00 31383132304A303230363631            
03/03/25 07:17:45 0067 1                  44.703703 8.851057 00 00 31383132304A303236303230            
03/03/25 07:18:26 0068 1                  44.703677 8.851022 00 00 31383132304A303236303232            
03/03/25 07:21:11 0069 1                  44.700112 8.846915 00 00 31383132304A303138383735            
03/03/25 07:24:13 0070 1                  44.700217 8.850237 00 00 31383132304A303138383736            
03/03/25 07:26:18 0071 1                  44.700020 8.852287 00 00 31383132304A303138393132            
03/03/25 07:36:45 0072 1                  44.719172 8.859733 00 00 25705569A687071381C34D77            
03/03/25 07:39:55 0073 1                  44.721440 8.859485 00 00 31383132304A303139353230            
03/03/25 07:39:55 0074 1                  44.721440 8.859485 00 00 31383132304A303339353230            
03/03/25 07:42:10 0075 1                  44.722093 8.859625 00 00 31383033304D303034363833            
03/03/25 07:42:43 0076 1                  44.722127 8.859657 00 00 31383033304D303034373232            
03/03/25 07:43:45 0077 1                  44.722122 8.859377 00 00 31383033304D303033343435            
03/03/25 07:44:44 0078 1                  44.722707 8.860317 00 00 31383033304D303033343632            
03/03/25 07:46:29 0079 1                  44.722562 8.859530 00 00 31383172304A303230343939            
03/03/25 07:47:26 0080 1                  44.722743 8.859365 00 00 31383132304A303139333232            
03/03/25 07:48:24 0081 1                  44.723087 8.859315 00 00 3231303234304A3032303839            
03/03/25 07:49:09 0082 1                  44.723127 8.859285 00 00 31383132304A303139323833            
03/03/25 07:49:55 0083 1                  44.723592 8.859090 00 00 31383033304D303034303137            
03/03/25 07:50:03 0084 1                  44.723592 8.859093 00 00 31383132304A303231323937            
03/03/25 07:52:43 0085 1                  44.719947 8.859570 00 00 3234303132304A3031313331            
03/03/25 07:53:22 0086 1                  44.719838 8.859485 00 00 31383033304D303034323537            
03/03/25 07:54:24 0087 1                  44.719692 8.859617 00 00 31383033304D303034373332            
03/03/25 07:55:11 0088 1                  44.719488 8.859642 00 00 3234303132304A3032323739            
03/03/25 07:56:05 0089 1                  44.719653 8.859630 00 00 31383033304D30303B363633            
03/03/25 07:59:05 0090 1                  44.720860 8.861153 00 00 31383132304A303231313631            
03/03/25 08:01:27 0091 1                  44.720948 8.862253 00 00 31383132304A303139313838            
03/03/25 08:01:39 0092 1                  44.720987 8.862257 00 00 313931323050303035323736            
03/03/25 08:02:01 0093 1                  44.721033 8.862233 00 00 313931323050303035323736            
03/03/25 08:03:18 0094 1                  44.720753 8.862117 00 00 31383132304A303139313836            
03/03/25 08:05:26 0095 1                  44.718238 8.863547 00 00 31383132304A303139383535            
03/03/25 08:05:58 0096 1                  44.718218 8.863582 00 00 313931323050303038383833            
03/03/25 08:06:44 0097 1                  44.718082 8.863605 00 00 31383132304A303234393637            
03/03/25 08:06:48 0098 1                  44.718083 8.863607 00 00 31383132304A303234393632            
03/03/25 08:07:47 0099 1                  44.718040 8.863632 00 00 31383132304A303234393636            
03/03/25 08:07:53 0100 1                  44.718037 8.863638 00 00 31383132304A303234393635            
03/03/25 08:09:30 0101 1                  44.717893 8.863618 00 00 31383132304A303139383538            
03/03/25 08:09:38 0102 1                  44.717888 8.863617 00 00 31383132304A303139383537            
03/03/25 08:11:46 0103 1                  44.717602 8.863330 00 00 31383132304A303237313836            
03/03/25 08:11:50 0104 1                  44.717600 8.863330 00 00 31383132304A303237313837            
03/03/25 08:12:36 0105 1                  44.717537 8.863250 00 00 31383033304D303034303335            
03/03/25 08:13:21 0106 1                  44.717555 8.863585 00 00 3234303132304A3030393035            
03/03/25 08:25:05 0107 1                  44.723360 8.838418 00 00 31383132304A303139383338            
03/03/25 08:27:10 0108 1                  44.719752 8.837352 00 00 31383132304A303139343930            
03/03/25 08:29:37 0109 1                  44.712595 8.836462 00 00 31383132304A303139323735            
03/03/25 08:33:28 0110 1                  44.716610 8.831388 00 00 31383132304A303139333538            
03/03/25 08:35:48 0111 1                  44.718282 8.832380 00 00 31383132304A303237303939            
03/03/25 08:37:43 0112 1                  44.718718 8.830625 00 00 31383132304A303230353032            
03/03/25 08:38:11 0113 1                  44.718742 8.830603 00 00 313931323050303132323130            
03/03/25 08:42:52 0114 1                  44.711365 8.831353 00 00 31383132304A303138393233            
03/03/25 08:45:41 0115 1                  44.710623 8.832333 00 00 31383132304A303139343535            
03/03/25 08:49:05 0116 1                  44.712840 8.840100 00 00 31383132304A303139383037            
03/03/25 08:53:42 0117 1                  44.716132 8.845363 00 00 31383033304D303033353936            
03/03/25 08:55:03 0118 1                  44.717465 8.847233 00 00 31383132304A303138373035            
03/03/25 08:56:11 0119 1                  44.718268 8.847687 00 00 31383033304D303033343231            
03/03/25 08:56:54 0120 1                  44.718423 8.847620 00 00 3233303033304D3030343730            
03/03/25 09:03:14 0121 1                  44.723610 8.846705 00 00 31383033304D303034303630            
03/03/25 09:03:24 0122 1                  44.723615 8.846728 00 00 31383033304D303034373532            
03/03/25 09:03:36 0123 1                  44.723620 8.846745 00 00 31383033304D303034303631            
03/03/25 09:04:39 0124 1                  44.725917 8.847023 00 00 31393132304A303138373532            
03/03/25 09:06:14 0125 1                  44.725858 8.845867 00 00 31383132304A303236393336            
03/03/25 09:07:33 0126 1                  44.725648 8.845522 00 00 31383132304A303236313431            
03/03/25 09:09:42 0127 1                  44.726505 8.846210 00 00 31383132304A303236393435            
03/03/25 09:09:50 0128 1                  44.726513 8.846197 00 00 31383132304A303235383037            
03/03/25 09:11:11 0129 1                  44.726472 8.845440 00 00 31383132304A303236393231            
03/03/25 09:12:28 0130 1                  44.726085 8.845170 00 00 31383132304A303236393233            
03/03/25 09:13:11 0131 1                  44.725722 8.845015 00 00 313931323050303035353734            
03/03/25 09:13:37 0132 1                  44.725623 8.844950 00 00 31383132304A303237303338            
03/03/25 09:14:50 0133 1                  44.725585 8.844950 00 00 31383132304A303230363036            
03/03/25 09:16:25 0134 1                  44.727222 8.844765 00 00 31383132304A303236313236            
03/03/25 09:16:37 0135 1                  44.727237 8.844763 00 00 31383132304A303237303431            
03/03/25 09:18:06 0136 1                  44.726693 8.844382 00 00 31383132304A303139323031            
03/03/25 09:18:16 0137 1                  44.726683 8.844380 00 00 31383132304A303139323431            
03/03/25 09:19:03 0138 1                  44.726500 8.844322 00 00 31383132304A303139323339            
03/03/25 09:19:58 0139 1                  44.726210 8.844205 00 00 31383132304A303139323338            
03/03/25 09:22:06 0140 1                  44.725848 8.844043 00 00 31383132304A303139303831            
03/03/25 09:23:43 0141 1                  44.727472 8.843492 00 00 31383132304A303236393339            
03/03/25 09:24:41 0142 1                  44.727520 8.843327 00 00 31383132304A303236373735            
03/03/25 09:25:32 0143 1                  44.727540 8.842925 00 00 31383132304A303139343230            
03/03/25 09:25:54 0144 1                  44.727507 8.842907 00 00 31383132304A303139343230            
03/03/25 09:27:41 0145 1                  44.728013 8.842810 00 00 31383132304A303231343738            
03/03/25 09:28:30 0146 1                  44.728410 8.842890 00 00 31383132304A303138363131            
03/03/25 09:29:43 0147 1                  44.728545 8.842923 00 00 313931323050303034323538            
03/03/25 09:31:30 0148 1                  44.726848 8.843097 00 00 31383132304A303138353832            
03/03/25 09:32:27 0149 1                  44.726890 8.842707 00 00 31383132304A303138353833            
03/03/25 09:34:02 0150 1                  44.727053 8.842713 00 00 31383132304A303138353834            
03/03/25 09:57:35 0151 1                  44.770652 8.774052 00 00 534D501FA500010139393033            
03/03/25 11:12:29 0000 s 01504ver01 44.792825 8.739473 00 00
03/03/25 11:33:43 0152 1                  44.760790 8.860043 00 00 313831323045303236303130            
03/03/25 11:34:26 0153 1                  44.760778 8.860033 00 00 313831323045303236303235            
03/03/25 11:43:30 0154 1                  44.763625 8.862842 00 00 31383033304D303034323430            
03/03/25 11:44:02 0155 1                  44.763607 8.862895 00 00 313931323045303630353031            
03/03/25 11:46:22 0156 1                  44.763667 8.862932 00 00 313931323045303630353430            
03/03/25 11:47:43 0157 1                  44.763492 8.863073 00 00 313931323050303133333532            
03/03/25 11:47:51 0158 1                  44.763515 8.863082 00 00 313931323050303133333532            
03/03/25 11:53:05 0159 1                  44.757710 8.867757 00 00 313831323045303235333036            
03/03/25 11:55:43 0160 1                  44.764372 8.864495 00 00 313831323045303138353636            
03/03/25 11:56:13 0161 1                  44.764462 8.864362 00 00 313831323045303235303733            
03/03/25 11:56:51 0162 1                  44.764488 8.864290 00 00 313831323045303235323335            
03/03/25 11:56:51 0163 1                  44.764488 8.864290 00 00 313831323045303236303834            
03/03/25 11:56:59 0164 1                  44.764502 8.864288 00 00 313831323045303235323335            
03/03/25 11:59:07 0165 1                  44.764722 8.863685 00 00 313831323045303235303637            
03/03/25 11:59:57 0166 1                  44.764793 8.863678 00 00 313931323045303630323733            
03/03/25 12:01:02 0167 1                  44.764800 8.863668 00 00 313831323045303236323832            
03/03/25 12:03:03 0168 1                  44.764420 8.863163 00 00 313831323045303235333037            
03/03/25 12:05:46 0169 1                  44.764650 8.864922 00 00 313831323045303236303431            
03/03/25 12:07:24 0170 1                  44.765178 8.864430 00 00 313931323050303033353133            
03/03/25 12:07:59 0171 1                  44.765350 8.864422 00 00 313831323045303235353031            
03/03/25 12:09:15 0172 1                  44.765383 8.864405 00 00 313931323050303037373137            
03/03/25 12:11:31 0173 1                  44.765268 8.864360 00 00 313831323045303236313136            
03/03/25 12:13:16 0174 1                  44.765498 8.864885 00 00 313831323045303236313639            
03/03/25 12:13:20 0175 1                  44.765503 8.864890 00 00 313931323050303032353331            
03/03/25 12:15:31 0176 1                  44.765848 8.864522 00 00 313831323045303234343535            
03/03/25 12:15:37 0177 1                  44.765857 8.864503 00 00 313931323050303035353331            
03/03/25 12:15:47 0178 1                  44.765875 8.864473 00 00 300ED89F3350014A1E207EBC            
03/03/25 12:15:57 0179 1                  44.765898 8.864467 00 00 31383033304D303034333633            
03/03/25 12:17:45 0180 1                  44.766095 8.864013 00 00 313931323045303630353239            
03/03/25 12:35:08 0000 s 01504ver01 44.766153 8.863697 00 00
03/03/25 12:37:05 0181 1                  44.766535 8.863405 00 00 313831323045303236313631            
03/03/25 12:37:37 0182 1                  44.766597 8.863375 00 00 313931323045303630353231            
03/03/25 12:39:14 0183 1                  44.766630 8.863508 00 00 313831323045303236313634            
03/03/25 12:41:41 0184 1                  44.766820 8.863683 00 00 313831323045303236303531            
03/03/25 12:42:30 0185 1                  44.766893 8.863693 00 00 313831323045303236303439            
03/03/25 12:53:51 0186 1                  44.766527 8.864692 00 00 313931323050303039303438            
03/03/25 12:53:59 0187 1                  44.766527 8.864683 00 00 313831323045303236343639            
03/03/25 12:55:52 0188 1                  44.766657 8.864763 00 00 31383033304D303034333932            
03/03/25 12:55:56 0189 1                  44.766655 8.864765 00 00 313931323050303035353637            
03/03/25 12:57:51 0190 1                  44.766817 8.864815 00 00 313831323045303235313837            
03/03/25 12:58:36 0191 1                  44.766795 8.864808 00 00 313831323045303236343732            
03/03/25 12:59:16 0192 1                  44.766935 8.864890 00 00 313831323045303236343038            
03/03/25 12:59:39 0193 1                  44.766942 8.864867 00 00 313831323045303236313734            
03/03/25 13:02:43 0194 1                  44.766165 8.864973 00 00 313831323045303236303435            
03/03/25 13:06:53 0195 1                  44.765117 8.864440 00 00 313831323045303236323236            
03/03/25 13:07:07 0196 1                  44.765088 8.864452 00 00 313931323045303630353733            
03/03/25 13:08:37 0197 1                  44.765083 8.864367 00 00 313831323045303236343835            
03/03/25 13:09:21 0198 1                  44.765083 8.864340 00 00 313831323045303236353638            
03/03/25 13:10:24 0199 1                  44.765135 8.864180 00 00 313831323045303236313535            
03/03/25 13:11:17 0200 1                  44.765083 8.863853 00 00 313931323050303036373338            
03/03/25 13:11:29 0201 1                  44.765080 8.863810 00 00 313831323045303236333536            
03/03/25 13:13:14 0202 1                  44.765123 8.863495 00 00 313832343045303034303936            
03/03/25 13:13:56 0203 1                  44.765148 8.863492 00 00 313831323045303236333530            
03/03/25 13:15:59 0204 1                  44.764907 8.862713 00 00 313931323045303630343736            
03/03/25 13:17:58 0205 1                  44.765513 8.862428 00 00 313831323045303235333238            
03/03/25 13:19:18 0206 1                  44.765462 8.862272 00 00 313831323045303235333334            
03/03/25 13:19:26 0207 1                  44.765450 8.862253 00 00 313831323045303236313234            
03/03/25 13:21:19 0208 1                  44.765153 8.862018 00 00 313831323045303235343538            
03/03/25 13:23:49 0209 1                  44.763712 8.860733 00 00 313932343045303030373830            
03/03/25 13:24:35 0210 1                  44.763755 8.860818 00 00 313932343045303030373739            
03/03/25 13:25:03 0211 1                  44.763740 8.860793 00 00 313931323050303131333233            
03/03/25 13:25:07 0212 1                  44.763740 8.860793 00 00 313931323045303630363530            
03/03/25 13:25:19 0213 1                  44.763737 8.860787 00 00 31383032334D303134323837            
03/03/25 13:27:23 0214 1                  44.761958 8.859635 00 00 313831323045303235333430            
03/03/25 13:27:35 0215 1                  44.761958 8.859658 00 00 313931323045303630323838            
03/03/25 13:29:55 0216 1                  44.761808 8.859787 00 00 3139B1323045303630343938            
03/03/25 13:34:36 0217 1                  44.770903 8.862660 00 00 313831323045303236333233            
03/03/25 13:34:44 0218 1                  44.770915 8.862653 00 00 313831323045303236343231            
03/03/25 13:34:44 0219 1                  44.770915 8.862653 00 00 313831323045303236343231            
03/03/25 13:35:39 0220 1                  44.770965 8.862603 00 00 313831323045303236343230            
03/03/25 13:37:04 0221 1                  44.771622 8.862830 00 00 313931323045303630343836            
03/03/25 13:38:55 0222 1                  44.770790 8.861302 00 00 313931323045303630353936            
03/03/25 13:47:28 0223 1                  44.766122 8.866745 00 00 313931323045303630343536            
03/03/25 13:47:30 0224 1                  44.766123 8.866750 00 00 313931323045303630343737            
03/03/25 13:49:41 0225 1                  44.765458 8.866848 00 00 313831323045303236313730            
03/03/25 13:51:32 0226 1                  44.764368 8.867557 00 00 313831323045303236333833            
03/03/25 13:52:41 0227 1                  44.764540 8.867592 00 00 313831323045303236323030            
03/03/25 13:53:53 0228 1                  44.764860 8.866790 00 00 3234303033304D3030343232            
03/03/25 13:54:01 0229 1                  44.764858 8.866782 00 00 313931323045303630353339            
03/03/25 13:55:28 0230 1                  44.764507 8.866008 00 00 313831323045303236343335            
03/03/25 13:55:34 0231 1                  44.764505 8.866017 00 00 313831323045303236343336            
03/03/25 13:58:34 0232 1                  44.764382 8.865708 00 00 313831323045303236323336            
03/03/25 13:58:44 0233 1                  44.764387 8.865703 00 00 313831323045303236323338            
03/03/25 14:00:44 0234 1                  44.764840 8.865663 00 00 313931323045303630353330            
03/03/25 14:00:56 0235 1                  44.764843 8.865657 00 00 313931323047303630353330            
03/03/25 14:01:54 0236 1                  44.764865 8.865432 00 00 313831323045303236303432            
03/03/25 14:02:34 0237 1                  44.764838 8.865413 00 00 313831323045303235313430            
03/03/25 14:03:16 0238 1                  44.764823 8.865420 00 00 313831323045303236303434            
03/03/25 14:04:50 0239 1                  44.764317 8.865158 00 00 313831323045303236323337            
03/03/25 14:07:09 0240 1                  44.764637 8.865018 00 00 313931323045303630353235            
03/03/25 14:08:16 0241 1                  44.764605 8.865112 00 00 313831323045303236303433            
03/03/25 14:10:05 0242 1                  44.764993 8.867652 00 00 313831323045303236343932            
03/03/25 14:10:53 0243 1                  44.764992 8.867788 00 00 313931323045303630353335            
03/03/25 14:12:22 0244 1                  44.765027 8.869208 00 00 313831323045303236303530            
03/03/25 14:12:32 0245 1                  44.765042 8.869248 00 00 313831323045303236303534            
03/03/25 14:13:43 0246 1                  44.765028 8.869467 00 00 313831323045303236333830            
03/03/25 14:15:58 0247 1                  44.764233 8.870040 00 00 313831323045303234383639            
03/03/25 14:17:07 0248 1                  44.764535 8.870125 00 00 313831323045303231313736            
03/03/25 14:19:16 0249 1                  44.764505 8.871353 00 00 313831323045303234363833            
03/03/25 14:20:35 0250 1                  44.764853 8.871765 00 00 313831323045303236333431            
03/03/25 14:21:28 0251 1                  44.764858 8.871827 00 00 313831323045303236323238            
03/03/25 14:22:55 0252 1                  44.764945 8.871927 00 00 313831323045303236333430            
03/03/25 14:24:13 0253 1                  44.765400 8.872768 00 00 313831323045303236353731            
03/03/25 14:26:26 0254 1                  44.765325 8.876072 00 00 313831323045303236353839            
03/03/25 14:29:33 0255 1                  44.763232 8.887553 00 00 313831323045303236323932            
03/03/25 14:33:09 0256 1                  44.766057 8.876277 00 00 313831323045303236333236            
03/03/25 14:33:09 0257 1                  44.766057 8.876277 00 00 313831323045303236333235            
03/03/25 14:34:42 0258 1                  44.766022 8.876202 00 00 313831323045303236303931            
03/03/25 14:37:00 0259 1                  44.765557 8.873825 00 00 313831323045303236303933            
03/03/25 14:37:12 0260 1                  44.765575 8.873825 00 00 313831323045303236303839            
03/03/25 14:37:12 0261 1                  44.765575 8.873825 00 00 313831323045303236303839            
03/03/25 14:39:05 0262 1                  44.765362 8.871727 00 00 313831323045303236333435            
03/03/25 14:46:42 0263 1                  44.763828 8.861882 00 00 3139313130304A3032303237            
03/03/25 14:51:56 0264 1                  44.767740 8.864257 00 00 300ED89F3350014A1DFC7465            
03/03/25 15:28:23 0265 1                  44.766247 8.863507 00 00 300ED89F3350014A1E207EBC            
03/03/25 16:10:22 0266 1                  44.767270 8.783682 00 00 4E20198AE7B6400000000001            
03/03/25 16:32:04 0000 s 01504ver01 44.792888 8.739772 00 00
03/03/25 16:33:40 0000 s 01504ver01 44.792880 8.739770 00 00
