27/01/25 05:41:03 0000 s 01486ver01 0 0 00 00
27/01/25 05:50:16 0001 1                  0 0 00 00 3231303032334D3032313337            
27/01/25 05:50:20 0002 1                  0 0 00 00 3231303032334D3032303035            
27/01/25 05:51:14 0003 1                  0 0 00 00 31383032334D303135303537            
27/01/25 05:51:20 0004 1                  0 0 00 00 3231303032334D3031333934            
27/01/25 05:51:20 0005 1                  0 0 00 00 3231303032334D3031303236            
27/01/25 05:51:22 0006 1                  0 0 00 00 3231303032334D3032303039            
27/01/25 05:51:41 0007 1                  0 0 00 00 3231303032334D3031303937            
27/01/25 05:51:45 0008 1                  0 0 00 00 3231303032334D3030393831            
27/01/25 05:51:50 0009 1                  0 0 00 00 3231303032334D3032333133            
27/01/25 05:51:54 0010 1                  0 0 00 00 3231303032334D3035303034            
27/01/25 05:51:59 0011 1                  0 0 00 00 3231303032334D3032313339            
27/01/25 05:52:14 0012 1                  0 0 00 00 3231303032334D3032303037            
27/01/25 05:52:19 0013 1                  0 0 00 00 31383032334D303135303537            
27/01/25 05:52:28 0014 1                  0 0 00 00 3231303032334D3032333134            
27/01/25 05:53:27 0015 1                  44.894357 8.859300 00 00 3231303032334D3032303838            
27/01/25 05:57:03 0016 1                  0 0 00 00 3231303032334D3030303039            
27/01/25 05:57:07 0017 1                  0 0 00 00 3231303032334D3032303531            
27/01/25 05:57:11 0018 1                  0 0 00 00 3231303032334D3032333439            
27/01/25 05:58:10 0019 1                  44.894618 8.861072 00 00 3231303032334D3032333637            
27/01/25 05:59:34 0020 1                  44.895117 8.859642 00 00 3231303032334D3030313735            
27/01/25 05:59:37 0021 1                  44.895123 8.859643 00 00 3231303032334D3033313530            
27/01/25 06:00:54 0022 1                  44.895298 8.859187 00 00 3231303132304A3037363331            
27/01/25 06:01:47 0023 1                  44.895325 8.859177 00 00 3234303132304A3032313437            
27/01/25 06:03:01 0024 1                  44.895818 8.859225 00 00 3231303234304A3032383436            
27/01/25 06:03:12 0025 1                  44.895845 8.859230 00 00 3231303234304A3032383435            
27/01/25 06:06:04 0026 1                  44.895958 8.861575 00 00 3231303234304A3034333532            
27/01/25 06:07:40 0027 1                  44.897085 8.861528 00 00 3231303234304A3034353738            
27/01/25 06:09:06 0028 1                  44.897290 8.861620 00 00 3231303234304A3034323839            
27/01/25 06:09:09 0029 1                  44.897288 8.861627 00 00 3231303234304A3034353530            
27/01/25 06:12:51 0030 1                  44.898017 8.862445 00 00 3231303234304A3034333435            
27/01/25 06:13:01 0031 1                  44.898017 8.862483 00 00 3231303234304A3034333436            
27/01/25 06:15:19 0032 1                  44.899147 8.861485 00 00 3233303234304A3031303233            
27/01/25 06:15:30 0033 1                  44.899177 8.861437 00 00 3233303234304A3031303234            
27/01/25 06:17:30 0034 1                  44.899603 8.862570 00 00 3231303234304A3034343933            
27/01/25 06:19:12 0035 1                  44.898493 8.860323 00 00 3231303032334D3035363032            
27/01/25 06:19:25 0036 1                  44.898410 8.860123 00 00 3234303032334D3030373138            
27/01/25 06:20:23 0037 1                  44.897973 8.860008 00 00 3231303234304A3032383836            
27/01/25 06:20:36 0038 1                  44.897945 8.859987 00 00 3231303234304A3032383834            
27/01/25 06:20:41 0039 1                  44.897950 8.859983 00 00 3231303234304A3032383835            
27/01/25 06:22:31 0040 1                  44.897558 8.859963 00 00 3231303032334D3032393731            
27/01/25 06:22:32 0041 1                  44.897557 8.859967 00 00 3231303132304A3035323334            
27/01/25 06:24:16 0042 1                  44.897492 8.860137 00 00 3231303132304A3035323336            
27/01/25 06:24:21 0043 1                  44.897530 8.860138 00 00 3231303234304A3032393630            
27/01/25 06:24:29 0044 1                  44.897580 8.860140 00 00 3231303032334D3032383130            
27/01/25 06:25:35 0045 1                  44.897653 8.860068 00 00 25705569A686CF1431C70CF3            
27/01/25 06:26:08 0046 1                  44.896805 8.860063 00 00 3231303234304A3032393437            
27/01/25 06:26:17 0047 1                  44.896778 8.860078 00 00 3231303234304A3034333335            
27/01/25 06:26:36 0048 1                  44.896732 8.860067 00 00 3231303132304A3037373638            
27/01/25 06:28:17 0049 1                  44.896417 8.859615 00 00 3231303234304A3032373530            
27/01/25 06:30:10 0050 1                  44.896492 8.859238 00 00 3231303234304A3032383034            
27/01/25 06:31:43 0051 1                  44.896427 8.858872 00 00 3231303234304A3032393338            
27/01/25 06:31:59 0052 1                  44.896408 8.858875 00 00 3231303234304A3032383032            
27/01/25 06:32:05 0053 1                  44.896387 8.858883 00 00 3231303234304A3032383033            
27/01/25 06:33:59 0054 1                  44.896403 8.859130 00 00 3231303032334D3034313337            
27/01/25 06:34:03 0055 1                  44.896443 8.859192 00 00 3231303032334D3033383239            
27/01/25 06:34:07 0056 1                  44.896460 8.859152 00 00 3234303032334D3031313931            
27/01/25 06:34:24 0057 1                  44.896503 8.859053 00 00 3232303032334D3030363630            
27/01/25 06:35:14 0058 1                  44.897378 8.860143 00 00 431012300048369250154390            
27/01/25 06:35:14 0059 1                  44.897378 8.860143 00 00 E28011A0A501006197DE3291            
27/01/25 06:35:56 0060 1                  44.898027 8.860243 00 00 3231303032334D3030343138            
27/01/25 06:36:00 0061 1                  44.898037 8.860260 00 00 3231303032334D3033323637            
27/01/25 06:36:43 0062 1                  44.898250 8.860213 00 00 3231303032334D3034303638            
27/01/25 06:36:46 0063 1                  44.898252 8.860195 00 00 3231303032334D3034333731            
27/01/25 06:36:50 0064 1                  44.898250 8.860177 00 00 3231303032334D3032303833            
27/01/25 06:37:26 0065 1                  44.898557 8.859498 00 00 E28011A0A50100649D2AF53D            
27/01/25 06:38:10 0066 1                  44.898203 8.859152 00 00 3231303132304A3037353837            
27/01/25 06:39:56 0067 1                  44.897973 8.858958 00 00 3231303032334D3031303437            
27/01/25 06:40:00 0068 1                  44.897972 8.858955 00 00 3231303032334D3034333530            
27/01/25 06:41:14 0069 1                  44.897687 8.858753 00 00 3231303032334D3034353637            
27/01/25 06:41:18 0070 1                  44.897687 8.858747 00 00 3231303032334D3030363034            
27/01/25 06:41:51 0071 1                  44.897577 8.858707 00 00 3233303032334D3030373333            
27/01/25 06:41:56 0072 1                  44.897570 8.858713 00 00 3231303032334D3031313236            
27/01/25 06:41:59 0073 1                  44.897565 8.858718 00 00 3231303032334D3031313239            
27/01/25 06:42:50 0074 1                  44.897412 8.858605 00 00 3231303032334D3033313834            
27/01/25 06:44:14 0075 1                  44.897317 8.858212 00 00 3231303032334D3030353536            
27/01/25 06:44:38 0076 1                  44.897305 8.858200 00 00 3231303132304A3037383036            
27/01/25 06:44:39 0077 1                  44.897305 8.858200 00 00 3231303132304A3035333836            
27/01/25 06:46:06 0078 1                  44.897205 8.858452 00 00 3231303032334D3032333237            
27/01/25 06:46:37 0079 1                  44.897218 8.858460 00 00 3231303032334D3034333538            
27/01/25 06:48:06 0080 1                  44.896937 8.858465 00 00 3231303032334D3034333539            
27/01/25 06:48:17 0081 1                  44.896933 8.858452 00 00 3231303234304A3032373931            
27/01/25 06:49:54 0082 1                  44.896947 8.857947 00 00 3233303032334D3030323032            
27/01/25 06:50:31 0083 1                  44.896940 8.857472 00 00 3231303032334D3034313130            
27/01/25 06:52:57 0084 1                  44.896722 8.857427 00 00 555338334D23098100231203            
27/01/25 06:54:10 0085 1                  44.896682 8.858323 00 00 3231303032334D3032313235            
27/01/25 06:56:15 0086 1                  44.895887 8.860208 00 00 3231303132304A3037373939            
27/01/25 06:57:40 0087 1                  44.895642 8.860275 00 00 3231303234304A3032383837            
27/01/25 06:59:13 0088 1                  44.895115 8.860305 00 00 3231303032334D3032313437            
27/01/25 06:59:14 0089 1                  44.895113 8.860302 00 00 3231303032334D3032313435            
27/01/25 07:00:45 0090 1                  44.895082 8.858730 00 00 3231303032334D3034313433            
27/01/25 07:01:59 0091 1                  44.895112 8.858365 00 00 3231303032334D3034373132            
27/01/25 07:02:04 0092 1                  44.895107 8.858365 00 00 3231303032334D3030323037            
27/01/25 07:02:07 0093 1                  44.895108 8.858363 00 00 3234303032334D3030353039            
27/01/25 07:03:20 0094 1                  44.895063 8.857798 00 00 3231303234304A3032393735            
27/01/25 07:03:23 0095 1                  44.895062 8.857800 00 00 3231303234304A3032393836            
27/01/25 07:05:01 0096 1                  44.895085 8.857810 00 00 3152060584367440EE930000            
27/01/25 07:06:07 0097 1                  44.894998 8.857622 00 00 3231303234304A3032393834            
27/01/25 07:07:29 0098 1                  44.895020 8.857492 00 00 3233303032334D3030323236            
27/01/25 07:07:30 0099 1                  44.895023 8.857490 00 00 3232303032334D3030383233            
27/01/25 07:09:17 0100 1                  44.894995 8.856773 00 00 3231303032334D3032323034            
27/01/25 07:09:21 0101 1                  44.894985 8.856755 00 00 3231303032334D3032303939            
27/01/25 07:09:26 0102 1                  44.894973 8.856735 00 00 3231303032334D3032303938            
27/01/25 07:09:31 0103 1                  44.894957 8.856712 00 00 3231303032334D3035313934            
27/01/25 07:09:37 0104 1                  44.894947 8.856697 00 00 3232303032334D3030393430            
27/01/25 07:10:02 0105 1                  44.894900 8.856655 00 00 3231303032334D3032303937            
27/01/25 07:10:16 0106 1                  44.894897 8.856683 00 00 3231303032334D3032303839            
27/01/25 07:11:15 0107 1                  44.894977 8.856838 00 00 3231303032334D3030383438            
27/01/25 07:11:20 0108 1                  44.895007 8.856838 00 00 3231303032334D3032313631            
27/01/25 07:11:26 0109 1                  44.895017 8.856847 00 00 3231303032334D3033303435            
27/01/25 07:12:57 0110 1                  44.894725 8.858220 00 00 3231303234304A3034323535            
27/01/25 07:13:05 0111 1                  44.894727 8.858220 00 00 3231303132304A3037363332            
27/01/25 07:14:04 0112 1                  44.894685 8.858232 00 00 3231303234304A3034343331            
27/01/25 07:15:49 0113 1                  44.894552 8.858280 00 00 3231303234304A3034353035            
27/01/25 07:17:16 0114 1                  44.894117 8.858263 00 00 3231303032334D3032303734            
27/01/25 07:18:21 0115 1                  44.893847 8.858250 00 00 3231303132304A3035323539            
27/01/25 07:20:38 0116 1                  44.892982 8.858288 00 00 3231303132304A3035343031            
27/01/25 07:22:43 0117 1                  44.892878 8.858358 00 00 3231303132304A3035333833            
27/01/25 07:25:28 0118 1                  44.892463 8.858533 00 00 3232303032334D3030333838            
27/01/25 07:25:32 0119 1                  44.892435 8.858568 00 00 3234303032334D3030323733            
27/01/25 07:25:40 0120 1                  44.892370 8.858655 00 00 3231303032334D3032303633            
27/01/25 07:26:02 0121 1                  44.892303 8.858750 00 00 3231303234304A3032383838            
27/01/25 07:26:08 0122 1                  44.892295 8.858762 00 00 3231303234304A3032393438            
27/01/25 07:28:12 0123 1                  44.892095 8.858660 00 00 3231303032334D3034303431            
27/01/25 07:28:16 0124 1                  44.892103 8.858640 00 00 3231303032334D3031313138            
27/01/25 07:28:55 0125 1                  44.892082 8.858588 00 00 3231303032334D3034363434            
27/01/25 07:29:58 0126 1                  44.892118 8.858577 00 00 3231303132304A3035333630            
27/01/25 07:31:17 0127 1                  44.891932 8.858502 00 00 3231303032334D3034333438            
27/01/25 07:32:25 0128 1                  44.891977 8.858497 00 00 3231303032334D3032323332            
27/01/25 07:32:30 0129 1                  44.891972 8.858503 00 00 3231303032334D3034303831            
27/01/25 07:33:19 0130 1                  44.891647 8.858560 00 00 3231303032334D3033363333            
27/01/25 08:09:43 0000 s 01486ver01 44.882332 8.859955 00 00
27/01/25 08:14:56 0131 1                  44.889757 8.856718 00 00 3231303234304A3032393737            
27/01/25 08:17:30 0132 1                  44.891013 8.856957 00 00 3231303234304A3032373434            
27/01/25 08:20:06 0133 1                  44.891032 8.856525 00 00 3231303032334D3033343036            
27/01/25 08:20:11 0134 1                  44.891022 8.856543 00 00 3232303032334D3031353234            
27/01/25 08:20:25 0135 1                  44.891015 8.856562 00 00 3231303032334D3034373534            
27/01/25 08:22:34 0136 1                  44.891268 8.856585 00 00 3231343234304A3032373439            
27/01/25 08:24:26 0137 1                  44.892770 8.856605 00 00 3231303032334D3034353137            
27/01/25 08:26:39 0138 1                  44.893085 8.857498 00 00 3231303032334D3034373330            
27/01/25 08:26:43 0139 1                  44.893100 8.857568 00 00 3231303032334D3034373239            
27/01/25 08:27:00 0140 1                  44.893065 8.857602 00 00 3231303032334D3030383235            
27/01/25 08:27:03 0141 1                  44.893065 8.857602 00 00 3231303032334D3034373331            
27/01/25 08:28:15 0142 1                  44.893092 8.857112 00 00 3231303032334D3031303839            
27/01/25 08:28:18 0143 1                  44.893095 8.857115 00 00 3231303032334D3032323333            
27/01/25 08:28:29 0144 1                  44.893097 8.857115 00 00 3231303032334D3032333635            
27/01/25 08:29:15 0145 1                  44.893102 8.856888 00 00 3234303032334D3031323135            
27/01/25 08:31:02 0146 1                  44.892543 8.856430 00 00 3231303234304A3034323936            
27/01/25 08:32:06 0147 1                  44.892325 8.856765 00 00 3231303032334D3034363339            
27/01/25 08:32:12 0148 1                  44.892325 8.856767 00 00 3231303234304A3032373933            
27/01/25 08:32:15 0149 1                  44.892327 8.856767 00 00 3231303234304A3032373935            
27/01/25 08:34:09 0150 1                  44.892202 8.857035 00 00 3231303032334D3031313037            
27/01/25 08:34:21 0151 1                  44.892160 8.857037 00 00 3231303032334D3034303536            
27/01/25 08:35:21 0152 1                  44.892052 8.857503 00 00 3231303032334D3034303630            
27/01/25 08:35:44 0153 1                  44.892010 8.857718 00 00 3231303032334D3031373239            
27/01/25 08:36:12 0154 1                  44.892012 8.857768 00 00 3231303032334D3033343538            
27/01/25 08:36:12 0155 1                  44.892012 8.857768 00 00 3231303032334D3033343536            
27/01/25 08:36:20 0156 1                  44.892013 8.857770 00 00 3231303032334D3033343539            
27/01/25 08:36:22 0157 1                  44.892015 8.857772 00 00 3231303032334D3033343236            
27/01/25 08:38:16 0158 1                  44.891952 8.858202 00 00 3231303234304A3032373739            
27/01/25 08:43:29 0159 1                  44.893923 8.858285 00 00 003F05324100000000001FFE            
27/01/25 08:44:01 0160 1                  44.893877 8.858168 00 00 3233303032334D3030313631            
27/01/25 08:44:02 0161 1                  44.893878 8.858170 00 00 3232303032334D3031353235            
27/01/25 08:44:04 0162 1                  44.893880 8.858170 00 00 3231303032334D3034363638            
27/01/25 08:44:11 0163 1                  44.893888 8.858172 00 00 3231303032334D3030373132            
27/01/25 08:45:34 0164 1                  44.893555 8.858308 00 00 3231303234304A3032383030            
27/01/25 08:46:37 0165 1                  44.893502 8.858313 00 00 3231303234304A3034353730            
27/01/25 08:47:48 0166 1                  44.893340 8.858020 00 00 3231303234304A3032383432            
27/01/25 08:48:05 0167 1                  44.893342 8.858025 00 00 3231303234304A3032373836            
27/01/25 08:49:39 0168 1                  44.893357 8.857613 00 00 C71C71C71C71C71C71C71C71            
27/01/25 08:50:14 0169 1                  44.893457 8.857247 00 00 3233303032334D3030313735            
27/01/25 08:51:04 0170 1                  44.893510 8.857258 00 00 3231303234304A3032393830            
27/01/25 08:54:55 0171 1                  44.893667 8.856605 00 00 303ACB0342419EE0A913CCCA            
27/01/25 08:55:56 0172 1                  44.893693 8.856665 00 00 3231303132304A3037373233            
27/01/25 08:56:04 0173 1                  44.893700 8.856662 00 00 3231303234304A3032393534            
27/01/25 08:56:12 0174 1                  44.893703 8.856658 00 00 3231303234304A3032383035            
27/01/25 08:57:54 0175 1                  44.893803 8.856547 00 00 3231303032334D3030383034            
27/01/25 08:59:07 0176 1                  44.893975 8.856610 00 00 3231303032334D3034323238            
27/01/25 08:59:14 0177 1                  44.893982 8.856607 00 00 3232303032334D3030353833            
27/01/25 09:00:34 0178 1                  44.894350 8.856658 00 00 3231303234304A3034343235            
27/01/25 09:00:50 0179 1                  44.894358 8.856648 00 00 3231303234304A3034343237            
27/01/25 09:03:11 0180 1                  44.894642 8.856552 00 00 3231303132304A3035343038            
27/01/25 09:10:25 0181 1                  44.893985 8.855290 00 00 3234303032334D3030353533            
27/01/25 09:10:29 0182 1                  44.893987 8.855290 00 00 3231303032334D3034353331            
27/01/25 09:11:59 0183 1                  44.894165 8.853815 00 00 3231303234304A3034353034            
27/01/25 09:12:12 0184 1                  44.894162 8.853815 00 00 3231303234304A3032393335            
27/01/25 09:13:55 0185 1                  44.893487 8.853465 00 00 25758769A6835324D7D70C36            
27/01/25 09:14:51 0186 1                  44.893260 8.853312 00 00 3231303234304A3032383139            
27/01/25 09:14:59 0187 1                  44.893243 8.853307 00 00 3231303234304A3032383138            
27/01/25 09:15:09 0188 1                  44.893223 8.853305 00 00 3231303132304A3035333539            
27/01/25 09:16:39 0189 1                  44.893542 8.853567 00 00 3231303032334D3032333330            
27/01/25 09:17:57 0190 1                  44.894232 8.855293 00 00 3231303032334D3030393930            
27/01/25 09:18:39 0191 1                  44.894573 8.855355 00 00 3231303032334D3034323030            
27/01/25 09:19:58 0192 1                  44.894898 8.856647 00 00 3231303032334D3030373131            
27/01/25 09:20:03 0193 1                  44.894905 8.856640 00 00 3231303032334D3030383135            
27/01/25 09:20:06 0194 1                  44.894907 8.856637 00 00 3232303032334D3030303037            
27/01/25 09:21:48 0195 1                  44.895177 8.858205 00 00 3231303234304A3032383730            
27/01/25 09:23:22 0196 1                  44.895560 8.858193 00 00 3231303032334D3030323333            
27/01/25 09:23:26 0197 1                  44.895593 8.858185 00 00 3231303032334D3032333732            
27/01/25 09:23:30 0198 1                  44.895607 8.858202 00 00 3231303032334D3030353634            
27/01/25 09:23:35 0199 1                  44.895613 8.858190 00 00 3231303032334D3030383238            
27/01/25 09:26:27 0200 1                  44.895910 8.858328 00 00 3231303132304A3035323239            
27/01/25 09:27:04 0201 1                  44.895950 8.858377 00 00 4F34C6436E70DB73B3D82C33            
27/01/25 09:27:17 0202 1                  44.895965 8.858378 00 00 3231303234304A3032393535            
27/01/25 09:29:50 0203 1                  44.896115 8.857008 00 00 3231303234304A3032383531            
27/01/25 09:31:44 0204 1                  44.895673 8.856992 00 00 3231303234304A3032383539            
27/01/25 09:31:44 0205 1                  44.895673 8.856992 00 00 3231303234304A3032383538            
27/01/25 09:34:02 0206 1                  44.895822 8.857237 00 00 3231303234304A3032393832            
27/01/25 09:34:14 0207 1                  44.895823 8.857232 00 00 3231303234304A3032393333            
27/01/25 09:34:54 0208 1                  44.895847 8.857162 00 00 3231303234304A3032393334            
