01/03/25 04:55:47 0000 s 01500ver01 44.882388 8.859800 00 00
01/03/25 04:55:49 0000 s 01500ver01 44.882388 8.859800 00 00
01/03/25 05:52:53 0001 1                  44.901057 8.873148 00 00 3231303033304D3034383232            
01/03/25 05:53:09 0002 1                  44.901063 8.873167 00 00 313931323053303131393436            
01/03/25 05:55:12 0003 1                  44.901195 8.873900 00 00 313931323053303131393832            
01/03/25 05:55:52 0004 1                  44.901082 8.873928 00 00 B230313130304A3030343436            
01/03/25 05:55:58 0005 1                  44.901085 8.873920 00 00 3034F83710162C42EE0005E2            
01/03/25 05:56:31 0006 1                  44.901120 8.873888 00 00 3230313130304A3030343435            
01/03/25 05:57:40 0007 1                  44.901225 8.874318 00 00 3234303132304A3031363631            
01/03/25 05:58:44 0008 1                  44.901255 8.874712 00 00 3234303132304A3032363033            
01/03/25 05:58:45 0009 1                  44.901260 8.874700 00 00 313931323053303130323737            
01/03/25 05:58:45 0010 1                  44.901260 8.874700 00 00 3035EBB32000FB480004E367            
01/03/25 05:59:08 0011 1                  44.901288 8.874702 00 00 313931323053303038393437            
01/03/25 05:59:16 0012 1                  44.901287 8.874732 00 00 30361443FC39B09FFA0A1F23            
01/03/25 06:00:02 0013 1                  44.901315 8.875267 00 00 313931323053303037383934            
01/03/25 06:01:05 0014 1                  44.901470 8.876573 00 00 313931323053303038373334            
01/03/25 06:02:07 0015 1                  44.901710 8.877232 00 00 3230303033304D3030383736            
01/03/25 06:02:44 0016 1                  44.901792 8.876668 00 00 313931323053303131353334            
01/03/25 06:03:23 0017 1                  44.901875 8.875928 00 00 3230303033304D3031303531            
01/03/25 06:04:05 0018 1                  44.902003 8.875168 00 00 313931323053303131353136            
01/03/25 06:04:33 0019 1                  44.902182 8.874702 00 00 3230303033304D3030373434            
01/03/25 06:05:43 0020 1                  44.902447 8.874340 00 00 323031313030533030303434            
01/03/25 06:09:00 0021 1                  44.899022 8.871993 00 00 313931323053303132313630            
01/03/25 06:10:19 0022 1                  44.900093 8.873472 00 00 3234303132304A3031333935            
01/03/25 06:10:19 0023 1                  44.900093 8.873472 00 00 3231303132304A3039363439            
01/03/25 06:11:11 0024 1                  44.900223 8.873665 00 00 3231303033304D3035313632            
01/03/25 06:11:12 0025 1                  44.900223 8.873665 00 00 3231303033304D3035303037            
01/03/25 06:11:18 0026 1                  44.900230 8.873652 00 00 3234303033304D3030383439            
01/03/25 06:12:26 0027 1                  44.900462 8.874020 00 00 303ACB03426F5EDC82376C19            
01/03/25 06:12:26 0028 1                  44.900462 8.874020 00 00 303ACB03426F5F1C82381771            
01/03/25 06:12:26 0029 1                  44.900462 8.874020 00 00 3233313130304A3030303430            
01/03/25 06:12:55 0030 1                  44.900463 8.874042 00 00 3233303132304A3031333635            
01/03/25 06:13:26 0031 1                  44.900463 8.874062 00 00 3230303033304D3031303431            
01/03/25 06:14:07 0032 1                  44.900783 8.874418 00 00 3230303033304D3030393239            
01/03/25 06:14:19 0033 1                  44.900818 8.874425 00 00 313931323053303132333333            
01/03/25 06:17:14 0034 1                  44.905598 8.877828 00 00 3231303132304A3036393632            
01/03/25 06:18:01 0035 1                  44.905458 8.878053 00 00 313931323053303132343934            
01/03/25 06:18:11 0036 1                  44.905462 8.878088 00 00 313931323053303036313734            
01/03/25 06:20:39 0037 1                  44.906680 8.880682 00 00 3231313130304A3030333431            
01/03/25 06:21:09 0038 1                  44.906697 8.880692 00 00 3231313130304A3030333432            
01/03/25 06:23:42 0039 1                  44.906928 8.878673 00 00 3234313130304A3030303732            
01/03/25 06:24:08 0040 1                  44.906918 8.878653 00 00 3233313130304A3030333030            
01/03/25 06:24:10 0041 1                  44.906918 8.878653 00 00 30396062436CA54000182D83            
01/03/25 06:26:47 0042 1                  44.906485 8.881718 00 00 3231313130304A3031393330            
01/03/25 06:29:09 0043 1                  44.906475 8.881697 00 00 313932343053303030363934            
01/03/25 06:31:39 0044 1                  44.907595 8.881818 00 00 3230313130304A3030343632            
01/03/25 06:34:16 0045 1                  44.906638 8.887663 00 00 3231303132304A3033353735            
01/03/25 06:36:07 0046 1                  44.907205 8.886495 00 00 313932343053303030303932            
01/03/25 06:36:14 0047 1                  44.907202 8.886490 00 00 313932343053303030303932            
01/03/25 06:37:30 0048 1                  44.907312 8.885792 00 00 323031313030533030313633            
01/03/25 06:38:03 0049 1                  44.907292 8.885818 00 00 323031313030533030313539            
01/03/25 06:38:26 0050 1                  44.907302 8.885780 00 00 3230313130304A3030363939            
01/03/25 06:38:49 0051 1                  44.907295 8.885785 00 00 323031313030533030313331            
01/03/25 06:41:24 0052 1                  44.906003 8.885142 00 00 323031313030533030303437            
01/03/25 06:42:10 0053 1                  44.906020 8.885127 00 00 323031313030533030303435            
01/03/25 06:42:48 0054 1                  44.906042 8.885125 00 00 323031313030533030303436            
01/03/25 06:44:35 0055 1                  44.906475 8.882080 00 00 313931323053303130343635            
01/03/25 06:44:42 0056 1                  44.906475 8.882070 00 00 313931323053303038373335            
01/03/25 06:44:43 0057 1                  44.906475 8.882070 00 00 313931323053303038313637            
01/03/25 06:45:08 0058 1                  44.906462 8.882045 00 00 313931323053303038393739            
01/03/25 06:45:15 0059 1                  44.906455 8.882043 00 00 313931323053303038393737            
01/03/25 06:45:34 0060 1                  44.906463 8.882050 00 00 313931323053303037303731            
01/03/25 06:47:34 0061 1                  44.905888 8.882545 00 00 313931323053303130333033            
01/03/25 06:48:28 0062 1                  44.906017 8.882952 00 00 313931323053303038393833            
01/03/25 06:48:28 0063 1                  44.906017 8.882952 00 00 313931323053303038353236            
01/03/25 06:48:35 0064 1                  44.906010 8.882955 00 00 3231303132304A3035383838            
01/03/25 06:49:01 0065 1                  44.905992 8.882937 00 00 313931323053303131343133            
01/03/25 06:50:26 0066 1                  44.906062 8.883917 00 00 313931323053303032303632            
01/03/25 06:51:25 0067 1                  44.905953 8.883860 00 00 3231303132304A3030323833            
01/03/25 06:52:44 0068 1                  44.905523 8.882365 00 00 313931323053303130393231            
01/03/25 06:52:45 0069 1                  44.905522 8.882365 00 00 313931323053303130323938            
01/03/25 06:54:19 0070 1                  44.905708 8.881873 00 00 313931323053303038343736            
01/03/25 06:54:19 0071 1                  44.905708 8.881873 00 00 3234303132304A3031393732            
01/03/25 06:56:47 0072 1                  44.905267 8.880457 00 00 3230313130304A3030343837            
01/03/25 06:57:16 0073 1                  44.905287 8.880423 00 00 323031313030533030303534            
01/03/25 06:57:40 0074 1                  44.905288 8.880438 00 00 303960624386694182D7C99D            
01/03/25 06:57:43 0075 1                  44.905285 8.880437 00 00 3034F848FC0AB6C2EE000128            
01/03/25 06:59:45 0076 1                  44.903340 8.880158 00 00 313932343053303030323938            
01/03/25 07:00:53 0077 1                  44.902958 8.879843 00 00 3233303132304A3030393036            
01/03/25 07:01:22 0078 1                  44.902798 8.879517 00 00 313931323053303133333139            
01/03/25 07:03:30 0079 1                  44.902658 8.877403 00 00 111902000000000154685495            
01/03/25 07:04:35 0080 1                  44.903017 8.877210 00 00 313931323053303036323238            
01/03/25 07:05:20 0081 1                  44.902838 8.877288 00 00 3233303132304A3031313735            
01/03/25 07:05:30 0082 1                  44.902822 8.877292 00 00 313931323053303032373338            
01/03/25 07:06:34 0083 1                  44.901942 8.877530 00 00 313931323053303130393830            
01/03/25 07:07:22 0084 1                  44.902262 8.878905 00 00 3230303033304D3033333631            
01/03/25 07:07:46 0085 1                  44.902327 8.879093 00 00 313931323053303031383733            
01/03/25 07:08:34 0086 1                  44.902280 8.880017 00 00 3231303033304D3034383033            
01/03/25 07:09:48 0087 1                  44.901443 8.880298 00 00 323031313030533030303234            
01/03/25 07:10:36 0088 1                  44.901563 8.881243 00 00 313931323053303036393431            
01/03/25 07:10:36 0089 1                  44.901563 8.881243 00 00 3231303132304A3039323535            
01/03/25 07:11:42 0090 1                  44.902193 8.881975 00 00 313931323053303035303936            
01/03/25 07:12:41 0091 1                  44.902420 8.881647 00 00 313931323053303035393235            
01/03/25 07:13:09 0092 1                  44.902377 8.881433 00 00 313931323053303131363433            
01/03/25 07:14:08 0093 1                  44.902283 8.881045 00 00 313931323053303131363438            
01/03/25 07:14:17 0094 1                  44.902310 8.881047 00 00 313931323053303131323238            
01/03/25 07:14:36 0095 1                  44.902325 8.881062 00 00 313931323053303031373834            
01/03/25 07:15:11 0096 1                  44.902272 8.880868 00 00 111150000000001986260895            
01/03/25 07:15:14 0097 1                  44.902263 8.880742 00 00 3234303033304D3030373539            
01/03/25 07:17:14 0098 1                  44.903125 8.881998 00 00 313931323053303033323931            
01/03/25 07:17:16 0099 1                  44.903123 8.881998 00 00 313931323053303033353434            
01/03/25 07:19:55 0100 1                  44.904653 8.884402 00 00 313931323053303130373930            
01/03/25 07:19:56 0101 1                  44.904653 8.884402 00 00 313931323053303130373931            
01/03/25 07:20:24 0102 1                  44.904663 8.884395 00 00 313931323053303133323333            
01/03/25 07:22:24 0103 1                  44.905157 8.886550 00 00 313931323053303131373631            
01/03/25 07:24:26 0104 1                  44.905857 8.891443 00 00 3233303132304A3031303937            
01/03/25 07:24:26 0105 1                  44.905857 8.891443 00 00 313932343053303030303833            
01/03/25 07:24:27 0106 1                  44.905857 8.891443 00 00 AA0A67170000000007726787            
01/03/25 07:24:28 0107 1                  44.905857 8.891445 00 00 AA0A67170000000007654118            
01/03/25 07:24:28 0108 1                  44.905857 8.891445 00 00 AA0A67170000000006773749            
01/03/25 07:24:29 0109 1                  44.905857 8.891445 00 00 AA0A67170000000006568145            
01/03/25 07:24:29 0110 1                  44.905857 8.891445 00 00 AA0A67170000000006773411            
01/03/25 07:24:30 0111 1                  44.905857 8.891445 00 00 AA0A67170000000006863552            
01/03/25 07:24:30 0112 1                  44.905855 8.891445 00 00 AA0A67170000000006863532            
01/03/25 07:24:32 0113 1                  44.905855 8.891445 00 00 AA0A67170000000006863548            
01/03/25 07:24:34 0114 1                  44.905853 8.891445 00 00 AA0A67170000000006852754            
01/03/25 07:27:55 0115 1                  44.905662 8.894238 00 00 313931323053303130313532            
01/03/25 07:27:57 0116 1                  44.905663 8.894238 00 00 313931323053303038343739            
01/03/25 07:28:16 0117 1                  44.905662 8.894242 00 00 313831323045303036383330            
01/03/25 07:30:01 0118 1                  44.906458 8.898910 00 00 3231303132304A3033333735            
01/03/25 07:32:32 0119 1                  44.906083 8.896845 00 00 313931323053303039343533            
01/03/25 07:34:26 0120 1                  44.905833 8.893420 00 00 313932343053303030303930            
01/03/25 07:34:29 0121 1                  44.905828 8.893418 00 00 313932343053303030353935            
01/03/25 07:34:54 0122 1                  44.905765 8.893428 00 00 313931323053303033353030            
01/03/25 07:34:54 0123 1                  44.905765 8.893428 00 00 313931323053303033353031            
01/03/25 07:36:18 0124 1                  44.906033 8.890655 00 00 313931323053303131333934            
01/03/25 07:38:03 0125 1                  44.904770 8.885328 00 00 3231303132304A3037313037            
01/03/25 07:39:08 0126 1                  44.904212 8.883827 00 00 313931323053303036383730            
01/03/25 07:39:26 0127 1                  44.904188 8.883823 00 00 313931323053303034323337            
01/03/25 07:39:51 0128 1                  44.904185 8.883837 00 00 313931323053303032373736            
01/03/25 07:41:21 0129 1                  44.904797 8.882697 00 00 313931323053303130373632            
01/03/25 07:41:32 0130 1                  44.904793 8.882690 00 00 313931323053303130343733            
01/03/25 07:41:34 0131 1                  44.904793 8.882688 00 00 3039606303C585C1EAAE2969            
01/03/25 07:41:34 0132 1                  44.904793 8.882688 00 00 30395DFA80A2E601F5995147            
01/03/25 07:41:39 0133 1                  44.904797 8.882685 00 00 313931323053303033343536            
01/03/25 07:41:39 0134 1                  44.904797 8.882685 00 00 313931323053303033343536            
01/03/25 07:42:00 0135 1                  44.904812 8.882710 00 00 313931323053303033343631            
01/03/25 07:42:26 0136 1                  44.904818 8.882700 00 00 313931323053303033343538            
01/03/25 07:42:57 0137 1                  44.904805 8.882712 00 00 30396061C05795000001B22A            
01/03/25 07:44:41 0138 1                  44.904552 8.881570 00 00 313931323053303132323637            
01/03/25 07:47:34 0139 1                  44.903937 8.881770 00 00 313931323053303131353936            
01/03/25 07:48:18 0140 1                  44.903878 8.881070 00 00 3233303132304A3030323036            
01/03/25 07:51:02 0141 1                  44.903772 8.879767 00 00 3230313130304A3030343432            
01/03/25 07:51:03 0142 1                  44.903772 8.879765 00 00 3230313130304A3030343436            
01/03/25 07:52:48 0143 1                  44.904303 8.879883 00 00 313931323053303131303039            
01/03/25 07:53:45 0144 1                  44.904065 8.879620 00 00 313931323053303131393239            
01/03/25 07:54:45 0145 1                  44.903773 8.879700 00 00 3231303033304D3033323632            
01/03/25 07:54:46 0146 1                  44.903775 8.879698 00 00 3035EB8ADC4DC74022000311            
01/03/25 07:54:58 0147 1                  44.903793 8.879695 00 00 313931323053303038333235            
01/03/25 07:55:59 0148 1                  44.903460 8.879342 00 00 313931323053303130303436            
01/03/25 07:56:03 0149 1                  44.903448 8.879343 00 00 3034F722D453088263858DAC            
01/03/25 07:56:50 0150 1                  44.903398 8.878975 00 00 313931323053303032383934            
01/03/25 07:57:41 0151 1                  44.903472 8.878543 00 00 313931323053303035303137            
01/03/25 07:58:21 0152 1                  44.903467 8.878320 00 00 313931323053303132333332            
01/03/25 07:58:30 0153 1                  44.903467 8.878302 00 00 3233303132304A3031333830            
01/03/25 08:01:48 0154 1                  44.903178 8.877778 00 00 313931323053303130383937            
01/03/25 08:01:49 0155 1                  44.903178 8.877778 00 00 313931323053303132343433            
01/03/25 08:02:17 0156 1                  44.903145 8.877795 00 00 3234303132304A3030373333            
01/03/25 08:02:17 0157 1                  44.903145 8.877795 00 00 313931323053303133383338            
01/03/25 08:02:44 0158 1                  44.903145 8.877762 00 00 313931323053303132343533            
01/03/25 08:02:44 0159 1                  44.903145 8.877762 00 00 313931323053303130383936            
01/03/25 08:03:14 0160 1                  44.903127 8.877832 00 00 313931323053303130383237            
01/03/25 08:03:14 0161 1                  44.903127 8.877832 00 00 3234303132304A3031373338            
01/03/25 08:05:28 0162 1                  44.902950 8.876290 00 00 3035EB8ADC5560C800040A9A            
01/03/25 08:06:41 0163 1                  44.903128 8.875877 00 00 313931323053303131323330            
01/03/25 08:08:05 0164 1                  44.903382 8.875333 00 00 3231303132304A3030373839            
01/03/25 08:08:06 0165 1                  44.903382 8.875333 00 00 313931323053303132373330            
01/03/25 08:08:42 0166 1                  44.903358 8.875273 00 00 313931323053303132333431            
01/03/25 08:10:28 0167 1                  44.904070 8.876210 00 00 3233303132304A3030313035            
01/03/25 08:11:27 0168 1                  44.904367 8.876893 00 00 313931323053303133343335            
01/03/25 08:12:31 0169 1                  44.904712 8.877030 00 00 313931323053303133333033            
01/03/25 08:12:43 0170 1                  44.904685 8.877080 00 00 3232303132304A3030303933            
01/03/25 08:12:49 0171 1                  44.904682 8.877095 00 00 313931323053303133343331            
01/03/25 08:49:11 0000 s 01500ver01 44.907513 8.866250 00 00
01/03/25 08:49:13 0000 s 01500ver01 44.907513 8.866250 00 00
01/03/25 08:53:49 0172 1                  44.909142 8.885780 00 00 3230313130304A3030343531            
01/03/25 08:53:49 0173 1                  44.909142 8.885780 00 00 30395DFA832CB4C000123FC6            
01/03/25 08:53:55 0174 1                  44.909137 8.885770 00 00 1CCFEA9209B5A71540000000            
01/03/25 08:57:24 0175 1                  44.902648 8.883702 00 00 313931323053303038363634            
01/03/25 08:57:51 0176 1                  44.902735 8.883998 00 00 313931323053303132303135            
01/03/25 08:59:01 0177 1                  44.902532 8.884247 00 00 313931323053303036303537            
01/03/25 09:00:20 0178 1                  44.902278 8.882997 00 00 313931323053303132303134            
01/03/25 09:01:25 0179 1                  44.901845 8.883058 00 00 313931323053303031363736            
01/03/25 09:01:28 0180 1                  44.901843 8.883058 00 00 3039606283AEE90000202FA9            
01/03/25 09:02:56 0181 1                  44.901870 8.884415 00 00 313931323053303031363732            
01/03/25 09:04:13 0182 1                  44.902533 8.885192 00 00 313931323053303036353631            
01/03/25 09:04:52 0183 1                  44.902582 8.885397 00 00 3231303132304A3031343632            
01/03/25 09:06:01 0184 1                  44.903070 8.886258 00 00 3231303132304A3031383937            
01/03/25 09:06:02 0185 1                  44.903072 8.886260 00 00 3231303234304A3032353638            
01/03/25 09:07:56 0186 1                  44.902973 8.887520 00 00 313931323053303131323234            
01/03/25 09:09:45 0187 1                  44.903575 8.887390 00 00 313931323053303031333771            
01/03/25 09:09:45 0188 1                  44.903575 8.887390 00 00 313931323053303031333731            
01/03/25 09:11:17 0189 1                  44.904023 8.885832 00 00 313931323053303131363435            
01/03/25 09:12:19 0190 1                  44.904133 8.885977 00 00 313931323053303031333834            
01/03/25 09:13:07 0191 1                  44.904405 8.885693 00 00 313931323053303031333830            
01/03/25 09:13:35 0192 1                  44.904300 8.885547 00 00 313931323053303031333831            
01/03/25 09:13:47 0193 1                  44.904290 8.885555 00 00 3035EBB3205B298800043322            
01/03/25 09:13:52 0194 1                  44.904288 8.885557 00 00 3035EBB3205B3D880004214D            
01/03/25 09:14:57 0195 1                  44.903625 8.885555 00 00 313931323053303038383739            
01/03/25 09:16:13 0196 1                  44.903300 8.884122 00 00 313931323053303038313139            
01/03/25 09:16:58 0197 1                  44.903238 8.883937 00 00 3234303132304A3032343034            
01/03/25 09:17:57 0198 1                  44.903182 8.883648 00 00 313931323053303133343632            
01/03/25 09:22:12 0199 1                  44.901097 8.884033 00 00 313931323053303031333736            
01/03/25 09:22:55 0200 1                  44.901012 8.883928 00 00 313931323053303032383338            
01/03/25 09:27:27 0201 1                  44.899345 8.882660 00 00 3230313130304A3030363934            
01/03/25 09:28:01 0202 1                  44.899257 8.882613 00 00 3231313130304A3032313637            
01/03/25 09:28:39 0203 1                  44.899235 8.882642 00 00 3230313130304A3031333036            
01/03/25 09:29:37 0204 1                  44.899232 8.882652 00 00 3230313130304A3031333439            
01/03/25 09:30:18 0205 1                  44.899220 8.882663 00 00 3230313130304A3031333037            
01/03/25 09:30:54 0206 1                  44.899192 8.882707 00 00 3231313130304A3030393237            
01/03/25 09:32:04 0207 1                  44.899207 8.882632 00 00 3230313130304A3030363935            
01/03/25 09:32:28 0208 1                  44.899212 8.882613 00 00 3230313130304A3031333531            
01/03/25 09:33:13 0209 1                  44.899205 8.882585 00 00 3230313130304A3031333530            
01/03/25 09:34:02 0210 1                  44.899125 8.882525 00 00 3231313130304A3032313639            
01/03/25 09:34:58 0211 1                  44.899123 8.882570 00 00 3233313130304A3030303437            
01/03/25 09:35:34 0212 1                  44.899127 8.882595 00 00 3230313130304A3030373039            
01/03/25 09:38:51 0213 1                  44.901158 8.877845 00 00 3231313130304A3030393433            
01/03/25 09:40:25 0214 1                  44.901355 8.877618 00 00 313931323053303130383132            
01/03/25 09:56:35 0000 s 01500ver01 44.901800 8.872997 00 00
01/03/25 09:56:37 0000 s 01500ver01 44.901800 8.872997 00 00
