21/01/25 05:27:01 0000 s 01513ver01 44.792808 8.739413 00 00
21/01/25 05:48:33 0001 1                  44.727127 8.854315 00 00 3234303032334D3030343430            
21/01/25 05:48:33 0002 1                  44.727127 8.854315 00 00 3234303032334D3030393637            
21/01/25 05:48:35 0003 1                  44.727128 8.854323 00 00 3234303032334D3030343432            
21/01/25 05:50:27 0004 1                  44.727163 8.854335 00 00 31383032334D303033363239            
21/01/25 05:51:53 0005 1                  44.726797 8.855022 00 00 31383032334D303130343536            
21/01/25 05:52:11 0006 1                  44.726812 8.855017 00 00 3231303032334D3035373932            
21/01/25 05:52:15 0007 1                  44.726820 8.855020 00 00 3232303032334D3031393633            
21/01/25 05:52:36 0008 1                  44.726868 8.855062 00 00 3232303032334D3030313733            
21/01/25 05:52:40 0009 1                  44.726885 8.855070 00 00 31383032334D303037383830            
21/01/25 05:56:11 0010 1                  44.726627 8.855562 00 00 E280699500005018DBC0D53B            
21/01/25 06:00:28 0011 1                  44.727408 8.853465 00 00 31383234304A303030323133            
21/01/25 06:04:57 0012 1                  44.726992 8.855845 00 00 31383132304A303039303833            
21/01/25 06:05:02 0013 1                  44.726997 8.855852 00 00 31383132304A303039303834            
21/01/25 06:06:27 0014 1                  44.726990 8.855645 00 00 3233303032334D3030343236            
21/01/25 06:09:28 0015 1                  44.725662 8.856710 00 00 3231303032334D3031363038            
21/01/25 06:09:35 0016 1                  44.725673 8.856710 00 00 31383032334D303134393732            
21/01/25 06:09:52 0017 1                  44.725688 8.856698 00 00 31383032334D303139303637            
21/01/25 06:09:59 0018 1                  44.725702 8.856703 00 00 3231303032334D3033303638            
21/01/25 06:10:13 0019 1                  44.725685 8.856707 00 00 31383032334D303033363532            
21/01/25 06:10:17 0020 1                  44.725672 8.856710 00 00 31383032334D303033393338            
21/01/25 06:10:30 0021 1                  44.725637 8.856708 00 00 31383032334D303037373631            
21/01/25 06:10:36 0022 1                  44.725622 8.856707 00 00 31383032334D303033363536            
21/01/25 06:10:57 0023 1                  44.725593 8.856695 00 00 31383032334D303033383134            
21/01/25 06:11:02 0024 1                  44.725598 8.856693 00 00 31383032334D303033363436            
21/01/25 06:11:05 0025 1                  44.725597 8.856693 00 00 300ED89F335000A01E919EC3            
21/01/25 06:11:36 0026 1                  44.725620 8.856692 00 00 31383032334D303033363836            
21/01/25 06:11:39 0027 1                  44.725618 8.856690 00 00 31383032334D303033363431            
21/01/25 06:13:54 0028 1                  44.725395 8.856583 00 00 31383032334D303139323630            
21/01/25 06:15:59 0029 1                  44.724295 8.857537 00 00 3233303032334D3030303238            
21/01/25 06:16:48 0030 1                  44.724593 8.857493 00 00 3231303032334D3030303930            
21/01/25 06:17:22 0031 1                  44.724833 8.857427 00 00 31383032334D303130303133            
21/01/25 06:17:30 0032 1                  44.724850 8.857413 00 00 31383032334D303033383937            
21/01/25 06:20:11 0033 1                  44.723652 8.857472 00 00 3232303032334D3030323031            
21/01/25 06:20:21 0034 1                  44.723667 8.857443 00 00 3232303032334D3031303838            
21/01/25 06:20:26 0035 1                  44.723688 8.857438 00 00 3232303032334D3030323331            
21/01/25 06:20:31 0036 1                  44.723698 8.857438 00 00 3233303032334D3031303738            
21/01/25 06:22:16 0037 1                  44.724023 8.857213 00 00 3234303032334D3030353537            
21/01/25 06:26:34 0038 1                  44.724327 8.856667 00 00 31383032334D303037373938            
21/01/25 06:26:35 0039 1                  44.724327 8.856667 00 00 31383032334D303130323436            
21/01/25 06:26:39 0040 1                  44.724327 8.856673 00 00 31383032334D303037373937            
21/01/25 06:26:41 0041 1                  44.724330 8.856682 00 00 300ED89F335000A01E919EC3            
21/01/25 06:28:13 0042 1                  44.724678 8.856652 00 00 3232303032334D3031323335            
21/01/25 06:28:23 0043 1                  44.724673 8.856668 00 00 31383032334D303033393137            
21/01/25 06:29:02 0044 1                  44.724690 8.856655 00 00 31383032334D303033393539            
21/01/25 06:29:11 0045 1                  44.724693 8.856655 00 00 3231303032334D3032383137            
21/01/25 06:29:33 0046 1                  44.724718 8.856678 00 00 3232303032334D3030333035            
21/01/25 06:38:23 0047 1                  44.725015 8.856102 00 00 31383032334D303037373136            
21/01/25 06:38:29 0048 1                  44.725017 8.856105 00 00 300ED89F335000A01E919EC3            
21/01/25 06:38:41 0049 1                  44.725007 8.856118 00 00 31383032334D303037373137            
21/01/25 06:40:26 0050 1                  44.724918 8.856283 00 00 3231303132304A3035333431            
21/01/25 06:42:36 0051 1                  44.723892 8.856730 00 00 31383032334D303038333233            
21/01/25 06:43:39 0052 1                  44.723552 8.856808 00 00 31383032334D3030373A3333            
21/01/25 06:43:45 0053 1                  44.723560 8.856810 00 00 31383032334D303130303237            
21/01/25 06:44:21 0054 1                  44.723598 8.856797 00 00 3231303234304A3032373731            
21/01/25 06:46:08 0055 1                  44.723792 8.856507 00 00 323030323545303032313533            
21/01/25 06:46:38 0056 1                  44.723913 8.856323 00 00 31383032334D303033373235            
21/01/25 06:47:49 0057 1                  44.724010 8.856153 00 00 31383032334D303139373437            
21/01/25 06:48:01 0058 1                  44.723958 8.856167 00 00 3234303032334D3031303235            
21/01/25 06:48:09 0059 1                  44.723958 8.856182 00 00 31383032334D303130303332            
21/01/25 06:48:24 0060 1                  44.723952 8.856192 00 00 31383032334D303130333434            
21/01/25 06:48:32 0061 1                  44.723957 8.856200 00 00 31383032334D303130303330            
21/01/25 06:52:19 0062 1                  44.723505 8.856205 00 00 31383032334D303033373337            
21/01/25 06:52:26 0063 1                  44.723512 8.856197 00 00 31383032334D303033373336            
21/01/25 06:53:38 0064 1                  44.724050 8.855862 00 00 3233303132304A3032313435            
21/01/25 06:55:49 0065 1                  44.724632 8.855367 00 00 31383234304A303030323032            
21/01/25 06:57:41 0066 1                  44.724357 8.855490 00 00 3234303032334D3030333837            
21/01/25 06:58:32 0067 1                  44.724213 8.855688 00 00 3232303032334D3031363232            
21/01/25 06:58:45 0068 1                  44.724223 8.855748 00 00 31383032334D303038323531            
21/01/25 06:59:34 0069 1                  44.724355 8.856145 00 00 31383032334D303033393A32            
21/01/25 07:00:01 0070 1                  44.724402 8.856258 00 00 31383032334D303037363832            
21/01/25 07:00:01 0071 1                  44.724402 8.856258 00 00 31383032334D303130363833            
21/01/25 07:00:19 0072 1                  44.724383 8.856230 00 00 3233303032334D3030363634            
21/01/25 07:00:28 0073 1                  44.724358 8.856212 00 00 31383032334D303139363034            
21/01/25 07:00:34 0074 1                  44.724357 8.856198 00 00 323030323545303039353233            
21/01/25 07:00:46 0075 1                  44.724360 8.856175 00 00 3233303032334D3030393431            
21/01/25 07:00:59 0076 1                  44.724363 8.856165 00 00 31383032334D303139373037            
21/01/25 07:01:09 0077 1                  44.724355 8.856170 00 00 31383032334D303037383039            
21/01/25 07:01:12 0078 1                  44.724353 8.856173 00 00 31383032334D303037363838            
21/01/25 07:01:12 0079 1                  44.724353 8.856173 00 00 31383032334D303037363838            
21/01/25 07:03:09 0080 1                  44.723832 8.857235 00 00 3231303032334D3031363432            
21/01/25 07:05:44 0081 1                  44.723318 8.857073 00 00 31383032334D303139373138            
21/01/25 07:05:52 0082 1                  44.723322 8.857065 00 00 31383032334D303033383534            
21/01/25 07:07:15 0083 1                  44.723155 8.857183 00 00 31383032334D303130383838            
21/01/25 07:07:21 0084 1                  44.723152 8.857185 00 00 300ED89F335000A01E919EC3            
21/01/25 07:08:21 0085 1                  44.723040 8.857058 00 00 31383032334D303037383938            
21/01/25 07:10:19 0086 1                  44.722843 8.856290 00 00 31383032334D303139333435            
21/01/25 07:10:29 0087 1                  44.722847 8.856302 00 00 31383032334D303139313339            
21/01/25 07:10:33 0088 1                  44.722845 8.856300 00 00 323030323545303036323131            
21/01/25 07:11:05 0089 1                  44.722825 8.856277 00 00 3233303032334D3030373831            
21/01/25 07:11:05 0090 1                  44.722825 8.856277 00 00 3232303032334D3031323938            
21/01/25 07:11:23 0091 1                  44.722793 8.856252 00 00 31383032334D30303339303300000000    
21/01/25 07:11:23 0092 1                  44.722793 8.856252 00 00 31383032334D303033393033            
21/01/25 07:11:41 0093 1                  44.722805 8.856273 00 00 31383032334D303033383237            
21/01/25 07:13:11 0094 1                  44.722907 8.856930 00 00 31383032334D303033363230            
21/01/25 07:13:12 0095 1                  44.722907 8.856930 00 00 31383032334D303130323438            
21/01/25 07:13:57 0096 1                  44.722877 8.857083 00 00 31383032334D303130303035            
21/01/25 07:14:08 0097 1                  44.722858 8.857082 00 00 31383032334D303037363739            
21/01/25 07:28:38 0000 s 01513ver01 44.722933 8.857305 00 00
21/01/25 07:30:54 0098 1                  44.723643 8.855203 00 00 25705569A686CD84B1C36DF5            
21/01/25 07:31:26 0099 1                  44.723893 8.854885 00 00 31383032334D303037363237            
21/01/25 07:31:26 0100 1                  44.723893 8.854885 00 00 31383032334D303037363135            
21/01/25 07:31:26 0101 1                  44.723893 8.854885 00 00 313C3032334D303037363237            
21/01/25 07:31:44 0102 1                  44.723925 8.854840 00 00 31383032334D303037373437            
21/01/25 07:31:47 0103 1                  44.723932 8.854832 00 00 3138B032334D303037373438            
21/01/25 07:31:51 0104 1                  44.723938 8.854822 00 00 31383032334D303037373438            
21/01/25 07:33:46 0105 1                  44.724425 8.854812 00 00 3231303132304A3037343934            
21/01/25 07:33:58 0106 1                  44.724463 8.854807 00 00 300ED89F335000A01E919EC3            
21/01/25 07:35:21 0107 1                  44.724450 8.854817 00 00 300ED89F335000ACEACAA626            
21/01/25 07:37:11 0108 1                  44.724335 8.854660 00 00 3231303132304A3037373733            
21/01/25 07:39:58 0109 1                  44.723020 8.854748 00 00 3232303032334D3030313138            
21/01/25 07:41:12 0110 1                  44.723293 8.854467 00 00 31383032334D303037383235            
21/01/25 07:41:18 0111 1                  44.723293 8.854462 00 00 31383032334D303037383838            
21/01/25 07:41:24 0112 1                  44.723290 8.854460 00 00 31383032334D313037383839            
21/01/25 07:41:33 0113 1                  44.723292 8.854450 00 00 31383032334D303037383231            
21/01/25 07:43:05 0114 1                  44.723485 8.854293 00 00 3232303032334D3030363331            
21/01/25 07:44:54 0115 1                  44.723578 8.854077 00 00 323030323545303039353430            
21/01/25 07:46:09 0116 1                  44.724363 8.853845 00 00 3233303032334D3031303231            
21/01/25 07:47:11 0117 1                  44.724622 8.853502 00 00 31383032334D303134363931            
21/01/25 07:49:32 0118 1                  44.725097 8.852900 00 00 31383032334D303038313737            
21/01/25 07:49:33 0119 1                  44.725097 8.852900 00 00 31383032334D303038313739            
21/01/25 07:49:38 0120 1                  44.725093 8.852895 00 00 31383032334D303038313736            
21/01/25 07:49:54 0121 1                  44.725085 8.852882 00 00 31383032334D303038313738            
21/01/25 07:50:12 0122 1                  44.725082 8.852870 00 00 31383032334D303038313735            
21/01/25 07:51:43 0123 1                  44.725040 8.852908 00 00 31383234304A303030323137            
21/01/25 07:54:42 0124 1                  44.725208 8.853288 00 00 31383032334D303038323836            
21/01/25 07:55:00 0125 1                  44.725207 8.853245 00 00 31383032334D303038323837            
21/01/25 07:55:15 0126 1                  44.725210 8.853218 00 00 31383032334D303038303433            
21/01/25 07:56:29 0127 1                  44.725563 8.853375 00 00 31383032334D303038313830            
21/01/25 07:57:17 0128 1                  44.725083 8.853538 00 00 31383032334D303038303737            
21/01/25 07:57:42 0129 1                  44.724873 8.853585 00 00 31383032334D303038303739            
21/01/25 07:58:34 0130 1                  44.724653 8.853663 00 00 3231303032334D3031393832            
21/01/25 08:01:09 0131 1                  44.724235 8.853025 00 00 31383234304A303030323730            
21/01/25 08:02:51 0132 1                  44.724123 8.853125 00 00 31383234304A303030323134            
21/01/25 08:02:58 0133 1                  44.724137 8.853157 00 00 31383234304A303030323638            
21/01/25 08:05:29 0134 1                  44.724410 8.852378 00 00 31383032334D303038313932            
21/01/25 08:08:06 0135 1                  44.723248 8.852817 00 00 31383032334D303134373931            
21/01/25 08:08:44 0136 1                  44.723518 8.852750 00 00 31383032334D303038303339            
21/01/25 08:10:49 0137 1                  44.721597 8.852520 00 00 31383032334D303139353837            
21/01/25 08:11:40 0138 1                  44.721655 8.852550 00 00 31383234304A303030333931            
21/01/25 08:14:08 0139 1                  44.721795 8.853227 00 00 3231303132304A3037343837            
21/01/25 08:14:32 0140 1                  44.721810 8.853283 00 00 31383132304A303039323432            
21/01/25 08:15:29 0141 1                  44.721793 8.853323 00 00 31383234304A303030323633            
21/01/25 08:16:04 0142 1                  44.721795 8.853298 00 00 300ED89F335000A01E919EC3            
21/01/25 08:17:43 0143 1                  44.721658 8.854287 00 00 31383032334D303134343336            
21/01/25 08:18:28 0144 1                  44.721592 8.854388 00 00 31383032334D303036363136            
21/01/25 08:20:48 0145 1                  44.722758 8.854957 00 00 3231303234304A3034333637            
21/01/25 08:22:26 0146 1                  44.723195 8.854020 00 00 31383032334D303134373035            
21/01/25 08:24:50 0147 1                  44.722947 8.853568 00 00 31383032334D303038313235            
21/01/25 08:27:19 0148 1                  44.722240 8.854047 00 00 31383032334D303038313836            
21/01/25 08:27:55 0149 1                  44.722337 8.853947 00 00 31383032334D303038313837            
21/01/25 08:28:06 0150 1                  44.722338 8.853948 00 00 31383032334D303038313838            
21/01/25 08:28:49 0151 1                  44.722540 8.853755 00 00 31383032334D303038323530            
21/01/25 08:31:00 0152 1                  44.721057 8.852967 00 00 31383234304A303030323138            
21/01/25 08:32:26 0153 1                  44.721083 8.853113 00 00 31383032334D303130383337            
21/01/25 08:32:31 0154 1                  44.721102 8.853120 00 00 31383032334D303033393734            
21/01/25 08:32:38 0155 1                  44.721105 8.853130 00 00 323030323545303031393832            
21/01/25 08:32:44 0156 1                  44.721098 8.853138 00 00 31383032334D303130333634            
21/01/25 08:33:32 0157 1                  44.720937 8.852993 00 00 31383032334D303038303537            
21/01/25 08:34:13 0158 1                  44.720765 8.853108 00 00 31383032334D303139333135            
21/01/25 08:34:19 0159 1                  44.720763 8.853118 00 00 31383032334D303139333133            
21/01/25 08:35:01 0160 1                  44.720488 8.853265 00 00 31383032334D303134363835            
21/01/25 08:35:05 0161 1                  44.720483 8.853265 00 00 31383032334D303134363834            
21/01/25 08:36:13 0162 1                  44.720437 8.853255 00 00 31383032334D303139323733            
21/01/25 08:37:35 0163 1                  44.720318 8.853337 00 00 31383032334D303033373534            
21/01/25 08:40:10 0164 1                  44.720377 8.854207 00 00 31383032334D303130323833            
21/01/25 08:40:15 0165 1                  44.720378 8.854225 00 00 31383032334D303037393332            
21/01/25 08:40:21 0166 1                  44.720372 8.854243 00 00 31383032334D303037393331            
21/01/25 08:42:16 0167 1                  44.720077 8.854353 00 00 31383032334D303134343133            
21/01/25 08:43:49 0168 1                  44.719843 8.855522 00 00 3234303032334D3031333832            
21/01/25 08:43:54 0169 1                  44.719858 8.855525 00 00 31383032334D303038323032            
21/01/25 08:46:07 0170 1                  44.720310 8.854955 00 00 31383234304A303030323034            
21/01/25 08:46:53 0171 1                  44.720345 8.854948 00 00 300ED89F335000A01E919EC3            
21/01/25 08:57:24 0000 s 01513ver01 44.720233 8.854757 00 00
21/01/25 09:01:09 0172 1                  44.720918 8.855200 00 00 31383032334D303033363638            
21/01/25 09:01:16 0173 1                  44.720922 8.855215 00 00 31383032334D303139363230            
21/01/25 09:01:21 0174 1                  44.720920 8.855225 00 00 3138303A334D303033383034            
21/01/25 09:01:29 0175 1                  44.720908 8.855253 00 00 3232303032334D3031383138            
21/01/25 09:02:01 0176 1                  44.721112 8.855275 00 00 3234303032334D3032303937            
21/01/25 09:03:20 0177 1                  44.721385 8.855425 00 00 31383032334D303134343139            
21/01/25 09:03:33 0178 1                  44.721403 8.855432 00 00 3231303132304A3035323737            
21/01/25 09:03:45 0179 1                  44.721405 8.855442 00 00 300ED89F335000A01E919EC3            
21/01/25 09:05:03 0180 1                  44.721528 8.855593 00 00 31383032334D303036393838            
21/01/25 09:08:09 0181 1                  44.721672 8.855945 00 00 31383032334D303038323130            
21/01/25 09:09:23 0182 1                  44.721502 8.856348 00 00 3231303132304A3037363434            
21/01/25 09:10:38 0183 1                  44.721237 8.856910 00 00 31383032334D303033373935            
21/01/25 09:10:46 0184 1                  44.721232 8.856938 00 00 31383032334D303033373933            
21/01/25 09:10:54 0185 1                  44.721222 8.856963 00 00 31383032334D303037383533            
21/01/25 09:12:12 0186 1                  44.721178 8.857562 00 00 31383032334D303139363934            
21/01/25 09:12:16 0187 1                  44.721182 8.857572 00 00 31383032334D303033373836            
21/01/25 09:13:19 0188 1                  44.721243 8.857632 00 00 31383032334D303130333339            
21/01/25 09:14:41 0189 1                  44.721112 8.858177 00 00 3232303032334D3031343235            
21/01/25 09:14:59 0190 1                  44.721058 8.858210 00 00 3233303032334D3030343835            
21/01/25 09:15:09 0191 1                  44.721043 8.858225 00 00 3232303032334D3030373233            
21/01/25 09:15:19 0192 1                  44.721032 8.858233 00 00 3233303032334D3031303533            
21/01/25 09:15:26 0193 1                  44.721047 8.858247 00 00 31383032334D303139313232            
21/01/25 09:15:31 0194 1                  44.721057 8.858255 00 00 300ED89F335000A01E919EC3            
21/01/25 09:15:51 0195 1                  44.721063 8.858268 00 00 31383033304D303032343039            
21/01/25 09:19:34 0196 1                  44.723360 8.857895 00 00 181222318000098950160691            
21/01/25 09:23:21 0197 1                  44.730930 8.850188 00 00 323032343055303030303637            
21/01/25 09:26:42 0198 1                  44.731628 8.848560 00 00 323030323545303036393632            
21/01/25 09:27:09 0199 1                  44.731685 8.848410 00 00 3234303032334D3030313739            
21/01/25 09:32:17 0200 1                  44.736338 8.842167 00 00 31383032334D303039333935            
21/01/25 09:32:19 0201 1                  44.736330 8.842177 00 00 31383032334D303130323733            
21/01/25 09:35:07 0202 1                  44.736928 8.844833 00 00 31383032334D303036363735            
21/01/25 09:39:10 0203 1                  44.732005 8.853703 00 00 31383032334D303039343439            
21/01/25 09:40:25 0204 1                  44.734548 8.853188 00 00 3234303032334D3030313936            
21/01/25 09:42:08 0205 1                  44.732178 8.853422 00 00 31383072334D303039343439            
21/01/25 09:47:23 0206 1                  44.739108 8.853313 00 00 000000000000000018202895            
21/01/25 09:47:41 0207 1                  44.739093 8.853428 00 00 3231303032334D3030303339            
21/01/25 09:48:32 0208 1                  44.738343 8.853350 00 00 31383032334D303039343236            
21/01/25 09:49:15 0209 1                  44.737710 8.853287 00 00 31383032334D303130393133            
21/01/25 09:53:36 0210 1                  44.742760 8.852200 00 00 3233303032334D3031303931            
21/01/25 09:55:43 0211 1                  44.746388 8.851695 00 00 31383032334D303039323534            
21/01/25 09:59:03 0212 1                  44.754580 8.850745 00 00 31383032334D303132393236            
21/01/25 10:05:43 0213 1                  44.753088 8.845665 00 00 31383234304A303030323635            
21/01/25 10:18:37 0214 1                  44.745932 8.849243 00 00 31383032334D303131373833            
21/01/25 10:20:48 0215 1                  44.742542 8.846240 00 00 3231303032334D3031373930            
21/01/25 10:22:11 0216 1                  44.741870 8.846578 00 00 3231303234304A3034333038            
21/01/25 10:24:05 0217 1                  44.744377 8.844993 00 00 31383032334D303039333938            
21/01/25 10:25:11 0218 1                  44.745922 8.844367 00 00 3232303032334D3031383335            
21/01/25 10:28:30 0219 1                  44.741463 8.843982 00 00 31383032334D303137393139            
21/01/25 10:28:47 0220 1                  44.741447 8.843957 00 00 31383032334D303134343335            
21/01/25 10:28:49 0221 1                  44.741443 8.843955 00 00 31383032334D303137333332            
21/01/25 10:33:01 0222 1                  44.743695 8.836892 00 00 3231303132304A3037363233            
21/01/25 10:58:59 0223 1                  44.788313 8.747728 00 00 300ED89F335000A01E919EC3            
21/01/25 11:39:56 0000 s 01513ver01 44.792783 8.739467 00 00
21/01/25 16:10:42 0000 s 01513ver01 44.792370 8.739278 00 00
