03/03/25 10:40:44 0000 s 01488ver01 44.882337 8.859778 00 00
03/03/25 10:52:55 0000 s 01488ver01 44.882352 8.859710 00 00
03/03/25 11:10:10 0001 1                  44.986237 8.820085 00 00 313831323045303233323237            
03/03/25 11:11:47 0002 1                  44.988338 8.818345 00 00 313931323050303034353735            
03/03/25 11:13:10 0003 1                  44.985878 8.818895 00 00 313831323045303234343632            
03/03/25 11:13:10 0004 1                  44.985878 8.818895 00 00 313831323045303234343632            
03/03/25 11:13:48 0005 1                  44.985757 8.818442 00 00 313831323045303139363633            
03/03/25 11:15:08 0006 1                  44.985188 8.818258 00 00 313832343045303034313531            
03/03/25 11:15:31 0007 1                  44.985183 8.818260 00 00 3233313130304A3030323239            
03/03/25 11:17:09 0008 1                  44.985162 8.816192 00 00 313831323045303139363131            
03/03/25 11:17:09 0009 1                  44.985162 8.816192 00 00 313831323045303139363538            
03/03/25 11:18:27 0010 1                  44.984855 8.814013 00 00 313831323045303230313137            
03/03/25 11:18:34 0011 1                  44.984862 8.814008 00 00 313831323045303232373037            
03/03/25 11:19:19 0012 1                  44.984757 8.813490 00 00 313831323045303230353335            
03/03/25 11:19:52 0013 1                  44.984700 8.813185 00 00 313831323045303230353238            
03/03/25 11:20:34 0014 1                  44.984787 8.812787 00 00 313931323050303031313438            
03/03/25 11:21:18 0015 1                  44.985065 8.812578 00 00 313831323045303139323336            
03/03/25 11:21:35 0016 1                  44.985062 8.812580 00 00 313931323050303133323933            
03/03/25 11:21:43 0017 1                  44.985063 8.812580 00 00 313931323050303133343236            
03/03/25 11:22:07 0018 1                  44.985068 8.812565 00 00 3234303132304A3032323931            
03/03/25 11:22:57 0019 1                  44.985475 8.812188 00 00 313831323045303231393733            
03/03/25 11:23:18 0020 1                  44.985485 8.812175 00 00 313931323050303033343535            
03/03/25 11:23:18 0021 1                  44.985485 8.812175 00 00 313831323045303139373232            
03/03/25 11:23:54 0022 1                  44.985500 8.812172 00 00 313831323045303139343138            
03/03/25 11:23:55 0023 1                  44.985500 8.812172 00 00 313831323045303139343230            
03/03/25 11:25:04 0024 1                  44.985747 8.811947 00 00 313931323050303034313830            
03/03/25 11:25:04 0025 1                  44.985747 8.811947 00 00 313831323045303139393033            
03/03/25 11:26:02 0026 1                  44.985843 8.811868 00 00 3233303132304A3030373530            
03/03/25 11:27:41 0027 1                  44.986568 8.811883 00 00 534D5004E700010137303034            
03/03/25 11:28:28 0028 1                  44.986945 8.812625 00 00 313831323045303139333434            
03/03/25 11:28:29 0029 1                  44.986945 8.812625 00 00 313831323045303230303031            
03/03/25 11:29:28 0030 1                  44.986843 8.812405 00 00 313831323045303139363137            
03/03/25 11:29:30 0031 1                  44.986840 8.812407 00 00 313831323045303139393638            
03/03/25 11:31:49 0032 1                  44.986388 8.810908 00 00 313831323045303139393730            
03/03/25 11:31:50 0033 1                  44.986388 8.810907 00 00 313831323045303230323833            
03/03/25 11:32:39 0034 1                  44.986230 8.810815 00 00 313831323045303230333131            
03/03/25 11:32:53 0035 1                  44.986230 8.810815 00 00 313831323045303139343139            
03/03/25 11:33:42 0036 1                  44.986112 8.810735 00 00 313831323045303230323835            
03/03/25 11:34:40 0037 1                  44.985718 8.810533 00 00 3231303033304D3032393832            
03/03/25 11:34:47 0038 1                  44.985717 8.810530 00 00 313831323045303230323738            
03/03/25 11:35:39 0039 1                  44.985485 8.810348 00 00 313831323045303230313933            
03/03/25 11:35:43 0040 1                  44.985483 8.810348 00 00 313831323045303230323034            
03/03/25 11:36:45 0041 1                  44.985343 8.810218 00 00 313831323045303230323837            
03/03/25 11:36:46 0042 1                  44.985345 8.810217 00 00 313831323045303230323030            
03/03/25 11:38:05 0043 1                  44.984443 8.810088 00 00 313831323045303139373236            
03/03/25 11:38:45 0044 1                  44.984440 8.810260 00 00 313831323045303230363038            
03/03/25 11:39:35 0045 1                  44.984153 8.810647 00 00 313831323045303234343733            
03/03/25 11:39:35 0046 1                  44.984153 8.810647 00 00 313831323045303139363835            
03/03/25 11:40:43 0047 1                  44.984015 8.810790 00 00 313831323045303138393233            
03/03/25 11:40:45 0048 1                  44.984015 8.810790 00 00 313931323050303130303238            
03/03/25 11:40:46 0049 1                  44.984015 8.810790 00 00 3035EBDF7800F3001E0272FB            
03/03/25 11:42:04 0050 1                  44.983923 8.810863 00 00 313831323045303139343530            
03/03/25 11:43:00 0051 1                  44.983785 8.811238 00 00 313831313030533031303939            
03/03/25 11:43:39 0052 1                  44.983808 8.811300 00 00 313831313030533031313030            
03/03/25 11:44:53 0053 1                  44.983690 8.811947 00 00 313832343045303034323732            
03/03/25 11:46:29 0054 1                  44.982985 8.812110 00 00 313931323050303034353737            
03/03/25 11:46:29 0055 1                  44.982985 8.812110 00 00 3233303234304A3030363339            
03/03/25 11:48:58 0056 1                  44.982880 8.811948 00 00 313832343045303034303633            
03/03/25 11:48:58 0057 1                  44.982880 8.811948 00 00 3231303234304A3034373436            
03/03/25 11:50:01 0058 1                  44.982723 8.811900 00 00 31383033304D303034343735            
03/03/25 11:50:55 0059 1                  44.982218 8.811872 00 00 3230303033304D3038363732            
03/03/25 11:51:02 0060 1                  44.982205 8.811888 00 00 31383033304D303034353331            
03/03/25 11:51:14 0061 1                  44.982185 8.811908 00 00 313831323045303139393338            
03/03/25 11:51:15 0062 1                  44.982185 8.811910 00 00 3233303234304A3030363238            
03/03/25 11:52:22 0063 1                  44.982107 8.811862 00 00 31383033304D303034353330            
03/03/25 11:52:27 0064 1                  44.982107 8.811858 00 00 3233303033304D3030343930            
03/03/25 11:52:32 0065 1                  44.982107 8.811850 00 00 313831323045303232393638            
03/03/25 11:53:29 0066 1                  44.982028 8.811765 00 00 31383033304D303034353238            
03/03/25 11:53:32 0067 1                  44.982023 8.811763 00 00 31383033304D303034353239            
03/03/25 11:53:39 0068 1                  44.982007 8.811772 00 00 31383033304D303034373939            
03/03/25 11:54:14 0069 1                  44.981848 8.811745 00 00 313831323045303230323031            
03/03/25 11:55:39 0070 1                  44.980948 8.810463 00 00 313831323045303037363138            
03/03/25 11:55:41 0071 1                  44.980945 8.810460 00 00 313831B23045303139353131            
03/03/25 11:56:51 0072 1                  44.981078 8.809687 00 00 313831323045303234383930            
03/03/25 11:57:40 0073 1                  44.981150 8.809330 00 00 313931323050303032383834            
03/03/25 11:57:40 0074 1                  44.981150 8.809330 00 00 313831323045303232363937            
03/03/25 11:58:31 0075 1                  44.981142 8.809163 00 00 313931323050303038383531            
03/03/25 11:59:27 0076 1                  44.981200 8.809037 00 00 313831323045303139333931            
03/03/25 11:59:27 0077 1                  44.981200 8.809037 00 00 313831323045303139333934            
03/03/25 12:00:50 0078 1                  44.981270 8.808902 00 00 313831323045303139313438            
03/03/25 12:00:50 0079 1                  44.981270 8.808902 00 00 313832343045303034333536            
03/03/25 12:02:20 0080 1                  44.981580 8.808583 00 00 31383033304D303034343732            
03/03/25 12:02:24 0081 1                  44.981580 8.808588 00 00 3231303033304D3033313837            
03/03/25 12:03:10 0082 1                  44.981840 8.808663 00 00 313831323045303139333436            
03/03/25 12:03:53 0083 1                  44.981985 8.808698 00 00 31383033304D303034343734            
03/03/25 12:04:03 0084 1                  44.981992 8.808687 00 00 313831323045303139333735            
03/03/25 12:04:55 0085 1                  44.982233 8.808677 00 00 313931323050303035393136            
03/03/25 12:04:56 0086 1                  44.982233 8.808677 00 00 313831323045303139323738            
03/03/25 12:05:28 0087 1                  44.982260 8.808667 00 00 313931323050303036373430            
03/03/25 12:05:30 0088 1                  44.982262 8.808665 00 00 313831323045303234383433            
03/03/25 12:06:34 0089 1                  44.982387 8.808648 00 00 0000000000000E0000034AFD            
03/03/25 12:06:34 0090 1                  44.982388 8.808647 00 00 313832343045303034303135            
03/03/25 12:06:34 0091 1                  44.982388 8.808647 00 00 3234303234304A3030333834            
03/03/25 12:07:05 0092 1                  44.982377 8.808623 00 00 3234303234304A3030333833            
03/03/25 12:07:11 0093 1                  44.982370 8.808618 00 00 313931323050303130333333            
03/03/25 12:08:11 0094 1                  44.982528 8.808598 00 00 313832343045303034333839            
03/03/25 12:09:08 0095 1                  44.982847 8.808643 00 00 31383033304D303034353337            
03/03/25 12:09:49 0096 1                  44.983040 8.808700 00 00 31383033304D303033393934            
03/03/25 12:10:50 0097 1                  44.983368 8.808782 00 00 313832343045303034333539            
03/03/25 12:11:45 0098 1                  44.983508 8.808775 00 00 313931323050303031313339            
03/03/25 12:12:33 0099 1                  44.983832 8.808890 00 00 31383033304D303034343738            
03/03/25 12:13:04 0100 1                  44.984005 8.808943 00 00 313831323045303139363838            
03/03/25 12:14:22 0101 1                  44.984488 8.808925 00 00 313931323050303039383230            
03/03/25 12:15:23 0102 1                  44.984567 8.809207 00 00 31383032334D303131383337            
03/03/25 12:15:24 0103 1                  44.984567 8.809207 00 00 31383033304D303033393432            
03/03/25 12:15:31 0104 1                  44.984575 8.809233 00 00 31383033304D303033393939            
03/03/25 12:15:44 0105 1                  44.984567 8.809263 00 00 31383033304D303034363038            
03/03/25 12:16:09 0106 1                  44.984565 8.809305 00 00 313831323045303139393833            
03/03/25 12:16:09 0107 1                  44.984565 8.809305 00 00 313931323050303033363133            
03/03/25 12:17:40 0108 1                  44.984715 8.809588 00 00 313831323045303139373233            
03/03/25 12:18:46 0109 1                  44.985665 8.808760 00 00 313831323045303230743838            
03/03/25 12:18:46 0110 1                  44.985665 8.808760 00 00 313831323045303230303036            
03/03/25 12:19:41 0111 1                  44.985803 8.808788 00 00 313831323045303139343731            
03/03/25 12:20:28 0112 1                  44.986000 8.808667 00 00 313831323045303230313734            
03/03/25 12:20:29 0113 1                  44.986003 8.808665 00 00 313931323050303039383736            
03/03/25 12:21:21 0114 1                  44.986090 8.808635 00 00 313831323045303139383932            
03/03/25 12:21:22 0115 1                  44.986090 8.808635 00 00 313831323045303230333332            
03/03/25 12:22:44 0116 1                  44.986092 8.808703 00 00 313831323045303139393938            
03/03/25 12:22:44 0117 1                  44.986092 8.808703 00 00 313831323045303139393939            
03/03/25 12:23:23 0118 1                  44.986092 8.808697 00 00 313831323045303139373030            
03/03/25 12:23:23 0119 1                  44.986092 8.808697 00 00 313831323045303230313736            
03/03/25 12:23:46 0120 1                  44.986088 8.808667 00 00 313831323045303139333231            
03/03/25 12:24:51 0121 1                  44.986345 8.808900 00 00 313831323045303230393035            
03/03/25 12:24:59 0122 1                  44.986338 8.808902 00 00 313831323045303139383837            
03/03/25 12:25:36 0123 1                  44.986373 8.808905 00 00 313831323045303232363930            
03/03/25 12:25:37 0124 1                  44.986373 8.808905 00 00 313831323045303232373036            
03/03/25 12:26:23 0125 1                  44.986343 8.808900 00 00 313831323045303139383838            
03/03/25 12:26:24 0126 1                  44.986343 8.808900 00 00 313831323045303139353936            
03/03/25 12:26:29 0127 1                  44.986340 8.808902 00 00 313831323045303139353936            
03/03/25 12:27:46 0128 1                  44.986555 8.808587 00 00 313831323045303139393935            
03/03/25 12:27:46 0129 1                  44.986555 8.808587 00 00 313A31323045303139373139            
03/03/25 12:28:45 0130 1                  44.986863 8.808508 00 00 313831323045303139383839            
03/03/25 12:29:32 0131 1                  44.987050 8.808502 00 00 313831323045303139353432            
03/03/25 12:30:37 0132 1                  44.989263 8.806573 00 00 313831323045303232323636            
03/03/25 12:30:40 0133 1                  44.989268 8.806573 00 00 313831323045303232723636            
03/03/25 12:31:25 0134 1                  44.989957 8.805940 00 00 313931323050303130383133            
03/03/25 12:33:53 0135 1                  44.998720 8.797827 00 00 313931323050303039393936            
03/03/25 12:33:53 0136 1                  44.998720 8.797827 00 00 313831323045303139303431            
03/03/25 12:35:28 0137 1                  44.999092 8.797270 00 00 3234303132304A3030343331            
03/03/25 12:37:58 0138 1                  44.987053 8.808430 00 00 313831323045703230333339            
03/03/25 12:38:34 0139 1                  44.986970 8.808663 00 00 313831323045303139393639            
03/03/25 12:38:34 0140 1                  44.986970 8.808663 00 00 302EFE201880214000012C27            
03/03/25 12:39:17 0141 1                  44.986732 8.809445 00 00 313831323045303230303337            
03/03/25 12:40:10 0142 1                  44.986648 8.809762 00 00 313831323045303230303030            
03/03/25 12:41:09 0143 1                  44.986657 8.810245 00 00 313831323045303139393934            
03/03/25 12:41:58 0144 1                  44.986697 8.810423 00 00 313831323045303232303232            
03/03/25 12:41:58 0145 1                  44.986697 8.810423 00 00 313831323045303139393535            
03/03/25 12:43:09 0146 1                  44.986875 8.811310 00 00 313931323050303031373337            
03/03/25 12:43:48 0147 1                  44.987223 8.811415 00 00 313831323045303231303338            
03/03/25 12:47:18 0148 1                  44.989773 8.810453 00 00 353831323045303139343439            
03/03/25 12:48:26 0149 1                  44.991285 8.811498 00 00 3234303132304A3030343330            
03/03/25 12:50:11 0150 1                  44.995708 8.812643 00 00 313831323045303232323931            
03/03/25 12:51:23 0151 1                  44.998572 8.813970 00 00 313831323045303230363139            
03/03/25 12:54:30 0152 1                  45.003385 8.817225 00 00 313831323045303232373135            
03/03/25 12:55:40 0153 1                  45.003458 8.817640 00 00 313931323050303039333737            
03/03/25 12:58:00 0154 1                  45.004848 8.817737 00 00 313831323045303232323837            
03/03/25 12:58:48 0155 1                  45.005248 8.817742 00 00 313931323050303038363333            
03/03/25 12:59:52 0156 1                  45.006660 8.819007 00 00 313931323050303033383432            
03/03/25 13:01:19 0157 1                  45.007168 8.818980 00 00 202240911000000033282430            
03/03/25 13:01:19 0158 1                  45.007168 8.818980 00 00 202240911000000033282421            
03/03/25 13:01:19 0159 1                  45.007168 8.818980 00 00 31383132304A303234323235            
03/03/25 13:02:39 0160 1                  45.008323 8.820710 00 00 08502E68B25247800262635E            
03/03/25 13:02:43 0161 1                  45.008325 8.820722 00 00 313831323045303231383435            
03/03/25 13:05:05 0162 1                  45.008630 8.818700 00 00 31383132304A303231353435            
03/03/25 13:11:31 0163 1                  44.984668 8.813462 00 00 313831323045303230313130            
03/03/25 13:12:11 0164 1                  44.984795 8.813862 00 00 313831323045303230343233            
03/03/25 13:14:06 0165 1                  44.986600 8.820402 00 00 313831323045303230313431            
03/03/25 13:14:07 0166 1                  44.986600 8.820402 00 00 313831323045303230313537            
03/03/25 13:15:04 0167 1                  44.986858 8.820365 00 00 313831323045303230313737            
03/03/25 13:15:59 0168 1                  44.987327 8.820580 00 00 313831323045303230313733            
03/03/25 13:15:59 0169 1                  44.987327 8.820580 00 00 313831323045303230313735            
03/03/25 13:17:13 0170 1                  44.988178 8.820895 00 00 313831323045303230313534            
03/03/25 13:17:13 0171 1                  44.988178 8.820895 00 00 313831323045303230313633            
03/03/25 13:18:21 0172 1                  44.989275 8.821065 00 00 313831323045303234393033            
03/03/25 13:19:20 0173 1                  44.990245 8.821302 00 00 313831323045303139353234            
03/03/25 13:19:21 0174 1                  44.990245 8.821302 00 00 313831323045303139363338            
03/03/25 13:20:28 0175 1                  44.990840 8.822172 00 00 313831323045303139383439            
03/03/25 13:21:21 0176 1                  44.991268 8.822750 00 00 313831323045303139383533            
03/03/25 13:22:04 0177 1                  44.991772 8.823443 00 00 313831323045303230313436            
03/03/25 13:23:04 0178 1                  44.992183 8.824042 00 00 313831323045303231303134            
03/03/25 13:24:28 0179 1                  44.990467 8.823312 00 00 313831323045303234353631            
03/03/25 13:26:12 0180 1                  44.989275 8.822618 00 00 313831313030533030313238            
03/03/25 13:28:10 0181 1                  44.988353 8.822297 00 00 313931323050303032373531            
03/03/25 13:28:53 0182 1                  44.988750 8.822525 00 00 313831323045303234343831            
03/03/25 13:31:50 0183 1                  44.995007 8.823073 00 00 313831323045303234343738            
03/03/25 13:31:50 0184 1                  44.995007 8.823073 00 00 313831323045303234343830            
03/03/25 13:33:58 0185 1                  44.995033 8.826615 00 00 313831323045303231303832            
03/03/25 13:33:58 0186 1                  44.995033 8.826615 00 00 313831323045303231303531            
03/03/25 13:36:00 0187 1                  44.998715 8.826580 00 00 313831323045303139363435            
03/03/25 13:39:57 0188 1                  45.003338 8.830202 00 00 313831323045303231303533            
03/03/25 13:42:08 0189 1                  44.999657 8.831787 00 00 3234303132304A3032323837            
03/03/25 13:44:40 0190 1                  45.000113 8.834033 00 00 313831323045303234353536            
03/03/25 13:46:49 0191 1                  45.000788 8.836163 00 00 313831323045303231363030            
03/03/25 13:46:51 0192 1                  45.000788 8.836163 00 00 3035EBB3205391480004204C            
03/03/25 13:47:28 0193 1                  45.000650 8.835683 00 00 313831323045303232333134            
03/03/25 13:48:11 0194 1                  45.000520 8.835298 00 00 313831323045303236333436            
03/03/25 13:49:25 0195 1                  44.999898 8.832418 00 00 313831323045303139383536            
03/03/25 13:52:51 0196 1                  44.996393 8.837023 00 00 313831323045303231303839            
03/03/25 13:52:55 0197 1                  44.996392 8.837022 00 00 313831323045303231303833            
03/03/25 13:54:08 0198 1                  44.996358 8.837490 00 00 313831323045303231303838            
03/03/25 13:58:32 0199 1                  44.994178 8.838635 00 00 313831323045303231303535            
03/03/25 13:58:33 0200 1                  44.994177 8.838633 00 00 30326279A4024040002E329E            
03/03/25 14:00:06 0201 1                  44.996377 8.840573 00 00 313831323045303230353934            
03/03/25 14:02:11 0202 1                  45.000283 8.843718 00 00 313931323050303039353036            
03/03/25 14:03:13 0203 1                  45.002490 8.843152 00 00 313831323045303234353633            
03/03/25 14:04:31 0204 1                  45.005237 8.842195 00 00 313831323045303234353330            
03/03/25 14:12:46 0205 1                  44.981768 8.809003 00 00 313831323045303139323333            
03/03/25 14:12:46 0206 1                  44.981768 8.809003 00 00 313831323045303138373635            
03/03/25 14:13:19 0207 1                  44.981823 8.808823 00 00 31383033304D303034353532            
03/03/25 14:13:51 0208 1                  44.982055 8.808847 00 00 3234303033304D3030333836            
03/03/25 14:14:16 0209 1                  44.982053 8.809005 00 00 313932343045303030363531            
03/03/25 14:14:16 0210 1                  44.982053 8.809005 00 00 3231303234304A3034373234            
03/03/25 14:15:19 0211 1                  44.981927 8.809950 00 00 313831323045303232383330            
03/03/25 14:15:30 0212 1                  44.981920 8.809963 00 00 313831323045303232383237            
03/03/25 14:15:38 0213 1                  44.981908 8.809963 00 00 313831323045303230323537            
03/03/25 14:15:52 0214 1                  44.981887 8.809970 00 00 313931323050303030383430            
03/03/25 14:15:52 0215 1                  44.981887 8.809970 00 00 313931323050303033313734            
03/03/25 14:16:52 0216 1                  44.981807 8.810123 00 00 313831323045307230323631            
03/03/25 14:16:56 0217 1                  44.981807 8.810122 00 00 313831323045303230323632            
03/03/25 14:18:07 0218 1                  44.981755 8.811015 00 00 3233303132304A3030373430            
03/03/25 14:36:14 0000 s 01488ver01 44.981355 8.808638 00 00
03/03/25 15:06:19 0000 s 01488ver01 44.908483 8.866527 00 00
03/03/25 15:08:35 0000 s 01488ver01 44.908447 8.866612 00 00
