01/03/25 05:29:19 0000 s 01487ver01 44.882383 8.860092 00 00
01/03/25 05:31:47 0001 1                  44.882845 8.860155 00 00 3233303234304A3030393836            
01/03/25 05:37:36 0002 1                  44.898763 8.858377 00 00 3234303032334D3030363335            
01/03/25 05:37:42 0003 1                  44.898785 8.858392 00 00 3234303032334D3031353139            
01/03/25 05:38:34 0004 1                  44.900388 8.860552 00 00 3231303032334D3030363934            
01/03/25 05:38:38 0005 1                  44.900402 8.860555 00 00 323030323545303036323139            
01/03/25 05:40:51 0006 1                  44.898625 8.857832 00 00 3232303032334D3031373437            
01/03/25 05:42:12 0007 1                  44.898958 8.858157 00 00 31383032334D303032333836            
01/03/25 05:42:43 0008 1                  44.899020 8.857820 00 00 3233303032334D3030353338            
01/03/25 05:46:01 0009 1                  44.907547 8.863772 00 00 31383032334D303032333831            
01/03/25 05:48:06 0010 1                  44.907477 8.866108 00 00 323032343055303030313231            
01/03/25 05:51:50 0011 1                  44.907712 8.865908 00 00 3234303032334D3030303532            
01/03/25 05:52:35 0012 1                  44.907748 8.863145 00 00 31383032334D303034393630            
01/03/25 05:53:11 0013 1                  44.907733 8.862388 00 00 31383032334D303135333032            
01/03/25 05:54:50 0014 1                  44.907393 8.860372 00 00 3231303032334D3030343233            
01/03/25 05:55:25 0015 1                  44.906953 8.859510 00 00 3231303032334D3030353237            
01/03/25 05:56:16 0016 1                  44.905935 8.858655 00 00 3233303132304A3032313530            
01/03/25 05:58:21 0017 1                  44.902418 8.856537 00 00 323031323055303030303834            
01/03/25 05:59:47 0018 1                  44.900485 8.855417 00 00 31383032334D303032313433            
01/03/25 06:05:28 0019 1                  44.897917 8.853938 00 00 323032343055303030313335            
01/03/25 06:07:11 0020 1                  44.899887 8.853653 00 00 B1383032334D303037373638            
01/03/25 06:08:35 0021 1                  44.903903 8.855283 00 00 323030323545303032333637            
01/03/25 06:10:36 0022 1                  44.904748 8.856230 00 00 31383032334D303032333837            
01/03/25 06:10:43 0023 1                  44.904743 8.856227 00 00 323030323545303032373438            
01/03/25 06:11:44 0024 1                  44.904512 8.856802 00 00 3233303032334D3030383430            
01/03/25 06:12:53 0025 1                  44.903915 8.858600 00 00 31383032334D303032323237            
01/03/25 06:12:58 0026 1                  44.903917 8.858605 00 00 31383032334D303131323732            
01/03/25 06:13:05 0027 1                  44.903917 8.858612 00 00 31383032334D303131323831            
01/03/25 06:14:28 0028 1                  44.902450 8.862488 00 00 323032343055303030313232            
01/03/25 06:14:28 0029 1                  44.902450 8.862488 00 00 3233303234304A3030393836            
01/03/25 06:15:40 0030 1                  44.902343 8.862655 00 00 3233303032334D3030333734            
01/03/25 06:16:12 0031 1                  44.902215 8.862783 00 00 3231303032334D3030373435            
01/03/25 06:16:29 0032 1                  44.902227 8.862787 00 00 3234303032334D3031393133            
01/03/25 06:18:02 0033 1                  44.902118 8.863195 00 00 323030323545303030383232            
01/03/25 06:18:34 0034 1                  44.901868 8.863640 00 00 3234303032334D3030373031            
01/03/25 06:19:09 0035 1                  44.901862 8.863948 00 00 3231303032334D3030363532            
01/03/25 06:19:26 0036 1                  44.901815 8.863968 00 00 31383032334D303032323132            
01/03/25 06:20:39 0037 1                  44.902907 8.865647 00 00 3231303032334D3030363937            
01/03/25 06:20:39 0038 1                  44.902907 8.865647 00 00 3231303032334D3030353437            
01/03/25 06:21:40 0039 1                  44.903895 8.865922 00 00 31383032334D303032303237            
01/03/25 06:22:52 0040 1                  44.904120 8.867320 00 00 313931323043303030383238            
01/03/25 06:22:53 0041 1                  44.904120 8.867340 00 00 313931323050303030343537            
01/03/25 06:23:04 0042 1                  44.904143 8.867362 00 00 323030323545303033333731            
01/03/25 06:23:30 0043 1                  44.904158 8.867370 00 00 3234303032334D3031303431            
01/03/25 06:24:20 0044 1                  44.904180 8.866875 00 00 3234303032334D3030333932            
01/03/25 06:25:12 0045 1                  44.904252 8.866722 00 00 31383032334D303035313036            
01/03/25 06:25:54 0046 1                  44.904233 8.867320 00 00 323030323545303034303939            
01/03/25 06:26:44 0047 1                  44.904505 8.868258 00 00 3232303032334D3030353730            
01/03/25 06:27:36 0048 1                  44.905062 8.868048 00 00 31383032334D303032303934            
01/03/25 06:28:30 0049 1                  44.905390 8.868617 00 00 3233303132304A3032313139            
01/03/25 06:33:58 0000 s 01487ver01 44.905835 8.869337 00 00
01/03/25 06:35:30 0050 1                  44.906238 8.870795 00 00 31383032334D303032323531            
01/03/25 06:36:03 0051 1                  44.905722 8.871132 00 00 31383032334D303032313235            
01/03/25 06:37:12 0052 1                  44.906212 8.871875 00 00 3233303234304A3030393836            
01/03/25 06:39:44 0053 1                  44.906322 8.869428 00 00 3231303234304A3034323738            
01/03/25 06:42:03 0054 1                  44.904757 8.866183 00 00 3231303032334D3030373138            
01/03/25 06:42:08 0055 1                  44.904757 8.866202 00 00 3233303032334D3030303831            
01/03/25 06:42:44 0056 1                  44.905320 8.866582 00 00 3232303032334D3030383733            
01/03/25 06:42:47 0057 1                  44.905313 8.866585 00 00 3231303032334D3030363631            
01/03/25 06:43:27 0058 1                  44.906178 8.866937 00 00 3231303032334D3035303435            
01/03/25 06:44:05 0059 1                  44.906398 8.867042 00 00 31383032334D303032303233            
01/03/25 06:44:18 0060 1                  44.906402 8.867047 00 00 31383032334D303032323134            
01/03/25 06:44:57 0061 1                  44.906680 8.867187 00 00 31383032334D303032323932            
01/03/25 06:47:06 0062 1                  44.907228 8.867297 00 00 3234303032334D3030343735            
01/03/25 06:49:48 0063 1                  44.907978 8.877898 00 00 323032343055303030313233            
01/03/25 06:51:35 0064 1                  44.907867 8.877227 00 00 31383132304A303039323331            
01/03/25 06:51:55 0065 1                  44.907848 8.877220 00 00 3231303032334D3031333539            
01/03/25 06:51:55 0066 1                  44.907848 8.877220 00 00 3231303032334D3031333031            
01/03/25 06:52:05 0067 1                  44.907845 8.877225 00 00 3231303032334D3030343433            
01/03/25 06:52:30 0068 1                  44.907852 8.877223 00 00 31383132304A303039303734            
01/03/25 06:53:04 0069 1                  44.907878 8.877217 00 00 300ED89F3350005FE2D84570            
01/03/25 06:57:23 0070 1                  44.907993 8.867363 00 00 323030323545303030383530            
01/03/25 06:57:31 0071 1                  44.907983 8.867343 00 00 3231303032334D3031363539            
01/03/25 06:57:48 0072 1                  44.907957 8.867315 00 00 3231303032334D3030373832            
01/03/25 06:59:32 0073 1                  44.908178 8.869780 00 00 323030323545303032353234            
01/03/25 07:02:16 0074 1                  44.906215 8.866915 00 00 3231303032334D3035303435            
01/03/25 07:03:34 0075 1                  44.908367 8.864573 00 00 31383032334D303032323534            
01/03/25 07:03:46 0076 1                  44.908387 8.864567 00 00 3232303032334D3030363031            
01/03/25 07:03:51 0077 1                  44.908403 8.864570 00 00 3232303032334D3030353330            
01/03/25 07:03:59 0078 1                  44.908427 8.864577 00 00 31383032334D303034393037            
01/03/25 07:04:32 0079 1                  44.909028 8.864367 00 00 31383032334D303032313535            
01/03/25 07:04:50 0080 1                  44.909082 8.864345 00 00 3234303032334D3030373332            
01/03/25 07:05:01 0081 1                  44.909087 8.864345 00 00 3231303032334D3031323836            
01/03/25 07:06:09 0082 1                  44.910535 8.863958 00 00 31383032334D303131323339            
01/03/25 07:06:59 0083 1                  44.910095 8.863925 00 00 3231303032334D3030353933            
01/03/25 07:08:06 0084 1                  44.909870 8.861012 00 00 31383032334D303134343238            
01/03/25 07:08:35 0085 1                  44.909850 8.860807 00 00 323030323545303033323831            
01/03/25 07:09:23 0086 1                  44.910067 8.859018 00 00 3234303032334D3031323533            
01/03/25 07:14:58 0087 1                  44.910652 8.871570 00 00 3231303032334D3030363239            
01/03/25 07:15:06 0088 1                  44.910648 8.871582 00 00 3232303032334D3031353539            
01/03/25 07:19:37 0089 1                  44.912105 8.875265 00 00 31383032334D303034383337            
01/03/25 07:26:11 0090 1                  44.895962 8.855418 00 00 3156070412441860FDEFE280            
01/03/25 07:57:01 0000 s 01487ver01 44.882237 8.859640 00 00
01/03/25 08:03:32 0000 s 01487ver01 44.882605 8.860057 00 00
01/03/25 08:10:47 0091 1                  44.908880 8.880247 00 00 323030323545303033323133            
01/03/25 08:14:33 0092 1                  44.909923 8.879287 00 00 3231303234304A3032393637            
01/03/25 08:16:26 0093 1                  44.910147 8.878402 00 00 31383032334D303034393535            
01/03/25 08:17:29 0094 1                  44.910235 8.877957 00 00 31383032334D303035303130            
01/03/25 08:18:54 0095 1                  44.910027 8.877835 00 00 31383032334D303035303331            
01/03/25 08:18:56 0096 1                  44.910025 8.877835 00 00 3233303234304A3030393836            
01/03/25 08:19:27 0097 1                  44.909917 8.877860 00 00 31383032334D303034393533            
01/03/25 08:20:05 0098 1                  44.909903 8.877878 00 00 3231303032334D3031383732            
01/03/25 08:21:02 0099 1                  44.909778 8.878332 00 00 3231303032334D3030343237            
01/03/25 08:21:50 0100 1                  44.909497 8.878427 00 00 31383032334D303034393536            
01/03/25 08:23:16 0101 1                  44.909125 8.878335 00 00 3234303234304A3030373033            
01/03/25 08:24:37 0102 1                  44.909092 8.878333 00 00 323031313030433030333232            
01/03/25 08:25:05 0103 1                  44.909155 8.877713 00 00 31393032334D303032333539            
01/03/25 08:25:11 0104 1                  44.909155 8.877717 00 00 31383032334D303037303935            
01/03/25 08:25:15 0105 1                  44.909160 8.877713 00 00 3231303032334D3031373931            
01/03/25 08:25:18 0106 1                  44.909158 8.877717 00 00 31383032334D303131333234            
01/03/25 08:25:49 0107 1                  44.909165 8.877718 00 00 3231303032334D3030373235            
01/03/25 08:27:05 0108 1                  44.909445 8.877018 00 00 31383032334D303131323434            
01/03/25 08:27:59 0109 1                  44.909350 8.876913 00 00 31383032334D303131323338            
01/03/25 08:29:11 0110 1                  44.908992 8.876750 00 00 3231303032334D3034393930            
01/03/25 08:29:41 0111 1                  44.908803 8.876627 00 00 3232303032334D3031313330            
01/03/25 08:29:53 0112 1                  44.908802 8.876605 00 00 31383032334D303131343039            
01/03/25 08:30:11 0113 1                  44.908795 8.876610 00 00 31383032334D303032333630            
01/03/25 08:31:14 0114 1                  44.908622 8.876528 00 00 3232303032334D3031353230            
01/03/25 08:32:23 0115 1                  44.907937 8.875688 00 00 323030323545303032343333            
01/03/25 08:32:31 0116 1                  44.907913 8.875408 00 00 3232303032334D3031333632            
01/03/25 08:32:31 0117 1                  44.907913 8.875408 00 00 3231303032334D3030363633            
01/03/25 08:33:54 0118 1                  44.907823 8.875857 00 00 31383032334D303135363438            
01/03/25 08:34:09 0119 1                  44.907818 8.875837 00 00 3232303032334D3031343834            
01/03/25 08:34:54 0120 1                  44.907898 8.876240 00 00 31383032334D303131323435            
01/03/25 08:37:04 0121 1                  44.908632 8.878525 00 00 3232303032334D3030313935            
01/03/25 08:37:57 0122 1                  44.908593 8.878773 00 00 3231303032334D3030343230            
01/03/25 08:40:23 0123 1                  44.912945 8.883142 00 00 31383032334D303135393233            
01/03/25 08:40:56 0124 1                  44.912577 8.882737 00 00 31383032334D303135363935            
01/03/25 08:41:49 0125 1                  44.911093 8.881402 00 00 31383132304A303039303730            
01/03/25 08:41:52 0126 1                  44.911090 8.881398 00 00 3233303234304A3030393836            
01/03/25 08:44:25 0127 1                  44.913212 8.880998 00 00 31383032334D303135363539            
01/03/25 08:46:39 0128 1                  44.915952 8.884447 00 00 3234303032334D3030333439            
01/03/25 08:46:48 0129 1                  44.915945 8.884437 00 00 31383032334D303135383836            
01/03/25 08:47:43 0130 1                  44.914700 8.884353 00 00 3234303032334D3030363236            
01/03/25 08:49:55 0131 1                  44.925175 8.896430 00 00 31383032334D303135383331            
01/03/25 08:51:26 0132 1                  44.925988 8.896068 00 00 3233303032334D3030313734            
01/03/25 08:54:28 0133 1                  44.932558 8.902567 00 00 31383132304A303039313833            
01/03/25 08:57:28 0000 s 01487ver01 44.932555 8.902585 00 00
01/03/25 09:02:26 0134 1                  44.923395 8.884797 00 00 3234303032334D3030363037            
01/03/25 09:13:18 0135 1                  44.928345 8.871182 00 00 31383032334D303131323034            
01/03/25 09:13:23 0136 1                  44.928350 8.871185 00 00 31383032334D303131323035            
01/03/25 09:13:30 0137 1                  44.928365 8.871192 00 00 3234303032334D3031383536            
01/03/25 09:23:30 0138 1                  44.915938 8.870573 00 00 3232303032334D3030353136            
01/03/25 09:37:25 0139 1                  44.920748 8.853103 00 00 3233303234304A3030393836            
01/03/25 09:59:45 0140 1                  44.882347 8.860197 00 00 3233303234304A3030393836            
01/03/25 10:07:28 0000 s 01487ver01 44.882390 8.859998 00 00
