01/03/25 05:07:09 0000 s 01879ver01 44.882317 8.860238 00 00
01/03/25 05:27:18 0000 s 01879ver01 44.882277 8.860122 00 00
01/03/25 05:51:46 0001 1                  44.977393 8.882448 00 00 323030323545303036343230            
01/03/25 05:52:12 0002 1                  44.977522 8.882402 00 00 323030323545303036353837            
01/03/25 05:52:36 0003 1                  44.977665 8.882353 00 00 323030323545303034353234            
01/03/25 05:52:43 0004 1                  44.977670 8.882347 00 00 3231303032334D3032303134            
01/03/25 05:53:28 0005 1                  44.977915 8.882228 00 00 323030323545303036313434            
01/03/25 05:53:36 0006 1                  44.977923 8.882233 00 00 3231303032334D3030393835            
01/03/25 05:54:22 0007 1                  44.978345 8.881847 00 00 323030323545303036313232            
01/03/25 05:54:26 0008 1                  44.978343 8.881842 00 00 323030323545303036353137            
01/03/25 05:54:59 0009 1                  44.978527 8.881690 00 00 323030323545303039343335            
01/03/25 05:55:03 0010 1                  44.978525 8.881695 00 00 3234303032334D3031323130            
01/03/25 05:55:28 0011 1                  44.978597 8.881663 00 00 323030323545303033313735            
01/03/25 05:55:37 0012 1                  44.978603 8.881668 00 00 323030323545303035393232            
01/03/25 05:56:32 0013 1                  44.979370 8.881312 00 00 323030323545303035383635            
01/03/25 05:56:36 0014 1                  44.979382 8.881315 00 00 323030323545303037363439            
01/03/25 05:56:41 0015 1                  44.979410 8.881303 00 00 3231303032334D3031313030            
01/03/25 05:57:23 0016 1                  44.979643 8.881283 00 00 31383032334D303032393136            
01/03/25 05:57:48 0017 1                  44.979727 8.881417 00 00 323030323545303032343834            
01/03/25 05:57:52 0018 1                  44.979737 8.881413 00 00 31383032334D303136333634            
01/03/25 05:58:35 0019 1                  44.978975 8.882800 00 00 3232303032334D3030323439            
01/03/25 05:58:56 0020 1                  44.979115 8.882942 00 00 323030323545303032343138            
01/03/25 05:59:17 0021 1                  44.979277 8.883012 00 00 323030323545303036363634            
01/03/25 05:59:42 0022 1                  44.979307 8.882777 00 00 323030323545303036323535            
01/03/25 06:00:22 0023 1                  44.979925 8.882203 00 00 323030323545303036383133            
01/03/25 06:02:03 0024 1                  44.980028 8.882147 00 00 323032343055303030353439            
01/03/25 06:04:17 0025 1                  44.980295 8.881035 00 00 3234303032334D3030343838            
01/03/25 06:04:22 0026 1                  44.980287 8.881020 00 00 323030323545303032393233            
01/03/25 06:04:31 0027 1                  44.980258 8.880977 00 00 3232303032334D3030373532            
01/03/25 06:04:31 0028 1                  44.980258 8.880977 00 00 323030323545303032343437            
01/03/25 06:04:54 0029 1                  44.980230 8.880883 00 00 323030323545303030303834            
01/03/25 06:04:55 0030 1                  44.980230 8.880878 00 00 323030323545303032393237            
01/03/25 06:05:21 0031 1                  44.980225 8.880832 00 00 323030323545303032373838            
01/03/25 06:05:53 0032 1                  44.980118 8.880862 00 00 3232303032334D3031333630            
01/03/25 06:05:59 0033 1                  44.980120 8.880887 00 00 323030323545303035373335            
01/03/25 06:06:04 0034 1                  44.980117 8.880907 00 00 323030323545303035363536            
01/03/25 06:06:32 0035 1                  44.979885 8.881062 00 00 323030323545303035393031            
01/03/25 06:07:16 0036 1                  44.979848 8.883167 00 00 3232303032334D3030373936            
01/03/25 06:08:37 0037 1                  44.980338 8.883738 00 00 323030323545303035353930            
01/03/25 06:09:25 0038 1                  44.980377 8.883397 00 00 323030323545303035363938            
01/03/25 06:10:25 0039 1                  44.980240 8.883095 00 00 323030323545303036333031            
01/03/25 06:10:30 0040 1                  44.980232 8.883090 00 00 323030323545303038393934            
01/03/25 06:10:48 0041 1                  44.980275 8.882982 00 00 323030323545303035363939            
01/03/25 06:11:07 0042 1                  44.980222 8.882922 00 00 3233303032334D3030383232            
01/03/25 06:11:40 0043 1                  44.980737 8.882977 00 00 323030323545303036323934            
01/03/25 06:12:11 0044 1                  44.980840 8.882992 00 00 3233303032334D3030303837            
01/03/25 06:12:20 0045 1                  44.980845 8.883010 00 00 323030323545303035373232            
01/03/25 06:12:27 0046 1                  44.980847 8.883032 00 00 323030323545303034303735            
01/03/25 06:12:36 0047 1                  44.980843 8.883048 00 00 323030323545303030343437            
01/03/25 06:12:49 0048 1                  44.980837 8.883068 00 00 323030323545303030353434            
01/03/25 06:14:23 0049 1                  44.981177 8.883528 00 00 323030323545303033313936            
01/03/25 06:15:50 0050 1                  44.981328 8.883033 00 00 3232303032334D3030373137            
01/03/25 06:15:53 0051 1                  44.981325 8.883033 00 00 323030323545303032383736            
01/03/25 06:16:21 0052 1                  44.981298 8.883097 00 00 323030323545303039303336            
01/03/25 06:16:31 0053 1                  44.981318 8.883100 00 00 323030323545303037383834            
01/03/25 06:16:41 0054 1                  44.981338 8.883102 00 00 323030323545303037393534            
01/03/25 06:17:15 0055 1                  44.981465 8.883267 00 00 323030323545303036363736            
01/03/25 06:17:22 0056 1                  44.981472 8.883267 00 00 323030323545303030353332            
01/03/25 06:17:22 0057 1                  44.981472 8.883267 00 00 323030323545303035393038            
01/03/25 06:18:03 0058 1                  44.981970 8.883243 00 00 323030323545303033353535            
01/03/25 06:18:31 0059 1                  44.981928 8.882758 00 00 323030323545303033343837            
01/03/25 06:19:18 0060 1                  44.981492 8.882658 00 00 3231303032334D3030323137            
01/03/25 06:19:23 0061 1                  44.981435 8.882657 00 00 3231303032334D3030303336            
01/03/25 06:20:08 0062 1                  44.981227 8.882430 00 00 323030323545303032353130            
01/03/25 06:20:08 0063 1                  44.981227 8.882430 00 00 323030323545303032343335            
01/03/25 06:20:21 0064 1                  44.981172 8.882385 00 00 323030323545303032353131            
01/03/25 06:20:26 0065 1                  44.981160 8.882377 00 00 323030323545303032353137            
01/03/25 06:20:45 0066 1                  44.981148 8.882352 00 00 323030323545303033363230            
01/03/25 06:20:51 0067 1                  44.981153 8.882345 00 00 323030323545303032313438            
01/03/25 06:21:44 0068 1                  44.981250 8.881923 00 00 3232303032334D3030343133            
01/03/25 06:21:49 0069 1                  44.981247 8.881923 00 00 323030323545303032343230            
01/03/25 06:21:57 0070 1                  44.981240 8.881920 00 00 3234303032334D3031383835            
01/03/25 06:22:02 0071 1                  44.981237 8.881918 00 00 323030323545303032343130            
01/03/25 06:22:08 0072 1                  44.981233 8.881915 00 00 323030323545303032393731            
01/03/25 06:22:14 0073 1                  44.981232 8.881912 00 00 323030323545303030363138            
01/03/25 06:22:26 0074 1                  44.981232 8.881902 00 00 323030323545303032343432            
01/03/25 06:22:31 0075 1                  44.981233 8.881900 00 00 323030323545303033353332            
01/03/25 06:22:40 0076 1                  44.981237 8.881897 00 00 323030323545303038363337            
01/03/25 06:23:50 0077 1                  44.981183 8.881687 00 00 323030323545303034313738            
01/03/25 06:24:01 0078 1                  44.981190 8.881672 00 00 323030323545303033343137            
01/03/25 06:25:36 0079 1                  44.979633 8.883340 00 00 323030323545303036323833            
01/03/25 06:25:40 0080 1                  44.979618 8.883338 00 00 323030323545303036323637            
01/03/25 06:26:11 0081 1                  44.979592 8.883542 00 00 323030323545303036323532            
01/03/25 06:26:40 0082 1                  44.979545 8.883757 00 00 323030323545303036323834            
01/03/25 06:26:49 0083 1                  44.979542 8.883760 00 00 323030323545303036333237            
01/03/25 06:27:22 0084 1                  44.979538 8.883912 00 00 3232303032334D3030373937            
01/03/25 06:27:26 0085 1                  44.979533 8.883910 00 00 323030323545303032373731            
01/03/25 06:27:59 0086 1                  44.979507 8.884122 00 00 323030323545303032393530            
01/03/25 06:28:07 0087 1                  44.979523 8.884125 00 00 323030323545303032393439            
01/03/25 06:30:49 0088 1                  44.979648 8.884567 00 00 323030323545303036373832            
01/03/25 06:31:12 0089 1                  44.979588 8.884765 00 00 323030323545303032393535            
01/03/25 06:31:18 0090 1                  44.979587 8.884772 00 00 323030323545303035383734            
01/03/25 06:32:21 0091 1                  44.979893 8.884890 00 00 323030323545303036363137            
01/03/25 06:32:28 0092 1                  44.979912 8.884880 00 00 323030323545303036313738            
01/03/25 06:34:01 0093 1                  44.978760 8.886862 00 00 323030323545303036373130            
01/03/25 06:34:26 0094 1                  44.978670 8.887152 00 00 323030323545303035393338            
01/03/25 06:34:49 0095 1                  44.978608 8.887462 00 00 323030323545303035393039            
01/03/25 06:35:47 0096 1                  44.978192 8.887490 00 00 323030323545303036363734            
01/03/25 06:35:51 0097 1                  44.978187 8.887490 00 00 323030323545303035383332            
01/03/25 06:36:34 0098 1                  44.978103 8.887447 00 00 323030323545303036363635            
01/03/25 06:37:11 0099 1                  44.977725 8.888297 00 00 323030323545303036363732            
01/03/25 06:37:16 0100 1                  44.977713 8.888298 00 00 323030323545303036363733            
01/03/25 06:40:55 0101 1                  44.978600 8.884768 00 00 323030323545303036373835            
01/03/25 06:41:03 0102 1                  44.978578 8.884772 00 00 323030323545303036373538            
01/03/25 06:41:41 0103 1                  44.978548 8.884410 00 00 323030323545303036333432            
01/03/25 06:41:49 0104 1                  44.978562 8.884408 00 00 323030323545303036323235            
01/03/25 06:41:55 0105 1                  44.978567 8.884403 00 00 323030323545303036323136            
01/03/25 06:42:08 0106 1                  44.978572 8.884393 00 00 323030323545303035393236            
01/03/25 06:42:44 0107 1                  44.978867 8.884193 00 00 323030323545303035383131            
01/03/25 06:42:53 0108 1                  44.978858 8.884193 00 00 323030323545303038363135            
01/03/25 06:43:00 0109 1                  44.978858 8.884188 00 00 323030323545303030353934            
01/03/25 06:43:11 0110 1                  44.978872 8.884175 00 00 323030323545303032393531            
01/03/25 06:43:40 0111 1                  44.979012 8.884142 00 00 323030323545303035393539            
01/03/25 06:44:03 0112 1                  44.979093 8.884147 00 00 323030323545303036373031            
01/03/25 06:44:10 0113 1                  44.979115 8.884152 00 00 323030323545303035393536            
01/03/25 06:45:34 0114 1                  44.978520 8.884102 00 00 323030323545303036363135            
01/03/25 06:45:38 0115 1                  44.978523 8.884105 00 00 3233303032334D3030323332            
01/03/25 06:45:48 0116 1                  44.978533 8.884112 00 00 323030323545303036373837            
01/03/25 06:45:48 0117 1                  44.978533 8.884112 00 00 323030323545303036373830            
01/03/25 06:47:10 0118 1                  44.978262 8.883415 00 00 323030323545303036373235            
01/03/25 06:47:58 0119 1                  44.978510 8.883358 00 00 3234303032334D3030373535            
01/03/25 06:48:34 0120 1                  44.978340 8.882875 00 00 323030323545303036373134            
01/03/25 06:49:09 0121 1                  44.978320 8.882658 00 00 3234303032334D3030313130            
01/03/25 06:49:16 0122 1                  44.978323 8.882662 00 00 323030323545303036373135            
01/03/25 06:49:57 0123 1                  44.978305 8.882653 00 00 3234303032334D3030363239            
01/03/25 06:50:53 0124 1                  44.978300 8.882523 00 00 323030323545303036373132            
01/03/25 06:50:58 0125 1                  44.978298 8.882530 00 00 323030323545303036373036            
01/03/25 06:52:02 0126 1                  44.978292 8.882300 00 00 3232303032334D3031313937            
01/03/25 06:53:37 0127 1                  44.981712 8.881340 00 00 323030323545303033373034            
01/03/25 06:54:05 0128 1                  44.981930 8.881380 00 00 323030323545303033343630            
01/03/25 06:54:28 0129 1                  44.981987 8.881453 00 00 3234303032334D3030333931            
01/03/25 06:54:36 0130 1                  44.982005 8.881467 00 00 323030323545303033343530            
01/03/25 06:54:42 0131 1                  44.982008 8.881472 00 00 323030323545303033343439            
01/03/25 06:54:47 0132 1                  44.982012 8.881477 00 00 323030323545303033343637            
01/03/25 06:54:59 0133 1                  44.982022 8.881463 00 00 323030323545303033343539            
01/03/25 06:57:23 0134 1                  44.982372 8.881300 00 00 323030323545303033353736            
01/03/25 06:57:49 0135 1                  44.982205 8.881803 00 00 3231303032334D3032363235            
01/03/25 06:58:14 0136 1                  44.982082 8.882088 00 00 323030323545303033353539            
01/03/25 06:58:37 0137 1                  44.982035 8.882260 00 00 3233303032334D3030313730            
01/03/25 06:58:42 0138 1                  44.982033 8.882255 00 00 323030323545303033353433            
01/03/25 06:59:09 0139 1                  44.981998 8.882462 00 00 323030323545303033343835            
01/03/25 06:59:10 0140 1                  44.981998 8.882462 00 00 323030323545303033343833            
01/03/25 06:59:16 0141 1                  44.981997 8.882468 00 00 323030323545303033353536            
01/03/25 06:59:24 0142 1                  44.981998 8.882477 00 00 323030323545303033343730            
01/03/25 07:00:09 0143 1                  44.982023 8.883403 00 00 3234303032334D3032303932            
01/03/25 07:00:33 0144 1                  44.982032 8.883637 00 00 323030323545303033353138            
01/03/25 07:00:44 0145 1                  44.982030 8.883652 00 00 323030323545303033353234            
01/03/25 07:01:40 0146 1                  44.982027 8.883835 00 00 323030323545303033353236            
01/03/25 07:02:05 0147 1                  44.981992 8.884025 00 00 323030323545303033343830            
01/03/25 07:02:41 0148 1                  44.981957 8.884285 00 00 323030323545303037333838            
01/03/25 07:02:46 0149 1                  44.981952 8.884285 00 00 323030323545303033353034            
01/03/25 07:03:11 0150 1                  44.981928 8.884602 00 00 3234303032334D3030353634            
01/03/25 07:03:54 0151 1                  44.981985 8.884880 00 00 323030323545303033323130            
01/03/25 07:04:38 0152 1                  44.981945 8.885168 00 00 323030323545303032383932            
01/03/25 07:05:32 0153 1                  44.981037 8.884465 00 00 323030323545303032343937            
01/03/25 07:06:27 0154 1                  44.981478 8.884035 00 00 323030323545303033353130            
01/03/25 07:07:13 0155 1                  44.981588 8.883387 00 00 323030323545303038363130            
01/03/25 07:07:24 0156 1                  44.981598 8.883383 00 00 3232303032334D3031353037            
01/03/25 07:08:16 0157 1                  44.982127 8.884615 00 00 323030323545303033343234            
01/03/25 07:09:01 0158 1                  44.982345 8.884553 00 00 3232303032334D3030313433            
01/03/25 07:09:08 0159 1                  44.982330 8.884542 00 00 3234303032334D3032313436            
01/03/25 07:09:29 0160 1                  44.982313 8.884533 00 00 323030323545303033353431            
01/03/25 07:10:02 0161 1                  44.982427 8.884225 00 00 323030323545303033353434            
01/03/25 07:10:32 0162 1                  44.982475 8.884028 00 00 323030323545303033353339            
01/03/25 07:10:53 0163 1                  44.982467 8.884015 00 00 323030323545303037353139            
01/03/25 07:10:53 0164 1                  44.982467 8.884015 00 00 323030323545303033353435            
01/03/25 07:11:13 0165 1                  44.982462 8.884022 00 00 3233303032334D3030383738            
01/03/25 07:11:42 0166 1                  44.982498 8.883743 00 00 323030323545303033343237            
01/03/25 07:11:51 0167 1                  44.982513 8.883747 00 00 3234303032334D3031383530            
01/03/25 07:12:31 0168 1                  44.982700 8.883680 00 00 3233303032334D3030373336            
01/03/25 07:13:02 0169 1                  44.982643 8.883460 00 00 323030323545303033353733            
01/03/25 07:13:29 0170 1                  44.982710 8.883083 00 00 323030323545303036303536            
01/03/25 07:14:02 0171 1                  44.982838 8.882512 00 00 3233303032334D3030333935            
01/03/25 07:14:45 0172 1                  44.982857 8.882092 00 00 323030323545303033353737            
01/03/25 07:18:52 0173 1                  44.982623 8.882832 00 00 323030323545303033353637            
01/03/25 07:18:57 0174 1                  44.982623 8.882828 00 00 323030323545303033353639            
01/03/25 07:19:27 0175 1                  44.982315 8.882792 00 00 323030323545303032383939            
01/03/25 07:19:31 0176 1                  44.982308 8.882790 00 00 323030323545303033323035            
01/03/25 07:19:37 0177 1                  44.982302 8.882788 00 00 323030323545303033323032            
01/03/25 07:19:41 0178 1                  44.982300 8.882788 00 00 323030323545303033323036            
01/03/25 07:19:52 0179 1                  44.982298 8.882797 00 00 323030323545303033303134            
01/03/25 07:20:04 0180 1                  44.982290 8.882815 00 00 323030323545303037363738            
01/03/25 07:20:45 0181 1                  44.982213 8.882753 00 00 323030323545303032393438            
01/03/25 07:20:49 0182 1                  44.982180 8.882722 00 00 323030323545303032393038            
01/03/25 07:20:57 0183 1                  44.982145 8.882668 00 00 323030323545303032343639            
01/03/25 07:20:59 0184 1                  44.982137 8.882652 00 00 323030323545303038333932            
01/03/25 07:23:20 0185 1                  44.983995 8.880370 00 00 323030323545303033303032            
01/03/25 07:24:25 0186 1                  44.984203 8.880365 00 00 3232303032334D3030313239            
01/03/25 07:25:15 0187 1                  44.984367 8.879537 00 00 323030323545303036333939            
01/03/25 07:25:48 0188 1                  44.984313 8.879895 00 00 323030323545303032323931            
01/03/25 07:25:56 0189 1                  44.984318 8.879893 00 00 323030323545303032323932            
01/03/25 07:29:40 0190 1                  44.985065 8.881168 00 00 323030323545303032373937            
01/03/25 07:30:06 0191 1                  44.984978 8.881658 00 00 323030323545303032323639            
01/03/25 07:30:15 0192 1                  44.984973 8.881673 00 00 3234303032334D3030363431            
01/03/25 07:31:36 0193 1                  44.984870 8.881935 00 00 323030323545303035373538            
01/03/25 07:31:50 0194 1                  44.984872 8.881948 00 00 323030323545303035383739            
01/03/25 07:32:50 0195 1                  44.984975 8.881387 00 00 323030323545303035383531            
01/03/25 07:33:35 0196 1                  44.985253 8.880683 00 00 323030323545303033313632            
01/03/25 07:34:28 0197 1                  44.985380 8.879997 00 00 323030323545303032313732            
01/03/25 07:34:31 0198 1                  44.985380 8.879998 00 00 323030323545303032313731            
01/03/25 07:34:36 0199 1                  44.985380 8.880000 00 00 323030323545303032313730            
01/03/25 07:35:02 0200 1                  44.985325 8.880185 00 00 323030323545303032313339            
01/03/25 07:35:32 0201 1                  44.985270 8.880407 00 00 323030323545303033313538            
01/03/25 07:36:26 0202 1                  44.985343 8.880685 00 00 323030323545303034323536            
01/03/25 07:36:29 0203 1                  44.985343 8.880688 00 00 323030323545303033313630            
01/03/25 07:36:37 0204 1                  44.985337 8.880698 00 00 323030323545303030363231            
01/03/25 07:37:34 0205 1                  44.985548 8.880790 00 00 323030323545303033313439            
01/03/25 07:38:07 0206 1                  44.985717 8.880867 00 00 323030323545303033313534            
01/03/25 07:38:34 0207 1                  44.985825 8.880915 00 00 323030323545303033313830            
01/03/25 07:38:44 0208 1                  44.985832 8.880897 00 00 323030323545303033313837            
01/03/25 07:38:47 0209 1                  44.985835 8.880892 00 00 323030323545303033313836            
01/03/25 07:39:20 0210 1                  44.985968 8.880902 00 00 3232303032334D3030363033            
01/03/25 07:39:44 0211 1                  44.986218 8.881040 00 00 323030323545303033313639            
01/03/25 07:41:28 0212 1                  44.983785 8.882848 00 00 323030323545303036333935            
01/03/25 07:41:55 0213 1                  44.983805 8.882630 00 00 323030323545303032373739            
01/03/25 07:42:29 0214 1                  44.983818 8.882358 00 00 323030323545303033323039            
01/03/25 07:42:53 0215 1                  44.983883 8.881918 00 00 323030323545303033313930            
01/03/25 07:43:06 0216 1                  44.983872 8.881917 00 00 3234303032334D3030303135            
01/03/25 07:43:16 0217 1                  44.983868 8.881920 00 00 323030323545303032353933            
01/03/25 07:43:28 0218 1                  44.983875 8.881923 00 00 323030323545303033313633            
01/03/25 08:49:17 0000 s 01879ver01 44.982250 8.875055 00 00
01/03/25 08:52:47 0219 1                  44.978205 8.850960 00 00 3233303032334D3030313536            
01/03/25 08:53:16 0220 1                  44.977805 8.850752 00 00 323030323545303032393537            
01/03/25 08:58:15 0221 1                  44.969882 8.838995 00 00 323030323545303039303232            
01/03/25 08:58:59 0222 1                  44.969957 8.838517 00 00 323030323545303037373439            
01/03/25 09:00:31 0223 1                  44.976602 8.841082 00 00 323030323545303037303837            
01/03/25 09:00:55 0224 1                  44.976602 8.840492 00 00 323030323545303038393739            
01/03/25 09:12:57 0225 1                  44.980620 8.874973 00 00 323032343055303030353338            
01/03/25 10:14:34 0000 s 01879ver01 44.905547 8.868907 00 00
