03/03/25 05:30:45 0000 s 01485ver01 44.882385 8.860168 00 00
03/03/25 05:58:15 0001 1                  44.978732 8.761210 00 00 31383032334D303137313238            
03/03/25 05:59:04 0002 1                  44.978860 8.761067 00 00 31383032334D303137303332            
03/03/25 05:59:37 0003 1                  44.978692 8.760722 00 00 3234303032334D3031303232            
03/03/25 06:00:50 0004 1                  44.978550 8.759935 00 00 31383032334D303033343037            
03/03/25 06:01:37 0005 1                  44.978388 8.759063 00 00 31383032334D303136383931            
03/03/25 06:01:41 0006 1                  44.978397 8.759062 00 00 31383032334D303033323531            
03/03/25 06:01:46 0007 1                  44.978400 8.759060 00 00 31383032334D303136383933            
03/03/25 06:01:54 0008 1                  44.978400 8.759062 00 00 31383032334D303136383138            
03/03/25 06:03:27 0009 1                  44.977533 8.755430 00 00 31383032334D303137313137            
03/03/25 06:04:46 0010 1                  44.977088 8.755335 00 00 31383032334D303137313236            
03/03/25 06:05:16 0011 1                  44.977255 8.755328 00 00 3234303032334D3032303736            
03/03/25 06:09:55 0012 1                  44.959580 8.740608 00 00 31383032334D303033343836            
03/03/25 06:10:05 0013 1                  44.959583 8.740605 00 00 31383032334D303137303434            
03/03/25 06:11:00 0014 1                  44.959295 8.740463 00 00 31383032334D303136353638            
03/03/25 06:11:46 0015 1                  44.958917 8.740310 00 00 31383032334D303137313336            
03/03/25 06:12:41 0016 1                  44.958055 8.739968 00 00 3231303032334D3031393633            
03/03/25 06:13:44 0017 1                  44.958043 8.739323 00 00 31383032334D303136393737            
03/03/25 06:14:17 0018 1                  44.958500 8.738437 00 00 31383032334D303136393732            
03/03/25 06:14:52 0019 1                  44.958992 8.738463 00 00 31383032334D303136363531            
03/03/25 06:16:32 0020 1                  44.959827 8.736962 00 00 3231303132304A3037363836            
03/03/25 06:18:45 0021 1                  44.960388 8.736528 00 00 31383032334D303138323539            
03/03/25 06:19:18 0022 1                  44.960007 8.736198 00 00 31383032334D303138323330            
03/03/25 06:19:50 0023 1                  44.959812 8.736017 00 00 31383032334D303136363033            
03/03/25 06:20:55 0024 1                  44.959697 8.735985 00 00 31383032334D303136383536            
03/03/25 06:24:26 0025 1                  44.959005 8.736323 00 00 31383032334D303038393134            
03/03/25 06:24:39 0026 1                  44.959015 8.736310 00 00 31383032334D303138333237            
03/03/25 06:25:59 0027 1                  44.958530 8.736170 00 00 31383032334D303033353333            
03/03/25 06:26:29 0028 1                  44.958345 8.736222 00 00 31383032334D303136383934            
03/03/25 06:26:37 0029 1                  44.958328 8.736220 00 00 31383032334D303136393035            
03/03/25 06:27:50 0030 1                  44.957687 8.736325 00 00 31383032334D303033333234            
03/03/25 06:31:08 0031 1                  44.954073 8.737003 00 00 31383032334D303137303130            
03/03/25 06:32:10 0032 1                  44.953895 8.737873 00 00 3233303132304A3032313137            
03/03/25 06:34:02 0033 1                  44.954220 8.737587 00 00 31383032334D303137313739            
03/03/25 06:35:25 0034 1                  44.955118 8.737998 00 00 31383032334D303137313830            
03/03/25 06:35:36 0035 1                  44.955113 8.738005 00 00 31383032334D303039313232            
03/03/25 06:36:11 0036 1                  44.955200 8.738113 00 00 3234303032334D3030313730            
03/03/25 06:36:16 0037 1                  44.955197 8.738112 00 00 31383032334D303137313939            
03/03/25 06:37:04 0038 1                  44.955867 8.738370 00 00 31383032334D303138313936            
03/03/25 06:37:42 0039 1                  44.956150 8.738475 00 00 31383032334D303137313932            
03/03/25 06:37:50 0040 1                  44.956155 8.738462 00 00 3233303032334D3030323938            
03/03/25 06:38:30 0041 1                  44.956763 8.738738 00 00 31383032334D303137313836            
03/03/25 06:39:48 0042 1                  44.957108 8.739372 00 00 31383032334D303137303038            
03/03/25 06:42:22 0043 1                  44.957418 8.737598 00 00 31383032334D303136343138            
03/03/25 06:42:58 0044 1                  44.956972 8.737460 00 00 31383032334D303136303538            
03/03/25 06:43:40 0045 1                  44.956775 8.737347 00 00 31383032334D303138323036            
03/03/25 06:45:46 0046 1                  44.958375 8.737430 00 00 31383032334D303039303434            
03/03/25 06:45:50 0047 1                  44.958385 8.737428 00 00 31383032334D303137303637            
03/03/25 06:46:49 0048 1                  44.958028 8.736880 00 00 3232303032334D3030373134            
03/03/25 06:47:34 0049 1                  44.958665 8.737252 00 00 31383032334D303137313436            
03/03/25 06:48:09 0050 1                  44.958860 8.737410 00 00 31383032334D303033353838            
03/03/25 06:48:45 0051 1                  44.958563 8.737923 00 00 31383032334D303132323237            
03/03/25 06:49:56 0052 1                  44.958430 8.739370 00 00 323030323545303036383438            
03/03/25 06:50:44 0053 1                  44.959047 8.739682 00 00 31383032334D303136383936            
03/03/25 06:51:19 0054 1                  44.959590 8.739895 00 00 3231303032334D3031333532            
03/03/25 06:51:45 0055 1                  44.959717 8.739993 00 00 31383032334D303136373436            
03/03/25 06:52:18 0056 1                  44.960238 8.740242 00 00 31383032334D303136363434            
03/03/25 06:53:29 0057 1                  44.960492 8.738355 00 00 31383032334D303137313834            
03/03/25 06:53:58 0058 1                  44.960670 8.737900 00 00 31383032334D303033353531            
03/03/25 06:54:03 0059 1                  44.960672 8.737897 00 00 31383032334D303137313430            
03/03/25 06:54:51 0060 1                  44.960918 8.736922 00 00 31383032334D303034353236            
03/03/25 06:57:07 0061 1                  44.960145 8.735713 00 00 3234303032334D3032303532            
03/03/25 06:57:34 0062 1                  44.960382 8.735852 00 00 31383032334D303136383233            
03/03/25 06:57:42 0063 1                  44.960377 8.735853 00 00 31383032334D303138323534            
03/03/25 06:59:53 0064 1                  44.961040 8.734987 00 00 31383032334D303030383433            
03/03/25 07:00:27 0065 1                  44.960957 8.735227 00 00 31383032334D303136363037            
03/03/25 07:01:14 0066 1                  44.960670 8.735533 00 00 3233303032334D3030313532            
03/03/25 07:01:50 0067 1                  44.960482 8.735408 00 00 31383032334D303033343630            
03/03/25 07:02:29 0068 1                  44.960160 8.735203 00 00 31383032334D303136393938            
03/03/25 07:02:38 0069 1                  44.960153 8.735205 00 00 3233303032334D3030383835            
03/03/25 07:04:15 0070 1                  44.960578 8.734223 00 00 3232303032334D3030313434            
03/03/25 07:04:49 0071 1                  44.960710 8.734340 00 00 31383032334D303137313938            
03/03/25 07:04:58 0072 1                  44.960707 8.734333 00 00 31383032334D303137313730            
03/03/25 07:06:15 0073 1                  44.960555 8.734708 00 00 3234303032334D3030343231            
03/03/25 07:06:19 0074 1                  44.960555 8.734708 00 00 31383032334D303137313533            
03/03/25 07:06:42 0075 1                  44.960568 8.734712 00 00 3232303032334D3031373134            
03/03/25 07:07:20 0076 1                  44.960403 8.735097 00 00 31383032334D303130303633            
03/03/25 07:09:32 0077 1                  44.959582 8.734437 00 00 31383032334D303137303339            
03/03/25 07:10:31 0078 1                  44.959942 8.733982 00 00 31383032334D303136343338            
03/03/25 07:11:08 0079 1                  44.960208 8.733573 00 00 31383032334D303138323238            
03/03/25 07:11:57 0080 1                  44.960477 8.733220 00 00 31383032334D303137303239            
03/03/25 07:12:27 0081 1                  44.960620 8.733008 00 00 31383032334D303036333534            
03/03/25 07:13:08 0082 1                  44.960725 8.732760 00 00 31383032334D303137303337            
03/03/25 07:13:46 0083 1                  44.960780 8.732635 00 00 31383032334D343136383731            
03/03/25 07:13:56 0084 1                  44.960780 8.732630 00 00 3234303032334D3030323032            
03/03/25 07:15:11 0085 1                  44.961322 8.731063 00 00 31383032334D303035313233            
03/03/25 07:21:01 0086 1                  44.959657 8.732837 00 00 31383032334D303137303338            
03/03/25 07:22:07 0087 1                  44.959380 8.733487 00 00 31383032334D303138323730            
03/03/25 07:23:03 0088 1                  44.959148 8.733800 00 00 31383032334D303138323737            
03/03/25 07:23:11 0089 1                  44.959147 8.733805 00 00 31383032334D303138323637            
03/03/25 07:24:33 0090 1                  44.958733 8.733352 00 00 31383032334D303138323731            
03/03/25 07:25:20 0091 1                  44.958575 8.734355 00 00 31383032334D303039313531            
03/03/25 07:26:22 0092 1                  44.958832 8.734907 00 00 31383032334D303033343431            
03/03/25 07:27:54 0093 1                  44.958188 8.735065 00 00 31383032334D303136393639            
03/03/25 07:29:23 0094 1                  44.957577 8.735060 00 00 31383032334D303136393739            
03/03/25 07:33:06 0095 1                  44.956438 8.734795 00 00 3233303032334D3030313139            
03/03/25 07:34:10 0096 1                  44.956538 8.735147 00 00 31383032334D303136363431            
03/03/25 07:35:09 0097 1                  44.956483 8.735943 00 00 31383032334D303136363532            
03/03/25 07:35:56 0098 1                  44.956183 8.734608 00 00 31383032334D303136383632            
03/03/25 07:36:02 0099 1                  44.956167 8.734613 00 00 31383032334D303038393133            
03/03/25 07:45:01 0100 1                  44.956270 8.736082 00 00 31383032334D303136373936            
03/03/25 07:45:14 0101 1                  44.956268 8.736103 00 00 31383032334D303138313939            
03/03/25 08:08:42 0102 1                  44.979980 8.761327 00 00 31383032334D303136373135            
03/03/25 08:09:24 0103 1                  44.980260 8.761373 00 00 3233303032334D3030323535            
03/03/25 08:11:19 0104 1                  44.980527 8.762138 00 00 3232303032334D3030373034            
03/03/25 08:11:37 0105 1                  44.980517 8.762165 00 00 31383032334D303136393434            
03/03/25 08:12:55 0106 1                  44.980905 8.761257 00 00 31383032334D303136373037            
03/03/25 08:14:13 0107 1                  44.980683 8.759883 00 00 31383032334D307033343137            
03/03/25 08:14:13 0108 1                  44.980683 8.759883 00 00 31383032334D303033343137            
03/03/25 08:15:44 0109 1                  44.981657 8.760958 00 00 31383032334D303136373836            
03/03/25 08:16:43 0110 1                  44.982030 8.760092 00 00 3232303032334D3031313331            
03/03/25 08:18:51 0111 1                  44.983267 8.756590 00 00 31383032334D303137313232            
03/03/25 08:19:51 0112 1                  44.983502 8.756845 00 00 31383032334D303033343833            
03/03/25 08:20:19 0113 1                  44.983290 8.757230 00 00 31383032334D303137313136            
03/03/25 08:20:23 0114 1                  44.983293 8.757238 00 00 31383032334D303137313235            
03/03/25 08:20:41 0115 1                  44.983298 8.757257 00 00 31383032334D303138333538            
03/03/25 08:21:30 0116 1                  44.982923 8.757893 00 00 31383032334D303030383930            
03/03/25 08:22:01 0117 1                  44.982533 8.758665 00 00 31383032334D303033343130            
03/03/25 08:23:00 0118 1                  44.981953 8.760683 00 00 31383032334D303136383833            
03/03/25 08:23:31 0119 1                  44.982100 8.760882 00 00 31383032334D303137313230            
03/03/25 08:24:43 0120 1                  44.982835 8.761415 00 00 3231303234304A3034323730            
03/03/25 08:26:43 0121 1                  44.983010 8.762013 00 00 31383032334D303137313033            
03/03/25 08:27:28 0122 1                  44.982727 8.761892 00 00 31383032334D303136383033            
03/03/25 08:28:14 0123 1                  44.982405 8.761698 00 00 323030323545303032393433            
03/03/25 08:31:15 0124 1                  44.981482 8.762260 00 00 31383032334D303033343232            
03/03/25 08:31:26 0125 1                  44.981508 8.762248 00 00 31383032334D303137313431            
03/03/25 08:32:17 0126 1                  44.981708 8.762132 00 00 31383032334D303137303934            
03/03/25 08:32:22 0127 1                  44.981710 8.762123 00 00 31383032334D303137303730            
03/03/25 08:33:06 0128 1                  44.981958 8.762305 00 00 31383032334D303137303930            
03/03/25 08:33:47 0129 1                  44.982212 8.762353 00 00 3232303032334D3030393337            
03/03/25 08:34:29 0130 1                  44.983388 8.762512 00 00 31383032334D303136373834            
03/03/25 08:35:18 0131 1                  44.983435 8.762477 00 00 31383032334D303031303939            
03/03/25 08:35:30 0132 1                  44.983430 8.762482 00 00 31383032334D303137313030            
03/03/25 08:36:07 0133 1                  44.983593 8.762510 00 00 31383032334D303136383832            
03/03/25 08:39:48 0134 1                  44.984182 8.764267 00 00 3232303032334D3031373030            
03/03/25 08:41:12 0135 1                  44.985635 8.763597 00 00 31383032334D303136383635            
03/03/25 08:41:56 0136 1                  44.986218 8.763890 00 00 3232303032334D3030383232            
03/03/25 08:42:57 0137 1                  44.987047 8.762425 00 00 31383032334D303033333332            
03/03/25 08:43:44 0138 1                  44.987098 8.761137 00 00 31383032334D303033333632            
03/03/25 08:45:34 0139 1                  44.988890 8.753205 00 00 31383032334D303138323833            
03/03/25 08:47:36 0140 1                  44.986855 8.762658 00 00 3231303132304A3037343730            
03/03/25 08:49:13 0141 1                  44.986665 8.763113 00 00 31383032334D303033333437            
03/03/25 08:50:02 0142 1                  44.987585 8.765187 00 00 31383032334D303135353439            
03/03/25 08:50:42 0143 1                  44.988098 8.765862 00 00 31383032334D303033343538            
03/03/25 08:51:36 0144 1                  44.988663 8.766712 00 00 31383032334D303137303633            
03/03/25 08:52:08 0145 1                  44.988785 8.766902 00 00 31383032334D303137303635            
03/03/25 08:52:20 0146 1                  44.988783 8.766893 00 00 31383032334D303133393339            
03/03/25 08:52:57 0147 1                  44.988898 8.767210 00 00 31383032334D303133393233            
03/03/25 08:53:48 0148 1                  44.989023 8.768033 00 00 3234303032334D3030323839            
03/03/25 08:53:58 0149 1                  44.989018 8.768038 00 00 3234303032334D3032313730            
03/03/25 08:54:13 0150 1                  44.989012 8.768032 00 00 31383032334D303033323437            
03/03/25 08:56:13 0151 1                  44.989405 8.770875 00 00 31383032334D303033343136            
03/03/25 08:59:16 0152 1                  44.995390 8.771707 00 00 323030323545303037343739            
03/03/25 08:59:57 0153 1                  44.995523 8.772222 00 00 3231303032334D3031363234            
03/03/25 09:01:27 0154 1                  44.995640 8.772830 00 00 31383032334D303033343935            
03/03/25 09:01:34 0155 1                  44.995637 8.772830 00 00 31383032334D303033323538            
03/03/25 09:02:26 0156 1                  44.995827 8.773963 00 00 31383032334D303030383539            
03/03/25 09:04:44 0157 1                  44.998883 8.773748 00 00 31383032334D303033343933            
03/03/25 09:07:02 0158 1                  44.995690 8.775917 00 00 31383032334D303033333031            
03/03/25 09:08:41 0159 1                  44.994467 8.779435 00 00 31383032334D303136373835            
03/03/25 09:09:39 0160 1                  44.991417 8.779930 00 00 31383032334D303037343335            
03/03/25 09:10:41 0161 1                  44.990745 8.780068 00 00 31383032334D303136393037            
03/03/25 09:12:20 0162 1                  44.996227 8.780037 00 00 31383032334D303033323432            
03/03/25 09:14:06 0163 1                  45.000810 8.788968 00 00 3232303032334D3031363935            
03/03/25 09:15:03 0164 1                  45.000820 8.790128 00 00 31383032334D303039303235            
03/03/25 09:15:56 0165 1                  45.000655 8.791090 00 00 323030323545303037323538            
03/03/25 09:17:03 0166 1                  45.000260 8.793442 00 00 3231303032334D3031383132            
03/03/25 09:17:45 0167 1                  45.000188 8.793897 00 00 31383032334D303138303533            
03/03/25 09:18:35 0168 1                  45.000502 8.794802 00 00 31383032334D303136343934            
03/03/25 09:20:41 0169 1                  45.000075 8.794935 00 00 31383032334D303033323833            
03/03/25 09:21:25 0170 1                  45.000027 8.795763 00 00 31383032334D303138333339            
03/03/25 09:21:37 0171 1                  45.000020 8.795785 00 00 31383032334D303138333334            
03/03/25 09:21:50 0172 1                  45.000015 8.795793 00 00 31383032334D303039313236            
03/03/25 09:22:58 0173 1                  44.999928 8.797555 00 00 31383032334D303136353837            
03/03/25 09:23:55 0174 1                  44.999958 8.797832 00 00 31383032334D303039303736            
03/03/25 09:24:03 0175 1                  44.999972 8.797830 00 00 31383032334D303033333932            
03/03/25 09:25:30 0176 1                  44.999877 8.798670 00 00 31383032334D303039313938            
03/03/25 09:26:28 0177 1                  44.999805 8.799592 00 00 3234303032334D3030343630            
03/03/25 09:28:21 0178 1                  45.000782 8.801987 00 00 31383032334D303137303936            
03/03/25 09:33:25 0179 1                  45.000690 8.796062 00 00 3234303032334D3030343831            
03/03/25 09:34:31 0180 1                  45.001988 8.795088 00 00 31383032334D303138333535            
03/03/25 09:35:06 0181 1                  45.002485 8.795138 00 00 31383032334D303033323935            
03/03/25 09:35:25 0182 1                  45.002478 8.795102 00 00 31383032334D303137313837            
03/03/25 09:35:57 0183 1                  45.002660 8.795123 00 00 31383032334D303138353333            
03/03/25 09:36:37 0184 1                  45.003155 8.795250 00 00 31383032334D303136383234            
03/03/25 09:37:18 0185 1                  45.003503 8.795278 00 00 31383032334D303033353537            
03/03/25 09:42:39 0186 1                  45.005243 8.795487 00 00 3231303032334D3031313436            
03/03/25 09:43:19 0187 1                  45.005447 8.795447 00 00 31383032334D303138303538            
03/03/25 09:48:15 0188 1                  45.004315 8.790318 00 00 323030323545303032393836            
03/03/25 09:50:06 0189 1                  45.003130 8.793700 00 00 31383032334D303033353436            
03/03/25 09:51:12 0190 1                  45.002680 8.794120 00 00 31383032334D303138313138            
03/03/25 09:55:29 0191 1                  44.999188 8.797123 00 00 3234303032334D3031303138            
03/03/25 10:53:33 0000 s 01485ver01 44.882692 8.860155 00 00
03/03/25 11:00:11 0000 s 01485ver01 44.882638 8.860048 00 00
03/03/25 11:15:50 0000 s 01485ver01 44.882180 8.860202 00 00
