25/01/25 04:43:24 0000 s 01484ver01 44.882178 8.860093 00 00
25/01/25 05:43:55 0001 1                  44.977225 8.882168 00 00 323030323545303036353634            
25/01/25 05:43:57 0002 1                  44.977228 8.882168 00 00 3231303234304A3032373533            
25/01/25 05:44:17 0003 1                  44.977243 8.881907 00 00 323030323545303036353636            
25/01/25 05:44:40 0004 1                  44.977142 8.881278 00 00 323030323545303036353536            
25/01/25 05:45:06 0005 1                  44.976588 8.881183 00 00 3232303032334D3030323339            
25/01/25 05:45:23 0006 1                  44.976500 8.881217 00 00 323030323545303037323633            
25/01/25 05:45:59 0007 1                  44.976368 8.881550 00 00 323030323545303035393435            
25/01/25 05:47:19 0008 1                  44.977382 8.881743 00 00 323030323545303032333236            
25/01/25 05:47:47 0009 1                  44.977652 8.881773 00 00 323030323545303032333234            
25/01/25 05:47:58 0010 1                  44.977740 8.881798 00 00 323030323545303032333136            
25/01/25 05:48:02 0011 1                  44.977738 8.881798 00 00 323030323545303032333137            
25/01/25 05:48:11 0012 1                  44.977732 8.881790 00 00 323030323545303036343731            
25/01/25 05:48:14 0013 1                  44.977728 8.881787 00 00 323030323545303036343639            
25/01/25 05:48:53 0014 1                  44.977977 8.881767 00 00 323030323545303036343631            
25/01/25 05:49:25 0015 1                  44.978378 8.881710 00 00 3234303032334D3031313637            
25/01/25 05:49:27 0016 1                  44.978383 8.881722 00 00 3234303032334D3031393730            
25/01/25 05:49:33 0017 1                  44.978388 8.881727 00 00 323030323545303032373938            
25/01/25 05:49:37 0018 1                  44.978383 8.881740 00 00 323030323545303035343939            
25/01/25 05:49:37 0019 1                  44.978383 8.881740 00 00 3234303032334D3030373434            
25/01/25 05:49:44 0020 1                  44.978368 8.881748 00 00 3232303032334D3030353237            
25/01/25 05:50:01 0021 1                  44.978493 8.881652 00 00 323030323545303036343831            
25/01/25 05:50:24 0022 1                  44.978595 8.881432 00 00 3232303032334D3031343539            
25/01/25 05:51:06 0023 1                  44.978445 8.880675 00 00 3231303032334D3031323831            
25/01/25 05:52:18 0024 1                  44.978652 8.881303 00 00 323030323545303033313733            
25/01/25 05:52:48 0025 1                  44.978828 8.881138 00 00 323030323545303030363234            
25/01/25 05:53:08 0026 1                  44.979077 8.880972 00 00 323030323545303036323038            
25/01/25 05:53:26 0027 1                  44.979300 8.880837 00 00 323030323545303032333634            
25/01/25 05:53:33 0028 1                  44.979280 8.880772 00 00 323030323545303038343031            
25/01/25 05:53:40 0029 1                  44.979308 8.880772 00 00 323030323545303036333736            
25/01/25 05:53:57 0030 1                  44.979512 8.880783 00 00 323030323545303036333430            
25/01/25 05:54:15 0031 1                  44.979605 8.880543 00 00 323030323545303035373334            
25/01/25 05:54:34 0032 1                  44.979725 8.880335 00 00 323030323545303032383830            
25/01/25 05:54:52 0033 1                  44.979792 8.880088 00 00 323030323545303033373237            
25/01/25 05:55:02 0034 1                  44.979775 8.880033 00 00 3231303032334D3030353832            
25/01/25 05:55:17 0035 1                  44.979803 8.879948 00 00 323030323545303039303933            
25/01/25 05:55:32 0036 1                  44.979872 8.879867 00 00 323030323545303036323832            
25/01/25 05:55:47 0037 1                  44.979933 8.879768 00 00 323030323545303032343933            
25/01/25 05:55:52 0038 1                  44.979927 8.879760 00 00 323030323545303032343934            
25/01/25 05:55:56 0039 1                  44.979927 8.879755 00 00 323030323545303036323730            
25/01/25 05:56:50 0040 1                  44.979633 8.879565 00 00 323030323545303032353036            
25/01/25 05:56:55 0041 1                  44.979633 8.879560 00 00 323030323545303036353933            
25/01/25 05:57:52 0042 1                  44.979398 8.879235 00 00 323030323545303030353736            
25/01/25 05:57:57 0043 1                  44.979388 8.879242 00 00 323030323545303030353738            
25/01/25 05:58:01 0044 1                  44.979387 8.879243 00 00 323030323545303030353634            
25/01/25 05:58:07 0045 1                  44.979390 8.879250 00 00 323030323545303030363134            
25/01/25 05:58:10 0046 1                  44.979397 8.879252 00 00 323030323545303030353232            
25/01/25 05:58:11 0047 1                  44.979397 8.879252 00 00 323030323545303030353330            
25/01/25 05:58:15 0048 1                  44.979405 8.879252 00 00 323030323545303030353737            
25/01/25 05:58:59 0049 1                  44.979420 8.878600 00 00 323030323545303030353730            
25/01/25 05:59:09 0050 1                  44.979428 8.878610 00 00 323030323545303030353836            
25/01/25 06:00:10 0051 1                  44.979240 8.879878 00 00 323030323545303036323036            
25/01/25 06:00:19 0052 1                  44.979252 8.879917 00 00 323030323545303036323338            
25/01/25 06:00:48 0053 1                  44.979382 8.880368 00 00 323030323545303036333730            
25/01/25 06:01:17 0054 1                  44.979595 8.880720 00 00 323030323545303038363331            
25/01/25 06:03:27 0055 1                  44.977527 8.876583 00 00 3231303032334D3035343339            
25/01/25 06:04:32 0056 1                  44.979130 8.875560 00 00 323030323545303036303535            
25/01/25 06:04:53 0057 1                  44.979308 8.875610 00 00 323030323545303030353132            
25/01/25 06:05:42 0058 1                  44.979970 8.875865 00 00 323030323545303032383231            
25/01/25 06:06:46 0059 1                  44.981415 8.875907 00 00 323032343055303030343233            
25/01/25 06:08:07 0060 1                  44.981773 8.876413 00 00 323030323545303036323231            
25/01/25 06:08:24 0061 1                  44.981748 8.876502 00 00 323030323545303036323134            
25/01/25 06:08:57 0062 1                  44.981667 8.876582 00 00 323030323545303032373830            
25/01/25 06:09:03 0063 1                  44.981665 8.876578 00 00 3233303032334D3030323538            
25/01/25 06:09:08 0064 1                  44.981665 8.876575 00 00 3231303032334D3034343334            
25/01/25 06:09:10 0065 1                  44.981668 8.876577 00 00 323030323545303037333530            
25/01/25 06:09:12 0066 1                  44.981668 8.876577 00 00 323030323545303038373435            
25/01/25 06:10:07 0067 1                  44.981467 8.876592 00 00 323030323545303036343031            
25/01/25 06:10:25 0068 1                  44.981535 8.876638 00 00 323030323545303036303531            
25/01/25 06:10:29 0069 1                  44.981533 8.876642 00 00 323030323545303036313138            
25/01/25 06:11:02 0070 1                  44.981520 8.877140 00 00 323030323545303036333837            
25/01/25 06:11:18 0071 1                  44.981600 8.877422 00 00 323030323545303038343931            
25/01/25 06:12:00 0072 1                  44.981527 8.877797 00 00 323030323545303030343639            
25/01/25 06:12:07 0073 1                  44.981487 8.877843 00 00 323030323545303036323738            
25/01/25 06:12:33 0074 1                  44.981353 8.878427 00 00 3232303032334D3031353637            
25/01/25 06:12:40 0075 1                  44.981347 8.878470 00 00 323030323545303037333430            
25/01/25 06:12:45 0076 1                  44.981350 8.878478 00 00 323030323545303038393638            
25/01/25 06:13:13 0077 1                  44.981217 8.878768 00 00 323030323545303030363137            
25/01/25 06:13:57 0078 1                  44.981340 8.879185 00 00 323030323545303036333133            
25/01/25 06:14:14 0079 1                  44.981482 8.879300 00 00 323030323545303036353535            
25/01/25 06:14:19 0080 1                  44.981505 8.879312 00 00 323030323545303035363432            
25/01/25 06:14:28 0081 1                  44.981520 8.879322 00 00 323030323545303035363433            
25/01/25 06:14:53 0082 1                  44.981543 8.879340 00 00 323030323545303036333131            
25/01/25 06:15:25 0083 1                  44.981440 8.879308 00 00 323030323545303032313535            
25/01/25 06:15:25 0084 1                  44.981440 8.879308 00 00 323030323545303032313535            
25/01/25 06:17:08 0085 1                  44.981020 8.879835 00 00 3231303032334D3034303939            
25/01/25 06:17:27 0086 1                  44.980928 8.880013 00 00 323030323545303036323035            
25/01/25 06:17:40 0087 1                  44.980952 8.880163 00 00 323030323545303033333936            
25/01/25 06:17:46 0088 1                  44.980973 8.880170 00 00 323030323545303033333937            
25/01/25 06:18:03 0089 1                  44.980868 8.880362 00 00 323030323545303038353834            
25/01/25 06:18:08 0090 1                  44.980857 8.880375 00 00 323030323545303033383034            
25/01/25 06:18:47 0091 1                  44.981220 8.881275 00 00 323030323545303033343136            
25/01/25 06:20:00 0092 1                  44.981320 8.881122 00 00 323032343055303030353832            
25/01/25 06:21:00 0093 1                  44.981675 8.881112 00 00 323030323545303034323137            
25/01/25 06:21:02 0094 1                  44.981682 8.881107 00 00 323030323545303034323136            
25/01/25 06:21:25 0095 1                  44.981732 8.881097 00 00 3234303032334D3030303536            
25/01/25 06:21:25 0096 1                  44.981732 8.881097 00 00 3234303032334D3030303536            
25/01/25 06:21:31 0097 1                  44.981740 8.881092 00 00 323031323055303030333039            
25/01/25 06:21:37 0098 1                  44.981743 8.881087 00 00 323031323055303030333231            
25/01/25 06:22:26 0099 1                  44.981838 8.880927 00 00 323030323545303038303832            
25/01/25 06:22:28 0100 1                  44.981848 8.880908 00 00 323030323545303035373131            
25/01/25 06:22:34 0101 1                  44.981835 8.880890 00 00 3234303032334D3032313038            
25/01/25 06:23:28 0102 1                  44.981808 8.880853 00 00 323031323055303030323739            
25/01/25 06:24:53 0103 1                  44.981717 8.881270 00 00 323030323545303033373034            
25/01/25 06:25:13 0104 1                  44.981833 8.881305 00 00 323030323545303033343630            
25/01/25 06:25:26 0105 1                  44.981893 8.881367 00 00 323030323545303033343539            
25/01/25 06:25:29 0106 1                  44.981893 8.881370 00 00 323030323545303033343637            
25/01/25 06:26:06 0107 1                  44.982568 8.881835 00 00 323030323545303033333730            
25/01/25 06:26:14 0108 1                  44.982627 8.881810 00 00 323030323545303033333636            
25/01/25 06:26:37 0109 1                  44.983173 8.882195 00 00 323030323545303033323433            
25/01/25 06:27:26 0110 1                  44.983622 8.882242 00 00 3231303032334D3030383733            
25/01/25 06:28:37 0111 1                  44.983303 8.881502 00 00 3233303032334D3030333335            
25/01/25 06:28:41 0112 1                  44.983305 8.881497 00 00 323030323545303033323630            
25/01/25 06:28:46 0113 1                  44.983307 8.881490 00 00 323030323545303033323530            
25/01/25 06:28:49 0114 1                  44.983308 8.881488 00 00 323030323545303033323533            
25/01/25 06:28:52 0115 1                  44.983308 8.881487 00 00 323030323545303033323439            
25/01/25 06:28:52 0116 1                  44.983308 8.881487 00 00 323030323545303033323531            
25/01/25 06:30:26 0117 1                  44.983265 8.881267 00 00 323030323545303032323635            
25/01/25 06:30:48 0118 1                  44.983303 8.880903 00 00 323030323545303032313839            
25/01/25 06:31:03 0119 1                  44.983348 8.880658 00 00 323030323545303032323738            
25/01/25 06:31:15 0120 1                  44.983373 8.880535 00 00 323030323545303032313331            
25/01/25 06:32:59 0121 1                  44.982007 8.879847 00 00 323030323545303038303037            
25/01/25 06:33:23 0122 1                  44.982045 8.879400 00 00 323030323545303036333838            
25/01/25 06:33:40 0123 1                  44.982067 8.879095 00 00 323030323545303036323736            
25/01/25 06:34:00 0124 1                  44.982243 8.878658 00 00 323030323545303032313830            
25/01/25 06:36:56 0125 1                  44.983018 8.878492 00 00 323030323545303035363531            
25/01/25 06:37:19 0126 1                  44.982850 8.878707 00 00 323030323545303035373037            
25/01/25 06:37:39 0127 1                  44.982710 8.878632 00 00 323030323545303035363539            
25/01/25 06:37:48 0128 1                  44.982715 8.878615 00 00 323030323545303035363737            
25/01/25 06:38:09 0129 1                  44.982427 8.878537 00 00 323030323545303035363732            
25/01/25 06:38:35 0130 1                  44.982365 8.878430 00 00 323030323545303035363739            
25/01/25 06:38:44 0131 1                  44.982360 8.878443 00 00 323030323545303035363830            
25/01/25 06:39:31 0132 1                  44.982505 8.878190 00 00 323030323545303035363936            
25/01/25 06:40:14 0133 1                  44.982733 8.877762 00 00 323030323545303032353330            
25/01/25 06:40:18 0134 1                  44.982743 8.877777 00 00 3231303032334D3030343838            
25/01/25 06:43:16 0135 1                  44.982138 8.878548 00 00 323031323055303030313830            
25/01/25 06:43:45 0136 1                  44.981992 8.878748 00 00 323030323545303030353033            
25/01/25 06:43:50 0137 1                  44.981987 8.878757 00 00 323030323545303035363735            
25/01/25 06:43:51 0138 1                  44.981987 8.878757 00 00 323030323545303030343831            
25/01/25 06:44:11 0139 1                  44.981887 8.878672 00 00 323030323545303030353032            
25/01/25 06:44:36 0140 1                  44.981738 8.878487 00 00 323030323545303036323633            
25/01/25 06:44:53 0141 1                  44.981638 8.878430 00 00 323030323545303030313138            
25/01/25 06:45:09 0142 1                  44.981620 8.878438 00 00 323030323545303032333437            
25/01/25 06:47:34 0143 1                  44.981375 8.880218 00 00 323030323545303035363631            
25/01/25 06:47:52 0144 1                  44.981432 8.880052 00 00 323030323545303032383330            
25/01/25 06:48:02 0145 1                  44.981430 8.880018 00 00 323030323545303035373235            
25/01/25 06:48:14 0146 1                  44.981422 8.880012 00 00 323030323545303036333233            
25/01/25 06:48:23 0147 1                  44.981413 8.880017 00 00 3234303032334D3032303632            
25/01/25 06:50:43 0148 1                  44.980705 8.880527 00 00 323030323545303032393330            
25/01/25 06:51:05 0149 1                  44.980667 8.880423 00 00 323030323545303030353931            
25/01/25 06:51:09 0150 1                  44.980660 8.880432 00 00 323030323545303030343834            
25/01/25 06:51:15 0151 1                  44.980657 8.880438 00 00 3234303032334D3031393735            
25/01/25 06:51:42 0152 1                  44.980588 8.879983 00 00 323030323545303035373239            
25/01/25 06:52:05 0153 1                  44.980592 8.879772 00 00 323030323545303032393431            
25/01/25 06:52:05 0154 1                  44.980592 8.879772 00 00 323030323545303032333931            
25/01/25 06:52:21 0155 1                  44.980602 8.879762 00 00 323030323545303032333838            
25/01/25 06:53:22 0156 1                  44.980647 8.879585 00 00 323030323545303033343430            
25/01/25 06:53:26 0157 1                  44.980635 8.879578 00 00 323030323545303033353237            
25/01/25 06:53:39 0158 1                  44.980555 8.879562 00 00 323030323545303033353836            
25/01/25 06:54:04 0159 1                  44.980208 8.879375 00 00 323030323545303033303135            
25/01/25 06:54:11 0160 1                  44.980195 8.879342 00 00 323030323545303033313432            
25/01/25 06:54:26 0161 1                  44.980232 8.879157 00 00 323030323545303036353037            
25/01/25 06:54:41 0162 1                  44.980273 8.878980 00 00 323030323545303036353036            
25/01/25 06:55:03 0163 1                  44.980363 8.878682 00 00 323030323545303036353134            
25/01/25 06:55:12 0164 1                  44.980358 8.878667 00 00 323030323545303034323437            
25/01/25 06:55:18 0165 1                  44.980353 8.878660 00 00 323030323545303037393635            
25/01/25 06:55:50 0166 1                  44.980472 8.878298 00 00 323030323545303033313835            
25/01/25 06:56:06 0167 1                  44.980610 8.878088 00 00 323030323545303033313532            
25/01/25 06:56:33 0168 1                  44.980777 8.877800 00 00 323030323545303033313834            
25/01/25 06:56:57 0169 1                  44.980928 8.877435 00 00 323030323545303036303030            
25/01/25 06:59:49 0170 1                  44.981115 8.878137 00 00 323030323545303030363033            
25/01/25 07:00:04 0171 1                  44.981025 8.878053 00 00 323030323545303030353734            
25/01/25 07:00:24 0172 1                  44.980793 8.877907 00 00 323030323545303037363235            
25/01/25 07:01:54 0173 1                  44.980967 8.878632 00 00 323030323545303032383935            
25/01/25 07:02:29 0174 1                  44.980782 8.878920 00 00 323030323545303033353633            
25/01/25 07:02:37 0175 1                  44.980753 8.878978 00 00 323030323545303036363933            
25/01/25 07:02:57 0176 1                  44.980617 8.879247 00 00 323030323545303033343339            
25/01/25 07:04:41 0177 1                  44.981597 8.877542 00 00 323030323545303036333439            
25/01/25 07:04:56 0178 1                  44.981758 8.877522 00 00 323030323545303038333931            
25/01/25 07:05:22 0179 1                  44.981970 8.877465 00 00 323030323545303032343031            
25/01/25 07:05:27 0180 1                  44.981973 8.877448 00 00 323030323545303035353339            
25/01/25 07:05:51 0181 1                  44.982093 8.877430 00 00 3234303032334D3030363039            
25/01/25 07:05:59 0182 1                  44.982080 8.877388 00 00 323030323545303032333630            
25/01/25 07:06:17 0183 1                  44.982278 8.877528 00 00 323030323545303035363934            
25/01/25 07:06:22 0184 1                  44.982288 8.877520 00 00 323030323545303035363933            
25/01/25 07:06:41 0185 1                  44.982362 8.877750 00 00 323030323545303035383935            
25/01/25 07:06:42 0186 1                  44.982363 8.877758 00 00 323030323545303035353435            
25/01/25 07:08:04 0187 1                  44.983872 8.879203 00 00 323030323545303032323438            
25/01/25 07:08:22 0188 1                  44.983842 8.879385 00 00 323030323545303032323436            
25/01/25 07:08:42 0189 1                  44.983817 8.879745 00 00 323030323545303032333336            
25/01/25 07:08:52 0190 1                  44.983808 8.879780 00 00 323030323545303036323230            
25/01/25 07:09:40 0191 1                  44.983987 8.880268 00 00 3231303032334D3030383732            
25/01/25 07:10:03 0192 1                  44.984325 8.880417 00 00 323030323545303032333332            
25/01/25 07:10:31 0193 1                  44.984825 8.880595 00 00 323030323545303032313638            
25/01/25 07:10:58 0194 1                  44.985065 8.880777 00 00 323030323545303032323537            
25/01/25 07:11:12 0195 1                  44.985117 8.880950 00 00 323030323545303032333138            
25/01/25 07:11:26 0196 1                  44.985120 8.881115 00 00 323030323545303032373937            
25/01/25 07:13:10 0197 1                  44.984942 8.881797 00 00 323030323545303035383739            
25/01/25 07:13:13 0198 1                  44.984938 8.881800 00 00 323030323545303032323636            
25/01/25 07:14:21 0199 1                  44.985043 8.881633 00 00 323030323545303032323639            
25/01/25 07:14:35 0200 1                  44.985038 8.881668 00 00 323030323545303035393333            
25/01/25 07:15:23 0201 1                  44.985338 8.880765 00 00 323030323545303034323536            
25/01/25 07:15:29 0202 1                  44.985328 8.880748 00 00 323030323545303030363231            
25/01/25 07:15:31 0203 1                  44.985328 8.880747 00 00 323030323545303033313630            
25/01/25 07:16:49 0204 1                  44.985548 8.880728 00 00 323030323545303033313439            
25/01/25 07:17:06 0205 1                  44.985822 8.880802 00 00 323030323545303033313836            
25/01/25 07:17:15 0206 1                  44.985887 8.880843 00 00 323030323545303033313830            
25/01/25 07:17:31 0207 1                  44.985978 8.880902 00 00 3232303032334D3030363033            
25/01/25 07:18:12 0208 1                  44.986262 8.880950 00 00 323030323545303033313639            
25/01/25 07:18:30 0209 1                  44.986102 8.880880 00 00 323030323545303032323631            
25/01/25 07:18:39 0210 1                  44.986052 8.880843 00 00 323030323545303033313738            
25/01/25 07:18:55 0211 1                  44.985912 8.880782 00 00 323030323545303033313737            
25/01/25 07:19:10 0212 1                  44.985840 8.880745 00 00 323030323545303035393139            
25/01/25 07:19:18 0213 1                  44.985830 8.880743 00 00 323030323545303033313534            
25/01/25 07:21:18 0214 1                  44.985635 8.880042 00 00 323030323545303032333131            
25/01/25 07:21:30 0215 1                  44.985633 8.880040 00 00 323030323545303032333133            
25/01/25 07:21:53 0216 1                  44.985637 8.880345 00 00 323030323545303032333032            
25/01/25 07:22:16 0217 1                  44.985700 8.880428 00 00 323030323545303038363438            
25/01/25 07:22:26 0218 1                  44.985703 8.880445 00 00 323030323545303032333039            
25/01/25 07:22:59 0219 1                  44.985482 8.880593 00 00 323030323545303033313636            
25/01/25 07:23:47 0220 1                  44.985317 8.880047 00 00 323030323545303032313730            
25/01/25 07:23:52 0221 1                  44.985325 8.880020 00 00 323030323545303032313732            
25/01/25 07:24:14 0222 1                  44.985298 8.880167 00 00 323030323545303032313339            
25/01/25 07:25:07 0223 1                  44.984688 8.880378 00 00 323030323545303032373737            
25/01/25 07:25:12 0224 1                  44.984675 8.880388 00 00 323030323545303033303238            
25/01/25 07:26:48 0225 1                  44.984277 8.879598 00 00 323030323545303030363136            
25/01/25 07:27:14 0226 1                  44.984295 8.879937 00 00 323030323545303032323931            
25/01/25 07:27:23 0227 1                  44.984328 8.880032 00 00 323030323545303033313436            
25/01/25 07:29:38 0228 1                  44.983318 8.876793 00 00 3231303032334D3034373033            
25/01/25 07:30:06 0229 1                  44.983418 8.876450 00 00 323030323545303033303037            
25/01/25 07:30:10 0230 1                  44.983413 8.876443 00 00 323030323545303038393835            
25/01/25 07:31:25 0231 1                  44.982160 8.874910 00 00 323030323545303036343937            
25/01/25 07:32:25 0232 1                  44.982440 8.876373 00 00 323030323545303030353337            
25/01/25 07:32:30 0233 1                  44.982430 8.876393 00 00 3232303032334D3030393233            
25/01/25 07:32:33 0234 1                  44.982427 8.876398 00 00 323030323545303030353339            
25/01/25 07:35:10 0235 1                  44.981133 8.875038 00 00 3231303234304A3034343633            
25/01/25 07:35:12 0236 1                  44.981133 8.875038 00 00 3231303234304A3034343632            
25/01/25 07:37:27 0237 1                  44.980577 8.874987 00 00 323032343055303030353338            
25/01/25 07:52:37 0238 1                  44.982442 8.866685 00 00 323030323545303032373730            
25/01/25 07:54:19 0239 1                  44.982757 8.866088 00 00 323030323545303036333036            
25/01/25 07:54:23 0240 1                  44.982757 8.866082 00 00 323030323545303036333030            
25/01/25 08:36:43 0000 s 01484ver01 44.982212 8.874690 00 00
25/01/25 08:38:23 0241 1                  44.980375 8.875648 00 00 323030323545303035373833            
25/01/25 08:39:14 0242 1                  44.979637 8.875478 00 00 3231303234304A3032373533            
25/01/25 08:40:29 0243 1                  44.977267 8.876825 00 00 3231303032334D3030393834            
25/01/25 08:40:35 0244 1                  44.977265 8.876843 00 00 323030323545303035383435            
25/01/25 08:41:13 0245 1                  44.977030 8.877253 00 00 323030323545303036353936            
25/01/25 08:41:42 0246 1                  44.976798 8.877775 00 00 323030323545303036343233            
25/01/25 08:42:52 0247 1                  44.977160 8.880943 00 00 323030323545303036353537            
25/01/25 08:43:07 0248 1                  44.977240 8.880890 00 00 323030323545303036303039            
25/01/25 08:43:26 0249 1                  44.977403 8.880840 00 00 323030323545303036323332            
25/01/25 08:43:40 0250 1                  44.977462 8.880793 00 00 323030323545303032383235            
25/01/25 08:44:21 0251 1                  44.977723 8.880077 00 00 323030323545303035393335            
25/01/25 08:44:25 0252 1                  44.977727 8.880073 00 00 323030323545303035373738            
25/01/25 08:44:53 0253 1                  44.977690 8.879563 00 00 323030323545303035373737            
25/01/25 09:50:01 0000 s 01484ver01 44.878388 8.855947 00 00
25/01/25 09:53:24 0000 s 01484ver01 44.882457 8.860198 00 00
