25/01/25 05:21:03 0000 s 01886ver01 44.882280 8.859678 00 00
25/01/25 05:44:14 0001 1                  44.945257 8.916652 00 00 300ED89F3350005FE2D3C95E            
25/01/25 05:44:14 0002 1                  44.945257 8.916652 00 00 31383032334D303136313138            
25/01/25 05:45:59 0003 1                  44.947420 8.918915 00 00 31383032334D303036323130            
25/01/25 05:48:13 0004 1                  44.952805 8.924540 00 00 3234303032334D3030363336            
25/01/25 05:48:31 0005 1                  44.952822 8.924545 00 00 3233303032334D3030333638            
25/01/25 05:49:50 0006 1                  44.953013 8.924703 00 00 31383032334D303033363032            
25/01/25 05:50:07 0007 1                  44.953120 8.924820 00 00 31383032334D303034373936            
25/01/25 05:50:50 0008 1                  44.953898 8.924958 00 00 31383032334D303136333733            
25/01/25 05:51:09 0009 1                  44.953978 8.924760 00 00 31383032334D303136303438            
25/01/25 05:52:42 0010 1                  44.954405 8.926132 00 00 31383032334D303034363936            
25/01/25 05:53:07 0011 1                  44.954607 8.926313 00 00 31383032334D303034343933            
25/01/25 05:54:03 0012 1                  44.955968 8.927862 00 00 31383032334D303136343433            
25/01/25 05:54:26 0013 1                  44.956010 8.927965 00 00 3232303032334D3030353735            
25/01/25 05:55:20 0014 1                  44.957053 8.928987 00 00 3231303032334D3033343737            
25/01/25 05:56:20 0015 1                  44.957432 8.929547 00 00 31383032334D303032333030            
25/01/25 05:56:20 0016 1                  44.957432 8.929547 00 00 300ED89F3350015A1DD0AA4F            
25/01/25 05:56:42 0017 1                  44.957500 8.929535 00 00 31383132304A303039313734            
25/01/25 05:58:10 0018 1                  44.958542 8.930597 00 00 31383032334D303136323133            
25/01/25 05:58:20 0019 1                  44.958540 8.930603 00 00 31383032334D303133333336            
25/01/25 05:58:57 0020 1                  44.958763 8.930800 00 00 3233303032334D3030323237            
25/01/25 05:59:23 0021 1                  44.958822 8.930858 00 00 3232303032334D3031393235            
25/01/25 05:59:27 0022 1                  44.958825 8.930855 00 00 31383032334D303133333533            
25/01/25 05:59:59 0023 1                  44.959053 8.931133 00 00 31383032334D303133353530            
25/01/25 05:59:59 0024 1                  44.959055 8.931135 00 00 31383032334D303133353530            
25/01/25 06:00:13 0025 1                  44.959053 8.931165 00 00 3231303032334D3031383731            
25/01/25 06:01:02 0026 1                  44.959452 8.931623 00 00 31383032334D303131383632            
25/01/25 06:01:28 0027 1                  44.959733 8.931945 00 00 31383032334D303137323635            
25/01/25 06:01:38 0028 1                  44.959765 8.931975 00 00 31383032334D303137323732            
25/01/25 06:01:45 0029 1                  44.959787 8.931998 00 00 31383032334D303137323636            
25/01/25 06:02:07 0030 1                  44.959937 8.932123 00 00 31383032334D303137323933            
25/01/25 06:02:29 0031 1                  44.960135 8.932362 00 00 31383032334D303131363534            
25/01/25 06:02:43 0032 1                  44.960200 8.932375 00 00 3234303032334D3030363030            
25/01/25 06:02:45 0033 1                  44.960205 8.932370 00 00 31383032334D303134333130            
25/01/25 06:02:54 0034 1                  44.960205 8.932372 00 00 31383032334D303136343030            
25/01/25 06:03:15 0035 1                  44.960323 8.932460 00 00 31383032334D303138363031            
25/01/25 06:03:20 0036 1                  44.960323 8.932455 00 00 31383032334D303137323833            
25/01/25 06:03:59 0037 1                  44.960240 8.932995 00 00 31383032334D303133323336            
25/01/25 06:04:55 0038 1                  44.960095 8.933250 00 00 31383132304A303039303130            
25/01/25 06:06:32 0039 1                  44.960010 8.933550 00 00 31383032334D303131373535            
25/01/25 06:07:55 0040 1                  44.959868 8.933765 00 00 3234303234304A3030363835            
25/01/25 06:08:17 0041 1                  44.959843 8.933747 00 00 31383132304A303039313734            
25/01/25 06:10:06 0042 1                  44.959773 8.933850 00 00 3231303032334D3030353236            
25/01/25 06:10:10 0043 1                  44.959773 8.933842 00 00 31383032334D303133333133            
25/01/25 06:10:14 0044 1                  44.959775 8.933830 00 00 31383032334D303131373534            
25/01/25 06:10:25 0045 1                  44.959778 8.933822 00 00 31383032334D303136303332            
25/01/25 06:10:26 0046 1                  44.959778 8.933822 00 00 300ED89F3350015A1DD0AA4F            
25/01/25 06:10:26 0047 1                  44.959778 8.933822 00 00 31383032334D303136323737            
25/01/25 06:11:46 0048 1                  44.959663 8.933963 00 00 3233303032334D3030373838            
25/01/25 06:11:49 0049 1                  44.959662 8.933962 00 00 31383032334D303131363838            
25/01/25 06:11:54 0050 1                  44.959658 8.933955 00 00 3233303032334D3030333835            
25/01/25 06:11:59 0051 1                  44.959660 8.933957 00 00 31383032334D303131363835            
25/01/25 06:12:02 0052 1                  44.959660 8.933958 00 00 31383032334D303130383131            
25/01/25 06:12:55 0053 1                  44.959462 8.934487 00 00 31383032334D303133333630            
25/01/25 06:15:10 0054 1                  44.960777 8.933395 00 00 31383032334D303131363532            
25/01/25 06:15:15 0055 1                  44.960778 8.933397 00 00 31383032334D303131363335            
25/01/25 06:15:21 0056 1                  44.960778 8.933402 00 00 31383032334D303136353233            
25/01/25 06:15:24 0057 1                  44.960775 8.933410 00 00 31383032334D303131393439            
25/01/25 06:15:29 0058 1                  44.960778 8.933412 00 00 31383032334D303134353733            
25/01/25 06:15:31 0059 1                  44.960777 8.933413 00 00 33383032334D303134353733            
25/01/25 06:16:53 0060 1                  44.960603 8.932663 00 00 31383032334D303133333536            
25/01/25 06:21:48 0061 1                  44.961213 8.931318 00 00 31383032334D303133323139            
25/01/25 06:21:54 0062 1                  44.961223 8.931313 00 00 31383032334D303133333335            
25/01/25 06:23:08 0063 1                  44.962127 8.930842 00 00 3232303032334D3031333131            
25/01/25 06:24:04 0064 1                  44.962923 8.931642 00 00 31383032334D303133353935            
25/01/25 06:24:07 0065 1                  44.962933 8.931640 00 00 31383032334D303138393635            
25/01/25 06:25:03 0066 1                  44.963412 8.932155 00 00 31383032334D303133353934            
25/01/25 06:25:34 0067 1                  44.963655 8.932412 00 00 31383032334D303138383630            
25/01/25 06:25:34 0068 1                  44.963655 8.932412 00 00 31383032335D303138383630            
25/01/25 06:26:03 0069 1                  44.963808 8.932595 00 00 3232303032334D3031393438            
25/01/25 06:26:14 0070 1                  44.963862 8.932638 00 00 31383032334D303138393835            
25/01/25 06:26:45 0071 1                  44.964255 8.932950 00 00 31383032334D303138383730            
25/01/25 06:26:49 0072 1                  44.964258 8.932945 00 00 31383032334D303131383734            
25/01/25 06:27:09 0073 1                  44.964347 8.932800 00 00 31383032334D303133333236            
25/01/25 06:27:54 0074 1                  44.964113 8.932598 00 00 3232303032334D3031343632            
25/01/25 06:30:41 0075 1                  44.961552 8.930243 00 00 3231303032334D3030333131            
25/01/25 06:30:59 0076 1                  44.961428 8.930042 00 00 31383032334D303137333831            
25/01/25 06:31:22 0077 1                  44.961383 8.930038 00 00 31383032334D303133353435            
25/01/25 06:32:01 0078 1                  44.961130 8.929672 00 00 31383032334D303137333836            
25/01/25 06:33:17 0079 1                  44.959677 8.928028 00 00 31383032334D303034353335            
25/01/25 06:33:45 0080 1                  44.959670 8.928038 00 00 31383032334D303131363038            
25/01/25 06:33:45 0081 1                  44.959670 8.928038 00 00 31383032334D303035373231            
25/01/25 06:33:47 0082 1                  44.959670 8.928035 00 00 31383032334D303034373231            
25/01/25 06:33:50 0083 1                  44.959668 8.928033 00 00 31383032334D303131363034            
25/01/25 06:33:52 0084 1                  44.959668 8.928032 00 00 31383032334D303131363036            
25/01/25 06:36:04 0085 1                  44.958848 8.928757 00 00 3232303032334D3030303336            
25/01/25 06:36:08 0086 1                  44.958858 8.928772 00 00 31383032334D303136313730            
25/01/25 06:36:12 0087 1                  44.958873 8.928793 00 00 31383032334D303136333339            
25/01/25 06:36:43 0088 1                  44.958738 8.929035 00 00 31383032334D303034363834            
25/01/25 06:36:43 0089 1                  44.958738 8.929035 00 00 31383032334D303134363834            
25/01/25 06:37:22 0090 1                  44.958187 8.929843 00 00 323030323545303031383733            
25/01/25 06:37:27 0091 1                  44.958178 8.929833 00 00 31383032334D303138393136            
25/01/25 06:37:39 0092 1                  44.958178 8.929840 00 00 31383032334D303137323630            
25/01/25 06:37:46 0000 s 01886ver01 44.958170 8.929827 00 00
25/01/25 06:38:16 0093 1                  44.958177 8.929847 00 00 31383032334D303137323630            
25/01/25 06:38:16 0094 1                  44.958177 8.929847 00 00 31383032334D303138393136            
25/01/25 06:38:16 0095 1                  44.958177 8.929847 00 00 323030323545303031383733            
25/01/25 06:38:17 0096 1                  44.958177 8.929847 00 00 3232303032334D3031323633            
25/01/25 06:38:42 0097 1                  44.958182 8.929847 00 00 300ED89F3350005FE2D3C95E            
25/01/25 06:40:50 0098 1                  44.956302 8.932325 00 00 31383032334D303138343639            
25/01/25 06:41:27 0099 1                  44.956147 8.933268 00 00 31383032334D303138353838            
25/01/25 06:42:02 0100 1                  44.956078 8.933887 00 00 31383032334D303138383538            
25/01/25 06:43:11 0101 1                  44.957493 8.935278 00 00 31383032334D303138363333            
25/01/25 06:43:14 0102 1                  44.957493 8.935277 00 00 31383032334D303138363334            
25/01/25 06:43:51 0103 1                  44.958203 8.935513 00 00 31383032334D303138363338            
25/01/25 06:44:27 0104 1                  44.958550 8.935535 00 00 31383032334D303133333331            
25/01/25 06:44:37 0105 1                  44.958547 8.935543 00 00 323030323545303037373431            
25/01/25 06:44:44 0106 1                  44.958545 8.935550 00 00 3232303032334D3030333830            
25/01/25 06:44:47 0107 1                  44.958543 8.935553 00 00 3234303032334D3030343835            
25/01/25 06:45:00 0108 1                  44.958547 8.935558 00 00 3231303032334D3031373634            
25/01/25 06:45:08 0109 1                  44.958532 8.935563 00 00 31383032334D303036353231            
25/01/25 06:45:08 0110 1                  44.958532 8.935563 00 00 31383032334D303134323732            
25/01/25 06:45:10 0111 1                  44.958530 8.935565 00 00 31383032334D303134333330            
25/01/25 06:45:15 0112 1                  44.958525 8.935565 00 00 3234303032334D3030363334            
25/01/25 06:45:45 0113 1                  44.958557 8.935488 00 00 31383032334D303036353231            
25/01/25 06:46:15 0114 1                  44.958607 8.935435 00 00 300ED89F3350015A1DD0AA4F            
25/01/25 06:48:33 0115 1                  44.961083 8.933482 00 00 31383032334D303133353036            
25/01/25 06:49:42 0116 1                  44.961510 8.933850 00 00 31383132304A303039303133            
25/01/25 06:49:59 0117 1                  44.961515 8.933845 00 00 31383032334D303037383032            
25/01/25 06:50:03 0118 1                  44.961520 8.933842 00 00 31383132304A303039313734            
25/01/25 06:50:34 0119 1                  44.961612 8.933920 00 00 31383032334D303133353335            
25/01/25 06:50:37 0120 1                  44.961613 8.933925 00 00 31383032334D303133323236            
25/01/25 06:51:15 0121 1                  44.961747 8.934072 00 00 31383032334D303131363031            
25/01/25 06:53:08 0122 1                  44.961727 8.934538 00 00 3231303132304A3035333137            
25/01/25 06:54:50 0123 1                  44.961202 8.935642 00 00 31383032334D303132383835            
25/01/25 06:56:01 0124 1                  44.962098 8.936278 00 00 31383032334D303138393937            
25/01/25 06:56:20 0125 1                  44.962132 8.936157 00 00 31383032334D303137323538            
25/01/25 06:56:23 0126 1                  44.962135 8.936148 00 00 31383032334D303137353737            
25/01/25 06:56:33 0127 1                  44.962138 8.936117 00 00 3233303032334D3030313439            
25/01/25 06:56:35 0128 1                  44.962140 8.936112 00 00 31383032334D303137333733            
25/01/25 06:56:40 0129 1                  44.962143 8.936102 00 00 31383032334D303137353830            
25/01/25 06:57:39 0130 1                  44.963102 8.935145 00 00 3232303032334D3030383231            
25/01/25 06:57:42 0131 1                  44.963110 8.935133 00 00 3232303032334D3030303739            
25/01/25 06:57:53 0132 1                  44.963182 8.935047 00 00 3233303032334D3030303131            
25/01/25 06:57:59 0133 1                  44.963188 8.935035 00 00 31383032334D303137353033            
25/01/25 06:59:42 0134 1                  44.963417 8.932700 00 00 31383032334D303131393630            
25/01/25 07:00:47 0135 1                  44.963748 8.933042 00 00 31383032334D303131393937            
25/01/25 07:00:47 0136 1                  44.963748 8.933042 00 00 3234303032334D3030343237            
25/01/25 07:00:55 0137 1                  44.963745 8.933033 00 00 3232303032334D3031363930            
25/01/25 07:01:09 0138 1                  44.963738 8.933022 00 00 31383032334D303131393531            
25/01/25 07:01:11 0139 1                  44.963735 8.933015 00 00 31383032334D303131393836            
25/01/25 07:02:16 0140 1                  44.963390 8.933607 00 00 31383032334D303137333035            
25/01/25 07:02:19 0141 1                  44.963392 8.933607 00 00 31383032334D303131373634            
25/01/25 07:02:24 0142 1                  44.963392 8.933612 00 00 31383032334D303134333537            
25/01/25 07:02:25 0143 1                  44.963390 8.933615 00 00 31383032334D303131393432            
25/01/25 07:02:29 0144 1                  44.963390 8.933620 00 00 31383032334D303131393435            
25/01/25 07:03:26 0145 1                  44.962963 8.934427 00 00 31383032334D303137323531            
25/01/25 07:05:02 0146 1                  44.962585 8.933200 00 00 323030323545303031393333            
25/01/25 07:05:47 0147 1                  44.963127 8.932248 00 00 31383032334D303135353433            
25/01/25 07:06:38 0148 1                  44.962470 8.931280 00 00 3234303032334D3032313138            
25/01/25 07:06:42 0149 1                  44.962465 8.931267 00 00 31383032334D303138383132            
25/01/25 07:07:09 0150 1                  44.962307 8.931557 00 00 31383032334D303136313837            
25/01/25 07:07:29 0151 1                  44.962190 8.931763 00 00 31383032334D303138393938            
25/01/25 07:07:50 0152 1                  44.962065 8.931990 00 00 31383032334D303137343233            
25/01/25 07:09:03 0153 1                  44.961640 8.932780 00 00 3234303032334D3030313133            
25/01/25 07:09:15 0154 1                  44.961640 8.932775 00 00 31383032334D303137353636            
25/01/25 07:09:46 0155 1                  44.961397 8.933137 00 00 31383032334D303137343635            
25/01/25 07:10:01 0156 1                  44.961355 8.933213 00 00 3232303032334D3031303432            
25/01/25 07:11:16 0157 1                  44.961118 8.933758 00 00 300ED89F3350015A1DD0AA4F            
25/01/25 07:14:32 0158 1                  44.960968 8.933940 00 00 31383032334D303137323530            
25/01/25 07:15:25 0159 1                  44.960542 8.934852 00 00 31383032334D303034363931            
25/01/25 07:16:32 0160 1                  44.959960 8.935868 00 00 31383032334D303137333135            
25/01/25 07:16:35 0161 1                  44.959958 8.935870 00 00 31383032334D303137353632            
25/01/25 07:16:46 0162 1                  44.959948 8.935875 00 00 323030323545303031303530            
25/01/25 07:17:56 0163 1                  44.960137 8.936577 00 00 31383032334D303138383638            
25/01/25 07:18:16 0164 1                  44.960278 8.936752 00 00 31383032334D303135353438            
25/01/25 07:18:30 0165 1                  44.960302 8.936785 00 00 31383032334D303138353735            
25/01/25 07:18:55 0166 1                  44.960457 8.936940 00 00 31383032334D303138343336            
25/01/25 07:19:14 0167 1                  44.960570 8.937070 00 00 31383032334D303131383937            
25/01/25 07:19:15 0168 1                  44.960568 8.937070 00 00 31383032334D303131383939            
25/01/25 07:19:39 0169 1                  44.960673 8.937227 00 00 31383032334D303138393637            
25/01/25 07:20:18 0170 1                  44.960872 8.937433 00 00 31383032334D303138393738            
25/01/25 07:20:20 0171 1                  44.960872 8.937437 00 00 31383032334D303138383131            
25/01/25 07:20:23 0172 1                  44.960873 8.937437 00 00 39383032334D303138383131            
25/01/25 07:21:18 0173 1                  44.961562 8.937872 00 00 31383032334D303134323233            
25/01/25 07:21:56 0174 1                  44.961748 8.937648 00 00 31383132304A303039313734            
25/01/25 07:22:12 0175 1                  44.961897 8.937393 00 00 3231303032334D3034353035            
25/01/25 07:22:43 0176 1                  44.962318 8.936743 00 00 31383032334D303138343031            
25/01/25 07:23:05 0177 1                  44.962482 8.936405 00 00 31383032334D303138393832            
25/01/25 07:23:34 0178 1                  44.962810 8.935750 00 00 3234303032334D3030353133            
25/01/25 07:27:36 0179 1                  44.959763 8.936160 00 00 3234303032334D3030343137            
25/01/25 07:27:41 0180 1                  44.959757 8.936158 00 00 31383032334D303131383837            
25/01/25 07:27:47 0181 1                  44.959752 8.936157 00 00 3233303032334D3030373335            
25/01/25 07:27:47 0182 1                  44.959752 8.936157 00 00 300ED89F3350015A1DD0AA4F            
25/01/25 07:28:01 0183 1                  44.959753 8.936130 00 00 31383032334D303131383836            
25/01/25 07:28:08 0184 1                  44.959753 8.936125 00 00 31383032334D303037313035            
25/01/25 07:28:09 0185 1                  44.959752 8.936127 00 00 31383032334D303131383933            
25/01/25 07:28:12 0186 1                  44.959752 8.936125 00 00 31383032334D303131383936            
25/01/25 07:28:13 0187 1                  44.959753 8.936120 00 00 31383032334D303131383930            
25/01/25 07:28:20 0188 1                  44.959758 8.936100 00 00 31383032334D303131373633            
25/01/25 07:28:25 0189 1                  44.959767 8.936078 00 00 31383032334D303134323339            
25/01/25 07:28:25 0190 1                  44.959767 8.936078 00 00 31383032334D303131383835            
25/01/25 07:28:36 0191 1                  44.959773 8.936055 00 00 31383032334D303131383931            
25/01/25 07:28:41 0192 1                  44.959773 8.936040 00 00 31383032334D303131383834            
25/01/25 07:29:20 0193 1                  44.959782 8.936073 00 00 31383132304A303039303031            
25/01/25 07:29:23 0194 1                  44.959783 8.936068 00 00 3234303234304A3030373838            
25/01/25 07:34:46 0195 1                  44.959080 8.933078 00 00 31383032334D303133353732            
25/01/25 07:35:48 0196 1                  44.959812 8.931660 00 00 3233303032334D3030373536            
25/01/25 07:35:51 0197 1                  44.959807 8.931665 00 00 31383032334D303133333436            
25/01/25 07:36:40 0198 1                  44.960188 8.930972 00 00 31383032334D303133343236            
25/01/25 07:37:00 0199 1                  44.960307 8.930817 00 00 3232303032334D3031313534            
25/01/25 07:38:30 0200 1                  44.959902 8.929308 00 00 323030323545303038393935            
25/01/25 07:38:56 0201 1                  44.959690 8.929725 00 00 31383032334D303137323730            
25/01/25 07:39:25 0202 1                  44.959537 8.930027 00 00 31383032334D303138343532            
25/01/25 07:39:45 0203 1                  44.959433 8.930232 00 00 31383032334D303033353933            
25/01/25 07:40:02 0204 1                  44.959368 8.930352 00 00 31383032334D303034353935            
25/01/25 07:40:23 0205 1                  44.959263 8.930488 00 00 31383032334D303034353137            
25/01/25 07:40:48 0206 1                  44.959135 8.930697 00 00 31383032334D303137323431            
25/01/25 07:41:09 0207 1                  44.959060 8.930842 00 00 31383032334D303173343838            
25/01/25 07:41:12 0208 1                  44.959062 8.930840 00 00 3233303032334D3030313932            
25/01/25 07:41:17 0209 1                  44.959062 8.930843 00 00 31383032334D303034373939            
25/01/25 07:41:22 0210 1                  44.959062 8.930843 00 00 31383032334D303133323431            
25/01/25 07:41:24 0211 1                  44.959063 8.930845 00 00 31383032334D303032313630            
25/01/25 07:42:11 0212 1                  44.959067 8.930840 00 00 300ED89F3350015A1DD0AA4F            
25/01/25 07:44:52 0213 1                  44.958897 8.931128 00 00 31383032334D303137323434            
25/01/25 07:45:15 0214 1                  44.958917 8.931168 00 00 3232303032334D3030303139            
25/01/25 07:45:17 0215 1                  44.958920 8.931170 00 00 31383032334D303131363732            
25/01/25 07:45:25 0216 1                  44.958927 8.931167 00 00 3233303032334D3030373635            
25/01/25 07:45:39 0217 1                  44.958877 8.931263 00 00 25705569A686D30201C74E72            
25/01/25 07:45:46 0218 1                  44.958827 8.931332 00 00 3232303032334D3031383532            
25/01/25 07:46:09 0219 1                  44.958700 8.931528 00 00 31383032334D303137343336            
25/01/25 07:46:38 0220 1                  44.958667 8.931598 00 00 31383032334D303133333539            
25/01/25 07:47:11 0221 1                  44.958343 8.932112 00 00 31383032334D303136323735            
25/01/25 07:47:28 0222 1                  44.958282 8.932258 00 00 31383032334D303131383636            
25/01/25 07:47:47 0223 1                  44.958228 8.932415 00 00 31383032334D303133343835            
25/01/25 07:48:53 0224 1                  44.957283 8.932248 00 00 31383032334D303136303439            
25/01/25 07:49:13 0225 1                  44.957333 8.932167 00 00 31383032334D303136323632            
25/01/25 07:49:40 0226 1                  44.957575 8.931708 00 00 31383032334D303133343331            
25/01/25 07:50:06 0227 1                  44.957648 8.931587 00 00 31383032334D303133343333            
25/01/25 07:50:31 0228 1                  44.957678 8.931497 00 00 31383032334D303131363739            
25/01/25 07:50:35 0229 1                  44.957677 8.931495 00 00 31383032334D303131363738            
25/01/25 07:51:06 0230 1                  44.957782 8.931312 00 00 31383032334D303136323535            
25/01/25 07:51:56 0231 1                  44.958082 8.930707 00 00 31383032334D303034363833            
25/01/25 07:52:15 0232 1                  44.958192 8.930503 00 00 31383032334D303136323730            
25/01/25 07:52:48 0233 1                  44.958397 8.930098 00 00 31383032334D303131363632            
25/01/25 07:52:57 0234 1                  44.958405 8.930083 00 00 31383032334D303034373832            
25/01/25 07:54:17 0235 1                  44.958760 8.929528 00 00 31383032334D303034373837            
25/01/25 07:58:02 0236 1                  44.955748 8.932315 00 00 31383032334D303138393439            
25/01/25 07:58:23 0237 1                  44.955595 8.932282 00 00 31383032334D303138393333            
25/01/25 07:58:34 0238 1                  44.955525 8.932280 00 00 31383032334D303138393332            
25/01/25 07:58:52 0239 1                  44.955450 8.932272 00 00 31383032334D303138393238            
25/01/25 07:59:21 0240 1                  44.955248 8.932232 00 00 3234303032334D3030363538            
25/01/25 07:59:47 0241 1                  44.955090 8.932208 00 00 31383032334D30313839323D            
25/01/25 07:59:47 0242 1                  44.955090 8.932208 00 00 31383032334D303138393239            
25/01/25 08:00:16 0243 1                  44.954853 8.932142 00 00 31383032334D303138393435            
25/01/25 08:01:59 0244 1                  44.955238 8.933617 00 00 31383032334D303138353738            
25/01/25 08:02:15 0245 1                  44.955135 8.933623 00 00 31383032334D303138343138            
25/01/25 08:02:51 0246 1                  44.954920 8.933553 00 00 323030323545303038353734            
25/01/25 08:03:44 0247 1                  44.954603 8.933133 00 00 323030323545303032313632            
25/01/25 08:03:48 0248 1                  44.954600 8.933137 00 00 31383032334DB03131363638            
25/01/25 08:03:57 0249 1                  44.954592 8.933147 00 00 31383032334D303131363436            
25/01/25 08:03:57 0250 1                  44.954592 8.933147 00 00 31383032334D303131363436            
25/01/25 08:03:58 0251 1                  44.954592 8.933147 00 00 31383032334D303131363530            
25/01/25 08:04:28 0252 1                  44.954663 8.933187 00 00 31383032334D303138343334            
25/01/25 08:05:01 0253 1                  44.955022 8.933305 00 00 31383032334D303039323630            
25/01/25 08:05:41 0254 1                  44.955565 8.933383 00 00 31383032334D303138343134            
25/01/25 08:05:57 0255 1                  44.955607 8.933403 00 00 31383032334D303138373838            
25/01/25 08:06:10 0256 1                  44.955617 8.933442 00 00 31383072334D303138353830            
25/01/25 08:13:04 0257 1                  44.953913 8.931828 00 00 31383032334D303138343637            
25/01/25 08:14:03 0258 1                  44.954715 8.931273 00 00 31383032334D303138343634            
25/01/25 08:14:32 0259 1                  44.955232 8.931185 00 00 3231303032334D3033373235            
25/01/25 08:15:01 0260 1                  44.955708 8.931353 00 00 31383032334D303138343638            
25/01/25 08:15:22 0261 1                  44.955975 8.931422 00 00 31383032334D303136343231            
25/01/25 08:35:57 0000 s 01886ver01 44.961075 8.933995 00 00
25/01/25 08:39:03 0262 1                  44.959013 8.936165 00 00 3231303032334D3031373637            
25/01/25 08:39:07 0263 1                  44.959013 8.936167 00 00 31383032334D303137353634            
25/01/25 08:39:19 0264 1                  44.959007 8.936173 00 00 31383032334D303136313039            
25/01/25 08:39:21 0265 1                  44.959007 8.936177 00 00 31383032334D303136313038            
25/01/25 08:39:34 0266 1                  44.959008 8.936185 00 00 31383032334D303136333333            
25/01/25 08:39:38 0267 1                  44.959008 8.936187 00 00 3231303032334D3033383933            
25/01/25 08:40:09 0268 1                  44.958930 8.936532 00 00 31383032334D303131363831            
25/01/25 08:40:23 0269 1                  44.958880 8.936782 00 00 300ED89F3350005FE2D3C95E            
25/01/25 08:40:34 0270 1                  44.958872 8.937088 00 00 31383032334D303034353433            
25/01/25 08:40:58 0271 1                  44.958802 8.937260 00 00 31383032334D303138363037            
25/01/25 08:41:20 0272 1                  44.958787 8.937380 00 00 31383032334D303138363430            
25/01/25 08:42:01 0273 1                  44.958713 8.937718 00 00 3231303032334D3031353232            
25/01/25 08:42:06 0274 1                  44.958715 8.937725 00 00 31383032334D303038343739            
25/01/25 08:42:38 0275 1                  44.958680 8.938098 00 00 3232303032334D3030363538            
25/01/25 08:44:43 0276 1                  44.957512 8.938280 00 00 31383032334D303136333835            
25/01/25 08:45:08 0277 1                  44.957505 8.938288 00 00 31383032334D303136323736            
25/01/25 08:47:15 0278 1                  44.957773 8.938432 00 00 31383032334D303137343733            
25/01/25 08:47:36 0279 1                  44.957923 8.938485 00 00 3234303032334D3031383538            
25/01/25 08:48:11 0280 1                  44.958275 8.938618 00 00 3234303032334D3030353034            
25/01/25 08:48:38 0281 1                  44.958500 8.938890 00 00 31383032334D303137333937            
25/01/25 08:48:56 0282 1                  44.958477 8.939022 00 00 3231303032334D3031353930            
25/01/25 08:49:29 0283 1                  44.958293 8.939325 00 00 3234303032334D3030343535            
25/01/25 08:49:53 0284 1                  44.957942 8.939212 00 00 31383032334D303136303139            
25/01/25 08:52:25 0285 1                  44.958458 8.939700 00 00 31383032334D303137353930            
25/01/25 08:53:37 0286 1                  44.958475 8.939807 00 00 31383032334D703133343337            
25/01/25 08:54:02 0287 1                  44.958427 8.940227 00 00 31383032334D303136303630            
25/01/25 08:54:18 0288 1                  44.958420 8.940415 00 00 31383032334D303136323731            
25/01/25 09:03:31 0289 1                  44.957275 8.928347 00 00 31383032334D303034363339            
25/01/25 09:03:49 0290 1                  44.957380 8.928093 00 00 300ED89F3350005FE2D3C95E            
25/01/25 09:03:59 0291 1                  44.957385 8.928082 00 00 3232303032334D3031363932            
25/01/25 09:04:04 0292 1                  44.957387 8.928088 00 00 31383032334D303138373937            
25/01/25 09:04:24 0293 1                  44.957402 8.927967 00 00 31383032334D303136373237            
25/01/25 09:05:13 0294 1                  44.957478 8.927527 00 00 31383032334D303138323834            
25/01/25 09:05:16 0295 1                  44.957475 8.927520 00 00 31383032334D303138353837            
25/01/25 09:05:53 0296 1                  44.957573 8.927050 00 00 31383032334D303138313236            
25/01/25 09:06:17 0297 1                  44.957678 8.926517 00 00 31383032334D303136343532            
25/01/25 09:06:30 0298 1                  44.957687 8.926372 00 00 31383032334D303136373537            
25/01/25 09:06:45 0299 1                  44.957678 8.926250 00 00 31383032334DB03138343932            
25/01/25 09:07:55 0300 1                  44.957130 8.925883 00 00 3232303032334D3030343231            
25/01/25 09:08:10 0301 1                  44.957245 8.925925 00 00 31383032334D303137393631            
25/01/25 09:09:04 0302 1                  44.957138 8.926913 00 00 31383032334D703034753432            
25/01/25 09:09:05 0303 1                  44.957138 8.926918 00 00 31383032334D703034353432            
25/01/25 09:09:25 0304 1                  44.956928 8.926882 00 00 31383032334D303034353336            
25/01/25 09:10:48 0305 1                  44.956597 8.926447 00 00 31383032334D303039313239            
25/01/25 09:13:55 0306 1                  44.955850 8.929152 00 00 31383032334D303133323737            
25/01/25 09:14:14 0307 1                  44.955885 8.929115 00 00 31383032334D303138343534            
25/01/25 09:14:53 0308 1                  44.955975 8.928927 00 00 3231303032334D3031343739            
25/01/25 09:14:56 0309 1                  44.955973 8.928927 00 00 31383032334D303138343435            
25/01/25 09:15:13 0310 1                  44.956012 8.928868 00 00 31383032334D303031313331            
25/01/25 09:16:11 0311 1                  44.956370 8.927647 00 00 31383032334D303136373637            
25/01/25 09:16:36 0312 1                  44.956493 8.927273 00 00 31383032334D303136373938            
25/01/25 09:17:02 0313 1                  44.956498 8.927130 00 00 31383032334D303038383132            
25/01/25 09:17:12 0314 1                  44.956480 8.927118 00 00 0009768F4100000000001FFF            
25/01/25 09:18:10 0315 1                  44.956330 8.927027 00 00 31383032334D303033353136            
25/01/25 09:18:42 0316 1                  44.956107 8.926643 00 00 3231303032334D3030333839            
25/01/25 09:19:06 0317 1                  44.955988 8.926517 00 00 31383032334D303138343438            
25/01/25 09:19:12 0318 1                  44.955968 8.926510 00 00 31383032334D303136373739            
25/01/25 09:21:53 0319 1                  44.955877 8.924713 00 00 323030323545303034363031            
25/01/25 09:23:01 0320 1                  44.955597 8.925705 00 00 31383032334D303034373139            
25/01/25 09:23:13 0321 1                  44.955583 8.925747 00 00 31383032334D303030353938            
25/01/25 09:23:21 0322 1                  44.955612 8.925778 00 00 31383032334D303034373933            
25/01/25 09:23:24 0323 1                  44.955628 8.925787 00 00 31383032334D303034363737            
25/01/25 09:23:24 0324 1                  44.955628 8.925787 00 00 31383032334D303034363737            
25/01/25 09:24:52 0325 1                  44.954995 8.926043 00 00 31383032334D313138383139            
25/01/25 09:24:52 0326 1                  44.954995 8.926043 00 00 31383032334D303134323632            
25/01/25 09:28:54 0327 1                  44.954435 8.925720 00 00 31383032334D303137373934            
25/01/25 09:29:16 0328 1                  44.954500 8.925492 00 00 31383032334D303033323139            
25/01/25 09:29:47 0329 1                  44.954580 8.925173 00 00 31383032334D303137373938            
25/01/25 09:30:00 0330 1                  44.954602 8.925072 00 00 31383032334D303034383030            
25/01/25 09:30:26 0331 1                  44.954620 8.924555 00 00 31383032334D303034373931            
25/01/25 09:30:50 0332 1                  44.954550 8.924188 00 00 3233303032334D3030303632            
25/01/25 09:34:57 0333 1                  44.952128 8.926653 00 00 31383032334D303133323630            
25/01/25 09:34:57 0334 1                  44.952128 8.926653 00 00 300ED89F3350015A1DD0AA4F            
25/01/25 09:37:32 0335 1                  44.942567 8.912878 00 00 31383032334D303136303039            
25/01/25 09:38:49 0336 1                  44.943505 8.913430 00 00 31383032334D303133343930            
25/01/25 10:17:01 0337 1                  44.882393 8.860185 00 00 300ED89F3350015A1DD0AA4F            
25/01/25 10:24:09 0000 s 01886ver01 44.882242 8.860225 00 00
