03/11/25 05:30:30 0000 s 01890ver01 44.882173 8.860372 00 00
03/11/25 05:44:58 0001 1                  44.902353 8.868680 00 00 3231303234304A3031323034            
03/11/25 05:45:26 0002 1                  44.902342 8.868723 00 00 3231303234304A3031323732            
03/11/25 05:45:42 0003 1                  44.902348 8.868708 00 00 3231303234304A3031323036            
03/11/25 05:46:32 0004 1                  44.902327 8.868658 00 00 3231303234304A3031323630            
03/11/25 05:47:03 0005 1                  44.902337 8.868658 00 00 3231303234304A3031323136            
03/11/25 05:47:15 0006 1                  44.902333 8.868705 00 00 3231303234304A3031323033            
03/11/25 05:47:43 0007 1                  44.902332 8.868727 00 00 3231303234304A3031323038            
03/11/25 05:58:16 0000 s 01890ver01 44.895087 8.859260 00 00
03/11/25 06:00:03 0008 1                  44.895010 8.856127 00 00 3231303032334D3034323530            
03/11/25 06:00:37 0009 1                  44.895005 8.856108 00 00 3232303032334D3031393031            
03/11/25 06:01:49 0010 1                  44.895012 8.855405 00 00 3232303032334D3031313936            
03/11/25 06:01:55 0011 1                  44.895010 8.855400 00 00 3231303032334D3032333138            
03/11/25 06:02:42 0012 1                  44.895005 8.855272 00 00 3231303032334D3034353934            
03/11/25 06:02:48 0013 1                  44.895000 8.855278 00 00 3235303032334D3030323333            
03/11/25 06:02:52 0014 1                  44.894998 8.855278 00 00 3234303032334D3031353937            
03/11/25 06:05:52 0015 1                  44.894817 8.853383 00 00 3231303032334D3032383838            
03/11/25 06:05:56 0016 1                  44.894820 8.853385 00 00 3235303032334D3030353139            
03/11/25 06:06:00 0017 1                  44.894822 8.853387 00 00 3231303032334D3032383835            
03/11/25 06:07:28 0018 1                  44.895153 8.856197 00 00 3232303032334D3030383732            
03/11/25 06:11:40 0019 1                  44.895602 8.856378 00 00 3231303234304A3032383238            
03/11/25 06:16:37 0020 1                  44.893058 8.861227 00 00 3231303032334D3034353636            
03/11/25 06:17:54 0021 1                  44.892582 8.861310 00 00 3231303032334D3034363534            
03/11/25 06:21:18 0022 1                  44.884838 8.857747 00 00 3231303032334D3030313834            
03/11/25 06:21:24 0023 1                  44.884823 8.857745 00 00 3231303032334D3031313433            
03/11/25 06:21:32 0024 1                  44.884805 8.857742 00 00 3234303032334D3031363833            
03/11/25 06:21:43 0025 1                  44.884783 8.857740 00 00 3234303032334D3030323039            
03/11/25 06:21:49 0026 1                  44.884777 8.857742 00 00 3231303032334D3030313036            
03/11/25 06:21:58 0027 1                  44.884777 8.857738 00 00 3233303032334D3030323432            
03/11/25 06:22:05 0028 1                  44.884782 8.857733 00 00 3231303032334D3030313837            
03/11/25 06:22:13 0029 1                  44.884787 8.857725 00 00 3235303032334D3030373835            
03/11/25 06:22:21 0030 1                  44.884788 8.857717 00 00 3231303032334D3030313838            
03/11/25 06:23:46 0031 1                  44.885158 8.857545 00 00 3231303234304A3032387038            
03/11/25 06:25:28 0032 1                  44.886368 8.856490 00 00 3233303032334D3030323135            
03/11/25 06:26:28 0033 1                  44.887205 8.856152 00 00 3231303032334D3031303237            
03/11/25 06:27:25 0034 1                  44.887627 8.856087 00 00 3231303234304A3032383736            
03/11/25 06:34:00 0035 1                  44.891772 8.855988 00 00 3231303132304A3035343032            
03/11/25 06:37:32 0036 1                  44.892200 8.854495 00 00 3234303032334D3031393339            
03/11/25 06:37:37 0037 1                  44.892202 8.854487 00 00 3231303032334D3034323436            
03/11/25 06:37:45 0038 1                  44.892200 8.854477 00 00 3232303032334D3030383539            
03/11/25 06:37:48 0039 1                  44.892198 8.854475 00 00 3231303032334D3034353234            
03/11/25 06:37:57 0040 1                  44.892193 8.854472 00 00 3233303032334D3030373730            
03/11/25 06:39:27 0041 1                  44.892172 8.854828 00 00 31383032334D303138383438            
03/11/25 06:40:36 0042 1                  44.892235 8.855355 00 00 3231303032334D3034303034            
03/11/25 06:42:09 0043 1                  44.891173 8.855597 00 00 3231303032334D3033323739            
03/11/25 06:44:47 0044 1                  44.890688 8.855583 00 00 3231303132304A3035343035            
03/11/25 06:47:48 0045 1                  44.886010 8.857212 00 00 3231303234304A3034353734            
03/11/25 06:49:38 0046 1                  44.888835 8.857625 00 00 3231303032334D3034383030            
03/11/25 06:51:27 0047 1                  44.887505 8.856825 00 00 3231303132304A3035333636            
03/11/25 07:00:46 0048 1                  44.889722 8.858703 00 00 3231303132304A3035333934            
03/11/25 07:02:37 0049 1                  44.890060 8.858552 00 00 3231303234304A3032383439            
03/11/25 07:03:30 0050 1                  44.890163 8.858568 00 00 3231303234304A3032383530            
03/11/25 07:04:17 0051 1                  44.890163 8.858543 00 00 3231303234304A3032383632            
03/11/25 07:08:54 0052 1                  44.890063 8.858102 00 00 3231303234304A3032393739            
03/11/25 07:14:06 0053 1                  44.890800 8.858243 00 00 3231303234304A3032383738            
03/11/25 07:14:20 0054 1                  44.890782 8.858218 00 00 3231303234304A3032383930            
03/11/25 07:18:00 0055 1                  44.890712 8.857635 00 00 3231303132304A3037353836            
03/11/25 07:23:26 0056 1                  44.888993 8.858670 00 00 3231303234304A3034353031            
03/11/25 07:30:10 0057 1                  44.886222 8.858788 00 00 323030323545303031383532            
03/11/25 07:30:19 0058 1                  44.886222 8.858788 00 00 323030323545303031383837            
03/11/25 07:30:27 0059 1                  44.886183 8.858783 00 00 323030323545303038343334            
03/11/25 07:37:07 0060 1                  44.888500 8.858052 00 00 3231303234304A3034343935            
03/11/25 07:40:18 0061 1                  44.887352 8.857577 00 00 3231303234304A3034353038            
03/11/25 07:41:00 0062 1                  44.887340 8.857478 00 00 3231303234304A3034343937            
03/11/25 07:43:11 0063 1                  44.886953 8.857860 00 00 3232303032334D3031373435            
03/11/25 07:43:14 0064 1                  44.886950 8.857862 00 00 3231303032334D3034303637            
03/11/25 07:52:21 0065 1                  44.891292 8.859298 00 00 3233303032334D3030373135            
03/11/25 07:55:15 0066 1                  44.891043 8.859930 00 00 3231303234304A3034353532            
03/11/25 07:57:24 0067 1                  44.890557 8.860090 00 00 3231303032334D3034363630            
03/11/25 07:58:00 0068 1                  44.890568 8.860027 00 00 3231303032334D3035353035            
03/11/25 07:58:36 0069 1                  44.890725 8.859763 00 00 3231303032334D3034353731            
03/11/25 07:58:38 0070 1                  44.890728 8.859757 00 00 3231303032334D3030383231            
03/11/25 07:58:41 0071 1                  44.890732 8.859750 00 00 3232303032334D3030323131            
03/11/25 07:59:06 0072 1                  44.890773 8.859682 00 00 3231303032334D3033353732            
03/11/25 07:59:15 0073 1                  44.890785 8.859673 00 00 3231303032334D3033353731            
03/11/25 07:59:26 0074 1                  44.890808 8.859663 00 00 3231303032334D3033353533            
03/11/25 08:00:20 0075 1                  44.890927 8.859420 00 00 3231303032334D3035363537            
03/11/25 08:01:04 0076 1                  44.890923 8.859290 00 00 3235303032334D3030313731            
03/11/25 08:03:48 0077 1                  44.891020 8.859185 00 00 3232303032334D3030353639            
03/11/25 08:05:10 0078 1                  44.891235 8.858892 00 00 3231303032334D3033333735            
03/11/25 08:14:32 0079 1                  44.892157 8.860537 00 00 3231303032334D3034353037            
03/11/25 08:14:37 0080 1                  44.892160 8.860540 00 00 3231303032334D3034343838            
03/11/25 08:14:47 0081 1                  44.892160 8.860517 00 00 3234303032334D3031323233            
03/11/25 08:14:56 0082 1                  44.892147 8.860485 00 00 3231303032334D3031313538            
03/11/25 08:15:43 0083 1                  44.892255 8.860150 00 00 3231303032334D3033303133            
03/11/25 08:15:46 0084 1                  44.892260 8.860155 00 00 3231303032334D3032323039            
03/11/25 08:15:55 0085 1                  44.892295 8.860185 00 00 3231303032334D3034343839            
03/11/25 08:16:06 0086 1                  44.892320 8.860203 00 00 3231303032334D3032333037            
03/11/25 08:16:18 0087 1                  44.892338 8.860213 00 00 3231303032334D3032313737            
03/11/25 08:16:30 0088 1                  44.892350 8.860223 00 00 3231303032334D3034313431            
03/11/25 08:18:51 0089 1                  44.893008 8.859608 00 00 3234303234304A3030373635            
03/11/25 08:25:00 0090 1                  44.892220 8.859302 00 00 3231303234304A3032383831            
03/11/25 08:41:02 0000 s 01890ver01 44.894267 8.858877 00 00
03/11/25 08:45:01 0091 1                  44.894087 8.859093 00 00 3231303132304A3037373634            
03/11/25 08:55:39 0092 1                  44.893312 8.859885 00 00 3231303032334D3033333638            
03/11/25 08:58:41 0093 1                  44.893438 8.859342 00 00 3231303234304A3034353739            
03/11/25 09:10:59 0094 1                  44.887958 8.857018 00 00 3231303032334D3032333430            
03/11/25 09:11:09 0095 1                  44.887983 8.856998 00 00 3231303032334D3034373936            
03/11/25 09:13:36 0096 1                  44.888363 8.856798 00 00 3231303032334D3034373535            
03/11/25 09:13:49 0097 1                  44.888360 8.856802 00 00 3231303032334D3034373935            
03/11/25 09:14:57 0098 1                  44.888558 8.856795 00 00 3231303132304A3035333837            
03/11/25 09:16:41 0099 1                  44.888820 8.856833 00 00 3231303032334D3034303532            
03/11/25 09:23:22 0100 1                  44.889278 8.857178 00 00 3231303234304A3032383739            
03/11/25 09:23:37 0101 1                  44.889292 8.857182 00 00 3231303132304A3035323633            
03/11/25 09:26:54 0102 1                  44.889505 8.857390 00 00 3231303234304A3032383832            
03/11/25 09:29:28 0103 1                  44.889223 8.856433 00 00 3231303032334D3034353834            
03/11/25 09:29:36 0104 1                  44.889227 8.856428 00 00 3234303032334D3031373534            
03/11/25 09:30:25 0105 1                  44.888830 8.856272 00 00 3231303032334D3034333637            
03/11/25 09:31:03 0106 1                  44.888628 8.856328 00 00 3235303032334D3030303138            
03/11/25 09:32:06 0107 1                  44.888293 8.856368 00 00 3231303132304A3035333937            
03/11/25 09:36:16 0108 1                  44.889548 8.853982 00 00 3233303032334D3030333334            
03/11/25 09:36:22 0109 1                  44.889540 8.853975 00 00 3231303032334D3034333535            
03/11/25 09:37:13 0110 1                  44.889852 8.853922 00 00 3231303032334D3034303731            
03/11/25 09:40:43 0111 1                  44.891232 8.853820 00 00 3231303032334D3034353931            
03/11/25 09:52:31 0112 1                  44.889620 8.854243 00 00 3231303032334D3034303732            
03/11/25 09:54:02 0113 1                  44.890077 8.854202 00 00 3231303032334D3030383132            
03/11/25 09:54:15 0114 1                  44.890070 8.854173 00 00 3231303032334D3033333834            
03/11/25 09:56:25 0115 1                  44.891002 8.854177 00 00 3231303032334D3034313537            
03/11/25 09:58:15 0116 1                  44.891972 8.854162 00 00 3231303234304A3032383638            
03/11/25 09:58:41 0117 1                  44.891978 8.854178 00 00 3231303032334D3034363530            
03/11/25 10:00:01 0118 1                  44.892105 8.854195 00 00 3231303032334D3034303138            
03/11/25 10:01:13 0119 1                  44.892387 8.854197 00 00 3231303032334D3034313536            
03/11/25 10:01:38 0120 1                  44.892410 8.854202 00 00 3231303032334D3034303137            
03/11/25 10:05:34 0121 1                  44.891655 8.854368 00 00 3231303032334D3034303935            
03/11/25 10:09:59 0122 1                  44.891200 8.854737 00 00 3234303032334D3031383833            
03/11/25 10:10:03 0123 1                  44.891198 8.854742 00 00 3231303032334D3032303835            
03/11/25 10:10:12 0124 1                  44.891195 8.854750 00 00 3235303032334D3030363330            
03/11/25 10:10:21 0125 1                  44.891192 8.854750 00 00 3231303032334D3034373335            
03/11/25 10:11:09 0126 1                  44.891022 8.854708 00 00 3233303032334D3030303738            
03/11/25 10:11:12 0127 1                  44.891018 8.854702 00 00 3231303032334D3034373136            
03/11/25 10:11:25 0128 1                  44.891000 8.854688 00 00 3231303032334D3030353839            
03/11/25 10:12:42 0129 1                  44.890738 8.854695 00 00 3231303032334D3034363632            
03/11/25 10:12:48 0130 1                  44.890733 8.854697 00 00 3231303032334D3034353334            
03/11/25 10:14:39 0131 1                  44.890402 8.854657 00 00 3231303234304A3032383634            
03/11/25 10:16:26 0132 1                  44.890163 8.854678 00 00 3231303032334D3034373635            
03/11/25 10:17:26 0133 1                  44.890052 8.854702 00 00 3231303234304A3032373930            
03/11/25 10:18:23 0134 1                  44.890040 8.854742 00 00 3231303234304A3032383735            
03/11/25 10:53:05 0135 1                  44.887500 8.856770 00 00 25759769A683131417CB0C37            
