04/11/25 06:05:34 0000 s 01510ver01 44.779113 8.755823 00 00
04/11/25 10:35:25 0000 s 01510ver01 44.779100 8.755900 00 00
04/11/25 11:00:26 0001 1                  44.838817 8.587065 00 00 313831323045303231343230            
04/11/25 11:00:36 0002 1                  44.838815 8.587058 00 00 313931323050303039353032            
04/11/25 11:00:46 0003 1                  44.838823 8.587055 00 00 313831323045303230393836            
04/11/25 11:00:57 0004 1                  44.838827 8.587055 00 00 313831323045303230393832            
04/11/25 11:02:11 0005 1                  44.839475 8.586090 00 00 313831323045303231313637            
04/11/25 11:02:27 0006 1                  44.839480 8.586088 00 00 3233303132304A3030373138            
04/11/25 11:03:37 0007 1                  44.839818 8.585852 00 00 313831323045303231333230            
04/11/25 11:04:07 0008 1                  44.839832 8.585858 00 00 313832343045303034313730            
04/11/25 11:04:17 0009 1                  44.839832 8.585857 00 00 313832343045303034323533            
04/11/25 11:05:44 0010 1                  44.840040 8.585705 00 00 313832343045303034323534            
04/11/25 11:07:16 0011 1                  44.840317 8.585557 00 00 313831323045303233393432            
04/11/25 11:07:21 0012 1                  44.840320 8.585562 00 00 313931323050303035323530            
04/11/25 11:08:45 0013 1                  44.840635 8.585290 00 00 313831323045303233383936            
04/11/25 11:08:47 0014 1                  44.840635 8.585290 00 00 3233303132304A3030363633            
04/11/25 11:10:01 0015 1                  44.840377 8.585160 00 00 313831323045303231393239            
04/11/25 11:10:51 0016 1                  44.840270 8.585893 00 00 313931323050303131393834            
04/11/25 11:10:51 0017 1                  44.840270 8.585893 00 00 313931323050303131393834            
04/11/25 11:11:38 0018 1                  44.840388 8.586192 00 00 313831323045303231323935            
04/11/25 11:11:56 0019 1                  44.840390 8.586187 00 00 313831323045303139333336            
04/11/25 11:13:21 0020 1                  44.840623 8.586792 00 00 313831323045303231313132            
04/11/25 11:14:30 0021 1                  44.840997 8.587025 00 00 313831323045303234313636            
04/11/25 11:15:22 0022 1                  44.841087 8.586892 00 00 313831323045303234313734            
04/11/25 11:15:25 0023 1                  44.841088 8.586890 00 00 313831323045303236343232            
04/11/25 11:17:53 0024 1                  44.841030 8.587625 00 00 313931323045303630343632            
04/11/25 11:17:53 0025 1                  44.841030 8.587625 00 00 313831323045303233333032            
04/11/25 11:17:56 0026 1                  44.841030 8.587627 00 00 31393132304530363034363A            
04/11/25 11:19:40 0027 1                  44.840765 8.586965 00 00 313931323050303033303533            
04/11/25 11:19:48 0028 1                  44.840772 8.586962 00 00 30340BF8E043C22CC6DF7005            
04/11/25 11:19:55 0029 1                  44.840773 8.586958 00 00 3234303132304A3030333638            
04/11/25 11:20:26 0030 1                  44.840770 8.586953 00 00 313831323045303231313232            
04/11/25 11:20:43 0031 1                  44.840768 8.586945 00 00 313831323045303232353535            
04/11/25 11:21:43 0032 1                  44.840765 8.586978 00 00 313831323045303233363437            
04/11/25 11:21:47 0033 1                  44.840767 8.586978 00 00 313931323050303131353333            
04/11/25 11:24:52 0034 1                  44.840890 8.584880 00 00 313831323045303234303331            
04/11/25 11:25:26 0035 1                  44.841065 8.584798 00 00 3235303132304A3030383732            
04/11/25 11:25:52 0036 1                  44.841060 8.584795 00 00 313831323045303233363536            
04/11/25 11:26:58 0037 1                  44.841538 8.584162 00 00 313831323045303232373334            
04/11/25 11:28:01 0038 1                  44.841915 8.583577 00 00 3235303132304A3031303733            
04/11/25 11:29:09 0039 1                  44.842060 8.583327 00 00 313931323050303037383638            
04/11/25 11:30:56 0040 1                  44.842477 8.582527 00 00 313831323045303233353437            
04/11/25 11:30:56 0041 1                  44.842477 8.582527 00 00 313831323045303234353437            
04/11/25 11:32:52 0042 1                  44.843422 8.580970 00 00 313831323045303138353635            
04/11/25 11:34:48 0043 1                  44.844067 8.579983 00 00 313931323045303630353530            
04/11/25 11:34:48 0044 1                  44.844067 8.579983 00 00 3234303132304A3031313233            
04/11/25 11:36:01 0045 1                  44.844172 8.579740 00 00 313831323045303232333437            
04/11/25 11:36:42 0046 1                  44.844472 8.579297 00 00 313831323045303232333035            
04/11/25 11:36:54 0047 1                  44.844473 8.579278 00 00 313831323045303232333639            
04/11/25 11:36:55 0048 1                  44.844473 8.579278 00 00 30396061C05712C00024553D            
04/11/25 11:37:02 0049 1                  44.844477 8.579275 00 00 30396061C057148000155EA7            
04/11/25 11:37:51 0050 1                  44.844553 8.579092 00 00 313831323045303233363436            
04/11/25 11:39:07 0051 1                  44.844705 8.578828 00 00 313831323045303138353330            
04/11/25 11:39:18 0052 1                  44.844707 8.578825 00 00 313931323050303030343834            
04/11/25 11:39:38 0053 1                  44.844710 8.578820 00 00 313931323050303039303534            
04/11/25 11:39:38 0054 1                  44.844710 8.578820 00 00 3034F84900339BC2EE0017D9            
04/11/25 11:39:46 0055 1                  44.844708 8.578820 00 00 30396120C27545000000EF28            
04/11/25 11:41:18 0056 1                  44.843777 8.577632 00 00 313831323045303232313134            
04/11/25 11:41:28 0057 1                  44.843770 8.577633 00 00 313831323045303234313138            
04/11/25 11:42:07 0058 1                  44.843773 8.577640 00 00 3231313130304A3030373939            
04/11/25 11:42:58 0059 1                  44.843775 8.577625 00 00 3231313130304A3032333939            
04/11/25 11:44:07 0060 1                  44.843757 8.577638 00 00 313931313030503030303833            
04/11/25 11:45:58 0061 1                  44.844082 8.577887 00 00 3231303234304A3031333033            
04/11/25 11:46:15 0062 1                  44.844073 8.577868 00 00 3233303234304A3030353037            
04/11/25 11:47:04 0063 1                  44.844082 8.577850 00 00 313831323045303234343731            
04/11/25 11:48:07 0064 1                  44.843533 8.579745 00 00 E28011A0A50100649D7863E9            
04/11/25 11:49:13 0065 1                  44.845212 8.578957 00 00 313831323045303232323037            
04/11/25 11:50:01 0066 1                  44.845602 8.579012 00 00 313831323045303233333835            
04/11/25 11:51:26 0067 1                  44.845873 8.578787 00 00 313831323045303233313638            
04/11/25 11:53:00 0068 1                  44.845983 8.578613 00 00 313831323045303233313435            
04/11/25 11:53:02 0069 1                  44.845983 8.578612 00 00 313931323050303032303132            
04/11/25 11:54:18 0070 1                  44.846267 8.578238 00 00 313831323045303233313437            
04/11/25 11:54:49 0071 1                  44.846263 8.578237 00 00 313931323050303035343835            
04/11/25 11:54:50 0072 1                  44.846263 8.578237 00 00 313831323045303035353730            
04/11/25 11:56:17 0073 1                  44.846403 8.577965 00 00 313831323045303139383733            
04/11/25 11:56:49 0074 1                  44.846395 8.577960 00 00 3234303132304A3033313836            
04/11/25 11:56:49 0075 1                  44.846395 8.577960 00 00 3234303132304A3030393132            
04/11/25 11:58:16 0076 1                  44.846413 8.577455 00 00 3234303033304D3031323332            
04/11/25 11:58:30 0077 1                  44.846408 8.577447 00 00 313831323045303139333939            
04/11/25 11:58:57 0078 1                  44.846353 8.577457 00 00 313931323050303035363936            
04/11/25 12:00:12 0079 1                  44.846122 8.577235 00 00 313831323045303233353938            
04/11/25 12:01:02 0080 1                  44.845762 8.577433 00 00 313831323045303233333038            
04/11/25 12:02:06 0081 1                  44.845658 8.577542 00 00 313831323045303233363033            
04/11/25 12:02:59 0082 1                  44.845310 8.577905 00 00 313831323045303233333130            
04/11/25 12:03:30 0083 1                  44.845307 8.577922 00 00 313832343045303034313030            
04/11/25 12:03:32 0084 1                  44.845307 8.577922 00 00 313832343045303034303332            
04/11/25 12:05:28 0085 1                  44.846708 8.576913 00 00 31383033304D303034343139            
04/11/25 12:05:55 0086 1                  44.846728 8.576930 00 00 3235303132304A3030393034            
04/11/25 12:06:29 0087 1                  44.846818 8.576812 00 00 31383033304D303034353637            
04/11/25 12:07:35 0088 1                  44.847247 8.576355 00 00 313831323045303233333035            
04/11/25 12:08:45 0089 1                  44.847448 8.576008 00 00 313831323045303233323836            
04/11/25 12:09:50 0090 1                  44.847573 8.575820 00 00 313931323050303032333630            
04/11/25 12:12:40 0091 1                  44.846915 8.576253 00 00 313831323045703234393135            
04/11/25 12:13:35 0092 1                  44.846847 8.576033 00 00 313831323045303234313538            
04/11/25 12:13:35 0093 1                  44.846847 8.576033 00 00 313831323045303233353936            
04/11/25 12:14:07 0094 1                  44.846837 8.576038 00 00 313931323050303032323830            
04/11/25 12:14:56 0095 1                  44.846777 8.575903 00 00 313831323045303233333031            
04/11/25 12:15:37 0096 1                  44.846662 8.575622 00 00 313831323045303230393934            
04/11/25 12:17:17 0097 1                  44.845852 8.574683 00 00 313931323050303039323638            
04/11/25 12:17:20 0098 1                  44.845853 8.574683 00 00 313831323045303139303237            
04/11/25 12:19:29 0099 1                  44.844913 8.573830 00 00 313831323045303232343139            
04/11/25 12:22:56 0100 1                  44.843577 8.572922 00 00 313831323045303232303931            
04/11/25 12:22:56 0101 1                  44.843577 8.572922 00 00 3235303132304A3030383435            
04/11/25 12:24:12 0102 1                  44.843363 8.572815 00 00 313931323050303133333636            
04/11/25 12:29:24 0103 1                  44.845052 8.574780 00 00 3234303132304A3030343336            
04/11/25 12:30:05 0104 1                  44.845130 8.574583 00 00 313831323045303233363139            
04/11/25 12:30:58 0105 1                  44.845407 8.573900 00 00 3234303132304A3031303731            
04/11/25 12:34:42 0106 1                  44.848805 8.573775 00 00 313831323045303233303736            
04/11/25 12:34:52 0107 1                  44.848812 8.573780 00 00 313831323045303234303435            
04/11/25 12:36:02 0108 1                  44.849152 8.573002 00 00 3234303132304A3030333637            
04/11/25 12:37:37 0109 1                  44.849432 8.572282 00 00 313831323045303233363638            
04/11/25 12:38:22 0110 1                  44.849563 8.572027 00 00 313831323045303230393436            
04/11/25 12:39:48 0111 1                  44.850342 8.570432 00 00 313831323045303232313939            
04/11/25 12:40:04 0112 1                  44.850347 8.570438 00 00 313831323045303233383937            
04/11/25 12:41:34 0113 1                  44.850508 8.569930 00 00 313831323045303232323034            
04/11/25 12:41:34 0114 1                  44.850508 8.569930 00 00 313831323045303232323031            
04/11/25 12:41:38 0115 1                  44.850505 8.569932 00 00 30395DFA82BB4CC0000FB5F7            
04/11/25 12:45:18 0116 1                  44.859218 8.554487 00 00 313931323050303037363635            
04/11/25 12:45:26 0117 1                  44.859217 8.554487 00 00 313831323045303233373239            
04/11/25 12:46:58 0118 1                  44.860035 8.551960 00 00 313931323050303036363836            
04/11/25 12:50:44 0119 1                  44.857070 8.548088 00 00 3231303234304A3032313230            
04/11/25 12:54:14 0120 1                  44.858175 8.549565 00 00 313831323045303231323431            
04/11/25 12:54:15 0121 1                  44.858175 8.549565 00 00 313831323045303230393738            
04/11/25 12:55:17 0122 1                  44.858367 8.549692 00 00 313831323045303230393830            
04/11/25 12:55:56 0123 1                  44.858568 8.549817 00 00 313931323050303036383630            
04/11/25 12:56:54 0124 1                  44.859402 8.550363 00 00 313831323045303233343437            
04/11/25 12:57:55 0125 1                  44.859940 8.550727 00 00 313931323050303036393239            
04/11/25 12:59:04 0126 1                  44.861042 8.549457 00 00 3235303132304A3030393339            
04/11/25 12:59:15 0127 1                  44.861027 8.549422 00 00 3235303132304A3030393339            
04/11/25 12:59:16 0128 1                  44.861028 8.549420 00 00 313831323045303230393735            
04/11/25 12:59:35 0129 1                  44.861035 8.549417 00 00 313831323045303230393732            
04/11/25 13:00:01 0130 1                  44.861087 8.549413 00 00 313831323045303231363436            
04/11/25 13:02:44 0131 1                  44.856907 8.548512 00 00 3235303132304A3030373333            
04/11/25 13:03:55 0132 1                  44.856073 8.547752 00 00 313831323045303230393930            
04/11/25 13:04:51 0133 1                  44.856083 8.547747 00 00 313831313030533031303230            
04/11/25 13:12:25 0134 1                  44.856423 8.546003 00 00 3230303234304A3030303432            
04/11/25 13:13:48 0135 1                  44.856230 8.545787 00 00 313831313030533030313337            
04/11/25 13:18:59 0136 1                  44.855192 8.545027 00 00 313832343045303034323537            
04/11/25 13:20:03 0137 1                  44.855167 8.545013 00 00 3231313130304A3031383135            
04/11/25 13:21:56 0138 1                  44.854907 8.544838 00 00 3139313130304A3032303034            
04/11/25 13:24:22 0139 1                  44.854693 8.544672 00 00 3231313130304A3030373731            
04/11/25 13:25:55 0140 1                  44.854088 8.544168 00 00 3231313130304A3030353936            
04/11/25 13:28:14 0141 1                  44.853635 8.543893 00 00 313831313030533031313039            
04/11/25 13:29:14 0142 1                  44.853677 8.543915 00 00 3234313130304A3030323938            
04/11/25 13:30:57 0143 1                  44.852590 8.543095 00 00 313831323045303234343039            
04/11/25 13:32:21 0144 1                  44.851873 8.542507 00 00 313831313030533031303839            
04/11/25 13:33:35 0145 1                  44.851865 8.542520 00 00 3231313130304A3031373432            
04/11/25 13:34:23 0146 1                  44.851858 8.542528 00 00 3231313130304A3031373433            
04/11/25 13:37:19 0147 1                  44.851227 8.541420 00 00 3231313130304A3032353532            
04/11/25 13:43:48 0148 1                  44.846243 8.545440 00 00 3234303132304A3032323235            
04/11/25 13:47:40 0149 1                  44.849558 8.544728 00 00 3233313130304A3030313733            
04/11/25 14:19:43 0150 1                  44.854285 8.544455 00 00 313831313030533030313132            
04/11/25 14:20:25 0151 1                  44.854290 8.544452 00 00 3234313130304A3030333733            
04/11/25 14:20:41 0152 1                  44.854298 8.544438 00 00 3234313130304A3030333733            
04/11/25 14:30:12 0000 s 01510ver01 44.855195 8.545345 00 00
04/11/25 16:02:30 0000 s 01510ver01 44.778955 8.755562 00 00
