03/03/25 05:33:39 0000 s 01492ver01 44.882317 8.859783 00 00
03/03/25 05:47:32 0000 s 01492ver01 0 0 00 00
03/03/25 06:05:15 0001 1                  44.906200 8.928788 00 00 31383132304A303037343035            
03/03/25 06:07:42 0002 1                  44.906262 8.930275 00 00 313931323053303038393531            
03/03/25 06:07:42 0003 1                  44.906262 8.930275 00 00 31383132304A303030303639            
03/03/25 06:08:49 0004 1                  44.906495 8.930477 00 00 313931323050303037303538            
03/03/25 06:09:40 0005 1                  44.906647 8.930393 00 00 31383132304A303036353234            
03/03/25 06:09:40 0006 1                  44.906647 8.930393 00 00 31383132304A303030323433            
03/03/25 06:09:40 0007 1                  44.906647 8.930393 00 00 31383132304A303030323433            
03/03/25 06:09:42 0008 1                  44.906650 8.930387 00 00 3035EBE7DC034CD74876E834            
03/03/25 06:09:43 0009 1                  44.906650 8.930387 00 00 3035EBA6002E96000000282E            
03/03/25 06:11:01 0010 1                  44.907528 8.930163 00 00 31383033304D303030363430            
03/03/25 06:11:01 0011 1                  44.907527 8.930160 00 00 30361443F45CA55FF414F44F            
03/03/25 06:11:41 0012 1                  44.907593 8.929935 00 00 31383132304A303037353732            
03/03/25 06:13:37 0013 1                  44.907660 8.929503 00 00 31383132304A303037353736            
03/03/25 06:13:37 0014 1                  44.907660 8.929503 00 00 31383132304A303037353736            
03/03/25 06:13:39 0015 1                  44.907670 8.929505 00 00 313931323045303030353530            
03/03/25 06:13:39 0016 1                  44.907670 8.929505 00 00 30395DFA82C79D8000001903            
03/03/25 06:15:09 0017 1                  44.907765 8.929065 00 00 31383132304A303033343436            
03/03/25 06:15:11 0018 1                  44.907760 8.929067 00 00 30395DFA82C79DC000109418            
03/03/25 06:15:11 0019 1                  44.907760 8.929067 00 00 3035EBB32053E48800041BC3            
03/03/25 06:15:11 0020 1                  44.907760 8.929067 00 00 30395DFA831EFAC00028EDC8            
03/03/25 06:15:49 0021 1                  44.907773 8.928842 00 00 31383033304D303030393138            
03/03/25 06:18:22 0022 1                  44.907197 8.927543 00 00 313831323045303037343731            
03/03/25 06:19:12 0023 1                  44.907147 8.927978 00 00 313931323045303030353539            
03/03/25 06:22:47 0024 1                  44.906605 8.925750 00 00 31383132304A303036353638            
03/03/25 06:23:42 0025 1                  44.906557 8.924982 00 00 313931323053303031363435            
03/03/25 06:25:50 0026 1                  44.906612 8.924293 00 00 313931323045303030363137            
03/03/25 06:30:26 0027 1                  44.906120 8.936045 00 00 313931323045303030333838            
03/03/25 06:31:31 0028 1                  44.906115 8.936857 00 00 313931323045303030333831            
03/03/25 06:33:03 0029 1                  44.905872 8.940342 00 00 313931323053303038303732            
03/03/25 06:33:05 0030 1                  44.905867 8.940343 00 00 303ACB0343ADC9D9D8B66C7E            
03/03/25 06:35:00 0031 1                  44.905008 8.944780 00 00 313931323053303031363335            
03/03/25 06:35:01 0032 1                  44.905008 8.944780 00 00 313931323053303031333631            
03/03/25 06:36:15 0033 1                  44.904812 8.945517 00 00 3234303132304A3031363033            
03/03/25 06:36:17 0034 1                  44.904810 8.945518 00 00 313931323053303031333630            
03/03/25 06:37:21 0035 1                  44.904412 8.945695 00 00 313931323053303035323033            
03/03/25 06:38:44 0036 1                  44.903573 8.945387 00 00 30395DFA82C79DC000109418            
03/03/25 06:39:05 0037 1                  44.903570 8.945367 00 00 3231303132304A3030313432            
03/03/25 06:39:05 0038 1                  44.903570 8.945367 00 00 3234303132304A3030363634            
03/03/25 06:39:05 0039 1                  44.903570 8.945367 00 00 3232303132304A3030353938            
03/03/25 06:44:01 0040 1                  44.903408 8.941452 00 00 3233313130304A3030333437            
03/03/25 06:48:22 0041 1                  44.904453 8.943707 00 00 313931313030533030333331            
03/03/25 06:50:35 0042 1                  44.904568 8.946918 00 00 313931323053303031363139            
03/03/25 06:50:36 0043 1                  44.904568 8.946918 00 00 313931323053303031323337            
03/03/25 06:51:57 0044 1                  44.904318 8.948132 00 00 313931323053303031363231            
03/03/25 06:51:58 0045 1                  44.904318 8.948132 00 00 313931323053303035363733            
03/03/25 06:53:20 0046 1                  44.904043 8.948845 00 00 313939323053303031323236            
03/03/25 06:59:19 0047 1                  44.903133 8.951143 00 00 313931323053303031353836            
03/03/25 06:59:19 0048 1                  44.903133 8.951143 00 00 313931323053303131353836            
03/03/25 07:00:50 0049 1                  44.903680 8.950332 00 00 313931323053303035393333            
03/03/25 07:04:23 0050 1                  44.905500 8.949910 00 00 313931323053343035393335            
03/03/25 07:05:28 0051 1                  44.904917 8.949747 00 00 313931323053303031383038            
03/03/25 07:08:34 0052 1                  44.906088 8.951005 00 00 313931323053303031373538            
03/03/25 07:14:27 0053 1                  44.907293 8.954130 00 00 313931323053303031353439            
03/03/25 07:14:29 0054 1                  44.907295 8.954133 00 00 3034F848D823210AB41DBC61            
03/03/25 07:14:30 0055 1                  44.907295 8.954133 00 00 30396061C04E7FC00001E940            
03/03/25 07:16:18 0056 1                  44.905887 8.949530 00 00 313931323053303031363332            
03/03/25 07:17:06 0057 1                  44.905842 8.949187 00 00 313931323053303031373630            
03/03/25 07:18:21 0058 1                  44.905568 8.948135 00 00 313931323053303035313235            
03/03/25 07:19:47 0059 1                  44.905167 8.945592 00 00 000000000000000018977443            
03/03/25 07:19:47 0060 1                  44.905167 8.945592 00 00 000000000009000000052786            
03/03/25 07:21:07 0061 1                  44.906007 8.945635 00 00 313931323053303033313536            
03/03/25 07:21:07 0062 1                  44.906007 8.945635 00 00 313931323053303031353930            
03/03/25 07:23:28 0063 1                  44.907047 8.944807 00 00 313931323053303031333032            
03/03/25 07:25:51 0064 1                  44.906522 8.945992 00 00 313931323053303031323234            
03/03/25 07:25:52 0065 1                  44.906513 8.945995 00 00 3234303132304A3030313333            
03/03/25 07:27:20 0066 1                  44.906320 8.946698 00 00 313931323053303036323637            
03/03/25 07:29:38 0067 1                  44.906895 8.948292 00 00 313931323053303031353931            
03/03/25 07:29:39 0068 1                  44.906895 8.948292 00 00 313931323053303031383133            
03/03/25 07:30:47 0069 1                  44.907013 8.948020 00 00 313931323053303039383231            
03/03/25 07:30:48 0070 1                  44.907012 8.948018 00 00 3231303132304A3038303839            
03/03/25 07:32:16 0071 1                  44.906925 8.947532 00 00 313931313030533030333239            
03/03/25 07:38:40 0072 1                  44.906777 8.947340 00 00 313931323053303036323639            
03/03/25 07:40:29 0073 1                  44.905758 8.946990 00 00 313931323053303031363334            
03/03/25 07:40:30 0074 1                  44.905758 8.946988 00 00 313931323053303031363938            
03/03/25 07:41:19 0075 1                  44.905597 8.946978 00 00 CF74D53B4E75CF0CB5DF5D48            
03/03/25 07:41:34 0076 1                  44.905588 8.946982 00 00 3234303132304A3030313432            
03/03/25 07:44:50 0077 1                  44.906185 8.934312 00 00 31383132304A303032303639            
03/03/25 07:49:52 0078 1                  44.909692 8.931428 00 00 31383132304A303038363137            
03/03/25 07:49:53 0079 1                  44.909693 8.931437 00 00 31383132304A303033333534            
03/03/25 07:56:52 0080 1                  44.920292 8.948067 00 00 31383132304A303036333938            
03/03/25 08:06:14 0081 1                  44.913087 8.923658 00 00 3234303132304A3032343333            
03/03/25 08:07:02 0082 1                  44.913100 8.923395 00 00 31383132304A303030343733            
03/03/25 08:08:18 0083 1                  44.912902 8.923063 00 00 313931323045303030333731            
03/03/25 08:08:19 0084 1                  44.912895 8.923062 00 00 31383132304A303030383339            
03/03/25 08:11:46 0085 1                  44.911140 8.921612 00 00 3232313130304A3030313632            
03/03/25 08:13:04 0086 1                  44.911120 8.921512 00 00 313731313030583030303234            
03/03/25 08:15:07 0087 1                  44.911113 8.921498 00 00 3035EBA5684599404190AB0B            
03/03/25 08:15:09 0088 1                  44.911115 8.921505 00 00 3231313130304A3030383038            
03/03/25 08:18:48 0089 1                  44.911052 8.921557 00 00 3139313130304A3030303033            
03/03/25 08:18:49 0090 1                  44.911052 8.921557 00 00 3139313130304A3030303033            
03/03/25 08:22:20 0091 1                  44.911072 8.921478 00 00 313731313030583030303330            
03/03/25 08:30:52 0092 1                  44.911198 8.921598 00 00 313931313030533030313532            
03/03/25 08:31:41 0093 1                  44.911207 8.921655 00 00 30340C0F7C4DB2ED5AEA6004            
03/03/25 08:37:03 0094 1                  44.911177 8.921678 00 00 313931313030533030313533            
03/03/25 08:47:47 0095 1                  44.910017 8.913530 00 00 31383132304A303033303231            
03/03/25 08:49:12 0096 1                  44.909460 8.911847 00 00 313932343045303030303535            
03/03/25 08:50:36 0097 1                  44.908095 8.911877 00 00 313831323045303037303938            
03/03/25 08:50:37 0098 1                  44.908093 8.911875 00 00 30396061C05E4C800000850C            
03/03/25 08:52:16 0099 1                  44.907750 8.911918 00 00 300ED89F335000999A57F45B            
03/03/25 08:52:37 0100 1                  44.907753 8.911865 00 00 31383132304A303037373732            
03/03/25 08:52:38 0101 1                  44.907752 8.911865 00 00 313931323045303030353335            
03/03/25 08:53:14 0102 1                  44.907782 8.911913 00 00 31383132304A303036343332            
03/03/25 08:53:16 0103 1                  44.907780 8.911918 00 00 31383132304A303036363935            
03/03/25 08:58:19 0104 1                  44.907675 8.920692 00 00 313931323053303033373634            
03/03/25 08:59:25 0105 1                  44.908505 8.920878 00 00 313931323045303030363237            
03/03/25 09:01:59 0106 1                  44.909402 8.922432 00 00 313931323045303030323631            
03/03/25 09:04:27 0107 1                  44.910393 8.923710 00 00 31383132304A303036363034            
03/03/25 09:08:11 0108 1                  44.907603 8.921775 00 00 31383132304A303036323439            
03/03/25 09:09:14 0109 1                  44.906822 8.921517 00 00 3232313130304A3030313434            
03/03/25 09:10:33 0110 1                  44.906565 8.921462 00 00 313931323043303038373136            
03/03/25 09:10:34 0111 1                  44.906555 8.921452 00 00 313931323053303031343938            
03/03/25 09:12:22 0112 1                  44.906958 8.921028 00 00 31383132304A303037363139            
03/03/25 09:13:50 0113 1                  44.907407 8.921093 00 00 31383132304A303037323837            
03/03/25 09:14:46 0114 1                  44.907583 8.921135 00 00 31383132304A303037323435            
03/03/25 09:14:47 0115 1                  44.907583 8.921135 00 00 31383132304A303037323836            
03/03/25 09:20:20 0116 1                  44.913962 8.911075 00 00 313931323045303030363139            
03/03/25 09:20:20 0117 1                  44.913962 8.911075 00 00 313931323045303030363539            
03/03/25 09:22:58 0118 1                  44.918402 8.912508 00 00 313931323045303030343835            
03/03/25 09:23:01 0119 1                  44.918405 8.912517 00 00 313931323045303430343835            
03/03/25 09:27:06 0120 1                  44.928403 8.903762 00 00 31383132304A303037353137            
03/03/25 09:27:08 0121 1                  44.928408 8.903763 00 00 31383132304A303036353539            
03/03/25 09:29:03 0122 1                  44.928577 8.903363 00 00 30395DFA830268000022A1B0            
03/03/25 09:29:04 0123 1                  44.928582 8.903368 00 00 313931323045303030343832            
03/03/25 09:34:49 0124 1                  44.911707 8.869997 00 00 534D50006B00010132313538            
03/03/25 09:34:49 0125 1                  44.911707 8.869997 00 00 25705569A6865704CEC30D38            
03/03/25 10:12:38 0000 s 01492ver01 44.905498 8.868855 00 00
03/03/25 10:26:53 0000 s 01492ver01 44.882560 8.859955 00 00
03/03/25 10:31:48 0000 s 01492ver01 44.882498 8.860030 00 00
03/03/25 10:45:46 0000 s 01492ver01 44.882378 8.860298 00 00
03/03/25 11:21:17 0000 s 01492ver01 44.882337 8.859787 00 00
03/03/25 11:36:09 0126 1                  44.889083 8.834325 00 00 3233313130304A3030323032            
03/03/25 11:36:26 0127 1                  44.889107 8.834327 00 00 3234313130304A3030323633            
03/03/25 11:36:56 0128 1                  44.889138 8.834335 00 00 3233313130304A3030323030            
03/03/25 11:38:02 0129 1                  44.889098 8.832628 00 00 313931323045303630333237            
03/03/25 11:38:03 0130 1                  44.889098 8.832628 00 00 313831323045303235333031            
03/03/25 11:38:03 0131 1                  44.889098 8.832628 00 00 313931323045303630313336            
03/03/25 11:38:53 0132 1                  44.889000 8.832007 00 00 313931323045303630303834            
03/03/25 11:38:58 0133 1                  44.888990 8.832007 00 00 313931323045303630303834            
03/03/25 11:40:02 0134 1                  44.888468 8.830452 00 00 313931323045303630313530            
03/03/25 11:43:08 0135 1                  44.884615 8.835788 00 00 313931323050303031383031            
03/03/25 11:45:53 0136 1                  44.883473 8.833780 00 00 323031313030503030313234            
03/03/25 11:47:02 0137 1                  44.883130 8.833900 00 00 323031313030503030303130            
03/03/25 11:47:46 0138 1                  44.883117 8.833975 00 00 323031313030503030303039            
03/03/25 11:50:47 0139 1                  44.880770 8.832025 00 00 313932343050303030333733            
03/03/25 11:53:09 0140 1                  44.879753 8.831807 00 00 323031313030503030313330            
03/03/25 11:53:28 0141 1                  44.879763 8.831825 00 00 3230313130304A3031313838            
03/03/25 11:55:07 0142 1                  44.881185 8.829057 00 00 323031313030503030323931            
03/03/25 11:59:56 0143 1                  44.878573 8.823385 00 00 313831323045303235373632            
03/03/25 12:06:15 0144 1                  44.875325 8.832240 00 00 313931323045303630313133            
03/03/25 12:13:05 0145 1                  44.870177 8.828150 00 00 313931323050303131323335            
03/03/25 12:13:49 0146 1                  44.869542 8.827738 00 00 313931323050303034353132            
03/03/25 12:16:01 0147 1                  44.869102 8.824007 00 00 313831323045303235343532            
03/03/25 12:19:01 0148 1                  44.867113 8.824375 00 00 323031313030503030313733            
03/03/25 12:19:20 0149 1                  44.867120 8.824380 00 00 303549A9145FC64CCE416BBC            
03/03/25 12:19:20 0150 1                  44.867120 8.824380 00 00 323031313030503030313732            
03/03/25 12:20:10 0151 1                  44.867108 8.824390 00 00 323031313030503030313734            
03/03/25 12:20:40 0152 1                  44.867102 8.824400 00 00 323031313030503030313735            
03/03/25 12:22:09 0153 1                  44.868045 8.827067 00 00 313931323050303131383931            
03/03/25 12:23:00 0154 1                  44.869155 8.827712 00 00 3230303234304A3030303530            
03/03/25 12:27:05 0155 1                  44.876013 8.810523 00 00 3231313130304A3032353831            
03/03/25 12:29:57 0156 1                  44.872725 8.805373 00 00 3230313130304A3030323232            
03/03/25 12:30:52 0157 1                  44.872672 8.805287 00 00 3230313130304A3030323231            
03/03/25 12:37:40 0158 1                  44.869095 8.809345 00 00 323031313030503030343437            
03/03/25 12:38:00 0159 1                  44.869175 8.809307 00 00 323031313030503030343532            
03/03/25 12:43:30 0160 1                  44.871977 8.808808 00 00 3231313130304A3031323433            
03/03/25 12:44:14 0161 1                  44.872768 8.809023 00 00 323030323545303033323935            
03/03/25 12:44:33 0162 1                  44.872723 8.808950 00 00 313932343050303030353539            
03/03/25 12:45:57 0163 1                  44.873852 8.809852 00 00 3230313130304A3030333830            
03/03/25 12:47:28 0164 1                  44.871990 8.809528 00 00 3230313130304A3030363133            
03/03/25 12:48:21 0165 1                  44.872487 8.809705 00 00 313932343050303030353538            
03/03/25 12:50:11 0166 1                  44.872420 8.811845 00 00 323031313030503030343535            
03/03/25 12:51:05 0167 1                  44.872327 8.811327 00 00 3232313130304A3030333038            
03/03/25 12:51:56 0168 1                  44.871993 8.811378 00 00 323031313030503030333934            
03/03/25 12:52:17 0169 1                  44.871980 8.811397 00 00 3230313130304A3030323830            
03/03/25 12:53:55 0170 1                  44.873542 8.811352 00 00 3232313130304A3030303938            
03/03/25 12:54:18 0171 1                  44.873555 8.811323 00 00 323031313030503030343531            
03/03/25 12:55:10 0172 1                  44.873290 8.811260 00 00 313932343050303030353630            
03/03/25 12:59:18 0173 1                  44.862687 8.798897 00 00 3230313130304A3030323932            
03/03/25 13:02:13 0174 1                  44.855968 8.797948 00 00 313931323050303039373630            
03/03/25 13:03:15 0175 1                  44.855698 8.795505 00 00 313931323050303039313139            
03/03/25 13:03:16 0176 1                  44.855702 8.795495 00 00 313931323050303039313230            
03/03/25 13:04:02 0177 1                  44.855647 8.795207 00 00 313931323050303039383538            
03/03/25 13:04:04 0178 1                  44.855648 8.795202 00 00 313931323050303034343338            
03/03/25 13:11:16 0179 1                  44.871620 8.796433 00 00 313831323045303235343435            
03/03/25 13:12:16 0180 1                  44.871417 8.796080 00 00 313831323045303235363432            
03/03/25 13:13:16 0181 1                  44.871253 8.795712 00 00 313831323045303235343438            
03/03/25 13:15:17 0182 1                  44.872117 8.796413 00 00 313931323045303630333333            
03/03/25 13:17:01 0183 1                  44.873457 8.795795 00 00 313831323045303235343536            
03/03/25 13:21:42 0184 1                  44.872770 8.792222 00 00 313831323045303235343534            
03/03/25 13:22:47 0185 1                  44.872477 8.791023 00 00 313831323045303235353830            
03/03/25 13:23:46 0186 1                  44.872098 8.789415 00 00 313931323050303039303536            
03/03/25 13:23:49 0187 1                  44.872093 8.789413 00 00 313831323045303235333337            
03/03/25 13:26:14 0188 1                  44.874010 8.785678 00 00 313831323045303235373535            
03/03/25 13:27:01 0189 1                  44.873865 8.786043 00 00 313831323045303139313531            
03/03/25 13:27:44 0190 1                  44.873895 8.786288 00 00 313931323050303132373334            
03/03/25 13:28:27 0191 1                  44.873853 8.786520 00 00 313931323045303630363237            
03/03/25 13:32:24 0192 1                  44.887022 8.785978 00 00 313831323045303235393032            
03/03/25 13:33:15 0193 1                  44.887363 8.785927 00 00 313931323045303630323932            
03/03/25 13:33:25 0194 1                  44.887367 8.785945 00 00 30340C13902AB90B09410805            
03/03/25 13:34:43 0195 1                  44.889780 8.786187 00 00 313831723045303235323938            
03/03/25 13:35:31 0196 1                  44.890020 8.786223 00 00 313931323045303630303832            
03/03/25 13:35:32 0197 1                  44.890020 8.786223 00 00 313831323045303235373537            
03/03/25 13:35:33 0198 1                  44.890023 8.786222 00 00 313831323045303235333030            
03/03/25 13:37:43 0199 1                  44.894433 8.787052 00 00 313931323050303031363933            
03/03/25 13:43:01 0200 1                  44.888018 8.803182 00 00 313931323050303130353932            
03/03/25 13:43:04 0201 1                  44.888018 8.803180 00 00 3234303234304A3030343235            
03/03/25 13:43:47 0202 1                  44.888017 8.803575 00 00 313931323050303034363230            
03/03/25 13:44:53 0203 1                  44.888108 8.804605 00 00 313831323045303235393737            
03/03/25 13:47:42 0204 1                  44.885703 8.798480 00 00 323031313030503030313931            
03/03/25 13:52:37 0205 1                  44.893328 8.803665 00 00 323031313030503030303932            
03/03/25 13:53:17 0206 1                  44.893523 8.803723 00 00 313931323050303032343230            
03/03/25 13:56:03 0207 1                  44.892335 8.806293 00 00 3231313130304A3032353937            
03/03/25 13:57:43 0208 1                  44.893397 8.812577 00 00 313831323045303235323436            
03/03/25 13:59:37 0209 1                  44.893102 8.812978 00 00 313831323045303235323438            
03/03/25 13:59:38 0210 1                  44.893102 8.812978 00 00 313831323045303235323530            
03/03/25 13:59:38 0211 1                  44.893102 8.812978 00 00 313831323045303235323439            
03/03/25 14:00:41 0212 1                  44.893375 8.813045 00 00 313931323045303630333132            
03/03/25 14:00:43 0213 1                  44.893370 8.813055 00 00 313931323045303630333131            
03/03/25 14:02:03 0214 1                  44.893515 8.813695 00 00 313931323045303630333134            
03/03/25 14:02:05 0215 1                  44.893517 8.813693 00 00 313931323045303630333133            
03/03/25 14:03:22 0216 1                  44.891952 8.813522 00 00 313831323045303235363335            
03/03/25 14:04:04 0217 1                  44.891545 8.813538 00 00 313931323045303630323835            
03/03/25 14:05:30 0218 1                  44.889392 8.813087 00 00 313931323045303630303439            
03/03/25 14:09:04 0219 1                  44.888372 8.822415 00 00 313831323045303235363136            
03/03/25 14:10:30 0220 1                  44.888643 8.824162 00 00 313831323045303235363334            
03/03/25 14:20:39 0221 1                  44.893608 8.814230 00 00 313931323050303035393939            
03/03/25 14:21:47 0222 1                  44.892982 8.814197 00 00 313931323045303630313338            
03/03/25 14:26:48 0223 1                  44.893983 8.818547 00 00 313831323045303234363131            
03/03/25 14:28:13 0224 1                  44.894178 8.821282 00 00 313831323045303235393430            
03/03/25 14:29:20 0225 1                  44.894248 8.824677 00 00 238836420107022307010000            
03/03/25 14:30:30 0226 1                  44.893130 8.824598 00 00 323031313030503030323638            
03/03/25 14:31:39 0227 1                  44.893108 8.824620 00 00 3232313130304A3030333032            
03/03/25 14:32:19 0228 1                  44.893112 8.824625 00 00 323031313030503030313939            
03/03/25 14:34:24 0229 1                  44.894588 8.824600 00 00 323031313030503030313737            
03/03/25 14:42:05 0000 s 01492ver01 44.894607 8.824640 00 00
03/03/25 14:46:53 0230 1                  44.890487 8.842728 00 00 3231313130304A3032363032            
03/03/25 14:49:52 0231 1                  44.894468 8.847293 00 00 323031313030503030303135            
03/03/25 14:50:55 0232 1                  44.893943 8.847743 00 00 323031313030503030313036            
03/03/25 14:54:05 0233 1                  44.891143 8.849065 00 00 3231313130304A3032363132            
03/03/25 14:58:06 0234 1                  44.890168 8.849795 00 00 323031313030503030323635            
03/03/25 15:00:46 0235 1                  44.891815 8.850698 00 00 3231313130304A3032353731            
03/03/25 15:01:15 0236 1                  44.891827 8.850747 00 00 3231313130304A3032353637            
03/03/25 15:13:41 0237 1                  44.879105 8.855140 00 00 313932343050303030323734            
03/03/25 15:13:41 0238 1                  44.879105 8.855140 00 00 313932343045303030373733            
03/03/25 15:16:08 0239 1                  44.882330 8.857408 00 00 000000000000000013280902            
