27/01/25 05:43:09 0000 s 01888ver01 44.882347 8.860323 00 00
27/01/25 05:58:10 0001 1                  44.884410 8.878028 00 00 3231303234304A3034383734            
27/01/25 06:32:15 0002 1                  44.879228 8.876127 00 00 313931323043303133333235            
27/01/25 06:45:10 0003 1                  44.881923 8.866317 00 00 30340C124427E3D74876F40B            
27/01/25 06:45:54 0004 1                  44.881917 8.866300 00 00 313931323043303032373132            
27/01/25 06:47:45 0005 1                  44.882070 8.866292 00 00 313931323043303133313935            
27/01/25 06:55:15 0006 1                  44.882377 8.866248 00 00 313931323043303032373135            
27/01/25 07:07:16 0007 1                  44.890355 8.865407 00 00 333931323043303039373232            
27/01/25 07:07:19 0008 1                  44.890357 8.865407 00 00 313931323043303039373232            
27/01/25 07:10:10 0009 1                  44.890655 8.865480 00 00 313931323043303039373138            
27/01/25 07:14:05 0010 1                  44.891073 8.865773 00 00 303ACB034357A59C8CCCEBBF            
27/01/25 07:14:05 0011 1                  44.891073 8.865773 00 00 303ACB034318861C8892631A            
27/01/25 07:24:44 0012 1                  44.884422 8.868783 00 00 313931323043303039363532            
27/01/25 08:06:38 0000 s 01888ver01 44.882518 8.859960 00 00
27/01/25 08:43:31 0013 1                  44.889260 8.864985 00 00 3231313130304A3031303831            
27/01/25 08:49:01 0014 1                  44.889225 8.864750 00 00 3231303234304A3032343636            
27/01/25 08:55:36 0015 1                  44.891882 8.865892 00 00 300ED89F3350020F0009E1BA            
27/01/25 09:08:10 0016 1                  44.890605 8.870762 00 00 313931323043303039383136            
27/01/25 09:08:27 0017 1                  44.890608 8.870785 00 00 3231303234304A3032343837            
27/01/25 09:26:09 0018 1                  44.895092 8.873198 00 00 300ED89F3350020F0009E1BA            
27/01/25 09:32:31 0019 1                  44.895128 8.873033 00 00 313931323043303132303333            
27/01/25 09:34:55 0020 1                  44.895150 8.872990 00 00 313931323043303035393435            
27/01/25 09:35:56 0021 1                  44.895208 8.872838 00 00 313931323043303032383837            
27/01/25 09:36:16 0022 1                  44.895215 8.872842 00 00 313931323043303133363032            
27/01/25 10:01:57 0023 1                  44.898722 8.869505 00 00 3231303234304A3034383933            
27/01/25 10:28:31 0024 1                  44.913130 8.871268 00 00 3039611941BF7A89503000DD            
27/01/25 10:28:54 0025 1                  44.913135 8.871270 00 00 303ACB034357A59C8CCCEBBF            
27/01/25 10:28:58 0026 1                  44.913133 8.871270 00 00 303ACB034318861C8892631A            
27/01/25 10:29:02 0027 1                  44.913133 8.871270 00 00 303ACB0342AE965AC688D9FD            
27/01/25 10:29:42 0028 1                  44.913148 8.871267 00 00 303ACB0341EE1520AA803715            
27/01/25 11:00:19 0029 1                  44.899320 8.866673 00 00 3232303234304A3030373838            
27/01/25 11:05:45 0030 1                  44.897373 8.865418 00 00 3232303234304A3030383532            
27/01/25 11:06:30 0031 1                  44.897282 8.865505 00 00 3232303234304A3030383438            
