28/01/25 05:17:07 0000 s 01504ver01 44.792745 8.739487 00 00
28/01/25 05:25:51 0001 1                  44.792278 8.739942 00 00 3231303234304A3034383231            
28/01/25 05:50:15 0002 1                  44.723162 8.857618 00 00 31383032334D303033383533            
28/01/25 05:50:23 0003 1                  44.723180 8.857653 00 00 3233303032334D3030383333            
28/01/25 05:51:44 0004 1                  44.723148 8.857940 00 00 3231303132304A3037343337            
28/01/25 05:52:33 0005 1                  44.722678 8.858220 00 00 31383032334D303139363931            
28/01/25 05:52:45 0006 1                  44.722663 8.858175 00 00 31383032334D303139313435            
28/01/25 05:54:06 0007 1                  44.722743 8.858520 00 00 313831323045303039313138            
28/01/25 05:55:10 0008 1                  44.722812 8.858947 00 00 3232303032334D3030303839            
28/01/25 05:55:14 0009 1                  44.722812 8.858955 00 00 31383032334D303037393535            
28/01/25 05:55:20 0010 1                  44.722810 8.858970 00 00 31383032334D303037383637            
28/01/25 05:56:19 0011 1                  44.723042 8.858778 00 00 31383032334D303033373733            
28/01/25 05:56:39 0012 1                  44.723042 8.858760 00 00 3234303032334D3031333539            
28/01/25 05:57:01 0013 1                  44.723053 8.858753 00 00 31383032334D303033373333            
28/01/25 05:57:08 0014 1                  44.723053 8.858750 00 00 31383032334D303134393531            
28/01/25 05:58:12 0015 1                  44.723585 8.857960 00 00 31383032334D303037363032            
28/01/25 05:58:20 0016 1                  44.723592 8.857940 00 00 3234303032334D3030363734            
28/01/25 05:58:38 0017 1                  44.723637 8.857885 00 00 31383032334D303037363031            
28/01/25 05:59:17 0018 1                  44.723680 8.857847 00 00 31383032334D303139323239            
28/01/25 05:59:25 0019 1                  44.723685 8.857852 00 00 31383032334D303037373530            
28/01/25 05:59:33 0020 1                  44.723690 8.857857 00 00 31383032334D303139363333            
28/01/25 05:59:45 0021 1                  44.723688 8.857853 00 00 3232303032334D3031343332            
28/01/25 05:59:49 0022 1                  44.723687 8.857852 00 00 31383032334D303036363634            
28/01/25 06:00:01 0023 1                  44.723707 8.857873 00 00 3232303032334D3031343631            
28/01/25 06:01:10 0024 1                  44.722767 8.858087 00 00 3232303032334D3030343931            
28/01/25 06:01:28 0025 1                  44.722725 8.858098 00 00 31383032334D303037363438            
28/01/25 06:04:14 0026 1                  44.722292 8.858137 00 00 31383032334D303133303731            
28/01/25 06:04:18 0027 1                  44.722300 8.858137 00 00 3232303032334D3031363637            
28/01/25 06:04:58 0028 1                  44.722333 8.858135 00 00 31383032334D303139333936            
28/01/25 06:05:04 0029 1                  44.722313 8.858133 00 00 31383032334D303139333533            
28/01/25 06:05:08 0030 1                  44.722303 8.858133 00 00 31383032334D303130333133            
28/01/25 06:05:29 0031 1                  44.722308 8.858123 00 00 31383032334D303139373135            
28/01/25 06:05:35 0032 1                  44.722303 8.858118 00 00 31383032334D303130333135            
28/01/25 06:06:15 0033 1                  44.722028 8.857927 00 00 31383032334D303037373831            
28/01/25 06:06:43 0034 1                  44.721977 8.857852 00 00 31383032334D303037373833            
28/01/25 06:07:22 0035 1                  44.721977 8.857858 00 00 31383032334D303139373339            
28/01/25 06:10:10 0036 1                  44.721957 8.857502 00 00 31383032334D303037383537            
28/01/25 06:10:18 0037 1                  44.721943 8.857507 00 00 31383032334D303037393639            
28/01/25 06:10:24 0038 1                  44.721918 8.857493 00 00 31383032334D303037393730            
28/01/25 06:10:32 0039 1                  44.721885 8.857470 00 00 31383032334D303037383535            
28/01/25 06:10:50 0040 1                  44.721873 8.857443 00 00 31383032334D303137363736            
28/01/25 06:11:06 0041 1                  44.721907 8.857447 00 00 31383032334D303139363133            
28/01/25 06:11:24 0042 1                  44.721933 8.857468 00 00 3234303032334D3032303536            
28/01/25 06:12:15 0043 1                  44.722035 8.857722 00 00 31383032334D303139323530            
28/01/25 06:12:25 0044 1                  44.721992 8.857795 00 00 31383032334D303139323037            
28/01/25 06:12:31 0045 1                  44.721968 8.857835 00 00 31383032334D303033383734            
28/01/25 06:12:41 0046 1                  44.721965 8.857867 00 00 31383032334D303139353230            
28/01/25 06:13:01 0047 1                  44.722000 8.857887 00 00 323030323545303032313635            
28/01/25 06:13:40 0048 1                  44.722027 8.857870 00 00 3234303032334D3031333438            
28/01/25 06:13:54 0049 1                  44.722040 8.857893 00 00 31383032334D303032323830            
28/01/25 06:14:00 0050 1                  44.722032 8.857907 00 00 31383032334D303130303039            
28/01/25 06:14:50 0051 1                  44.721765 8.857910 00 00 31383032334D303133313538            
28/01/25 06:15:29 0052 1                  44.721638 8.857880 00 00 31383032334D303037393437            
28/01/25 06:17:40 0053 1                  44.721978 8.858228 00 00 3233303132304A3032303535            
28/01/25 06:22:05 0054 1                  44.721543 8.858643 00 00 31383032334D303039353136            
28/01/25 06:23:28 0055 1                  44.721513 8.858618 00 00 31383032334D303139323135            
28/01/25 06:23:50 0056 1                  44.721522 8.858595 00 00 31383032334D303139353531            
28/01/25 06:23:54 0057 1                  44.721522 8.858595 00 00 3234303032334D3030333639            
28/01/25 06:24:52 0058 1                  44.721250 8.858713 00 00 3231303032334D3031313836            
28/01/25 06:25:00 0059 1                  44.721245 8.858738 00 00 31383032334D303037373931            
28/01/25 06:27:00 0060 1                  44.721888 8.858513 00 00 31383032334D303139363836            
28/01/25 06:27:04 0061 1                  44.721888 8.858513 00 00 31383032334D303139333630            
28/01/25 06:27:58 0062 1                  44.721402 8.858625 00 00 31383032334D303033383335            
28/01/25 06:28:21 0063 1                  44.721402 8.858640 00 00 31383032334D303037393039            
28/01/25 06:28:25 0064 1                  44.721397 8.858640 00 00 31383032334D303037383138            
28/01/25 06:30:38 0065 1                  44.721053 8.858745 00 00 31383032334D303139303631            
28/01/25 06:32:35 0066 1                  44.720982 8.858965 00 00 31383032334D303133303133            
28/01/25 06:32:41 0067 1                  44.720978 8.858965 00 00 31383032334D303130373337            
28/01/25 06:33:18 0068 1                  44.720948 8.858897 00 00 3232303032334D3030313837            
28/01/25 06:34:32 0069 1                  44.720978 8.858890 00 00 3232303032334D3031343333            
28/01/25 06:36:34 0070 1                  44.720458 8.858993 00 00 31383032334D303038313037            
28/01/25 06:37:18 0071 1                  44.720418 8.858957 00 00 31383032334D303130323837            
28/01/25 06:37:24 0072 1                  44.720417 8.858953 00 00 31383032334D303038313038            
28/01/25 06:37:36 0073 1                  44.720413 8.858938 00 00 31383032334D303130303531            
28/01/25 06:37:42 0074 1                  44.720457 8.858918 00 00 31383032334D303130313132            
28/01/25 06:39:50 0075 1                  44.720377 8.858182 00 00 31383032334D303139353535            
28/01/25 06:40:32 0076 1                  44.720525 8.858412 00 00 31383032334D303130313134            
28/01/25 06:41:08 0077 1                  44.720667 8.858438 00 00 31383032334D303139363339            
28/01/25 06:42:03 0078 1                  44.720732 8.858518 00 00 323031323055303030333631            
28/01/25 06:43:20 0079 1                  44.720212 8.858952 00 00 323030323545303037363131            
28/01/25 06:43:26 0080 1                  44.720188 8.858953 00 00 323030323545303039353432            
28/01/25 06:43:30 0081 1                  44.720175 8.858950 00 00 31383032334D303134383035            
28/01/25 06:43:44 0082 1                  44.720145 8.858942 00 00 31383032334D303139373235            
28/01/25 06:45:49 0083 1                  44.718292 8.858680 00 00 31383032334D303038323138            
28/01/25 06:45:57 0084 1                  44.718265 8.858663 00 00 31383032334D303038323935            
28/01/25 06:46:46 0085 1                  44.717277 8.857552 00 00 3234303032334D3031313930            
28/01/25 06:47:40 0086 1                  44.716313 8.856607 00 00 31383032334D303033363830            
28/01/25 06:48:19 0087 1                  44.715828 8.856418 00 00 31383032334D303038323933            
28/01/25 06:50:18 0088 1                  44.711310 8.856572 00 00 31383032334D303038333239            
28/01/25 06:53:06 0089 1                  44.718283 8.858938 00 00 3233303234304A3031303037            
28/01/25 06:54:38 0090 1                  44.718405 8.859287 00 00 31383032334D303130323331            
28/01/25 06:55:29 0091 1                  44.718410 8.859122 00 00 31383032334D303037393836            
28/01/25 06:56:16 0092 1                  44.718483 8.858923 00 00 31383032334D303038323931            
28/01/25 06:56:26 0093 1                  44.718482 8.858898 00 00 31383032334D303038303232            
28/01/25 06:57:49 0094 1                  44.719198 8.858640 00 00 31383032334D303130313730            
28/01/25 06:57:57 0095 1                  44.719200 8.858638 00 00 31383032334D303038323136            
28/01/25 06:59:12 0096 1                  44.719570 8.858612 00 00 31383032334D303130333835            
28/01/25 06:59:12 0097 1                  44.719570 8.858612 00 00 3231303234304A3034383231            
28/01/25 07:00:12 0098 1                  44.719740 8.858385 00 00 31383032334D303130323135            
28/01/25 07:01:19 0099 1                  44.719803 8.858277 00 00 31383032334D303130333734            
28/01/25 07:02:14 0100 1                  44.719752 8.858288 00 00 31383032334D303130333739            
28/01/25 07:03:24 0101 1                  44.719965 8.858355 00 00 31383032334D303038323433            
28/01/25 07:03:28 0102 1                  44.719975 8.858363 00 00 31383032334D303130343030            
28/01/25 07:03:34 0103 1                  44.719985 8.858373 00 00 3234303032334D3031313338            
28/01/25 07:04:09 0104 1                  44.720242 8.858613 00 00 31383032334D303130313132            
28/01/25 07:06:46 0105 1                  44.703898 8.855983 00 00 31383032334D303036363335            
28/01/25 07:09:55 0106 1                  44.700135 8.846900 00 00 3231303032334D3030353438            
28/01/25 07:19:23 0107 1                  44.710212 8.861052 00 00 31383032334D303139343935            
28/01/25 07:20:05 0108 1                  44.709977 8.861153 00 00 31383032334D303038303930            
28/01/25 07:21:14 0109 1                  44.708792 8.861603 00 00 3231303234304A3034383231            
28/01/25 07:21:18 0110 1                  44.708788 8.861603 00 00 31383032334D303038303334            
28/01/25 07:26:15 0111 1                  44.707672 8.862812 00 00 31383032334D303038303533            
28/01/25 07:26:27 0112 1                  44.707668 8.862825 00 00 31383032334D303038303532            
28/01/25 07:26:39 0113 1                  44.707667 8.862830 00 00 300ED89F3350015A1DF59372            
28/01/25 07:27:16 0114 1                  44.708312 8.862128 00 00 31383032334D303038303131            
28/01/25 07:28:00 0115 1                  44.709250 8.861573 00 00 3232303032334D3030343339            
28/01/25 07:28:49 0116 1                  44.709645 8.861403 00 00 3231303132304A3037363232            
28/01/25 07:29:33 0117 1                  44.709667 8.861413 00 00 31383032334D303139333939            
28/01/25 07:31:46 0118 1                  44.709653 8.861827 00 00 3234303032334D3030383938            
28/01/25 07:37:56 0119 1                  44.721533 8.859388 00 00 3233303032334D3031303137            
28/01/25 07:38:37 0120 1                  44.721768 8.859468 00 00 3233303032334D3030373034            
28/01/25 07:40:28 0121 1                  44.722027 8.859712 00 00 31383032334D303037393432            
28/01/25 07:40:46 0122 1                  44.722015 8.859793 00 00 3234303032334D3031333131            
28/01/25 07:41:10 0123 1                  44.722025 8.859815 00 00 3231303032334D3031373039            
28/01/25 07:41:43 0124 1                  44.722028 8.859813 00 00 31383032334D303037393431            
28/01/25 07:43:46 0125 1                  44.722078 8.859415 00 00 31383032334D303038313536            
28/01/25 07:45:01 0126 1                  44.722755 8.860227 00 00 31383032334D303130333938            
28/01/25 07:47:08 0127 1                  44.722795 8.859298 00 00 3232303032334D3031383031            
28/01/25 07:48:09 0128 1                  44.723147 8.859238 00 00 31383032334D303139333037            
28/01/25 07:48:13 0129 1                  44.723150 8.859237 00 00 31383032334D303139373736            
28/01/25 07:48:27 0130 1                  44.723137 8.859237 00 00 31383032334D303139373336            
28/01/25 07:49:01 0131 1                  44.723140 8.859250 00 00 3231303132304A3035323333            
28/01/25 07:50:04 0132 1                  44.723575 8.859098 00 00 31383032334D303037373036            
28/01/25 07:50:08 0133 1                  44.723587 8.859088 00 00 31383032334D303037363639            
28/01/25 07:51:47 0134 1                  44.723537 8.859072 00 00 313831323045303039313037            
28/01/25 07:53:40 0135 1                  44.720448 8.859493 00 00 31383032334D303130313830            
28/01/25 07:53:46 0136 1                  44.720383 8.859432 00 00 31383032334D303130323531            
28/01/25 07:54:20 0137 1                  44.720087 8.859432 00 00 3234303032334D3030373033            
28/01/25 07:54:53 0138 1                  44.719932 8.859593 00 00 31383032334D303036353139            
28/01/25 07:55:29 0139 1                  44.719702 8.859717 00 00 31383032334D303130313737            
28/01/25 07:56:08 0140 1                  44.719550 8.859708 00 00 31383032334D303130333532            
28/01/25 07:59:33 0141 1                  44.720650 8.861117 00 00 3234303032334D3032333430            
28/01/25 08:00:05 0142 1                  44.720240 8.861062 00 00 3231303234304A3034383231            
28/01/25 08:01:28 0143 1                  44.720702 8.862115 00 00 31383032334D303139313938            
28/01/25 08:01:32 0144 1                  44.720705 8.862120 00 00 31383032334D303130303630            
28/01/25 08:02:39 0145 1                  44.720313 8.862130 00 00 31383032334D303139373131            
28/01/25 08:04:10 0146 1                  44.720803 8.862963 00 00 31383032334D303134373531            
28/01/25 08:04:20 0147 1                  44.720802 8.862938 00 00 3231303032334D3031373830            
28/01/25 08:05:41 0148 1                  44.721097 8.862972 00 00 31383032334D303134373532            
28/01/25 08:05:55 0149 1                  44.721127 8.862988 00 00 31383032334D303134393135            
28/01/25 08:07:12 0150 1                  44.718272 8.863565 00 00 3233303032334D3030343433            
28/01/25 08:07:48 0151 1                  44.718123 8.863597 00 00 31383032334D303134343630            
28/01/25 08:08:33 0152 1                  44.717837 8.863575 00 00 31383032334D303134353836            
28/01/25 08:08:37 0153 1                  44.717835 8.863578 00 00 31383032334D303134363031            
28/01/25 08:13:11 0154 1                  44.720347 8.863908 00 00 31383032334D303130313036            
28/01/25 08:13:11 0155 1                  44.720347 8.863908 00 00 31383032334D303139363037            
28/01/25 08:13:47 0156 1                  44.720288 8.863987 00 00 31383032334D303130313039            
28/01/25 08:13:51 0157 1                  44.720292 8.863993 00 00 31383032334D303130313037            
28/01/25 08:13:57 0158 1                  44.720292 8.864003 00 00 31383032334D303130323936            
28/01/25 08:14:39 0159 1                  44.720830 8.864285 00 00 31383032334D303130313130            
28/01/25 08:15:18 0160 1                  44.721345 8.864675 00 00 31383032334D303038313638            
28/01/25 08:16:35 0161 1                  44.721660 8.864877 00 00 31383032334D303139333439            
28/01/25 08:17:11 0162 1                  44.721823 8.864812 00 00 31383032334D303135303536            
28/01/25 08:19:10 0163 1                  44.722163 8.865200 00 00 31383032334D303038313635            
28/01/25 08:19:18 0164 1                  44.722182 8.865205 00 00 31383032334D303130313934            
28/01/25 08:20:05 0165 1                  44.721663 8.864710 00 00 31383032334D303038313431            
28/01/25 08:20:11 0166 1                  44.721655 8.864698 00 00 31383032334D303038303239            
28/01/25 08:20:17 0167 1                  44.721657 8.864693 00 00 3233303032334D3030343336            
28/01/25 08:20:23 0168 1                  44.721655 8.864692 00 00 31383032334D303130313931            
28/01/25 08:20:29 0169 1                  44.721648 8.864685 00 00 3232303032334D3030323731            
28/01/25 08:21:36 0170 1                  44.720812 8.864160 00 00 31383032334D303030303537            
28/01/25 08:21:42 0171 1                  44.720805 8.864165 00 00 31383032334D303139323235            
28/01/25 08:22:22 0172 1                  44.720803 8.864160 00 00 31383032334D303139353736            
28/01/25 08:23:03 0173 1                  44.720917 8.864132 00 00 31383032334D303139333030            
28/01/25 08:23:33 0174 1                  44.721103 8.864140 00 00 31383032334D303130323631            
28/01/25 08:24:07 0175 1                  44.721647 8.863952 00 00 31383032334D303038333738            
28/01/25 08:24:46 0176 1                  44.721925 8.863945 00 00 31383032334D303038303835            
28/01/25 08:24:56 0177 1                  44.721938 8.863933 00 00 31383032334D303038313032            
28/01/25 08:25:42 0178 1                  44.722312 8.863753 00 00 31383032334D303038313333            
28/01/25 08:26:16 0179 1                  44.722375 8.863653 00 00 3232303032334D3030353532            
28/01/25 08:26:20 0180 1                  44.722382 8.863645 00 00 31383032334D303033373433            
28/01/25 08:26:27 0181 1                  44.722387 8.863637 00 00 31383032334D303038333736            
28/01/25 08:26:35 0182 1                  44.722388 8.863632 00 00 31383032334D303038313034            
28/01/25 08:26:43 0183 1                  44.722382 8.863625 00 00 31383032334D303038333733            
28/01/25 08:28:10 0184 1                  44.722552 8.863580 00 00 31383032334D303038313031            
28/01/25 08:30:49 0185 1                  44.720022 8.863925 00 00 31383032334D303038333131            
28/01/25 08:31:48 0186 1                  44.720085 8.864260 00 00 31383032334D303038323430            
28/01/25 08:32:00 0187 1                  44.720082 8.864247 00 00 31383032334D303130333533            
28/01/25 08:32:06 0188 1                  44.720080 8.864245 00 00 31383032334D303139323035            
28/01/25 08:32:53 0189 1                  44.719767 8.864013 00 00 31383032334D303038313338            
28/01/25 08:34:56 0190 1                  44.719353 8.864087 00 00 31383032334D303038333535            
28/01/25 08:35:46 0191 1                  44.719130 8.864288 00 00 31383032334D303038313236            
28/01/25 08:35:46 0192 1                  44.719130 8.864288 00 00 300ED89F3350015A1DF59372            
28/01/25 08:36:31 0193 1                  44.718520 8.864253 00 00 31383032334D303038313936            
28/01/25 08:37:11 0194 1                  44.718097 8.864173 00 00 3233303032334D3030353230            
28/01/25 08:38:44 0195 1                  44.716017 8.864892 00 00 3232303032334D3031323438            
28/01/25 08:40:45 0196 1                  44.712413 8.869195 00 00 31383032334D303037393835            
28/01/25 08:40:51 0197 1                  44.712417 8.869202 00 00 31383032334D303134343136            
28/01/25 08:46:54 0198 1                  44.711872 8.872058 00 00 31383234304A303030323839            
28/01/25 08:49:46 0199 1                  44.715027 8.866868 00 00 3234303032334D3031313339            
28/01/25 08:51:01 0200 1                  44.717855 8.865630 00 00 31383032334D303038323237            
28/01/25 08:51:32 0201 1                  44.717982 8.865630 00 00 3231303032334D3030303232            
28/01/25 08:51:38 0202 1                  44.717982 8.865632 00 00 31383032334D303134343233            
28/01/25 08:52:26 0203 1                  44.718795 8.865880 00 00 3234303032334D3030383636            
28/01/25 08:53:17 0204 1                  44.719328 8.866028 00 00 31383132304A303039313432            
28/01/25 08:55:22 0205 1                  44.719998 8.867120 00 00 3231303132304A3037353936            
28/01/25 08:56:25 0206 1                  44.720003 8.867492 00 00 31383032334D303038333537            
28/01/25 08:58:12 0207 1                  44.720417 8.866360 00 00 31383032334D303038333539            
28/01/25 08:59:12 0208 1                  44.720312 8.866795 00 00 31383032334D303130323634            
28/01/25 08:59:24 0209 1                  44.720303 8.866790 00 00 313831323045303039303138            
28/01/25 08:59:59 0210 1                  44.720253 8.866670 00 00 31383032334D303130333831            
28/01/25 09:02:00 0211 1                  44.720547 8.867042 00 00 31383234304A303030333536            
28/01/25 09:03:53 0212 1                  44.720975 8.866813 00 00 3233303032334D3030323835            
28/01/25 09:04:01 0213 1                  44.720975 8.866805 00 00 31383032334D303130313938            
28/01/25 09:04:07 0214 1                  44.720973 8.866800 00 00 31383032334D303033393638            
28/01/25 09:08:29 0215 1                  44.721205 8.866498 00 00 31383032334D303139363039            
28/01/25 09:19:03 0216 1                  44.730980 8.854893 00 00 323031323055303030313637            
28/01/25 09:19:57 0217 1                  44.731008 8.854878 00 00 3231303234304A3034383231            
28/01/25 09:40:51 0000 s 01504ver01 44.732697 8.832192 00 00
28/01/25 10:10:40 0218 1                  44.792833 8.739597 00 00 3231303234304A3034383231            
28/01/25 11:12:34 0000 s 01504ver01 44.792685 8.739863 00 00
28/01/25 11:34:02 0000 s 01504ver01 44.723733 8.846630 00 00
28/01/25 11:47:54 0000 s 01504ver01 44.723630 8.846602 00 00
28/01/25 11:57:39 0000 s 01504ver01 44.727802 8.849777 00 00
28/01/25 12:13:46 0219 1                  44.723265 8.857672 00 00 300ED89F3350014A1E207DF5            
28/01/25 12:39:13 0000 s 01504ver01 44.722533 8.857653 00 00
28/01/25 13:22:37 0000 s 01504ver01 44.722980 8.857307 00 00
28/01/25 13:23:59 0220 1                  44.722800 8.856838 00 00 300ED89F3350014A1E207DF5            
28/01/25 13:29:27 0221 1                  44.722898 8.857182 00 00 31383234304A303030333632            
28/01/25 13:50:31 0000 s 01504ver01 44.722942 8.857138 00 00
28/01/25 13:51:13 0222 1                  44.723372 8.856110 00 00 31383234304A303030333632            
28/01/25 13:59:38 0000 s 01504ver01 44.726550 8.856470 00 00
28/01/25 14:36:56 0000 s 01504ver01 44.726523 8.856290 00 00
28/01/25 14:59:01 0000 s 01504ver01 44.729733 8.850985 00 00
28/01/25 15:01:05 0000 s 01504ver01 44.726198 8.856057 00 00
28/01/25 15:35:37 0000 s 01504ver01 44.726450 8.856077 00 00
28/01/25 16:11:13 0223 1                  44.792347 8.740303 00 00 3230303033304D3032363039            
28/01/25 16:11:15 0224 1                  44.792342 8.740303 00 00 323030323545303037353535            
28/01/25 16:11:15 0225 1                  44.792342 8.740303 00 00 300ED89F3350014A1E207DF5            
