27/01/25 05:17:55 0000 s 01511ver01 44.792533 8.739233 00 00
27/01/25 05:40:19 0001 1                  44.729687 8.850725 00 00 313931313030503030333030            
27/01/25 05:41:50 0002 1                  44.729627 8.850777 00 00 313931313030503030323632            
27/01/25 05:45:50 0003 1                  44.722167 8.858360 00 00 31383033304D303034303039            
27/01/25 05:47:13 0004 1                  44.721870 8.858488 00 00 3233303033304D3030343634            
27/01/25 05:47:33 0005 1                  44.721858 8.858518 00 00 3233303234304A3030353439            
27/01/25 05:49:26 0006 1                  44.721668 8.858580 00 00 3233303033304D3030343339            
27/01/25 05:49:43 0007 1                  44.721670 8.858575 00 00 31383033304D303034373436            
27/01/25 05:50:54 0008 1                  44.721478 8.858682 00 00 3231303033304D3032353432            
27/01/25 05:51:15 0009 1                  44.721472 8.858662 00 00 31383132304A303230313334            
27/01/25 05:51:17 0010 1                  44.721473 8.858660 00 00 31383132304A303230313334            
27/01/25 05:52:55 0011 1                  44.721297 8.858612 00 00 3233303033304D3030343933            
27/01/25 05:53:17 0012 1                  44.721222 8.858593 00 00 3231303033304D3032383130            
27/01/25 05:53:24 0013 1                  44.721198 8.858598 00 00 31383033304D303033363735            
27/01/25 05:53:37 0014 1                  44.721175 8.858602 00 00 31383033304D303034303634            
27/01/25 05:54:31 0015 1                  44.721178 8.858622 00 00 31383033304D303034303931            
27/01/25 05:54:42 0016 1                  44.721177 8.858625 00 00 3230303033304D3038373834            
27/01/25 05:55:54 0017 1                  44.720838 8.858885 00 00 31383033304D303034323332            
27/01/25 05:56:10 0018 1                  44.720830 8.858920 00 00 31383033304D303034363338            
27/01/25 05:56:53 0019 1                  44.720518 8.859033 00 00 31383033304D303034303934            
27/01/25 05:57:26 0020 1                  44.720303 8.859022 00 00 30340BF8E45D030EE9C6AC04            
27/01/25 05:57:26 0021 1                  44.720303 8.859022 00 00 31383033304D303033343439            
27/01/25 05:58:43 0022 1                  44.720105 8.859002 00 00 31383033304D303033353438            
27/01/25 05:59:01 0023 1                  44.720092 8.859005 00 00 3234303033304D3030343537            
27/01/25 05:59:15 0024 1                  44.720087 8.859002 00 00 3230303033304D3035363130            
27/01/25 05:59:18 0025 1                  44.720082 8.859002 00 00 3231303033304D3032393632            
27/01/25 06:00:49 0026 1                  44.719232 8.859283 00 00 313931323050303031313337            
27/01/25 06:02:06 0027 1                  44.718605 8.859497 00 00 31383033304D303033343637            
27/01/25 06:08:56 0028 1                  44.718098 8.859762 00 00 313932343045303030363234            
27/01/25 06:12:54 0029 1                  44.722722 8.858707 00 00 3230313130304A3030333534            
27/01/25 06:13:59 0030 1                  44.722725 8.858903 00 00 31383033304D303034363138            
27/01/25 06:15:00 0031 1                  44.722933 8.858867 00 00 31383132304A303139353132            
27/01/25 06:18:37 0032 1                  44.723225 8.858495 00 00 31383132304A303139393730            
27/01/25 06:18:38 0033 1                  44.723222 8.858495 00 00 3035EBCD4C061AAC65AA9AA2            
27/01/25 06:18:50 0034 1                  44.723198 8.858488 00 00 31383132304A303230353532            
27/01/25 06:21:33 0035 1                  44.723808 8.858008 00 00 313931323050303039343937            
27/01/25 06:22:30 0036 1                  44.723717 8.857725 00 00 31383033304D303034313037            
27/01/25 06:22:37 0037 1                  44.723718 8.857728 00 00 3234303033304D3030333636            
27/01/25 06:22:43 0038 1                  44.723727 8.857725 00 00 31383033304D303033363231            
27/01/25 06:23:06 0039 1                  44.723757 8.857707 00 00 31383033304D303835393338            
27/01/25 06:23:13 0040 1                  44.723755 8.857707 00 00 3231303033304D3032363533            
27/01/25 06:36:40 0041 1                  44.711650 8.870788 00 00 31383132304A303139333432            
27/01/25 06:38:57 0042 1                  44.715028 8.866782 00 00 31383132304A303139373937            
27/01/25 06:39:11 0043 1                  44.715025 8.866782 00 00 31383132304A303231343231            
27/01/25 06:40:23 0044 1                  44.715325 8.866782 00 00 31383132304A303139313334            
27/01/25 06:41:37 0045 1                  44.717472 8.866050 00 00 31383132304A303139383030            
27/01/25 06:42:54 0046 1                  44.717877 8.865602 00 00 31383132304A303138393035            
27/01/25 06:44:25 0047 1                  44.717998 8.865645 00 00 31383132304A303138393038            
27/01/25 06:44:33 0048 1                  44.718007 8.865643 00 00 31383132304A303138393039            
27/01/25 06:45:42 0049 1                  44.719397 8.866093 00 00 31383132304A303139343031            
27/01/25 06:47:33 0050 1                  44.720325 8.866860 00 00 31383132304A303230363438            
27/01/25 06:47:57 0051 1                  44.720323 8.866832 00 00 313931313030503030323239            
27/01/25 06:50:07 0052 1                  44.720553 8.867150 00 00 313931313030503030323332            
27/01/25 06:53:17 0053 1                  44.721025 8.866797 00 00 313931313030503030323331            
27/01/25 06:56:00 0054 1                  44.721168 8.866415 00 00 31383132304A303139333233            
27/01/25 06:57:44 0055 1                  44.721947 8.865080 00 00 31383132304A303139363930            
27/01/25 06:58:52 0056 1                  44.721757 8.864920 00 00 31383132304A303230333532            
27/01/25 07:01:01 0057 1                  44.722135 8.865123 00 00 31383132304A303539363531            
27/01/25 07:01:11 0058 1                  44.722137 8.865123 00 00 31383132304A303138363533            
27/01/25 07:03:17 0059 1                  44.721567 8.864688 00 00 31383132304A303138353338            
27/01/25 07:03:17 0060 1                  44.721567 8.864688 00 00 313931323050303031323132            
27/01/25 07:03:55 0061 1                  44.721582 8.864687 00 00 31383132304A303139363437            
27/01/25 07:07:24 0062 1                  44.720768 8.864102 00 00 313832343045303034303330            
27/01/25 07:07:36 0063 1                  44.720770 8.864097 00 00 313831323045303230313931            
27/01/25 07:09:03 0064 1                  44.720458 8.864005 00 00 317931323050303030333431            
27/01/25 07:09:37 0065 1                  44.720455 8.864015 00 00 31383132304A30323134B832            
27/01/25 07:09:37 0066 1                  44.720455 8.864015 00 00 31383132304A303231343832            
27/01/25 07:09:50 0067 1                  44.720457 8.864023 00 00 E28069950000400E56E81C64            
27/01/25 07:10:15 0068 1                  44.720452 8.864047 00 00 31383033304D303034373831            
27/01/25 07:11:31 0069 1                  44.720388 8.864020 00 00 31383132304A303231343830            
27/01/25 07:11:44 0070 1                  44.720387 8.864012 00 00 31383132304A303139353139            
27/01/25 07:13:26 0071 1                  44.720752 8.862945 00 00 31383132304A303230363034            
27/01/25 07:15:34 0072 1                  44.721105 8.863010 00 00 313931323050303031323932            
27/01/25 07:21:48 0073 1                  44.720102 8.864370 00 00 313931313030503030313638            
27/01/25 07:22:58 0074 1                  44.720078 8.864105 00 00 31383132304A303138353535            
27/01/25 07:23:59 0075 1                  44.719760 8.864040 00 00 31383132304A303139303938            
27/01/25 07:26:09 0076 1                  44.719347 8.864693 00 00 313931313030503030323636            
27/01/25 07:31:32 0077 1                  44.719433 8.864155 00 00 31383132304A303230303838            
27/01/25 07:32:08 0078 1                  44.719245 8.864197 00 00 31383132304A303139393430            
27/01/25 07:33:16 0079 1                  44.718867 8.864283 00 00 31383132304A303230373330            
27/01/25 07:33:16 0080 1                  44.718867 8.864283 00 00 313931323050303032303534            
27/01/25 07:34:21 0081 1                  44.718372 8.864193 00 00 31383132304A303139333639            
27/01/25 07:36:38 0082 1                  44.714080 8.864017 00 00 31383132304A303139333638            
27/01/25 07:41:35 0083 1                  44.713003 8.868505 00 00 31383132304A303230313035            
27/01/25 07:42:48 0084 1                  44.712445 8.869287 00 00 31383132304A303139313638            
27/01/25 07:42:48 0085 1                  44.712445 8.869287 00 00 31383132304A303139313238            
27/01/25 08:09:40 0086 1                  44.730907 8.850128 00 00 313931313030503030323639            
27/01/25 08:12:19 0087 1                  44.731762 8.848275 00 00 31383132304A303236393331            
27/01/25 08:14:15 0088 1                  44.731962 8.847900 00 00 3035EBE3145E52401E12DB0B            
27/01/25 08:15:33 0089 1                  44.732805 8.846032 00 00 31383132304A303236343830            
27/01/25 08:17:40 0090 1                  44.736950 8.845060 00 00 313931313030503030303936            
27/01/25 08:21:10 0091 1                  44.741877 8.846658 00 00 3230313130304A3030343034            
27/01/25 08:24:04 0092 1                  44.743735 8.845067 00 00 31383132304A303234373135            
27/01/25 08:24:45 0093 1                  44.744347 8.844883 00 00 31383132304A303234373136            
27/01/25 08:28:20 0094 1                  44.747790 8.846632 00 00 313931313030503030313434            
27/01/25 08:30:33 0095 1                  44.748827 8.848462 00 00 3232313130304A3030333339            
27/01/25 08:31:27 0096 1                  44.748828 8.848443 00 00 3233313130304A3030313838            
27/01/25 08:49:50 0097 1                  44.753198 8.845750 00 00 313931313030503030313931            
27/01/25 08:52:34 0098 1                  44.752317 8.845782 00 00 313931313030503030313932            
27/01/25 09:00:37 0099 1                  44.746018 8.849232 00 00 313931323050303131343834            
27/01/25 09:02:29 0100 1                  44.746043 8.848198 00 00 313832343045303034303235            
27/01/25 09:05:31 0101 1                  44.745602 8.846923 00 00 3233313130304A3030313731            
27/01/25 09:07:11 0102 1                  44.745413 8.847105 00 00 313931323050303039383333            
27/01/25 09:09:02 0103 1                  44.744133 8.846575 00 00 313931313030503030333433            
27/01/25 09:09:05 0104 1                  44.744133 8.846575 00 00 30361444045FFD4BAAB2213C            
27/01/25 09:11:01 0105 1                  44.742510 8.846205 00 00 31383132304A303236323734            
27/01/25 09:14:29 0106 1                  44.741475 8.843965 00 00 313832343045303034303438            
27/01/25 09:14:29 0107 1                  44.741475 8.843965 00 00 313931323050303031373931            
27/01/25 09:19:15 0108 1                  44.744437 8.840075 00 00 30340BF8D8562F3321F29804            
27/01/25 09:19:16 0109 1                  44.744437 8.840075 00 00 3232313130304A3030333230            
27/01/25 09:19:16 0110 1                  44.744437 8.840075 00 00 303ACB0340F89060A24ACE59            
27/01/25 09:21:15 0111 1                  44.744583 8.836170 00 00 313931323050303038323036            
27/01/25 09:22:33 0112 1                  44.743670 8.836825 00 00 323031313030503030333033            
27/01/25 09:27:45 0113 1                  44.737393 8.846595 00 00 31383132304A303139393638            
27/01/25 09:30:08 0114 1                  44.735935 8.847588 00 00 313931313030503030333230            
27/01/25 09:34:36 0115 1                  44.730008 8.854673 00 00 313931313030503030333430            
27/01/25 09:35:55 0116 1                  44.730227 8.854440 00 00 313931313030503030323130            
27/01/25 09:38:05 0117 1                  44.730912 8.854727 00 00 313931313030503030323235            
27/01/25 09:38:39 0118 1                  44.730927 8.854713 00 00 3234313130304A3030333131            
27/01/25 09:38:43 0119 1                  44.730922 8.854715 00 00 3234313130304A3030333131            
27/01/25 09:39:27 0120 1                  44.730912 8.854725 00 00 313931313030503030303832            
27/01/25 09:40:15 0121 1                  44.730948 8.854725 00 00 313931313030503030323236            
27/01/25 09:41:11 0122 1                  44.730933 8.854737 00 00 313931313030503030303831            
27/01/25 09:41:55 0123 1                  44.730930 8.854738 00 00 313931313030503030323237            
27/01/25 09:44:26 0124 1                  44.730927 8.854742 00 00 3234313130304A3030333130            
27/01/25 09:44:31 0125 1                  44.730928 8.854742 00 00 3234313130304A3030333130            
27/01/25 09:44:37 0126 1                  44.730930 8.854738 00 00 3234313130304A3030333130            
27/01/25 09:44:47 0127 1                  44.730932 8.854737 00 00 3234313130304A3030333130            
27/01/25 09:46:30 0128 1                  44.730827 8.854005 00 00 313931313030503030313532            
27/01/25 09:48:56 0129 1                  44.731208 8.853742 00 00 31383132304A303139383734            
27/01/25 09:50:23 0130 1                  44.734473 8.853138 00 00 313931323050303039333330            
27/01/25 09:54:23 0131 1                  44.739125 8.853450 00 00 313931323050303038333635            
27/01/25 09:55:14 0132 1                  44.738590 8.853550 00 00 31383132304A303236383437            
27/01/25 09:56:40 0133 1                  44.736528 8.853298 00 00 31383132304A303236383835            
27/01/25 09:58:25 0134 1                  44.739170 8.852888 00 00 31383132304A303139383730            
27/01/25 10:06:02 0135 1                  44.730933 8.849118 00 00 3231313130304A3031373331            
27/01/25 10:08:14 0136 1                  44.730603 8.849900 00 00 3234303234304A3030333736            
27/01/25 10:08:36 0137 1                  44.730620 8.849898 00 00 313832343045303034303530            
27/01/25 11:13:28 0000 s 01511ver01 44.792983 8.739740 00 00
27/01/25 11:21:51 0000 s 01511ver01 44.792585 8.739703 00 00
27/01/25 12:04:00 0000 s 01511ver01 44.792558 8.739923 00 00
27/01/25 13:07:25 0138 1                  0 0 00 00 181122333100033450163145            
