03/11/25 05:18:26 0000 s 01489ver01 44.882332 8.859997 00 00
03/11/25 05:50:49 0001 1                  44.851705 8.817453 00 00 3232303032334D3030343830            
03/11/25 05:51:57 0002 1                  44.849382 8.815992 00 00 3232303234304A3030393432            
03/11/25 05:53:23 0003 1                  44.850267 8.815528 00 00 3235303032334D3030313139            
03/11/25 05:57:18 0004 1                  44.847362 8.815973 00 00 3231303032334D3035333939            
03/11/25 05:59:03 0005 1                  44.846820 8.815920 00 00 3234303032334D3030303334            
03/11/25 06:03:27 0006 1                  44.847505 8.816480 00 00 3231303032334D3031343039            
03/11/25 06:04:30 0007 1                  44.847635 8.817497 00 00 3231303032334D3031333939            
03/11/25 06:04:45 0008 1                  44.847623 8.817482 00 00 3231303032334D3035333537            
03/11/25 06:06:48 0009 1                  44.847830 8.816602 00 00 3231303032334D3035303132            
03/11/25 06:07:35 0010 1                  44.847952 8.817387 00 00 3231303032334D3035343836            
03/11/25 06:08:03 0011 1                  44.847922 8.817402 00 00 3231303032334D3035343838            
03/11/25 06:09:52 0012 1                  44.847923 8.817102 00 00 3231303032334D3035303835            
03/11/25 06:10:05 0013 1                  44.847928 8.817115 00 00 3231303032334D3035303433            
03/11/25 06:12:24 0014 1                  44.848278 8.815930 00 00 313931323050303039313438            
03/11/25 06:12:40 0015 1                  44.848325 8.815940 00 00 3232303032334D3030353939            
03/11/25 06:13:18 0016 1                  44.848487 8.815922 00 00 3231303032334D3035333431            
03/11/25 06:14:40 0017 1                  44.848745 8.815650 00 00 3234303032334D3030333739            
03/11/25 06:15:29 0018 1                  44.848408 8.815515 00 00 3231303032334D3031353036            
03/11/25 06:16:58 0019 1                  44.848073 8.815317 00 00 3231303032334D3031333038            
03/11/25 06:18:12 0020 1                  44.847778 8.815127 00 00 3231303032334D3031333834            
03/11/25 06:18:17 0021 1                  44.847777 8.815120 00 00 3231303032334D3035333332            
03/11/25 06:19:19 0022 1                  44.847612 8.815038 00 00 3231303032334D3031343635            
03/11/25 06:19:30 0023 1                  44.847627 8.815037 00 00 3231303032334D3031373532            
03/11/25 06:20:55 0024 1                  44.847447 8.815010 00 00 3231303132304A3037353336            
03/11/25 06:22:16 0025 1                  44.847222 8.814785 00 00 3231303032334D3035313631            
03/11/25 06:23:52 0026 1                  44.847032 8.813600 00 00 3231303032334D3035303738            
03/11/25 06:23:52 0027 1                  44.847032 8.813600 00 00 3234303032334D3031363535            
03/11/25 06:24:03 0028 1                  44.847027 8.813592 00 00 3231303032334D3031343731            
03/11/25 06:25:35 0029 1                  44.847088 8.812200 00 00 3234303032334D3030323636            
03/11/25 06:26:28 0030 1                  44.847117 8.810967 00 00 3231303032334D3031343836            
03/11/25 06:27:43 0031 1                  44.847632 8.811085 00 00 3233303132304A3032313132            
03/11/25 06:29:09 0032 1                  44.847115 8.810287 00 00 3231303032334D3031343832            
03/11/25 06:31:09 0033 1                  44.846902 8.812707 00 00 3231303032334D3031343835            
03/11/25 06:32:57 0034 1                  44.846817 8.813240 00 00 323030323545303038353035            
03/11/25 06:34:00 0035 1                  44.846662 8.813860 00 00 3231303032334D3035313737            
03/11/25 06:34:42 0036 1                  44.846452 8.813860 00 00 3231303032334D3035313736            
03/11/25 06:36:09 0037 1                  44.846022 8.813560 00 00 3231303032334D3035333334            
03/11/25 06:37:02 0038 1                  44.846120 8.813122 00 00 3231303032334D3031353037            
03/11/25 06:37:54 0039 1                  44.846150 8.812793 00 00 3234303032334D3032303631            
03/11/25 06:40:41 0040 1                  44.847625 8.814162 00 00 3231303032334D3031333938            
03/11/25 06:41:27 0041 1                  44.847768 8.814158 00 00 3233303032334D3030323038            
03/11/25 06:41:46 0042 1                  44.847768 8.814155 00 00 3234303032334D3031373438            
03/11/25 06:41:54 0043 1                  44.847772 8.814143 00 00 3231303032334D3035333935            
03/11/25 06:43:34 0044 1                  44.848065 8.814292 00 00 3231303032334D3035333533            
03/11/25 06:43:58 0045 1                  44.848062 8.814290 00 00 3231303032334D3031343934            
03/11/25 06:46:45 0046 1                  44.846877 8.814317 00 00 3231303032334D3031333634            
03/11/25 06:47:39 0047 1                  44.846383 8.814298 00 00 3231303032334D3035333932            
03/11/25 06:49:45 0048 1                  44.845617 8.813858 00 00 3231303032334D3034343131            
03/11/25 06:50:46 0049 1                  44.844615 8.813240 00 00 3234303032334D3031343236            
03/11/25 06:52:10 0050 1                  44.842048 8.811747 00 00 3232303032334D3030343738            
03/11/25 06:52:24 0051 1                  44.842045 8.811733 00 00 3231303032334D3030363035            
03/11/25 06:55:26 0052 1                  44.841547 8.810660 00 00 3231303032334D3035373039            
03/11/25 06:56:23 0053 1                  44.841487 8.811142 00 00 3231303032334D3031353131            
03/11/25 06:57:40 0054 1                  44.841222 8.811237 00 00 3231303032334D3031343334            
03/11/25 06:59:06 0055 1                  44.840498 8.810783 00 00 3231303032334D3031333830            
03/11/25 06:59:56 0056 1                  44.839728 8.810332 00 00 3231303032334D3031343333            
03/11/25 07:02:12 0057 1                  44.836493 8.807182 00 00 3231303032334D3031343339            
03/11/25 07:02:30 0058 1                  44.836480 8.807090 00 00 3231303032334D3035303434            
03/11/25 07:07:10 0059 1                  44.835422 8.804905 00 00 3231303032334D3031343034            
03/11/25 07:07:59 0060 1                  44.835543 8.804225 00 00 3231303032334D3031333739            
03/11/25 07:17:15 0061 1                  44.837905 8.809402 00 00 3231303032334D3031343336            
03/11/25 07:19:08 0062 1                  44.839623 8.810475 00 00 3234303032334D3030303431            
03/11/25 07:19:23 0063 1                  44.839615 8.810483 00 00 3231303032334D3031343634            
03/11/25 07:20:16 0064 1                  44.839707 8.810550 00 00 3232303234304A3030393432            
03/11/25 07:20:36 0065 1                  44.839897 8.810652 00 00 3231303032334D3031343631            
03/11/25 07:22:52 0066 1                  44.843515 8.812778 00 00 3231303132304A3037353333            
03/11/25 07:23:07 0067 1                  44.843510 8.812777 00 00 3234303032334D3031353837            
03/11/25 07:25:08 0068 1                  44.843862 8.813002 00 00 3234303032334D3030353930            
03/11/25 07:26:36 0069 1                  44.843723 8.814557 00 00 3231303032334D3035333834            
03/11/25 07:27:50 0070 1                  44.843535 8.816923 00 00 3231303032334D3031343136            
03/11/25 07:28:43 0071 1                  44.843393 8.817278 00 00 3231303032334D3035313236            
03/11/25 07:29:34 0072 1                  44.842905 8.818010 00 00 3231303032334D3035313237            
03/11/25 07:31:36 0073 1                  44.840188 8.817983 00 00 3231303032334D3031343633            
03/11/25 07:31:58 0074 1                  44.840207 8.817995 00 00 3231303032334D3035313430            
03/11/25 07:32:02 0075 1                  44.840208 8.817997 00 00 3231303032334D3031333635            
03/11/25 07:34:10 0076 1                  44.840323 8.817188 00 00 3231303032334D3035333735            
03/11/25 07:34:18 0077 1                  44.840325 8.817168 00 00 3231303032334D3035313739            
03/11/25 07:36:21 0078 1                  44.840735 8.816342 00 00 3231303032334D3031343236            
03/11/25 07:36:26 0079 1                  44.840732 8.816340 00 00 3231303032334D3031353337            
03/11/25 07:37:22 0080 1                  44.840135 8.815992 00 00 3231303032334D3031343233            
03/11/25 07:39:23 0081 1                  44.839207 8.813367 00 00 3231303032334D3031343235            
03/11/25 07:41:43 0082 1                  44.839413 8.811232 00 00 3235303032334D3030363130            
03/11/25 07:41:55 0083 1                  44.839413 8.811227 00 00 3232303032334D3031313133            
03/11/25 07:43:27 0084 1                  44.839697 8.809378 00 00 3231303032334D3035313431            
03/11/25 07:45:00 0085 1                  44.840353 8.807122 00 00 3231303032334D3035333338            
03/11/25 07:47:30 0086 1                  44.844167 8.808760 00 00 3232303032334D3031313238            
03/11/25 07:49:06 0087 1                  44.844085 8.808983 00 00 3231303032334D3035313933            
03/11/25 07:49:37 0088 1                  44.844002 8.809432 00 00 3231303032334D3035303136            
03/11/25 07:52:26 0089 1                  44.845845 8.814147 00 00 3232303032334D3031353630            
03/11/25 07:52:37 0090 1                  44.845843 8.814153 00 00 3231303032334D3035323030            
03/11/25 07:52:42 0091 1                  44.845843 8.814155 00 00 3233303032334D3030303936            
03/11/25 07:53:32 0092 1                  44.846527 8.814553 00 00 3235303032334D3030333039            
03/11/25 07:53:53 0093 1                  44.846537 8.814532 00 00 3235303132304A3032303233            
03/11/25 07:54:39 0094 1                  44.846747 8.814680 00 00 3231303032334D3031333836            
03/11/25 07:55:47 0095 1                  44.849317 8.816198 00 00 3231303032334D3035313638            
03/11/25 07:56:40 0096 1                  44.849587 8.816412 00 00 3231303032334D3035313637            
03/11/25 07:57:26 0097 1                  44.849967 8.816622 00 00 3231303032334D3035333331            
03/11/25 07:59:57 0098 1                  44.854973 8.825740 00 00 3231303032334D3031333633            
03/11/25 08:04:12 0099 1                  44.853192 8.817982 00 00 3231303032334D3035313639            
03/11/25 08:05:13 0100 1                  44.853197 8.817397 00 00 3234303032334D3030303131            
03/11/25 08:11:49 0101 1                  44.840903 8.794585 00 00 3231303032334D3035303138            
03/11/25 08:14:00 0102 1                  44.841140 8.801497 00 00 3231303032334D3035303736            
03/11/25 08:15:35 0103 1                  44.840725 8.803088 00 00 3231303032334D3035333534            
03/11/25 08:16:28 0104 1                  44.840870 8.802752 00 00 3231303032334D3031353237            
03/11/25 08:18:21 0105 1                  44.840997 8.802217 00 00 3231303032334D3035333630            
03/11/25 08:24:13 0106 1                  44.855607 8.795798 00 00 3231303032334D3035303533            
03/11/25 08:24:42 0107 1                  44.855557 8.795388 00 00 3231303032334D3035303535            
03/11/25 08:24:55 0108 1                  44.855553 8.795380 00 00 3232303234304A3030393432            
03/11/25 08:25:02 0109 1                  44.855557 8.795370 00 00 3231303032334D3035303536            
03/11/25 08:25:52 0110 1                  44.855437 8.794440 00 00 3231303032334D3035303532            
03/11/25 08:31:31 0111 1                  44.846868 8.813442 00 00 3231303032334D3035303738            
03/11/25 08:34:04 0112 1                  44.834933 8.808135 00 00 313931323050303039313034            
03/11/25 08:34:15 0113 1                  44.834927 8.808153 00 00 31383032334D303035343437            
03/11/25 08:35:18 0114 1                  44.834732 8.809577 00 00 3231303032334D3035303039            
03/11/25 08:35:25 0115 1                  44.834735 8.809582 00 00 3231303032334D3035333936            
03/11/25 08:36:29 0116 1                  44.834655 8.810137 00 00 3231303032334D3035333631            
03/11/25 08:36:40 0117 1                  44.834653 8.810142 00 00 313931323050303039373631            
03/11/25 08:38:55 0118 1                  44.837935 8.815268 00 00 313931323050303039383936            
03/11/25 08:39:12 0119 1                  44.837923 8.815253 00 00 3231303032334D3031333039            
03/11/25 08:46:07 0120 1                  44.832828 8.821970 00 00 31383032334D303037323030            
03/11/25 08:50:36 0121 1                  44.821590 8.822148 00 00 3231303032334D3031333333            
03/11/25 08:53:07 0122 1                  44.817808 8.821833 00 00 3231303032334D3035303431            
03/11/25 08:54:00 0123 1                  44.816935 8.821622 00 00 3234303032334D3032313333            
03/11/25 08:55:27 0124 1                  44.812832 8.820592 00 00 3231303032334D3035333438            
03/11/25 08:56:12 0125 1                  44.812325 8.820443 00 00 3234303032334D3030333231            
03/11/25 08:56:19 0126 1                  44.812317 8.820445 00 00 3231303032334D3031343839            
03/11/25 08:58:30 0127 1                  44.814828 8.826867 00 00 3231303032334D3031333838            
03/11/25 09:00:31 0128 1                  44.817532 8.830960 00 00 3231303032334D3035313738            
03/11/25 09:01:12 0129 1                  44.817655 8.830463 00 00 3231303032334D3035303038            
03/11/25 09:02:01 0130 1                  44.817455 8.831050 00 00 3233303032334D3030333237            
03/11/25 09:02:33 0131 1                  44.817438 8.831205 00 00 3232303032334D3030303432            
03/11/25 09:03:34 0132 1                  44.817550 8.832598 00 00 3231303032334D3035333833            
03/11/25 09:04:46 0133 1                  44.818108 8.833597 00 00 3231303032334D3035333736            
03/11/25 09:04:47 0134 1                  44.818108 8.833597 00 00 3231303032334D3033333938            
03/11/25 09:05:05 0135 1                  44.818122 8.833592 00 00 3231303032334D3035313832            
03/11/25 09:05:40 0136 1                  44.818118 8.833580 00 00 3231303032334D3031353236            
03/11/25 09:06:25 0137 1                  44.818107 8.833595 00 00 3231303032334D3032303930            
03/11/25 09:06:29 0138 1                  44.818107 8.833597 00 00 3231303032334D3031343932            
03/11/25 09:06:34 0139 1                  44.818108 8.833598 00 00 3231303032334D3035333235            
03/11/25 09:07:14 0140 1                  44.818112 8.833627 00 00 3234303032334D3031363839            
03/11/25 09:08:56 0141 1                  44.818682 8.834630 00 00 3231303032334D3035333835            
03/11/25 09:10:21 0142 1                  44.818787 8.834297 00 00 3231303032334D3033333939            
03/11/25 09:11:36 0143 1                  44.817938 8.833105 00 00 3231303032334D3031333131            
03/11/25 09:12:35 0144 1                  44.818088 8.832698 00 00 3231303032334D3035333333            
03/11/25 09:13:30 0145 1                  44.818103 8.832672 00 00 3231303032334D3031343035            
03/11/25 09:14:26 0146 1                  44.818368 8.832660 00 00 3231303032334D3035333637            
03/11/25 09:14:57 0147 1                  44.818350 8.832685 00 00 3231303032334D3035333633            
03/11/25 09:16:53 0148 1                  44.818732 8.832418 00 00 3231303032334D3035333734            
03/11/25 09:17:22 0149 1                  44.818393 8.832470 00 00 313931323050303039353732            
03/11/25 09:19:54 0150 1                  44.820957 8.826242 00 00 3231303032334D3031343031            
03/11/25 09:22:25 0151 1                  44.824712 8.824088 00 00 3235303032334D3030313930            
03/11/25 09:23:08 0152 1                  44.825068 8.823962 00 00 3232303032334D3030323034            
03/11/25 09:25:09 0153 1                  44.832167 8.824070 00 00 3231303032334D3031343237            
03/11/25 09:26:02 0154 1                  44.832267 8.824685 00 00 3231303032334D3031343238            
03/11/25 09:27:35 0155 1                  44.832780 8.830197 00 00 3235303032334D3030353930            
03/11/25 09:30:55 0156 1                  44.829727 8.831157 00 00 3231303032334D3035303037            
03/11/25 09:32:30 0157 1                  44.824403 8.832240 00 00 3235303032334D3030353933            
03/11/25 09:33:09 0158 1                  44.824028 8.832332 00 00 3231303032334D3031333937            
03/11/25 09:34:12 0159 1                  44.820362 8.832355 00 00 3231303032334D3035333433            
03/11/25 09:34:30 0160 1                  44.820328 8.832362 00 00 3231303032334D3035333434            
03/11/25 09:38:32 0161 1                  44.837473 8.832225 00 00 3231303032334D3035303230            
03/11/25 09:48:45 0162 1                  44.849212 8.816288 00 00 3231303032334D3035313638            
03/11/25 10:20:21 0163 1                  44.920663 8.853377 00 00 30300001910775000000FEAA            
03/11/25 10:32:15 0164 1                  44.891972 8.860870 00 00 25705569A6B85B2201C70E32            
03/11/25 10:33:52 0165 1                  44.884927 8.858885 00 00 156462422141576110000000            
03/11/25 10:48:07 0000 s 01489ver01 44.882265 8.860177 00 00
03/11/25 10:48:20 0166 1                  44.882213 8.860053 00 00 3232303234304A3030393432            
