28/01/25 04:16:43 0000 s 01513ver01 44.792682 8.739487 00 00
28/01/25 05:09:34 0000 s 01513ver01 44.792717 8.740108 00 00
28/01/25 05:28:03 0001 1                  44.735388 8.832268 00 00 3234303032334D3031333736            
28/01/25 05:34:33 0002 1                  44.731975 8.841897 00 00 3231303132304A3037363231            
28/01/25 05:38:38 0003 1                  44.730843 8.841757 00 00 3231303032334D3035353137            
28/01/25 05:41:14 0004 1                  44.730760 8.841797 00 00 300ED89F3350014A1DFC74F5            
28/01/25 05:42:37 0005 1                  44.730892 8.842015 00 00 3231303234304A3034333631            
28/01/25 05:44:06 0006 1                  44.730910 8.842303 00 00 3231303132304A3037343133            
28/01/25 05:51:20 0007 1                  44.732468 8.841218 00 00 300ED89F3350014A1DFC74F5            
28/01/25 05:51:27 0008 1                  44.732465 8.841228 00 00 3231303132304A3037363133            
28/01/25 05:56:36 0009 1                  44.732518 8.841138 00 00 3231303132304A3037363039            
28/01/25 05:57:22 0010 1                  44.732517 8.841143 00 00 3231303132304A3037363131            
28/01/25 05:57:28 0011 1                  44.732518 8.841140 00 00 3231303132304A3037363132            
28/01/25 06:03:20 0012 1                  44.731792 8.840147 00 00 31383032334D303131313835            
28/01/25 06:04:01 0013 1                  44.731935 8.839613 00 00 31383032334D303039343437            
28/01/25 06:06:55 0014 1                  44.730932 8.843612 00 00 31383132304A303039323138            
28/01/25 06:08:34 0015 1                  44.730657 8.843710 00 00 000000000000000005074464            
28/01/25 06:09:13 0016 1                  44.730367 8.843320 00 00 31383234304A303030323039            
28/01/25 06:11:50 0017 1                  44.729902 8.843552 00 00 31383032334D303134353338            
28/01/25 06:12:31 0018 1                  44.729858 8.843657 00 00 31383032334D303134353438            
28/01/25 06:13:55 0019 1                  44.729965 8.842607 00 00 31383032334D303134373433            
28/01/25 06:14:44 0020 1                  44.730087 8.842332 00 00 31383032334D303135343939            
28/01/25 06:14:54 0021 1                  44.730080 8.842310 00 00 323030323545303038303733            
28/01/25 06:16:11 0022 1                  44.730013 8.842940 00 00 31383032334D303134373236            
28/01/25 06:16:13 0023 1                  44.730013 8.842937 00 00 31383032334D303134373236            
28/01/25 06:20:20 0024 1                  44.729618 8.850773 00 00 300ED89F3350014A1DFC74F5            
28/01/25 06:20:30 0025 1                  44.729612 8.850770 00 00 300ED89F335000800146A238            
28/01/25 06:20:47 0026 1                  44.729593 8.850758 00 00 31383234304A303030333134            
28/01/25 06:23:16 0027 1                  44.728965 8.851558 00 00 31383032334D303134363437            
28/01/25 06:24:14 0028 1                  44.729083 8.851488 00 00 323032343055303030303239            
28/01/25 06:25:40 0029 1                  44.729010 8.851955 00 00 3231303132304A3037373739            
28/01/25 06:27:08 0030 1                  44.728852 8.852240 00 00 31383032334D303139353739            
28/01/25 06:28:26 0031 1                  44.728267 8.852758 00 00 3231303234304A3034323637            
28/01/25 06:28:35 0032 1                  44.728275 8.852777 00 00 3231303234304A3034353834            
28/01/25 06:30:13 0033 1                  44.728233 8.852628 00 00 323031323055303030303739            
28/01/25 06:30:20 0034 1                  44.728227 8.852628 00 00 323031323055303030303637            
28/01/25 06:31:04 0035 1                  44.728242 8.852655 00 00 323031323055303030303931            
28/01/25 06:31:23 0036 1                  44.728260 8.852655 00 00 31383234304A303030323033            
28/01/25 06:33:31 0037 1                  44.728192 8.852568 00 00 3231303234304A3034333639            
28/01/25 06:33:39 0038 1                  44.728187 8.852568 00 00 3231303234304A3034353438            
28/01/25 06:37:11 0039 1                  44.731572 8.844067 00 00 31383032334D303131313832            
28/01/25 06:41:09 0040 1                  44.730057 8.844238 00 00 31383032334D303130333537            
28/01/25 06:41:59 0041 1                  44.729948 8.844473 00 00 31383032334D303131313834            
28/01/25 06:42:05 0042 1                  44.729950 8.844477 00 00 31383032334D303131303337            
28/01/25 06:42:57 0043 1                  44.729762 8.844762 00 00 71383832334D303134353436            
28/01/25 06:43:54 0044 1                  44.729187 8.845822 00 00 3231303132304A3037343433            
28/01/25 06:44:24 0045 1                  44.729198 8.845852 00 00 323031323055303030313135            
28/01/25 06:46:53 0046 1                  44.728618 8.845873 00 00 3233303032334D3030343134            
28/01/25 06:47:01 0047 1                  44.728610 8.845872 00 00 31383032334D303134353434            
28/01/25 06:47:45 0048 1                  44.728878 8.846265 00 00 31383032334D303037383238            
28/01/25 06:48:31 0049 1                  44.728562 8.846765 00 00 31383032334D303130303232            
28/01/25 06:48:37 0050 1                  44.728568 8.846778 00 00 31383032334D303139363035            
28/01/25 06:48:41 0051 1                  44.728572 8.846788 00 00 3234303032334D3030393937            
28/01/25 06:48:49 0052 1                  44.728572 8.846798 00 00 31383032334D303130303231            
28/01/25 06:48:51 0053 1                  44.728572 8.846798 00 00 3232303032334D3030363936            
28/01/25 06:49:04 0054 1                  44.728567 8.846798 00 00 31383032334D303037363635            
28/01/25 06:49:12 0055 1                  44.728570 8.846807 00 00 31383032334D303037363339            
28/01/25 06:49:38 0056 1                  44.728578 8.846818 00 00 3231303132304A3037353439            
28/01/25 06:50:47 0057 1                  44.728587 8.846810 00 00 300ED89F3350014A1DFC74F5            
28/01/25 06:50:58 0000 s 01513ver01 44.728580 8.846818 00 00
28/01/25 06:51:16 0058 1                  44.728575 8.846815 00 00 31383032334D303037363339            
28/01/25 06:51:21 0059 1                  44.728587 8.846823 00 00 31383032334D303130303232            
28/01/25 06:51:24 0060 1                  44.728590 8.846822 00 00 3231303132304A3037353439            
28/01/25 06:51:31 0061 1                  44.728597 8.846818 00 00 300ED89F3350014A1DFC74F5            
28/01/25 06:53:26 0062 1                  44.728687 8.847370 00 00 31383032334D303037373736            
28/01/25 06:53:31 0063 1                  44.728687 8.847380 00 00 31383032334D303037363330            
28/01/25 06:53:43 0064 1                  44.728698 8.847390 00 00 31383032334D303031373935            
28/01/25 06:53:43 0065 1                  44.728698 8.847390 00 00 31383032334D303031373935            
28/01/25 06:53:59 0066 1                  44.728722 8.847378 00 00 31383032334D703031373935            
28/01/25 06:53:59 0067 1                  44.728722 8.847378 00 00 31383032334D303131313433            
28/01/25 06:54:51 0068 1                  44.728028 8.847417 00 00 31383032334D303130313835            
28/01/25 06:55:06 0069 1                  44.727948 8.847465 00 00 31383032334D303130313833            
28/01/25 06:55:07 0070 1                  44.727948 8.847465 00 00 3232303032334D3030323733            
28/01/25 06:56:00 0071 1                  44.727893 8.847748 00 00 31383032334D303535313131            
28/01/25 06:56:06 0072 1                  44.727900 8.847760 00 00 31383032334D303037383937            
28/01/25 06:56:42 0073 1                  44.727658 8.848203 00 00 31383032334D303130303532            
28/01/25 06:56:48 0074 1                  44.727658 8.848198 00 00 31383032334D303130313632            
28/01/25 06:56:52 0075 1                  44.727658 8.848200 00 00 31383032334D303130313638            
28/01/25 06:57:25 0076 1                  44.727523 8.848403 00 00 31383032334D303130333138            
28/01/25 06:57:32 0077 1                  44.727522 8.848400 00 00 3232303032334D3031343338            
28/01/25 06:57:39 0078 1                  44.727518 8.848400 00 00 31383032334D303037363936            
28/01/25 06:58:37 0079 1                  44.727885 8.847272 00 00 31383032334D303134363139            
28/01/25 06:58:54 0080 1                  44.727932 8.847180 00 00 3234303032334D3032333136            
28/01/25 06:59:10 0081 1                  44.727953 8.847180 00 00 31383032334D303134363137            
28/01/25 07:01:08 0082 1                  44.728112 8.846843 00 00 31383032334D303134363434            
28/01/25 07:01:42 0083 1                  44.728113 8.846812 00 00 31383032334D303134363433            
28/01/25 07:03:42 0084 1                  44.726933 8.849857 00 00 25705569A686679232C30DB1            
28/01/25 07:04:20 0085 1                  44.727117 8.850030 00 00 31383032334D303134383935            
28/01/25 07:04:24 0086 1                  44.727117 8.850030 00 00 323030323545303033333831            
28/01/25 07:05:59 0087 1                  44.726745 8.849907 00 00 31383032334D303134363336            
28/01/25 07:06:04 0088 1                  44.726745 8.849905 00 00 31383032334D303134373534            
28/01/25 07:06:10 0089 1                  44.726743 8.849900 00 00 31383032334D303134363135            
28/01/25 07:06:16 0090 1                  44.726743 8.849897 00 00 3234303032334D3030383538            
28/01/25 07:06:20 0091 1                  44.726743 8.849895 00 00 31383032334D303134373537            
28/01/25 07:06:31 0092 1                  44.726742 8.849890 00 00 31383032334D303134373538            
28/01/25 07:07:24 0093 1                  44.726512 8.849835 00 00 31383032334D303134373535            
28/01/25 07:09:02 0094 1                  44.727337 8.849568 00 00 31383032334D303130323732            
28/01/25 07:09:10 0095 1                  44.727330 8.849562 00 00 31383032334D303130313231            
28/01/25 07:09:37 0096 1                  44.727317 8.849540 00 00 31383032334D303130323939            
28/01/25 07:10:03 0097 1                  44.727285 8.849557 00 00 31383032334D303130323731            
28/01/25 07:10:03 0098 1                  44.727285 8.849557 00 00 31383032334D303130323731            
28/01/25 07:10:03 0099 1                  44.727285 8.849557 00 00 31383032334D303035313237            
28/01/25 07:10:03 0100 1                  44.727285 8.849557 00 00 31383032334D303035313237            
28/01/25 07:10:04 0101 1                  44.727285 8.849557 00 00 31383032334D303130313231            
28/01/25 07:10:04 0102 1                  44.727285 8.849557 00 00 31383032334D303130313231            
28/01/25 07:14:49 0103 1                  44.728812 8.850710 00 00 3234303032334D3030373032            
28/01/25 07:14:52 0104 1                  44.728818 8.850703 00 00 3231303032334D3031383736            
28/01/25 07:15:04 0105 1                  44.728858 8.850653 00 00 31383032334D303033393931            
28/01/25 07:15:18 0106 1                  44.728883 8.850613 00 00 31383032334D303039323334            
28/01/25 07:15:20 0107 1                  44.728885 8.850608 00 00 31383032334D303130393933            
28/01/25 07:15:50 0108 1                  44.728902 8.850533 00 00 31383234304A303030333933            
28/01/25 07:16:19 0109 1                  44.728922 8.850498 00 00 300ED89F3350014A1DFC74F5            
28/01/25 07:17:27 0110 1                  44.729373 8.850248 00 00 31383032334D303130397438            
28/01/25 07:17:27 0111 1                  44.729373 8.850248 00 00 31383032334D303130393438            
28/01/25 07:17:36 0112 1                  44.729382 8.850213 00 00 31383032334D303134373630            
28/01/25 07:17:46 0113 1                  44.729392 8.850182 00 00 3234303032334D3030313933            
28/01/25 07:18:53 0114 1                  44.729260 8.850292 00 00 31383234304A303030333936            
28/01/25 07:20:36 0115 1                  44.728440 8.850262 00 00 31383032334D303037393832            
28/01/25 07:22:10 0116 1                  44.727050 8.848600 00 00 31383032334D303131303130            
28/01/25 07:22:44 0117 1                  44.727037 8.848568 00 00 323030323545303030323730            
28/01/25 07:24:32 0118 1                  44.727043 8.848040 00 00 31383032334D303131303033            
28/01/25 07:24:59 0119 1                  44.727085 8.847998 00 00 31383032334D303130383339            
28/01/25 07:26:02 0120 1                  44.726452 8.847700 00 00 31383032334D303134363736            
28/01/25 07:28:07 0121 1                  44.728320 8.848928 00 00 300ED89F3350014A1DFC74F5            
28/01/25 07:28:17 0122 1                  44.728323 8.848960 00 00 3231303132304A3037353335            
28/01/25 07:29:23 0123 1                  44.728572 8.848298 00 00 31383032334D303037363935            
28/01/25 07:29:24 0124 1                  44.728572 8.848295 00 00 31383032334D303037363934            
28/01/25 07:29:37 0125 1                  44.728578 8.848267 00 00 31383032334D303037363933            
28/01/25 07:31:03 0126 1                  44.728912 8.848498 00 00 31383032334D303134373939            
28/01/25 07:31:56 0127 1                  44.728842 8.847910 00 00 31383032334D303037363932            
28/01/25 07:35:14 0128 1                  44.729813 8.847797 00 00 31383032334D303134343431            
28/01/25 07:36:22 0129 1                  44.729992 8.847477 00 00 31383032334D303038303730            
28/01/25 07:36:27 0130 1                  44.730002 8.847462 00 00 31383032334D303038303731            
28/01/25 07:37:33 0131 1                  44.730083 8.847352 00 00 31383032334D303038303732            
28/01/25 07:40:10 0132 1                  44.730245 8.847150 00 00 31383032334D303038323135            
28/01/25 07:40:32 0133 1                  44.730252 8.847135 00 00 31383032334D303036343436            
28/01/25 07:40:35 0134 1                  44.730252 8.847135 00 00 31383032334D303134343032            
28/01/25 07:40:47 0135 1                  44.730248 8.847137 00 00 31383032334D303033393432            
28/01/25 07:41:29 0136 1                  44.730403 8.846888 00 00 31383032334D303038323133            
28/01/25 07:42:38 0137 1                  44.730512 8.846647 00 00 31383032334D303139353839            
28/01/25 07:42:46 0138 1                  44.730512 8.846632 00 00 31383032334D303038323132            
28/01/25 07:43:55 0139 1                  44.730687 8.846398 00 00 31383032334D303038303938            
28/01/25 07:43:55 0140 1                  44.730687 8.846398 00 00 31383032334D303038303734            
28/01/25 07:44:44 0141 1                  44.730895 8.846130 00 00 31383032334D303038303937            
28/01/25 07:46:55 0142 1                  44.729143 8.847412 00 00 31383032334D303037383431            
28/01/25 07:47:07 0143 1                  44.729130 8.847442 00 00 3232303032334D3030373934            
28/01/25 07:48:20 0144 1                  44.729235 8.847285 00 00 31383032334D303134343737            
28/01/25 07:49:00 0145 1                  44.729503 8.846878 00 00 31383032334D303134343137            
28/01/25 07:49:23 0146 1                  44.729537 8.846877 00 00 31383032334D303134343F36            
28/01/25 07:50:42 0147 1                  44.729813 8.846462 00 00 3234303032334D3030383832            
28/01/25 07:50:52 0148 1                  44.729808 8.846460 00 00 3232303032334D3031373234            
28/01/25 07:51:12 0149 1                  44.729928 8.846328 00 00 534D5004E700010137303236            
28/01/25 07:51:38 0150 1                  44.729918 8.846315 00 00 31383032334D303134353337            
28/01/25 07:52:06 0151 1                  44.729915 8.846293 00 00 3234303032334D3030393435            
28/01/25 07:53:22 0152 1                  44.729917 8.846308 00 00 534D5004E700010137303236            
28/01/25 07:54:05 0153 1                  44.730135 8.845878 00 00 31383032334D303037373238            
28/01/25 07:54:12 0154 1                  44.730135 8.845868 00 00 31383032334D303033393439            
28/01/25 07:54:15 0155 1                  44.730135 8.845867 00 00 31383032334D303139333631            
28/01/25 07:54:22 0156 1                  44.730133 8.845860 00 00 31383032334D303033373439            
28/01/25 07:54:22 0157 1                  44.730133 8.845860 00 00 3234303032334D3032333638            
28/01/25 07:54:38 0158 1                  44.730127 8.845847 00 00 31383032334D303033363634            
28/01/25 07:54:45 0159 1                  44.730125 8.845842 00 00 3234303032334D3030353738            
28/01/25 07:56:17 0160 1                  44.730465 8.845277 00 00 31383032334D303033383637            
28/01/25 07:56:26 0161 1                  44.730468 8.845262 00 00 31383032334D303033383935            
28/01/25 07:56:36 0162 1                  44.730477 8.845242 00 00 31383032334D303139333039            
28/01/25 07:57:22 0163 1                  44.730565 8.845100 00 00 31383032334D303134363432            
28/01/25 07:57:28 0164 1                  44.730555 8.845107 00 00 31383032334D303134343930            
28/01/25 07:57:39 0165 1                  44.730533 8.845115 00 00 31383032334D303134363431            
28/01/25 07:57:43 0166 1                  44.730530 8.845112 00 00 31383032334D303033383636            
28/01/25 07:59:28 0167 1                  44.730688 8.844828 00 00 31383032334D303130383930            
28/01/25 08:00:11 0168 1                  44.730730 8.844193 00 00 31383032334D303135313434            
28/01/25 08:00:20 0169 1                  44.730723 8.844177 00 00 323030323545303033383734            
28/01/25 08:01:50 0170 1                  44.729438 8.844068 00 00 31383032334D303130333034            
28/01/25 08:02:07 0171 1                  44.729422 8.844072 00 00 31383032334D303134363739            
28/01/25 08:03:15 0172 1                  44.729225 8.844303 00 00 313C3032334D303134373436            
28/01/25 08:03:51 0173 1                  44.729098 8.844510 00 00 31383032334D303134373435            
28/01/25 08:04:26 0174 1                  44.729167 8.844193 00 00 000000000000000015960780            
28/01/25 08:04:42 0175 1                  44.729080 8.843988 00 00 323030323545303033363739            
28/01/25 08:04:47 0176 1                  44.729082 8.843973 00 00 31383032334D303038313130            
28/01/25 08:04:54 0177 1                  44.729087 8.843955 00 00 31383032334D303130303539            
28/01/25 08:08:39 0178 1                  44.728632 8.843748 00 00 31383032334D303130383133            
28/01/25 08:08:46 0179 1                  44.728632 8.843747 00 00 31383032334D303130383138            
28/01/25 08:08:47 0180 1                  44.728632 8.843747 00 00 31383032334D303130383138            
28/01/25 08:09:17 0181 1                  44.728497 8.843702 00 00 31383032334D303134363331            
28/01/25 08:09:50 0182 1                  44.728453 8.843663 00 00 31383032334D303130323930            
28/01/25 08:12:23 0183 1                  44.727465 8.843378 00 00 31383032334D303130383132            
28/01/25 08:13:17 0184 1                  44.727483 8.842817 00 00 31383032334D303134343639            
28/01/25 08:13:24 0185 1                  44.727480 8.842815 00 00 31383032334D303134343730            
28/01/25 08:16:35 0186 1                  44.727082 8.842545 00 00 31383032334D303134373835            
28/01/25 08:17:20 0187 1                  44.726763 8.842970 00 00 31383032334D303134343738            
28/01/25 08:17:35 0188 1                  44.726762 8.843007 00 00 31383032334D303134383030            
28/01/25 08:18:52 0189 1                  44.727240 8.844157 00 00 31383032335D303134363438            
28/01/25 08:19:41 0190 1                  44.726750 8.844225 00 00 31383032334D303134353530            
28/01/25 08:19:48 0191 1                  44.726745 8.844243 00 00 31383032334D303134343837            
28/01/25 08:20:22 0192 1                  44.726618 8.844197 00 00 3138B032334DB03134343834            
28/01/25 08:20:22 0193 1                  44.726618 8.844197 00 00 31383032334DB03134343834            
28/01/25 08:20:32 0194 1                  44.726610 8.844202 00 00 3233303032334D3030323532            
28/01/25 08:21:33 0195 1                  44.725902 8.843987 00 00 31383032334D303134343831            
28/01/25 08:23:10 0196 1                  44.727118 8.844697 00 00 31383032334D303134363530            
28/01/25 08:26:09 0197 1                  44.725887 8.845198 00 00 31383032334D303134363937            
28/01/25 08:26:23 0198 1                  44.725898 8.845200 00 00 31383032334D303134363936            
28/01/25 08:27:01 0199 1                  44.726390 8.845403 00 00 31383032334D303134363939            
28/01/25 08:28:50 0200 1                  44.725835 8.845600 00 00 31383032334D303134373634            
28/01/25 08:29:43 0201 1                  44.725600 8.845520 00 00 31383032334D303134373633            
28/01/25 08:29:51 0202 1                  44.725602 8.845517 00 00 31383032334D303134363032            
28/01/25 08:32:59 0203 1                  44.728125 8.845228 00 00 31383032334D303134343530            
28/01/25 08:33:28 0204 1                  44.728245 8.845032 00 00 31383032334D303134343531            
28/01/25 08:35:19 0205 1                  44.727772 8.845460 00 00 31383032334D303036353739            
28/01/25 08:37:24 0206 1                  44.727797 8.845660 00 00 31383032334D303038303536            
28/01/25 08:39:38 0207 1                  44.727670 8.845912 00 00 31383032334D303134343532            
28/01/25 08:40:20 0208 1                  44.727333 8.846312 00 00 31383032334D303134353633            
28/01/25 08:41:05 0209 1                  44.727202 8.846512 00 00 31383032334D303134353635            
28/01/25 08:42:15 0210 1                  44.726943 8.846910 00 00 31383032334D303038323438            
28/01/25 08:43:07 0211 1                  44.726815 8.847143 00 00 31383032334D303134363732            
28/01/25 08:43:45 0212 1                  44.726740 8.847317 00 00 31383032334D303134373937            
28/01/25 08:44:34 0213 1                  44.726617 8.847423 00 00 31383032334D303134363733            
28/01/25 08:49:19 0214 1                  44.723365 8.838333 00 00 31383032334D303134373933            
28/01/25 08:51:02 0215 1                  44.723605 8.838357 00 00 31383132304A303039313332            
28/01/25 08:51:05 0216 1                  44.723618 8.838383 00 00 31160C6C6947024D21000000            
28/01/25 09:01:26 0217 1                  44.718693 8.830673 00 00 31383032334D303130303735            
28/01/25 09:09:34 0218 1                  44.725413 8.836480 00 00 31383132304A303039303537            
28/01/25 09:10:40 0000 s 01513ver01 44.725442 8.836482 00 00
28/01/25 09:11:08 0219 1                  44.725453 8.836480 00 00 31383132304A303039303537            
28/01/25 09:13:47 0220 1                  44.727092 8.840245 00 00 31383234304A303030333537            
28/01/25 09:13:55 0221 1                  44.727092 8.840250 00 00 31383234304A303030333538            
28/01/25 09:23:24 0222 1                  44.732825 8.831290 00 00 300ED89F3350014A1DFC74F5            
28/01/25 09:23:30 0223 1                  44.732820 8.831292 00 00 3231303234304A3034333834            
28/01/25 09:23:44 0224 1                  44.732808 8.831295 00 00 323031323055303030303939            
28/01/25 09:24:52 0225 1                  44.732808 8.831367 00 00 323032343055303030303632            
28/01/25 09:26:52 0226 1                  44.732650 8.832003 00 00 3231303234304A3034333330            
28/01/25 09:40:55 0000 s 01513ver01 44.732610 8.832030 00 00
28/01/25 09:42:46 0227 1                  44.735693 8.830702 00 00 300ED89F3350014A1DFC74F5            
28/01/25 09:42:50 0228 1                  44.735697 8.830700 00 00 3231303234304A3031303838            
28/01/25 09:43:04 0229 1                  44.735707 8.830700 00 00 323031323055303030303937            
28/01/25 09:44:14 0230 1                  44.735682 8.830685 00 00 323031323055303030303936            
28/01/25 09:46:13 0231 1                  44.735667 8.830695 00 00 3231303132304A3037363137            
28/01/25 10:24:00 0000 s 01513ver01 44.792782 8.739553 00 00
