04/11/25 10:37:17 0000 s 01497ver01 44.779127 8.755855 00 00
04/11/25 11:03:05 0001 1                  44.836162 8.609202 00 00 313831323045303231373930            
04/11/25 11:05:07 0002 1                  44.837115 8.606463 00 00 313831323045303233343634            
04/11/25 11:07:56 0003 1                  44.836678 8.600665 00 00 313831323045303232323332            
04/11/25 11:09:03 0004 1                  44.836665 8.600670 00 00 313831313030533031303130            
04/11/25 11:09:03 0005 1                  44.836665 8.600670 00 00 300833B2DDD9014000000000            
04/11/25 11:14:20 0006 1                  44.841382 8.591415 00 00 3231313130304A3031363539            
04/11/25 11:17:59 0007 1                  44.841027 8.588447 00 00 313831323045303230333534            
04/11/25 11:17:59 0008 1                  44.841027 8.588447 00 00 313831323045303233363239            
04/11/25 11:18:00 0009 1                  44.841027 8.588447 00 00 3034DFCA8429DD40000013D7            
04/11/25 11:20:19 0010 1                  44.841157 8.589157 00 00 313931323050303037383636            
04/11/25 11:23:50 0011 1                  44.841407 8.589000 00 00 313831313030533030313236            
04/11/25 11:31:37 0012 1                  44.841490 8.586890 00 00 3235303132304A3030393937            
04/11/25 11:32:50 0013 1                  44.841638 8.586558 00 00 313831323045303233363035            
04/11/25 11:32:51 0014 1                  44.841642 8.586562 00 00 300833B2DDD9014000000000            
04/11/25 11:33:57 0015 1                  44.841602 8.586562 00 00 31383132304A303230303330            
04/11/25 11:35:35 0016 1                  44.841755 8.585838 00 00 3235303132304A3032323133            
04/11/25 11:35:35 0017 1                  44.841755 8.585838 00 00 3234303132304A3030393536            
04/11/25 11:37:36 0018 1                  44.841937 8.585220 00 00 313931323050303037383433            
04/11/25 11:37:42 0019 1                  44.841935 8.585220 00 00 3034DFCA8429DD40000013D7            
04/11/25 11:39:26 0020 1                  44.841752 8.584393 00 00 313931323050303036393431            
04/11/25 11:41:10 0021 1                  44.842227 8.585592 00 00 313831323045303231333036            
04/11/25 11:41:11 0022 1                  44.842227 8.585592 00 00 313831323045303231363734            
04/11/25 11:42:58 0023 1                  44.842345 8.586445 00 00 313931323050303030333731            
04/11/25 11:43:41 0024 1                  44.842348 8.586468 00 00 3235303132304A3032303532            
04/11/25 11:45:19 0025 1                  44.842398 8.586918 00 00 3234303132304A3030343335            
04/11/25 11:47:17 0026 1                  44.842422 8.587272 00 00 313831323045303230373839            
04/11/25 11:48:35 0027 1                  44.842475 8.587890 00 00 3235303132304A3030383036            
04/11/25 11:48:37 0028 1                  44.842468 8.587890 00 00 313831323045303232333532            
04/11/25 11:49:10 0029 1                  44.842445 8.587913 00 00 313831323045303230373731            
04/11/25 11:49:25 0030 1                  44.842460 8.587923 00 00 3039606303C1A400006575B3            
04/11/25 11:50:32 0031 1                  44.842520 8.588537 00 00 313831323045303139393431            
04/11/25 11:50:32 0032 1                  44.842520 8.588537 00 00 313831323045303230373836            
04/11/25 11:52:33 0033 1                  44.843703 8.589263 00 00 313831313030533031313035            
04/11/25 11:53:59 0034 1                  44.843240 8.589057 00 00 313831323045303139373033            
04/11/25 11:55:17 0035 1                  44.843463 8.588697 00 00 313831323045303233353834            
04/11/25 11:56:59 0036 1                  44.843400 8.588247 00 00 313931323050303037343632            
04/11/25 11:58:39 0037 1                  44.843350 8.587775 00 00 313831323045303233363736            
04/11/25 11:58:40 0038 1                  44.843350 8.587775 00 00 313831323045303233383430            
04/11/25 11:59:57 0039 1                  44.843313 8.587285 00 00 313931323050303037343834            
04/11/25 12:01:21 0040 1                  44.843312 8.586477 00 00 313831323045303234303132            
04/11/25 12:03:10 0041 1                  44.843193 8.585890 00 00 313831323045303234303237            
04/11/25 12:05:48 0042 1                  44.843118 8.584903 00 00 313831323045303234303736            
04/11/25 12:05:48 0043 1                  44.843118 8.584903 00 00 313831323045303139393337            
04/11/25 12:08:22 0044 1                  44.843180 8.584387 00 00 313831323045303233303334            
04/11/25 12:08:29 0045 1                  44.843193 8.584390 00 00 313831323045303233323431            
04/11/25 12:09:19 0046 1                  44.843137 8.584358 00 00 313931323050303130363735            
04/11/25 12:10:55 0047 1                  44.843100 8.583922 00 00 313831323045303234303834            
04/11/25 12:12:41 0048 1                  44.843023 8.583565 00 00 313831323045303234303830            
04/11/25 12:18:33 0049 1                  44.843003 8.583585 00 00 3235303132304A3030373234            
04/11/25 12:20:16 0050 1                  44.843087 8.582332 00 00 313831323045303234313338            
04/11/25 12:20:17 0051 1                  44.843087 8.582332 00 00 3234303132304A3032323638            
04/11/25 12:21:09 0052 1                  44.843088 8.582312 00 00 313931323050303034383038            
04/11/25 12:21:10 0053 1                  44.843090 8.582312 00 00 3234303132304A3030343034            
04/11/25 12:22:19 0054 1                  44.843283 8.582453 00 00 31383033304D303034343839            
04/11/25 12:22:30 0055 1                  44.843295 8.582478 00 00 31383033304D303034343932            
04/11/25 12:22:52 0056 1                  44.843333 8.582507 00 00 313831323045303230393530            
04/11/25 12:23:55 0057 1                  44.843632 8.582707 00 00 313831323045303232373737            
04/11/25 12:25:28 0058 1                  44.844433 8.583645 00 00 3234303132304A3033303432            
04/11/25 12:25:30 0059 1                  44.844433 8.583647 00 00 3234303132304A3033303431            
04/11/25 12:26:56 0060 1                  44.844047 8.584135 00 00 313831323045303232343735            
04/11/25 12:30:24 0061 1                  44.843528 8.584780 00 00 313831323045303232343430            
04/11/25 12:30:25 0062 1                  44.843538 8.584785 00 00 313831323045303139393739            
04/11/25 12:31:03 0063 1                  44.843523 8.584782 00 00 313831323045303230303830            
04/11/25 12:32:48 0064 1                  44.844758 8.583445 00 00 313831323045303230303039            
04/11/25 12:34:08 0065 1                  44.845468 8.582382 00 00 313831323045303234303836            
04/11/25 12:34:32 0066 1                  44.845477 8.582292 00 00 30396061C1012D40000B43CC            
04/11/25 12:35:50 0067 1                  44.845678 8.581873 00 00 313831323045303232343437            
04/11/25 12:35:51 0068 1                  44.845677 8.581872 00 00 313831323045303232343434            
04/11/25 12:37:36 0069 1                  44.845823 8.581392 00 00 3234303132304A3030333632            
04/11/25 12:39:47 0070 1                  44.846252 8.580835 00 00 313831323045303232383133            
04/11/25 12:39:47 0071 1                  44.846252 8.580835 00 00 313831323045303232303533            
04/11/25 12:41:21 0072 1                  44.846237 8.580802 00 00 313831323045303232313332            
04/11/25 12:42:53 0073 1                  44.845763 8.580775 00 00 3234303132304A3032323832            
04/11/25 12:44:54 0074 1                  44.845552 8.580743 00 00 313831323045303232373430            
04/11/25 12:44:54 0075 1                  44.845552 8.580743 00 00 313931323050303132323437            
04/11/25 12:46:45 0076 1                  44.845362 8.580693 00 00 313831323045303138383634            
04/11/25 12:49:32 0077 1                  44.844893 8.580613 00 00 313831313030533031313335            
04/11/25 12:51:52 0078 1                  44.844680 8.580602 00 00 313831313030533031303936            
04/11/25 12:51:52 0079 1                  44.844680 8.580602 00 00 30396062438669C23DEFD7CD            
04/11/25 12:52:44 0080 1                  44.844678 8.580630 00 00 313831323045303234323439            
04/11/25 12:54:38 0081 1                  44.844450 8.580423 00 00 313831323045303230363830            
04/11/25 12:54:40 0082 1                  44.844452 8.580417 00 00 313831323045303234333834            
04/11/25 12:58:16 0083 1                  44.842555 8.581578 00 00 313831323045303231353935            
04/11/25 12:58:16 0084 1                  44.842555 8.581578 00 00 313831323045303233373236            
04/11/25 12:59:07 0085 1                  44.842702 8.581648 00 00 31383132304A303230343533            
04/11/25 12:59:07 0086 1                  44.842702 8.581648 00 00 313831323045303139303531            
04/11/25 13:00:06 0087 1                  44.842693 8.581607 00 00 313831323045303233383933            
04/11/25 13:02:38 0088 1                  44.842500 8.581272 00 00 313831323045303236323539            
04/11/25 13:02:39 0089 1                  44.842485 8.581268 00 00 3233303132304A3030373234            
04/11/25 13:04:30 0090 1                  44.842560 8.580968 00 00 313831323045303232373736            
04/11/25 13:04:35 0091 1                  44.842557 8.580965 00 00 313831323045303232353639            
04/11/25 13:06:43 0092 1                  44.842603 8.580565 00 00 3234303132304A3032323335            
04/11/25 13:06:45 0093 1                  44.842593 8.580562 00 00 3234303132304A3033323136            
04/11/25 13:08:55 0094 1                  44.842770 8.579977 00 00 313831323045303234323437            
04/11/25 13:10:20 0095 1                  44.842893 8.579088 00 00 313831323045303138353437            
04/11/25 13:12:49 0096 1                  44.842548 8.579230 00 00 323031313030503030343633            
04/11/25 13:19:04 0097 1                  44.842638 8.576745 00 00 313831323045303232393736            
04/11/25 13:19:04 0098 1                  44.842638 8.576745 00 00 313831323045303138393138            
04/11/25 13:20:06 0099 1                  44.842603 8.576780 00 00 313831323045303230393036            
04/11/25 13:20:08 0100 1                  44.842617 8.576783 00 00 313831323045303230393433            
04/11/25 13:20:57 0101 1                  44.842615 8.576828 00 00 313831323045303233323130            
04/11/25 13:22:44 0102 1                  44.842625 8.576418 00 00 313931323050303037343538            
04/11/25 13:24:10 0103 1                  44.842570 8.576070 00 00 313831323045303232333139            
04/11/25 13:24:10 0104 1                  44.842570 8.576070 00 00 313831323045303232383531            
04/11/25 13:25:35 0105 1                  44.842403 8.575615 00 00 313831323045303233373539            
04/11/25 13:27:27 0106 1                  44.842260 8.575020 00 00 313932343045303030363834            
04/11/25 13:28:06 0107 1                  44.842197 8.575013 00 00 313831323045303232333234            
04/11/25 13:29:45 0108 1                  44.842022 8.574632 00 00 313931323050303133383939            
04/11/25 13:29:46 0109 1                  44.842037 8.574625 00 00 313831323045303232383530            
04/11/25 13:29:50 0110 1                  44.842045 8.574618 00 00 313831323045303232383530            
04/11/25 13:30:29 0111 1                  44.842002 8.574627 00 00 313832343045303034313331            
04/11/25 13:51:04 0000 s 01497ver01 44.841995 8.573867 00 00
04/11/25 13:56:07 0112 1                  44.846642 8.581017 00 00 313831323045303233313234            
04/11/25 13:56:07 0113 1                  44.846642 8.581017 00 00 313931323050303037303331            
04/11/25 13:56:56 0114 1                  44.846645 8.581003 00 00 3235303132304A3032323635            
04/11/25 13:58:17 0115 1                  44.847175 8.580362 00 00 3235303132304A3031393237            
04/11/25 14:00:34 0116 1                  44.847550 8.579862 00 00 3234303132304A3030333631            
04/11/25 14:00:35 0117 1                  44.847550 8.579862 00 00 3234303132304A3030333930            
04/11/25 14:01:42 0118 1                  44.847733 8.579667 00 00 313831323045303231393331            
04/11/25 14:02:57 0119 1                  44.847908 8.579343 00 00 313831323045303232313937            
04/11/25 14:04:02 0120 1                  44.848218 8.578958 00 00 313831323045303232323135            
04/11/25 14:05:10 0121 1                  44.848397 8.578695 00 00 313831323045303233363230            
04/11/25 14:05:44 0122 1                  44.848423 8.578688 00 00 3039606203C0F440001A9B59            
04/11/25 14:07:30 0123 1                  44.849045 8.577505 00 00 313831323045303231313036            
04/11/25 14:07:30 0124 1                  44.849045 8.577505 00 00 313831323045303232393136            
04/11/25 14:07:31 0125 1                  44.849045 8.577505 00 00 30395DFA832D8D822E09F2F8            
04/11/25 14:08:42 0126 1                  44.849023 8.577490 00 00 313831323045303232353334            
04/11/25 14:08:49 0127 1                  44.849032 8.577488 00 00 313931323050303030303736            
04/11/25 14:10:55 0128 1                  44.848783 8.577195 00 00 313831323045303233343536            
04/11/25 14:10:57 0129 1                  44.848775 8.577192 00 00 3233303132304A3030353733            
04/11/25 14:12:02 0130 1                  44.848743 8.577172 00 00 313831323045303233363730            
04/11/25 14:13:01 0131 1                  44.848753 8.577173 00 00 313831323045303230373736            
04/11/25 14:15:07 0132 1                  44.848647 8.576917 00 00 313831323045303233313534            
04/11/25 14:15:14 0133 1                  44.848657 8.576922 00 00 313831323045303233313534            
04/11/25 14:15:46 0134 1                  44.848528 8.576845 00 00 313831323045303230353134            
04/11/25 14:19:24 0135 1                  44.848405 8.576125 00 00 313831313030533031303233            
04/11/25 14:23:02 0136 1                  44.847117 8.576810 00 00 313831323045303233393038            
04/11/25 14:23:08 0137 1                  44.847117 8.576813 00 00 313831323045303233353933            
04/11/25 14:25:25 0138 1                  44.847398 8.577043 00 00 313831323045303233303437            
04/11/25 14:25:25 0139 1                  44.847398 8.577043 00 00 313831323045303233393039            
04/11/25 14:26:12 0140 1                  44.847413 8.577025 00 00 313832343045303034333931            
04/11/25 14:27:38 0141 1                  44.847403 8.577048 00 00 313831323045303232303131            
04/11/25 14:27:39 0142 1                  44.847403 8.577048 00 00 313831323045303233393130            
04/11/25 14:29:02 0143 1                  44.847587 8.577300 00 00 313831323045303233363539            
04/11/25 14:30:04 0144 1                  44.847868 8.577555 00 00 313831323045303233393134            
04/11/25 14:32:31 0145 1                  44.848820 8.578958 00 00 313831323045303231333038            
04/11/25 14:32:31 0146 1                  44.848820 8.578958 00 00 313831323045303234383836            
04/11/25 14:34:28 0147 1                  44.849017 8.579358 00 00 313831323045303233303636            
04/11/25 14:34:29 0148 1                  44.849017 8.579358 00 00 313831323045303233303933            
04/11/25 14:36:14 0149 1                  44.849330 8.579817 00 00 313831323045303232373637            
04/11/25 14:36:16 0150 1                  44.849330 8.579817 00 00 313831323045303234323234            
04/11/25 14:38:12 0151 1                  44.850090 8.579692 00 00 313831323045303232303037            
04/11/25 14:38:13 0152 1                  44.850090 8.579692 00 00 313831323045303232303032            
04/11/25 14:39:50 0153 1                  44.850763 8.579605 00 00 313831323045303233313138            
04/11/25 14:42:08 0154 1                  44.851193 8.580393 00 00 3234303132304A3030333630            
04/11/25 14:42:09 0155 1                  44.851192 8.580395 00 00 313831323045303233363938            
04/11/25 14:43:37 0156 1                  44.851393 8.580730 00 00 313831323045303233393036            
04/11/25 14:45:22 0157 1                  44.851733 8.581540 00 00 313832343045303034333135            
04/11/25 14:50:39 0158 1                  44.854162 8.583668 00 00 313831323045303232333432            
04/11/25 14:50:39 0159 1                  44.854162 8.583668 00 00 313831323045303233353932            
04/11/25 14:51:27 0160 1                  44.854148 8.583658 00 00 313831323045303232333739            
04/11/25 14:57:50 0161 1                  44.853652 8.581290 00 00 3139313130304A3032313131            
04/11/25 14:57:50 0162 1                  44.853652 8.581290 00 00 3139313130304A3032313131            
04/11/25 15:02:27 0163 1                  44.851208 8.578217 00 00 313831323045303233393232            
04/11/25 15:04:05 0164 1                  44.849970 8.576205 00 00 3235303132304A3032323039            
04/11/25 15:05:54 0165 1                  44.848982 8.575398 00 00 3234303132304A3033313334            
04/11/25 15:07:00 0166 1                  44.848978 8.575327 00 00 313831323045303234303433            
04/11/25 15:07:00 0167 1                  44.848978 8.575327 00 00 3234303132304A3030333134            
04/11/25 15:09:37 0168 1                  44.848885 8.576473 00 00 313831313030533031303135            
04/11/25 15:11:19 0169 1                  44.848892 8.576475 00 00 313831313030533031303133            
04/11/25 15:15:32 0170 1                  44.849877 8.581400 00 00 313831323045303230343237            
04/11/25 15:15:34 0171 1                  44.849878 8.581397 00 00 313831323045303230333835            
04/11/25 15:16:38 0172 1                  44.849862 8.581443 00 00 3233303234304A3030353131            
04/11/25 15:17:34 0173 1                  44.849853 8.581433 00 00 313831323045303230343336            
04/11/25 15:19:56 0174 1                  44.849943 8.581903 00 00 313831323045303230343238            
04/11/25 15:19:59 0175 1                  44.849942 8.581905 00 00 313831323045303230333739            
04/11/25 15:21:32 0176 1                  44.849962 8.582335 00 00 313831323045303230333737            
04/11/25 15:22:40 0177 1                  44.849942 8.582677 00 00 313831323045303230333830            
04/11/25 15:24:21 0178 1                  44.849967 8.585447 00 00 313831323045303230333831            
04/11/25 15:26:04 0179 1                  44.850553 8.587815 00 00 313831323045303138363336            
04/11/25 15:30:14 0180 1                  44.854362 8.605357 00 00 313831323045303230343334            
04/11/25 15:30:14 0181 1                  44.854362 8.605357 00 00 313831323045303230343239            
04/11/25 15:32:50 0182 1                  44.857520 8.608965 00 00 313831323045303230343338            
04/11/25 15:34:42 0183 1                  44.859317 8.609238 00 00 313831323045303233353931            
04/11/25 15:37:11 0184 1                  44.860008 8.605488 00 00 313831323045303234343635            
04/11/25 15:40:54 0185 1                  44.850862 8.612750 00 00 313832343045303034323833            
04/11/25 15:56:01 0000 s 01497ver01 44.851162 8.612930 00 00
04/11/25 16:55:51 0186 1                  44.913075 8.871233 00 00 3034DFCA8429DD40000013D7            
04/11/25 17:40:15 0000 s 01497ver01 44.779268 8.755602 00 00
