04/11/25 05:10:31 0000 s 01883ver01 44.882105 8.859868 00 00
04/11/25 05:21:36 0000 s 01883ver01 44.882427 8.859983 00 00
04/11/25 05:27:34 0001 1                  44.905027 8.858272 00 00 534d500226000100003dbbb1            
04/11/25 05:36:15 0002 1                  44.977238 8.882268 00 00 313931323050303133363138            
04/11/25 05:37:04 0003 1                  44.977422 8.881750 00 00 313931323050303133353934            
04/11/25 05:37:24 0004 1                  44.977433 8.881752 00 00 300ed89f335000a01e91a02d            
04/11/25 05:37:27 0005 1                  44.977437 8.881755 00 00 3235303132304a3032323238            
04/11/25 05:37:29 0006 1                  44.977438 8.881758 00 00 313931323050303133393731            
04/11/25 05:38:32 0007 1                  44.977423 8.881767 00 00 313931323050303933393731            
04/11/25 05:38:35 0008 1                  44.977430 8.881768 00 00 300ed89f335001551dd15244            
04/11/25 05:39:48 0009 1                  44.977612 8.881873 00 00 313931323050303133393733            
04/11/25 05:40:31 0010 1                  44.977703 8.881838 00 00 313931323050303133393739            
04/11/25 05:40:33 0011 1                  44.977702 8.881828 00 00 313931323050303033353038            
04/11/25 05:40:46 0012 1                  44.977698 8.881820 00 00 313931323050303133393732            
04/11/25 05:43:33 0013 1                  44.977985 8.881800 00 00 313931323050303130333435            
04/11/25 05:43:38 0014 1                  44.977988 8.881798 00 00 313931323050303133363834            
04/11/25 05:44:52 0015 1                  44.978002 8.881800 00 00 3235303132304a3030383237            
04/11/25 05:44:53 0016 1                  44.978003 8.881800 00 00 313931323050303034313831            
04/11/25 05:48:19 0017 1                  44.978333 8.881663 00 00 3230313130304a3030363230            
04/11/25 05:48:39 0018 1                  44.978332 8.881675 00 00 313931323050303132353330            
04/11/25 05:48:44 0019 1                  44.978330 8.881677 00 00 303ac8e9c0f9b95caf26bad9            
04/11/25 05:49:50 0020 1                  44.978433 8.881560 00 00 31383033304d303035393337            
04/11/25 05:49:52 0021 1                  44.978477 8.881535 00 00 31383033304d303035393334            
04/11/25 05:50:16 0022 1                  44.978510 8.881498 00 00 313931323050303035313430            
04/11/25 05:52:21 0023 1                  44.978447 8.880820 00 00 313931323050303130383638            
04/11/25 05:52:22 0024 1                  44.978435 8.880740 00 00 313931323050303130383539            
04/11/25 05:52:23 0025 1                  44.978435 8.880740 00 00 313931323050303130383730            
04/11/25 05:53:16 0026 1                  44.978410 8.880688 00 00 31393132305030313038363a            
04/11/25 05:53:27 0027 1                  44.978407 8.880683 00 00 313931323050303130383639            
04/11/25 05:53:56 0028 1                  44.978428 8.880678 00 00 300ed89f335000a01e923079            
04/11/25 05:55:58 0029 1                  44.978847 8.881130 00 00 313931323050303132333535            
04/11/25 05:57:17 0030 1                  44.979140 8.880893 00 00 313931323050303133333135            
04/11/25 05:58:12 0031 1                  44.979255 8.880855 00 00 313931323050303133333136            
04/11/25 05:59:44 0032 1                  44.979568 8.880790 00 00 313931323050303132313436            
04/11/25 06:00:20 0033 1                  44.979613 8.884612 00 00 313931323050303133343131            
04/11/25 06:00:40 0034 1                  44.979697 8.884877 00 00 313931323050303133353339            
04/11/25 06:00:48 0035 1                  44.979802 8.884883 00 00 323030323545303036363137            
04/11/25 06:00:56 0036 1                  44.979813 8.884878 00 00 313931323043303132343534            
04/11/25 06:01:07 0037 1                  44.979622 8.884882 00 00 313931323050303132333436            
04/11/25 06:01:35 0038 1                  44.979788 8.884433 00 00 30340bca0852a35ba25eb404            
04/11/25 06:01:44 0039 1                  44.979970 8.884502 00 00 313931323050303133383232            
04/11/25 06:04:53 0040 1                  44.979835 8.884497 00 00 3230313130304a3030363039            
04/11/25 06:06:30 0041 1                  44.979698 8.883630 00 00 5004e7000101373030383037303930303030
04/11/25 06:06:43 0042 1                  44.979838 8.883185 00 00 313931323050303130393231            
04/11/25 06:08:02 0043 1                  44.980258 8.883702 00 00 313931323050303130393232            
04/11/25 06:08:08 0044 1                  44.980345 8.883760 00 00 313931323050303130363232            
04/11/25 06:10:38 0045 1                  44.980207 8.883303 00 00 313931323050303130393139            
04/11/25 06:11:39 0046 1                  44.980148 8.883058 00 00 313931323050303130333236            
04/11/25 06:11:47 0047 1                  44.980430 8.882887 00 00 313931323050303130383534            
04/11/25 06:11:50 0048 1                  44.980587 8.882942 00 00 31b931323050303130393233            
04/11/25 06:11:52 0049 1                  44.980702 8.882977 00 00 313931323050303133383936            
04/11/25 06:11:54 0050 1                  44.980842 8.883037 00 00 313931323050303133383937            
04/11/25 06:12:12 0051 1                  44.981173 8.883298 00 00 213154473209380002010000            
04/11/25 06:13:23 0052 1                  44.981157 8.883598 00 00 313931323050303035383936            
04/11/25 06:13:24 0053 1                  44.981157 8.883600 00 00 313931323050303031383730            
04/11/25 06:14:41 0054 1                  44.981192 8.883587 00 00 313931323050303035383933            
04/11/25 06:17:13 0055 1                  44.981238 8.883280 00 00 323030323545303039303336            
04/11/25 06:17:15 0056 1                  44.981228 8.883252 00 00 31393132305030b132383434            
04/11/25 06:17:55 0057 1                  44.981273 8.883038 00 00 313931323050303132383434            
04/11/25 06:18:01 0058 1                  44.981273 8.883035 00 00 313931323050303038343879            
04/11/25 06:18:02 0059 1                  44.981273 8.883035 00 00 313931323050303038343839            
04/11/25 06:18:17 0060 1                  44.981285 8.883030 00 00 313931323050303038313831            
04/11/25 06:20:22 0061 1                  44.981318 8.883010 00 00 3230313130304a3030363535            
04/11/25 06:20:58 0062 1                  44.981303 8.882982 00 00 313931323050303030723535            
04/11/25 06:21:08 0063 1                  44.981347 8.883193 00 00 31383033304d303036323936            
04/11/25 06:21:18 0064 1                  44.981735 8.883175 00 00 313931323050303030343630            
04/11/25 06:21:26 0065 1                  44.981940 8.883337 00 00 313931323050303031393837            
04/11/25 06:21:29 0066 1                  44.981972 8.883448 00 00 313931323050303036383930            
04/11/25 06:21:33 0067 1                  44.981987 8.883775 00 00 313931323050303130313032            
04/11/25 06:21:36 0068 1                  44.981985 8.884177 00 00 313931323050303031373730            
04/11/25 06:21:38 0069 1                  44.981985 8.884347 00 00 000000000351992700000000            
04/11/25 06:21:49 0070 1                  44.982322 8.884633 00 00 313931323050303030343635            
04/11/25 06:21:53 0071 1                  44.982363 8.884542 00 00 313931323050303030343633            
04/11/25 06:22:13 0072 1                  44.982573 8.883688 00 00 313931323050303030313238            
04/11/25 06:22:14 0073 1                  44.982573 8.883688 00 00 313931323050303030313236            
04/11/25 06:22:23 0074 1                  44.982732 8.883697 00 00 313931323050303132313435            
04/11/25 06:22:25 0075 1                  44.982732 8.883697 00 00 313931323050303130313430            
04/11/25 06:25:41 0076 1                  44.982568 8.883620 00 00 3235303132304a3031303038            
04/11/25 06:26:30 0077 1                  44.982908 8.882258 00 00 313931323050303030353333            
04/11/25 06:26:33 0078 1                  44.982915 8.882258 00 00 313931323050303035343636            
04/11/25 06:28:39 0079 1                  44.982882 8.882392 00 00 313931323050303030373735            
04/11/25 06:29:49 0080 1                  44.982472 8.882798 00 00 313931323050303031333432            
04/11/25 06:29:51 0081 1                  44.982378 8.882782 00 00 313931323050303132373035            
04/11/25 06:29:53 0082 1                  44.982248 8.882787 00 00 31383132304a303235323438            
04/11/25 06:30:04 0083 1                  44.981965 8.882757 00 00 3233303132304a3030363532            
04/11/25 06:30:07 0084 1                  44.981737 8.882623 00 00 313931323050303035333036            
04/11/25 06:30:28 0085 1                  44.981345 8.882523 00 00 313931323050303038303230            
04/11/25 06:30:30 0086 1                  44.981342 8.882522 00 00 313931323050303033323738            
04/11/25 06:30:47 0087 1                  44.981317 8.882517 00 00 313931323050303132303737            
04/11/25 06:31:38 0088 1                  44.981305 8.882528 00 00 3234303132304a3033323737            
04/11/25 06:33:31 0089 1                  44.981303 8.882488 00 00 313931323050303037383736            
04/11/25 06:33:33 0090 1                  44.981287 8.882480 00 00 313931323050303133373239            
04/11/25 06:33:44 0091 1                  44.981318 8.882452 00 00 313931323050303130393436            
04/11/25 06:34:43 0092 1                  44.981160 8.882562 00 00 313931323050303038393831            
04/11/25 06:36:02 0093 1                  44.981203 8.882090 00 00 313932343050303030313530            
04/11/25 06:36:03 0094 1                  44.981178 8.881902 00 00 3234303132304a3030393333            
04/11/25 06:36:04 0095 1                  44.981178 8.881902 00 00 31383033304d303036323537            
04/11/25 06:37:06 0096 1                  44.981373 8.881240 00 00 313931323050303132353032            
04/11/25 06:37:08 0097 1                  44.981380 8.881250 00 00 111080000000000715711895            
04/11/25 06:37:35 0098 1                  44.981428 8.881270 00 00 31383033304d303036323433            
04/11/25 06:37:38 0099 1                  44.981425 8.881248 00 00 313931323050303030373737            
04/11/25 06:37:41 0100 1                  44.981418 8.881230 00 00 313933323050303030373737            
04/11/25 06:40:02 0101 1                  44.981622 8.881073 00 00 313931323050303037353035            
04/11/25 06:40:10 0102 1                  44.981632 8.881057 00 00 313931323050303035343536            
04/11/25 06:40:40 0103 1                  44.981633 8.881092 00 00 25758769a6b53b2497c33e32c7386082    
04/11/25 06:41:32 0104 1                  44.981723 8.881027 00 00 3230303234304a3030303537            
04/11/25 06:41:40 0105 1                  44.981800 8.880913 00 00 313932343050303030303930            
04/11/25 06:41:42 0106 1                  44.981813 8.880863 00 00 313931323050303037313230            
04/11/25 06:42:06 0107 1                  44.981608 8.880858 00 00 313932343050303030303732            
04/11/25 06:42:08 0108 1                  44.981587 8.880850 00 00 313931323050303031393738            
04/11/25 06:42:13 0109 1                  44.981575 8.880867 00 00 313931323050303031393737            
04/11/25 06:42:49 0110 1                  44.981620 8.880838 00 00 313932343050303030313838            
04/11/25 06:46:15 0111 1                  44.981762 8.881420 00 00 3230303033304d3030363130            
04/11/25 06:47:07 0112 1                  44.982032 8.881500 00 00 313931323050303032373834            
04/11/25 06:47:16 0113 1                  44.982035 8.881495 00 00 313931323050303032393734            
04/11/25 06:48:20 0114 1                  44.982070 8.881782 00 00 313932343045303030373834            
04/11/25 06:48:23 0115 1                  44.982045 8.881945 00 00 313931323050303031333434            
04/11/25 06:48:25 0116 1                  44.982035 8.882143 00 00 313931323050303038303934            
04/11/25 06:48:27 0117 1                  44.982025 8.882345 00 00 313931323050303031393834            
04/11/25 06:48:42 0118 1                  44.982003 8.883508 00 00 313931323050303035333034            
04/11/25 06:49:17 0119 1                  44.981078 8.885353 00 00 25758769a683531497c34d74d3586082    
04/11/25 06:49:30 0120 1                  44.981047 8.884683 00 00 313931323050303038313537            
04/11/25 06:49:51 0121 1                  44.980993 8.884607 00 00 313931323050303031373733            
04/11/25 06:49:52 0122 1                  44.980993 8.884605 00 00 999900999900000001108935            
04/11/25 06:52:19 0123 1                  44.981057 8.884523 00 00 313931323050303035383838            
04/11/25 06:52:36 0124 1                  44.981392 8.884330 00 00 313931323050303035343931            
04/11/25 06:52:39 0125 1                  44.981433 8.884243 00 00 313931323050303030323134            
04/11/25 06:54:33 0126 1                  44.981477 8.884108 00 00 313931323050303031373732            
04/11/25 06:54:49 0127 1                  44.981542 8.884023 00 00 313931323050303037313132            
04/11/25 06:55:06 0128 1                  44.981553 8.884020 00 00 313d31323050303035383932            
04/11/25 06:55:07 0129 1                  44.981555 8.884020 00 00 313931323050303035383932            
04/11/25 06:56:58 0130 1                  44.981595 8.884025 00 00 313931323050303030323237            
04/11/25 06:58:19 0131 1                  44.981618 8.883723 00 00 313931323050303037303735            
04/11/25 06:58:43 0132 1                  44.981640 8.883522 00 00 313931323050303132373536            
04/11/25 07:00:04 0133 1                  44.981707 8.883297 00 00 46113241482616085004886500000000    
04/11/25 07:01:55 0134 1                  44.978287 8.884917 00 00 313931323050303133393139            
04/11/25 07:01:58 0135 1                  44.978113 8.884553 00 00 313931323050303133393230            
04/11/25 07:02:53 0136 1                  44.977623 8.882392 00 00 313931323050303130333434            
04/11/25 07:03:18 0137 1                  44.979315 8.881297 00 00 313931323050303130323931            
04/11/25 07:03:57 0138 1                  44.979747 8.882310 00 00 313931323050303030313232            
04/11/25 07:04:42 0139 1                  44.980692 8.880867 00 00 57313739343334323141323837383731    
04/11/25 07:04:50 0140 1                  44.980660 8.880590 00 00 313931323050303133343133            
04/11/25 07:06:55 0141 1                  44.980580 8.880488 00 00 3230313130304a3030363739            
04/11/25 07:06:57 0142 1                  44.980580 8.880488 00 00 303549a91447b7ccce41682b            
04/11/25 07:08:18 0143 1                  44.980603 8.880515 00 00 313931323043303031393731            
04/11/25 07:08:21 0144 1                  44.980592 8.880388 00 00 bd044d5406170103221696527912        
04/11/25 07:08:47 0145 1                  44.980598 8.880217 00 00 313931323050303036323238            
04/11/25 07:09:44 0146 1                  44.980575 8.879922 00 00 313931323050303033393036            
04/11/25 07:10:16 0147 1                  44.980565 8.879873 00 00 313931323050303034393134            
04/11/25 07:10:20 0148 1                  44.980563 8.879875 00 00 313931323050303033393035            
04/11/25 07:12:32 0149 1                  44.980550 8.879570 00 00 313931323050303037303736            
04/11/25 07:14:09 0150 1                  44.980682 8.879132 00 00 313931323050303031363534            
04/11/25 07:14:10 0151 1                  44.980697 8.879093 00 00 313931323050303030323235            
04/11/25 07:14:16 0152 1                  44.980778 8.878953 00 00 313932343050303030343735            
04/11/25 07:16:29 0153 1                  44.980935 8.878867 00 00 3230313130304a3030323239            
04/11/25 07:18:24 0154 1                  44.980842 8.879045 00 00 313931323050303036323334            
04/11/25 07:20:31 0155 1                  44.980287 8.879170 00 00 313931323050303130323038            
04/11/25 07:20:40 0156 1                  44.980378 8.878655 00 00 313931323050303130323035            
04/11/25 07:20:44 0157 1                  44.980498 8.878307 00 00 313931323050303133333836            
04/11/25 07:20:47 0158 1                  44.980565 8.878165 00 00 313931323050303131353631            
04/11/25 07:20:58 0159 1                  44.980980 8.877385 00 00 313931323050303133393235            
04/11/25 07:21:32 0160 1                  44.981210 8.878787 00 00 3234303132304a3030333639            
04/11/25 07:21:39 0161 1                  44.981118 8.879302 00 00 3234303033304d3030343637            
04/11/25 07:21:42 0162 1                  44.981082 8.879420 00 00 25759769a6831384d7d30e77db686082    
04/11/25 07:21:43 0163 1                  44.981060 8.879517 00 00 31564d313330414555313734            
04/11/25 07:22:27 0164 1                  44.981282 8.879975 00 00 313931323050303130363835            
04/11/25 07:22:29 0165 1                  44.981280 8.880022 00 00 313931323050303130343034            
04/11/25 07:22:37 0166 1                  44.981260 8.880243 00 00 3235303132304a3031303838            
04/11/25 07:26:10 0167 1                  44.981585 8.880168 00 00 3230313130304a3030363930            
04/11/25 07:26:39 0168 1                  44.981492 8.880060 00 00 313931323050303130343135            
04/11/25 07:27:03 0169 1                  44.981455 8.880043 00 00 323030323545303030353333            
04/11/25 07:27:09 0170 1                  44.981453 8.879887 00 00 160330220400450000000000            
04/11/25 07:28:39 0171 1                  44.981402 8.880080 00 00 3035ebea0802e9c8000f4099            
04/11/25 07:30:59 0172 1                  44.981570 8.879772 00 00 313931323050303130343132            
04/11/25 07:31:04 0173 1                  44.981572 8.879633 00 00 313931323050303133363133            
04/11/25 07:34:23 0174 1                  44.981493 8.879913 00 00 3138323234484e573530313535323731    
04/11/25 07:35:06 0175 1                  44.982153 8.878682 00 00 313931323050303130313138            
04/11/25 07:35:31 0176 1                  44.982497 8.878232 00 00 111150000000003448945395            
04/11/25 07:38:52 0177 1                  44.982552 8.878598 00 00 313931323050303033313033            
04/11/25 07:40:14 0178 1                  44.982937 8.878485 00 00 313931323050303033313031            
04/11/25 07:41:24 0179 1                  44.983008 8.878553 00 00 313931323050303030353232            
04/11/25 07:42:33 0180 1                  44.983028 8.878548 00 00 313931323050303130383437            
04/11/25 07:42:36 0181 1                  44.983027 8.878547 00 00 313931323050303930383437            
04/11/25 07:45:20 0182 1                  44.982460 8.878142 00 00 313931363050303030373830            
04/11/25 07:46:40 0183 1                  44.981903 8.876127 00 00 313931323050303130343235            
04/11/25 07:47:24 0184 1                  44.981318 8.876620 00 00 313931323050303130323135            
04/11/25 07:51:49 0185 1                  44.981953 8.876070 00 00 534d5002260001000039f42d            
04/11/25 07:53:13 0186 1                  44.982053 8.875855 00 00 000000000000000018192160            
04/11/25 07:58:21 0187 1                  44.977193 8.882355 00 00 25705569a6863b750ec30e39d3586082    
04/11/25 07:58:26 0188 1                  44.976772 8.882312 00 00 e2004000700c025919604910            
04/11/25 08:07:33 0189 1                  44.912915 8.871055 00 00 5004e7000101373032303537303730303030
04/11/25 08:07:48 0190 1                  44.912873 8.871240 00 00 3035ebea080f0ac800041d3a            
04/11/25 08:14:49 0191 1                  44.912825 8.870657 00 00 000000000000000004037980            
04/11/25 08:22:06 0192 1                  44.977223 8.882170 00 00 313931323050303130383636            
04/11/25 08:23:13 0193 1                  44.980367 8.876027 00 00 555338334d8494330024032209432401    
04/11/25 08:24:07 0194 1                  44.983888 8.878440 00 00 3234303132304a3030343134            
04/11/25 08:24:15 0195 1                  44.983927 8.879042 00 00 3235303132304a3031393930            
04/11/25 08:24:25 0196 1                  44.983903 8.879755 00 00 313931323050303133313934            
04/11/25 08:24:55 0197 1                  44.983348 8.880475 00 00 313931323050303133303738            
04/11/25 08:25:33 0198 1                  44.983372 8.880502 00 00 313931323050303133303734            
04/11/25 08:27:50 0199 1                  44.983250 8.881140 00 00 313931323050303133303737            
04/11/25 08:27:57 0200 1                  44.983248 8.881140 00 00 313931323050303133303636            
04/11/25 08:29:42 0201 1                  44.983195 8.881470 00 00 313931323050303030373638            
04/11/25 08:29:44 0202 1                  44.983193 8.881467 00 00 313931323050303036383839            
04/11/25 08:29:51 0203 1                  44.983193 8.881462 00 00 313931323050303030373731            
04/11/25 08:31:32 0204 1                  44.982857 8.881458 00 00 3234303234304a3030333737            
04/11/25 08:31:55 0205 1                  44.982770 8.881505 00 00 313931323050303033393033            
04/11/25 08:32:43 0206 1                  44.982762 8.881523 00 00 300ed89f335000a01e91a02d            
04/11/25 08:33:47 0207 1                  44.983402 8.882163 00 00 313931323050303033393034            
04/11/25 08:33:54 0208 1                  44.983403 8.882168 00 00 25705569a686673372c39c35c3886082    
04/11/25 08:34:03 0209 1                  44.983407 8.882172 00 00 c30c30c30c30c30c30c30c30c3086082    
04/11/25 08:34:24 0210 1                  44.983407 8.882180 00 00 300ed89f335001551dd15244            
04/11/25 08:34:55 0211 1                  44.983543 8.882250 00 00 313931323050303133323537            
04/11/25 08:35:12 0212 1                  44.983663 8.882298 00 00 313931323050303133323630            
04/11/25 08:35:28 0213 1                  44.983670 8.882300 00 00 313931323050303132333131            
04/11/25 08:36:56 0214 1                  44.983847 8.882178 00 00 313931323050303133323438            
04/11/25 08:36:57 0215 1                  44.983847 8.882178 00 00 3234303132304a3031303939            
04/11/25 08:36:59 0216 1                  44.983898 8.881988 00 00 313931323050303133343532            
04/11/25 08:37:02 0217 1                  44.983948 8.881755 00 00 313931323050303133313030            
04/11/25 08:37:19 0218 1                  44.984032 8.881635 00 00 313931323050303133303932            
04/11/25 08:37:24 0219 1                  44.984187 8.881658 00 00 313931323050303133323238            
04/11/25 08:37:42 0220 1                  44.984233 8.881612 00 00 313931323050303133313031            
04/11/25 08:38:58 0221 1                  44.984240 8.881628 00 00 30396062437dc5c04fbefadb            
04/11/25 08:39:55 0222 1                  44.983997 8.881507 00 00 313931323050303131353635            
04/11/25 08:40:04 0223 1                  44.984125 8.880767 00 00 313931323050303131353732            
04/11/25 08:41:05 0224 1                  44.986458 8.882245 00 00 000000000914709400000000            
04/11/25 08:41:08 0225 1                  44.986448 8.882218 00 00 313932343043303030313033            
04/11/25 08:43:38 0226 1                  44.985687 8.880592 00 00 313931323050303133303335            
04/11/25 08:43:39 0227 1                  44.985692 8.880563 00 00 323030323545303038363438            
04/11/25 08:44:04 0228 1                  44.985642 8.880195 00 00 313931323050303133303337            
04/11/25 08:44:41 0229 1                  44.985707 8.880057 00 00 313931323050303133303237            
04/11/25 08:46:59 0230 1                  44.985328 8.880193 00 00 313931323050303131353731            
04/11/25 08:47:01 0231 1                  44.985328 8.880193 00 00 3234303132304a3030333736            
04/11/25 08:47:04 0232 1                  44.985340 8.880050 00 00 313931323050303131353730            
04/11/25 08:47:05 0233 1                  44.985340 8.880050 00 00 313931323050303131353639            
04/11/25 08:48:26 0234 1                  44.985397 8.879967 00 00 3139b1323050303131353639            
04/11/25 08:50:33 0235 1                  44.985090 8.881103 00 00 313931323050303133303135            
04/11/25 08:50:49 0236 1                  44.984988 8.881288 00 00 3139313230d0303130383936            
04/11/25 08:51:13 0237 1                  44.984952 8.881362 00 00 313931323053303033333436            
04/11/25 08:53:36 0238 1                  44.985020 8.881392 00 00 3235303132304a3030393436            
04/11/25 08:53:37 0239 1                  44.985012 8.881430 00 00 313931323050303133303139            
04/11/25 08:53:43 0240 1                  44.985028 8.881565 00 00 313931323050303133363332            
04/11/25 08:55:32 0241 1                  44.984872 8.881658 00 00 313931323050303133303230            
04/11/25 08:56:08 0242 1                  44.984915 8.881652 00 00 300ed89f335000a01e923079            
04/11/25 08:58:46 0243 1                  44.984295 8.880123 00 00 31393132305030313034b832            
04/11/25 08:59:01 0244 1                  44.984338 8.879707 00 00 3235303132304a3030383136            
04/11/25 08:59:02 0245 1                  44.984355 8.879645 00 00 323030323545303030363136            
04/11/25 09:01:55 0246 1                  44.986455 8.881232 00 00 5004e7000101373030343237313430303030
04/11/25 09:02:22 0247 1                  44.985280 8.879175 00 00 111320000000000099968795            
04/11/25 09:03:41 0248 1                  44.984478 8.877518 00 00 313931323050303132363030            
04/11/25 09:07:27 0249 1                  44.976925 8.881053 00 00 313931323050303133363134            
04/11/25 09:08:59 0250 1                  44.976593 8.881175 00 00 313931323050303036303732            
04/11/25 09:10:32 0251 1                  44.976550 8.881202 00 00 313931323050303036313735            
04/11/25 09:10:54 0252 1                  44.976355 8.881517 00 00 313931323050303533393133            
04/11/25 09:14:52 0253 1                  44.977198 8.882638 00 00 111080000000001243760595            
04/11/25 09:14:58 0254 1                  44.977482 8.883427 00 00 4d3130303030303936323734            
04/11/25 09:15:08 0255 1                  44.978103 8.884825 00 00 313931323050303131363834            
04/11/25 09:15:13 0256 1                  44.978360 8.885060 00 00 313931323050303133373237            
04/11/25 09:15:47 0257 1                  44.979230 8.885157 00 00 111110000000001392361995            
04/11/25 09:19:43 0258 1                  44.978877 8.886882 00 00 313931323050303130343232            
04/11/25 09:20:54 0259 1                  44.978688 8.886863 00 00 313931323050303130313033            
04/11/25 09:21:39 0260 1                  44.978712 8.886663 00 00 313931323050303130343233            
04/11/25 09:23:53 0261 1                  44.978532 8.887647 00 00 313931323050303130373633            
04/11/25 09:24:26 0262 1                  44.978532 8.887637 00 00 313931323050303133363130            
04/11/25 09:26:21 0263 1                  44.978210 8.887490 00 00 313931323050303133343531            
04/11/25 09:26:39 0264 1                  44.978105 8.887443 00 00 313931323050303133323432            
04/11/25 09:28:11 0265 1                  44.977930 8.887727 00 00 313931323050303031313335            
04/11/25 09:29:15 0266 1                  44.977782 8.888048 00 00 313931323050303133323433            
04/11/25 09:29:41 0267 1                  44.977783 8.888167 00 00 313931323050303133323435            
04/11/25 09:32:05 0268 1                  44.976150 8.890120 00 00 313931323050303133343037            
04/11/25 09:33:33 0269 1                  44.976053 8.890162 00 00 3230393130304a3030343137            
04/11/25 09:35:34 0270 1                  44.974588 8.891560 00 00 313931323050303036393731            
04/11/25 09:36:02 0271 1                  44.974568 8.891580 00 00 313931323050303133353939            
04/11/25 09:37:56 0272 1                  44.974632 8.891560 00 00 323030323545303038303239            
04/11/25 09:40:33 0273 1                  44.978620 8.884928 00 00 313931323050303133383237            
04/11/25 09:40:34 0274 1                  44.978612 8.884827 00 00 313931323050303133373438            
04/11/25 09:43:18 0275 1                  44.978802 8.884157 00 00 313931323050303038383233            
04/11/25 09:43:31 0276 1                  44.978793 8.884160 00 00 313931323050303131363734            
04/11/25 09:44:46 0277 1                  44.979115 8.884188 00 00 313931723050303133363530            
04/11/25 09:46:37 0278 1                  44.979158 8.884195 00 00 313931323050303133353237            
04/11/25 09:48:33 0279 1                  44.979550 8.884825 00 00 501fa5000101393930333735313030303030
04/11/25 09:48:43 0280 1                  44.979558 8.884822 00 00 313931323050303132333437            
04/11/25 09:48:44 0281 1                  44.979558 8.884822 00 00 313931323050303132333436            
04/11/25 09:49:11 0282 1                  44.978590 8.884780 00 00 313931323050303133353234            
04/11/25 09:49:19 0283 1                  44.978540 8.884218 00 00 313931323050303133303435            
04/11/25 09:49:36 0284 1                  44.978500 8.883440 00 00 313931323050303131313836            
04/11/25 09:50:23 0285 1                  44.978477 8.883293 00 00 313931323050303130373637            
04/11/25 09:50:32 0286 1                  44.978347 8.883000 00 00 111150000000003741832595            
04/11/25 09:50:34 0287 1                  44.978333 8.882910 00 00 3234303132304a3030383734            
04/11/25 09:50:41 0288 1                  44.978297 8.882578 00 00 313931323050303130333331            
04/11/25 09:50:48 0289 1                  44.978257 8.882342 00 00 313931323050303130313439            
04/11/25 09:58:30 0290 1                  44.979687 8.881203 00 00 3234303132304a3033313732            
04/11/25 09:59:38 0291 1                  44.981613 8.881147 00 00 000000000404591800000000            
04/11/25 10:00:40 0292 1                  44.982207 8.881678 00 00 313931323050303033393030            
04/11/25 10:03:01 0293 1                  44.982545 8.881905 00 00 313931323050303033383938            
04/11/25 10:04:32 0294 1                  44.982270 8.882768 00 00 313931323050303132373035            
04/11/25 10:04:45 0295 1                  44.981755 8.882695 00 00 3233303132304a3030363532            
04/11/25 10:04:52 0296 1                  44.981503 8.882615 00 00 3234303132304a3033323737            
04/11/25 10:05:30 0297 1                  44.981235 8.881797 00 00 3234303132304a3030393333            
04/11/25 10:06:22 0298 1                  44.980272 8.881027 00 00 25705569a686cf2371c33c39c7186082    
04/11/25 10:07:39 0299 1                  44.975747 8.882115 00 00 313931323050303130393234            
04/11/25 10:18:18 0300 1                  44.912868 8.871257 00 00 3035e8bf60570300000181d9            
04/11/25 10:27:41 0301 1                  44.912768 8.871295 00 00 301940ee80108a851bde7f78            
04/11/25 10:31:08 0302 1                  44.912833 8.870687 00 00 301854aac0ef50cbe6aae97d            
04/11/25 10:32:07 0303 1                  44.907962 8.869873 00 00 555338334d8902240023090708582901    
04/11/25 10:32:10 0304 1                  44.907835 8.869833 00 00 555338334d8677110023091106141902    
04/11/25 11:20:16 0000 s 01883ver01 44.882038 8.860080 00 00
04/11/25 11:20:59 0305 1                  44.882200 8.860008 00 00 300ed89f335001401e10664d            
04/11/25 11:23:18 0306 1                  44.882660 8.859892 00 00 300ed89f335001551df591e0            
04/11/25 11:25:00 0307 1                  44.884688 8.857643 00 00 3234303032334d3030323039            
04/11/25 11:27:17 0308 1                  44.894898 8.855303 00 00 3231303032334d3032333138            
04/11/25 11:28:23 0309 1                  44.894858 8.849685 00 00 3156060638681920                    
04/11/25 11:29:39 0310 1                  44.895752 8.839907 00 00 000000001177151800000000            
04/11/25 11:40:09 0311 1                  44.976708 8.810733 00 00 313831323045303139313736            
04/11/25 11:42:24 0312 1                  44.979560 8.809188 00 00 188012700501520007010000            
04/11/25 11:42:49 0313 1                  44.980658 8.809818 00 00 e28011a0a501006197d6a9e352504500    
04/11/25 11:43:10 0314 1                  44.980962 8.811512 00 00 3156070452481060                    
04/11/25 11:44:11 0315 1                  44.980415 8.814732 00 00 3234303132304a3031333432            
04/11/25 11:46:12 0316 1                  44.985113 8.815902 00 00 3233303234304a3030313737            
04/11/25 11:50:08 0317 1                  44.999988 8.797208 00 00 31383132304a303233363738            
04/11/25 11:50:16 0318 1                  44.999998 8.797202 00 00 313931323050303034383535            
04/11/25 11:51:01 0319 1                  45.000018 8.797193 00 00 3035eb8adc091d480005440c            
04/11/25 11:52:15 0320 1                  44.999960 8.797623 00 00 300ed89f33500219001667c8            
04/11/25 11:52:23 0321 1                  44.999957 8.797628 00 00 31383132304a303233313332            
04/11/25 11:53:21 0322 1                  44.999915 8.797902 00 00 31383132304a303233323932            
04/11/25 11:54:40 0323 1                  44.999922 8.798087 00 00 300ed89f3350005fe2d3caed            
04/11/25 11:55:01 0324 1                  44.999930 8.798090 00 00 31383132304a303233353331            
04/11/25 11:56:08 0325 1                  44.999833 8.799007 00 00 313931323050303132313639            
04/11/25 11:56:34 0326 1                  44.999802 8.799635 00 00 3234303132304a3032323934            
04/11/25 11:58:08 0327 1                  45.000528 8.801938 00 00 31383132304a303234323238            
04/11/25 12:00:51 0328 1                  44.999207 8.806173 00 00 31383132304a303234323237            
04/11/25 12:03:08 0329 1                  44.999610 8.802905 00 00 31383132304a303234323234            
04/11/25 12:03:10 0330 1                  44.999608 8.802905 00 00 31383132304a303234323231            
04/11/25 12:06:17 0331 1                  45.000590 8.796087 00 00 31383132304a303233393035            
04/11/25 12:06:39 0332 1                  45.000768 8.795945 00 00 31383132304a303230323638            
04/11/25 12:07:32 0333 1                  45.001008 8.795735 00 00 31383132304a303233323434            
04/11/25 12:07:39 0334 1                  45.001015 8.795737 00 00 300ed89f3350016a1eb270b6            
04/11/25 12:08:26 0335 1                  45.001427 8.795323 00 00 31383132304a303230323839            
04/11/25 12:09:15 0336 1                  45.001572 8.795182 00 00 31383132304a303230323931            
04/11/25 12:09:20 0337 1                  45.001578 8.795187 00 00 31383132304a303230333138            
04/11/25 12:10:28 0338 1                  45.001750 8.795077 00 00 31383132304a303230333136            
04/11/25 12:10:45 0339 1                  45.001740 8.795063 00 00 31383132304a303233393132            
04/11/25 12:12:24 0340 1                  45.002192 8.795065 00 00 31383132304a303233333439            
04/11/25 12:12:46 0341 1                  45.002533 8.795120 00 00 31383132304a303232313934            
04/11/25 12:14:27 0342 1                  45.003182 8.795207 00 00 31383132304a303232333036            
04/11/25 12:15:39 0343 1                  45.003962 8.795287 00 00 31383132304a303232333033            
04/11/25 12:17:09 0344 1                  45.005263 8.795427 00 00 313931323050303037323039            
04/11/25 12:18:06 0345 1                  45.005647 8.795165 00 00 3233303132304a3030363636            
04/11/25 12:18:13 0346 1                  45.005645 8.795173 00 00 31383132304a303233393731            
04/11/25 12:18:22 0347 1                  45.005655 8.795185 00 00 30396120c1c8b5400000001f            
04/11/25 12:20:57 0348 1                  45.004305 8.790443 00 00 31383132304a303230333037            
04/11/25 12:22:36 0349 1                  45.004203 8.790023 00 00 31383132304a303232323334            
04/11/25 12:25:12 0350 1                  45.003102 8.793690 00 00 31383132304a303233313833            
04/11/25 12:25:40 0351 1                  45.002655 8.794118 00 00 31383132304a303233393739            
04/11/25 12:26:40 0352 1                  45.002132 8.794550 00 00 3234303132304a3030343237            
04/11/25 12:26:53 0353 1                  45.002133 8.794545 00 00 31383132304a303233333633            
04/11/25 12:28:25 0354 1                  45.001490 8.794845 00 00 31383132304a303233393637            
04/11/25 12:29:14 0355 1                  45.001438 8.794815 00 00 000000001098891700000000            
04/11/25 12:29:32 0356 1                  45.000645 8.794717 00 00 31383132304a303234303030            
04/11/25 12:33:49 0357 1                  45.000352 8.793260 00 00 31383132304a303232393633            
04/11/25 12:33:59 0358 1                  45.000483 8.792373 00 00 313931323050303136383031            
04/11/25 12:34:33 0359 1                  45.000893 8.788770 00 00 501fa5000101393930333137343030303030
04/11/25 12:36:13 0360 1                  44.995727 8.779743 00 00 31383132304a303231363432            
04/11/25 12:38:09 0361 1                  44.994423 8.779457 00 00 31383132304a303233393939            
04/11/25 12:39:56 0362 1                  44.991040 8.780012 00 00 31383132304a303233373933            
04/11/25 12:45:12 0363 1                  44.995950 8.778022 00 00 31383132304a303230333134            
04/11/25 12:46:31 0364 1                  44.997777 8.775210 00 00 31383132304a303232383937            
04/11/25 12:50:06 0365 1                  44.998888 8.773750 00 00 31383032334d303033343938            
04/11/25 12:50:32 0366 1                  44.998913 8.773765 00 00 31383132304a303232383530            
04/11/25 12:51:27 0367 1                  44.998922 8.773737 00 00 31383132304a303133333736            
04/11/25 12:52:41 0368 1                  44.995822 8.773520 00 00 525654303130373730202020            
04/11/25 12:53:39 0369 1                  44.995292 8.770582 00 00 31383132304a303233383937            
04/11/25 12:55:39 0370 1                  44.990367 8.773218 00 00 31383132304a303233353830            
04/11/25 12:58:26 0371 1                  44.991470 8.772158 00 00 31383132304a303233353936            
04/11/25 13:01:15 0372 1                  44.989082 8.768010 00 00 31383132304a303232393635            
04/11/25 13:02:07 0373 1                  44.989057 8.768067 00 00 31383132304a303232393639            
04/11/25 13:02:51 0374 1                  44.988930 8.768852 00 00 31383132304a303230323533            
04/11/25 13:04:08 0375 1                  44.989120 8.769493 00 00 31383132304a303233363234            
04/11/25 13:05:19 0376 1                  44.989483 8.770747 00 00 3235303132304a3030393935            
04/11/25 13:05:32 0377 1                  44.989483 8.770782 00 00 31383132304a303233363233            
04/11/25 13:06:28 0378 1                  44.989507 8.770952 00 00 31383132304a303232383835            
04/11/25 13:06:48 0379 1                  44.989507 8.771027 00 00 31383132304a303234343435            
04/11/25 13:12:38 0380 1                  44.987238 8.765838 00 00 31383132304a303233363835            
04/11/25 13:16:39 0381 1                  44.985695 8.763460 00 00 31383132304a303234303235            
04/11/25 13:20:01 0382 1                  44.981832 8.761370 00 00 313931323050303039383331            
04/11/25 13:20:25 0383 1                  44.981372 8.760812 00 00 31383132304a303231393639            
04/11/25 13:20:59 0384 1                  44.980665 8.759920 00 00 31383132304a303233303539            
04/11/25 13:21:59 0385 1                  44.980627 8.759853 00 00 31383132304a303035343830            
04/11/25 13:24:01 0386 1                  44.981307 8.760810 00 00 31383132304a303133323232            
04/11/25 13:24:02 0387 1                  44.981307 8.760810 00 00 31383132304a303031313332            
04/11/25 13:24:54 0388 1                  44.981695 8.761668 00 00 31383132304a303233363332            
04/11/25 13:24:55 0389 1                  44.981698 8.761670 00 00 31383132304a303233363330            
04/11/25 13:26:05 0390 1                  44.981608 8.761953 00 00 31383132304a303233363333            
04/11/25 13:27:34 0391 1                  44.981527 8.762150 00 00 31383132304a303233363331            
04/11/25 13:28:15 0392 1                  44.981148 8.762148 00 00 31383132304a303233303538            
04/11/25 13:28:51 0393 1                  44.980902 8.762130 00 00 31383132304a303233343536            
04/11/25 13:30:59 0394 1                  44.981455 8.762205 00 00 302f009d75f00a8000004c5a            
04/11/25 13:31:47 0395 1                  44.981702 8.762123 00 00 31383032334d303034343234            
04/11/25 13:31:53 0396 1                  44.981730 8.762130 00 00 31383132304a303230323730            
04/11/25 13:33:27 0397 1                  44.981845 8.762167 00 00 31383132304a303233353939            
04/11/25 13:33:32 0398 1                  44.981843 8.762168 00 00 3234303132304a3033313536            
04/11/25 13:34:47 0399 1                  44.982245 8.762260 00 00 313931323050303037393834            
04/11/25 13:36:21 0400 1                  44.982680 8.762350 00 00 31383132304a303232393231            
04/11/25 13:36:27 0401 1                  44.982682 8.762348 00 00 31383132304a303132333032            
04/11/25 13:36:30 0402 1                  44.982783 8.762355 00 00 250000109137100401680467            
04/11/25 13:36:39 0403 1                  44.982967 8.762352 00 00 31383132304a303233353538            
04/11/25 13:36:49 0404 1                  44.982967 8.762350 00 00 31383032334d303136383034            
04/11/25 13:37:49 0405 1                  44.982990 8.762348 00 00 31383132304a303033333737            
04/11/25 13:40:26 0406 1                  44.980223 8.761872 00 00 31383132304a303233373330            
04/11/25 13:40:30 0407 1                  44.980227 8.761972 00 00 000000001698722800000000            
04/11/25 13:40:36 0408 1                  44.980223 8.762125 00 00 3235303132304a3031303037            
04/11/25 13:40:49 0409 1                  44.980230 8.762283 00 00 313931323050303038343832            
04/11/25 13:44:17 0410 1                  44.980122 8.761267 00 00 31383132304a303233313730            
04/11/25 13:46:39 0411 1                  44.977358 8.755212 00 00 3234303132304a3033313038            
04/11/25 13:46:57 0412 1                  44.977183 8.755277 00 00 31383132304a303233303036            
04/11/25 13:52:47 0413 1                  44.979583 8.740250 00 00 31383132304a303231393635            
04/11/25 14:00:50 0414 1                  44.960322 8.740257 00 00 31383132304a303231383935            
04/11/25 14:02:29 0415 1                  44.960343 8.738782 00 00 31383132304a303233343331            
04/11/25 14:03:01 0416 1                  44.960340 8.738777 00 00 31383132306a303233343331            
04/11/25 14:03:34 0417 1                  44.960665 8.737845 00 00 31383132304a303233343431            
04/11/25 14:04:39 0418 1                  44.960755 8.737582 00 00 31383132304a303231393035            
04/11/25 14:10:02 0419 1                  44.961087 8.734960 00 00 31383132304a303231393832            
04/11/25 14:12:24 0420 1                  44.960118 8.735117 00 00 31383132304a303233343337            
04/11/25 14:12:27 0421 1                  44.960118 8.735120 00 00 31383132304a303231363235            
04/11/25 14:13:10 0422 1                  44.960117 8.735118 00 00 3234303132304a3031303535            
04/11/25 14:15:49 0423 1                  44.960795 8.734205 00 00 71383132304a303232383335            
04/11/25 14:15:55 0424 1                  44.960833 8.734145 00 00 31383132304a303232383333            
04/11/25 14:16:00 0425 1                  44.960878 8.734078 00 00 31383132304a303232383639            
04/11/25 14:17:02 0426 1                  44.960818 8.734152 00 00 31383132304a303232383335            
04/11/25 14:17:18 0427 1                  44.960588 8.734628 00 00 31383132304a303232383334            
04/11/25 14:17:36 0428 1                  44.960600 8.734642 00 00 31383132304a303233303839            
04/11/25 14:17:47 0429 1                  44.960605 8.734647 00 00 3234303132304a3032323731            
04/11/25 14:19:12 0430 1                  44.960575 8.734725 00 00 3233303132304a3031373237            
04/11/25 14:19:26 0431 1                  44.960413 8.735108 00 00 31383132304a303230343737            
04/11/25 14:21:29 0432 1                  44.959777 8.735448 00 00 313931323050303039373238            
04/11/25 14:21:52 0433 1                  44.959745 8.735632 00 00 31383132304a303231383730            
04/11/25 14:22:12 0434 1                  44.959747 8.735722 00 00 31383132304a303231353539            
04/11/25 14:37:04 0000 s 01883ver01 44.959580 8.734730 00 00
04/11/25 14:38:59 0435 1                  44.960503 8.733170 00 00 31383132304a303231393034            
04/11/25 14:39:00 0436 1                  44.960502 8.733168 00 00 31383132304a303233353234            
04/11/25 14:40:02 0437 1                  44.960608 8.732950 00 00 31383132304a303233353232            
04/11/25 14:40:04 0438 1                  44.960622 8.732920 00 00 300ed89f33500219001667c8            
04/11/25 14:40:10 0439 1                  44.960627 8.732923 00 00 31383132304a303233753232            
04/11/25 14:41:10 0440 1                  44.960825 8.732553 00 00 313931323050303035353235            
04/11/25 14:42:05 0441 1                  44.960970 8.732333 00 00 31383132304a303231363331            
04/11/25 14:43:11 0442 1                  44.961295 8.731257 00 00 31383132304a303234303736            
04/11/25 14:47:11 0443 1                  44.959553 8.732963 00 00 31383132304a303233303039            
04/11/25 14:47:13 0444 1                  44.959553 8.732963 00 00 e28011606000020873423870            
04/11/25 14:48:21 0445 1                  44.959378 8.733350 00 00 5730383935383836324e313338373439    
04/11/25 14:48:34 0446 1                  44.959375 8.733458 00 00 31383132304a303230353138            
04/11/25 14:50:32 0447 1                  44.958690 8.733360 00 00 31383132304a303230353231            
04/11/25 14:51:36 0448 1                  44.958473 8.733787 00 00 31383132304a303233363435            
04/11/25 14:52:34 0449 1                  44.958567 8.734402 00 00 31383132304a303233353033            
04/11/25 14:52:57 0450 1                  44.958665 8.734648 00 00 31383132304a303234333234            
04/11/25 14:53:50 0451 1                  44.958858 8.734840 00 00 31383132304a303233353034            
04/11/25 14:53:56 0452 1                  44.958853 8.734840 00 00 31383132304a303231353239            
04/11/25 14:54:08 0453 1                  44.958883 8.734792 00 00 31383132304a303233323937            
04/11/25 14:54:13 0454 1                  44.958877 8.734795 00 00 300ed89f3350005fe2d3caed            
04/11/25 14:54:16 0455 1                  44.958872 8.734800 00 00 300ed89f335001401e10664d            
04/11/25 14:56:40 0456 1                  44.958882 8.736142 00 00 3234303234304a3030323536            
04/11/25 14:56:46 0457 1                  44.958962 8.736270 00 00 313931323050303035323730            
04/11/25 14:58:14 0458 1                  44.958698 8.736162 00 00 3235303132304a3030393735            
04/11/25 14:58:43 0459 1                  44.958458 8.735878 00 00 39383132304a303233343935            
04/11/25 15:00:21 0460 1                  44.958213 8.734897 00 00 31383132304a303233353030            
04/11/25 15:01:12 0461 1                  44.958117 8.734700 00 00 31383132304a303233343939            
04/11/25 15:03:28 0462 1                  44.957645 8.735035 00 00 31383132304a303233363437            
04/11/25 15:04:36 0463 1                  44.957883 8.735860 00 00 31383132304a303233343934            
04/11/25 15:06:56 0464 1                  44.957303 8.736038 00 00 313931323050303132303236            
04/11/25 15:07:07 0465 1                  44.957337 8.736017 00 00 313931323050303130313135            
04/11/25 15:09:14 0466 1                  44.957213 8.735572 00 00 31383132304a303233323837            
04/11/25 15:10:29 0467 1                  44.957105 8.735045 00 00 31383132304a303234333331            
04/11/25 15:11:57 0468 1                  44.956492 8.734835 00 00 31383132304a303132373036            
04/11/25 15:12:36 0469 1                  44.956665 8.736027 00 00 31383132304a303230393035            
04/11/25 15:14:20 0470 1                  44.956332 8.735120 00 00 31383132304a303231353238            
04/11/25 15:15:15 0471 1                  44.956087 8.734683 00 00 31383132304a703233353032            
04/11/25 15:15:22 0472 1                  44.956113 8.734667 00 00 31383132304a303233353035            
04/11/25 15:18:07 0473 1                  44.954470 8.735413 00 00 31383132304a303234333237            
04/11/25 15:20:11 0474 1                  44.955068 8.735388 00 00 31383132304a303233373134            
04/11/25 15:22:18 0475 1                  44.956098 8.735858 00 00 30396120c0a40b00000003d0            
04/11/25 15:22:19 0476 1                  44.956098 8.735862 00 00 31383132304a303230383939            
04/11/25 15:35:56 0477 1                  44.978203 8.758803 00 00 31383132304a303233343335            
04/11/25 15:36:09 0478 1                  44.978613 8.760743 00 00 31383132304a303233343336            
04/11/25 15:39:30 0479 1                  44.980550 8.761942 00 00 31383132304a303233373239            
04/11/25 15:39:47 0480 1                  44.980530 8.761967 00 00 313931323050303035353033            
04/11/25 15:41:46 0481 1                  44.980678 8.761538 00 00 31383132304a303231333531            
04/11/25 15:47:13 0482 1                  44.995262 8.770972 00 00 31383132304a303232393432            
04/11/25 15:47:20 0483 1                  44.995450 8.771960 00 00 31383132304a303233383939            
04/11/25 15:47:22 0484 1                  44.995450 8.771960 00 00 31383132304a303232383532            
04/11/25 16:18:28 0485 1                  44.912885 8.871063 00 00 3034f836e82baa8ab4237ed0            
04/11/25 16:19:41 0486 1                  44.912882 8.871212 00 00 30396120c0717000000018be            
04/11/25 16:20:33 0487 1                  44.912907 8.871098 00 00 302f009d75f00a8000004c5a            
04/11/25 16:22:02 0488 1                  44.912930 8.871130 00 00 30340c0f6c3eca7bbf14f004            
04/11/25 16:22:37 0489 1                  44.912932 8.871097 00 00 3035eb8adc091e880005e3d4            
04/11/25 16:22:39 0490 1                  44.912925 8.871088 00 00 3035ebea0849df0800040c22            
04/11/25 16:25:09 0491 1                  44.913007 8.871108 00 00 5004e7000101373032303537303730303030
04/11/25 16:28:48 0492 1                  44.907768 8.868857 00 00 3142040138818970                    
04/11/25 16:29:36 0493 1                  44.906457 8.867043 00 00 31383032334d303134333036            
04/11/25 16:36:49 0494 1                  44.905985 8.866362 00 00 323032343056303030363232            
04/11/25 16:37:00 0495 1                  44.906153 8.866870 00 00 313931323050303039313737            
04/11/25 16:39:12 0496 1                  44.902312 8.856552 00 00 200503862405640153070100            
04/11/25 16:49:02 0497 1                  44.882580 8.860200 00 00 300ed89f3350015a1e3d14d8            
04/11/25 16:49:56 0498 1                  44.882497 8.860065 00 00 3235303234304a3030323633            
04/11/25 16:52:27 0000 s 01883ver01 44.882222 8.860197 00 00
04/11/25 16:53:03 0499 1                  44.882208 8.860133 00 00 3231303234304a3034333430            
