27/01/25 05:25:09 0000 s 01878ver01 44.882293 8.859797 00 00
27/01/25 05:57:10 0001 1                  0 0 00 00 31383032334D303032303935            
27/01/25 05:57:12 0002 1                  0 0 00 00 3231303032334D3033333733            
27/01/25 06:06:53 0003 1                  0 0 00 00 3231303032334D3030373133            
27/01/25 06:07:04 0004 1                  44.894845 8.852132 00 00 3231303032334D3034323933            
27/01/25 06:07:14 0005 1                  44.894872 8.852152 00 00 31383032334D303131343639            
27/01/25 06:07:16 0006 1                  44.894870 8.852160 00 00 31383032334D303131343636            
27/01/25 06:07:46 0007 1                  44.895085 8.852138 00 00 3231303032334D3030353130            
27/01/25 06:08:41 0008 1                  44.894853 8.852483 00 00 3234303032334D3030343232            
27/01/25 06:08:59 0009 1                  44.894832 8.852568 00 00 31383032334D303036333630            
27/01/25 06:09:03 0010 1                  44.894847 8.852588 00 00 3231303032334D3032363734            
27/01/25 06:09:25 0011 1                  44.894878 8.852608 00 00 3231303032334D3031313632            
27/01/25 06:09:29 0012 1                  44.894888 8.852622 00 00 31383032334D303131333033            
27/01/25 06:10:01 0013 1                  44.894927 8.852630 00 00 3233303032334D3030383936            
27/01/25 06:12:43 0014 1                  44.895438 8.853615 00 00 3231303032334D3032373834            
27/01/25 06:34:46 0000 s 01878ver01 44.895027 8.841152 00 00
27/01/25 06:35:36 0015 1                  44.894900 8.841110 00 00 31383032334D303134303830            
27/01/25 06:36:45 0016 1                  44.894800 8.840852 00 00 323031323055303030303235            
27/01/25 06:38:39 0017 1                  44.894683 8.835623 00 00 3232303032334D3030363734            
27/01/25 06:38:48 0018 1                  44.894663 8.835632 00 00 31383032334D303135333737            
27/01/25 06:40:19 0019 1                  44.894482 8.827350 00 00 31383032334D303131333736            
27/01/25 06:40:20 0020 1                  44.894477 8.827350 00 00 31383032334D303131333735            
27/01/25 06:43:31 0021 1                  44.894593 8.823808 00 00 3234303032334D3030343239            
27/01/25 06:45:30 0022 1                  44.893008 8.814193 00 00 31383032334D303032313530            
27/01/25 06:52:14 0023 1                  44.888055 8.803427 00 00 31383032334D303135343434            
27/01/25 06:54:43 0024 1                  44.888060 8.804408 00 00 323030323545303039303737            
27/01/25 06:54:54 0025 1                  44.888080 8.804453 00 00 31383032334D303135343432            
27/01/25 07:03:06 0026 1                  44.871457 8.796217 00 00 31383032334D303135333131            
27/01/25 07:06:29 0027 1                  44.873540 8.795808 00 00 31383032334D303131323333            
27/01/25 07:07:40 0028 1                  44.872692 8.791887 00 00 31383032334D303131333732            
27/01/25 07:08:52 0029 1                  44.872177 8.789470 00 00 3232303032334D3030333935            
27/01/25 07:11:21 0030 1                  44.873985 8.786295 00 00 323030323545303034323534            
27/01/25 07:11:56 0031 1                  44.873987 8.785993 00 00 31383032334D303135343035            
27/01/25 07:17:47 0032 1                  44.887317 8.785890 00 00 31383032334D303135343037            
27/01/25 07:20:05 0033 1                  44.889538 8.786112 00 00 31383032334D303135333238            
27/01/25 07:20:54 0034 1                  44.889728 8.786048 00 00 31383032334D303135333330            
27/01/25 07:21:38 0035 1                  44.890000 8.786175 00 00 31383032334D303131343031            
27/01/25 07:21:42 0036 1                  44.890002 8.786178 00 00 31383032334D303135353034            
27/01/25 07:28:29 0037 1                  44.893380 8.813010 00 00 31383032334D303031313931            
27/01/25 07:29:57 0038 1                  44.893503 8.813653 00 00 31383032334D303132333130            
27/01/25 07:30:47 0039 1                  44.893317 8.813703 00 00 31383032334D303135353835            
27/01/25 07:30:56 0040 1                  44.893305 8.813683 00 00 31383032334D303036393735            
27/01/25 07:32:03 0041 1                  44.891980 8.813623 00 00 31383032334D303135353836            
27/01/25 07:32:48 0042 1                  44.891535 8.813467 00 00 31383032334D303135353837            
27/01/25 07:33:53 0043 1                  44.889407 8.813015 00 00 31383032334D303135353839            
27/01/25 07:40:03 0044 1                  44.894990 8.828722 00 00 31383032334D303131333839            
27/01/25 07:40:09 0045 1                  44.895007 8.828715 00 00 3234303032334D3030353934            
27/01/25 07:42:11 0046 1                  44.894475 8.836613 00 00 31383032334D303032303639            
27/01/25 07:42:12 0047 1                  44.894475 8.836613 00 00 31383032334D303032303638            
27/01/25 07:57:24 0000 s 01878ver01 44.899983 8.872012 00 00
27/01/25 08:27:26 0000 s 01878ver01 44.908897 8.867143 00 00
27/01/25 08:34:59 0048 1                  44.889868 8.837352 00 00 31383032334D303035303538            
27/01/25 08:36:10 0049 1                  44.889017 8.832598 00 00 31383032334D303131333733            
27/01/25 08:36:22 0050 1                  44.888988 8.832597 00 00 3231303032334D3031333832            
27/01/25 08:36:58 0051 1                  44.888932 8.832023 00 00 31383032334D303135333439            
27/01/25 08:37:52 0052 1                  44.888597 8.830365 00 00 31383032334D303135333937            
27/01/25 08:38:09 0053 1                  44.888515 8.830352 00 00 31383032334D303135343534            
27/01/25 08:39:09 0054 1                  44.888325 8.828535 00 00 3231303032334D3032353038            
27/01/25 08:50:12 0055 1                  44.873667 8.835645 00 00 31383032334D303131343135            
27/01/25 08:51:56 0056 1                  44.875675 8.832330 00 00 3231303032334D3032353431            
27/01/25 08:59:54 0057 1                  44.868237 8.827215 00 00 31383032334D303136303935            
27/01/25 09:04:27 0058 1                  44.872837 8.805377 00 00 323032343055303030343734            
27/01/25 09:11:33 0059 1                  44.873567 8.811710 00 00 323030323545303035393330            
27/01/25 09:13:27 0060 1                  44.872845 8.808937 00 00 323030323545303033323935            
27/01/25 09:14:20 0061 1                  44.872505 8.808790 00 00 323031323055303030333736            
27/01/25 09:26:15 0000 s 01878ver01 44.872483 8.808717 00 00
27/01/25 09:36:03 0062 1                  44.910717 8.835368 00 00 31383032334D303135343831            
27/01/25 09:37:48 0063 1                  44.912192 8.839843 00 00 31383032334D303131343033            
27/01/25 09:41:05 0064 1                  0 0 00 00 3234303032334D3030373336            
27/01/25 09:41:53 0065 1                  44.922888 8.840530 00 00 31383032334D303135353033            
27/01/25 09:53:42 0066 1                  44.933613 8.825177 00 00 31783032334D303137363237            
27/01/25 09:54:28 0067 1                  44.933475 8.823578 00 00 3234303032334D3030393936            
27/01/25 09:55:41 0068 1                  44.932735 8.816793 00 00 31383032334D303132313632            
27/01/25 09:56:15 0069 1                  44.932727 8.816157 00 00 3232303032334D3030373732            
27/01/25 09:57:11 0070 1                  44.932508 8.814118 00 00 31383032334D303135353035            
27/01/25 10:01:27 0071 1                  44.922663 8.830690 00 00 31383032334D303135333532            
27/01/25 10:02:07 0072 1                  44.922442 8.830798 00 00 31383032334D303135333533            
27/01/25 10:04:30 0073 1                  44.919430 8.821483 00 00 31383032334D303135323735            
27/01/25 10:04:38 0074 1                  44.919402 8.821500 00 00 3138303233CD303131333236            
27/01/25 10:04:38 0075 1                  44.919402 8.821500 00 00 31383032334D303131333236            
27/01/25 10:07:02 0076 1                  44.925335 8.809210 00 00 3233303032334D3030383538            
27/01/25 10:14:38 0077 1                  44.914992 8.829132 00 00 323030323545303030383939            
27/01/25 10:15:46 0078 1                  44.915355 8.828913 00 00 31383032334D303135323736            
27/01/25 10:16:19 0079 1                  44.915460 8.828893 00 00 31383032334D3031B5323131            
27/01/25 10:17:12 0080 1                  44.915492 8.828257 00 00 3231303032334D3031393231            
27/01/25 10:17:50 0081 1                  44.915253 8.828053 00 00 31383032334D303032303636            
27/01/25 10:22:22 0082 1                  44.912480 8.822645 00 00 300ED89F3350005FE2D3C841            
27/01/25 10:22:52 0083 1                  44.912478 8.822647 00 00 323032343055303030313239            
27/01/25 10:30:19 0084 1                  44.905292 8.808905 00 00 31383032334D303032313734            
27/01/25 10:31:23 0085 1                  44.904735 8.813565 00 00 31383032334D303135323037            
27/01/25 10:32:05 0086 1                  44.904555 8.813945 00 00 31383032334D303135323038            
27/01/25 10:32:46 0087 1                  44.904580 8.814328 00 00 31383032334D303135323034            
27/01/25 10:32:56 0088 1                  44.904598 8.814327 00 00 31383032334D303135323036            
27/01/25 10:32:56 0089 1                  44.904598 8.814327 00 00 31383072334D303135323036            
27/01/25 10:32:57 0090 1                  44.904593 8.814342 00 00 31383032334D303135323035            
27/01/25 10:36:38 0091 1                  44.904217 8.834190 00 00 31383032334D303135323134            
