27/01/25 04:43:59 0000 s 01891ver01 44.792702 8.739562 00 00
27/01/25 05:19:42 0001 1                  44.727072 8.854417 00 00 31383132304A303231373537            
27/01/25 05:21:06 0002 1                  44.726990 8.854500 00 00 31383132304A303230373937            
27/01/25 05:21:29 0003 1                  44.726850 8.854623 00 00 3231303033304D3032353531            
27/01/25 05:21:54 0004 1                  44.726922 8.854518 00 00 3234303033304D3030323535            
27/01/25 05:22:04 0005 1                  44.726935 8.854500 00 00 3234303132304A3032323239            
27/01/25 05:22:37 0006 1                  44.726988 8.854533 00 00 32343031323078AD32323332            
27/01/25 05:22:44 0007 1                  44.727008 8.854548 00 00 3234303132304A3032323331            
27/01/25 05:23:15 0008 1                  44.727033 8.854595 00 00 3234303132304A3032323231            
27/01/25 05:23:23 0009 1                  44.727028 8.854613 00 00 3234303132304A3032323230            
27/01/25 05:25:02 0010 1                  44.726770 8.854565 00 00 313931313030D03030313731            
27/01/25 05:25:03 0011 1                  44.726770 8.854565 00 00 30340BF8D40CBB58144BEC06            
27/01/25 05:26:37 0012 1                  44.725723 8.855380 00 00 0800000000000040081C6F16            
27/01/25 05:26:37 0013 1                  44.725723 8.855380 00 00 31383132304A303139393239            
27/01/25 05:27:54 0014 1                  44.725342 8.855943 00 00 31383033304D303034363635            
27/01/25 05:28:02 0015 1                  44.725330 8.855955 00 00 3231303033304D3033303230            
27/01/25 05:29:10 0016 1                  44.725205 8.856128 00 00 31383033304D303034363435            
27/01/25 05:29:18 0017 1                  44.725220 8.856127 00 00 31383033304D303034363636            
27/01/25 05:29:33 0018 1                  44.725253 8.856125 00 00 3231303033304D3032383635            
27/01/25 05:30:47 0019 1                  44.725043 8.856383 00 00 313931313030503030313237            
27/01/25 05:32:19 0020 1                  44.724193 8.856877 00 00 313931323050303039313736            
27/01/25 05:33:21 0021 1                  44.723815 8.857118 00 00 3231303033304D3032383837            
27/01/25 05:33:42 0022 1                  44.723772 8.857142 00 00 3231303033304D3033313739            
27/01/25 05:33:45 0023 1                  44.723767 8.857147 00 00 31383033304D303034323736            
27/01/25 05:33:49 0024 1                  44.723760 8.857150 00 00 31383033304D303033363630            
27/01/25 05:34:38 0025 1                  44.723682 8.857325 00 00 3234303033304D3030333033            
27/01/25 05:35:37 0026 1                  44.723382 8.857760 00 00 31383132304A303139393639            
27/01/25 05:36:58 0027 1                  44.723248 8.857762 00 00 3234303132304A3031303730            
27/01/25 05:42:09 0028 1                  44.724003 8.857250 00 00 3234303234304A3030333633            
27/01/25 05:42:30 0029 1                  44.724012 8.857262 00 00 3231303033304D3032363939            
27/01/25 05:44:39 0030 1                  44.724645 8.856533 00 00 3234313130304A3030333438            
27/01/25 05:46:06 0031 1                  44.724695 8.856640 00 00 3231303033304D3032383136            
27/01/25 05:47:34 0032 1                  44.725142 8.856297 00 00 31383132304A303232303932            
27/01/25 05:48:52 0033 1                  44.725838 8.855718 00 00 31383132304A303139393734            
27/01/25 05:51:18 0034 1                  44.726775 8.855357 00 00 313931313030503030313734            
27/01/25 05:51:18 0035 1                  44.726775 8.855357 00 00 313931313030503030313334            
27/01/25 05:52:14 0036 1                  44.726777 8.855338 00 00 313931313030503030313335            
27/01/25 05:53:47 0037 1                  44.727145 8.854673 00 00 3231303033304D3032383836            
27/01/25 05:53:56 0038 1                  44.727155 8.854668 00 00 31383033304D303034313134            
27/01/25 05:56:25 0039 1                  44.727427 8.855012 00 00 313932343045303030373336            
27/01/25 06:01:12 0040 1                  44.723313 8.857120 00 00 3231303033304D3032363537            
27/01/25 06:01:23 0041 1                  44.723300 8.857080 00 00 31383132304A303230333836            
27/01/25 06:01:23 0042 1                  44.723300 8.857080 00 00 3035EBC0904CB7D748918F94            
27/01/25 06:02:21 0043 1                  44.723115 8.857082 00 00 31383033304D303033333531            
27/01/25 06:02:32 0044 1                  44.723127 8.857052 00 00 31383132304A303230313838            
27/01/25 06:02:38 0045 1                  44.723135 8.857032 00 00 31383132304A303230313633            
27/01/25 06:03:31 0046 1                  44.722995 8.856408 00 00 31383132304A303230313837            
27/01/25 06:04:48 0047 1                  44.722815 8.856243 00 00 3233313130304A3030313538            
27/01/25 06:05:21 0048 1                  44.722793 8.856212 00 00 3232313130304A3030303936            
27/01/25 06:08:28 0049 1                  44.723543 8.856122 00 00 3234303033304D3030333638            
27/01/25 06:08:32 0050 1                  44.723555 8.856110 00 00 31383033304D303034303236            
27/01/25 06:08:35 0051 1                  44.723567 8.856093 00 00 31383033304D303034303636            
27/01/25 06:08:39 0052 1                  44.723578 8.856075 00 00 3231303033304D3032363335            
27/01/25 06:09:02 0053 1                  44.723632 8.855958 00 00 31383033304D303034303637            
27/01/25 06:09:07 0054 1                  44.723632 8.855928 00 00 3230303033304D3038353036            
27/01/25 06:09:22 0055 1                  44.723638 8.855862 00 00 31383033304D303034303639            
27/01/25 06:09:26 0056 1                  44.723638 8.855848 00 00 31383033304D303034303235            
27/01/25 06:12:17 0057 1                  44.724683 8.855260 00 00 313931313030503030323234            
27/01/25 06:13:33 0058 1                  44.724292 8.855323 00 00 3234303132304A3030393134            
27/01/25 06:13:48 0059 1                  44.724323 8.855298 00 00 31383132304A303139343835            
27/01/25 06:15:14 0060 1                  44.724142 8.855533 00 00 313931313030503030323536            
27/01/25 06:16:29 0061 1                  44.724223 8.855628 00 00 313931323050303035353635            
27/01/25 06:16:40 0062 1                  44.724237 8.855635 00 00 313931323050303035353539            
27/01/25 06:17:01 0063 1                  44.724248 8.855658 00 00 31383132304A303138393134            
27/01/25 06:18:15 0064 1                  44.724332 8.856112 00 00 31383132304A303139343731            
27/01/25 06:18:38 0065 1                  44.724328 8.856163 00 00 31383132304A303139343730            
27/01/25 06:18:46 0066 1                  44.724327 8.856177 00 00 31383033304D303034363231            
27/01/25 06:19:29 0067 1                  44.724443 8.856415 00 00 31383033304D303034363837            
27/01/25 06:19:36 0068 1                  44.724433 8.856423 00 00 3230303033304D3038383432            
27/01/25 06:19:42 0069 1                  44.724422 8.856427 00 00 31383033304D303034373035            
27/01/25 06:19:48 0070 1                  44.724417 8.856433 00 00 3231303033304D3032363732            
27/01/25 06:20:10 0071 1                  44.724452 8.856380 00 00 E28011700000021060A2523E            
27/01/25 06:20:17 0072 1                  44.724465 8.856370 00 00 31383033304D303034373033            
27/01/25 06:21:40 0073 1                  44.723967 8.856963 00 00 313931323050303031343836            
27/01/25 06:22:33 0074 1                  44.723895 8.856803 00 00 31383132304A303230363538            
27/01/25 06:22:33 0075 1                  44.723895 8.856803 00 00 30395DFA832A41C00008E245            
27/01/25 06:22:34 0076 1                  44.723895 8.856803 00 00 30395DFA832A4A000008DB8C            
27/01/25 06:22:49 0077 1                  44.723862 8.856830 00 00 313931323050303037363930            
27/01/25 06:24:02 0078 1                  44.723798 8.856570 00 00 31383132304A303231333832            
27/01/25 06:24:09 0079 1                  44.723792 8.856562 00 00 313931323050303130393337            
27/01/25 06:24:23 0080 1                  44.723782 8.856547 00 00 31383132304A303230363534            
27/01/25 06:24:29 0081 1                  44.723782 8.856538 00 00 31383132304A303230363535            
27/01/25 06:24:50 0082 1                  44.723812 8.856538 00 00 31383132304A303139373933            
27/01/25 06:25:29 0083 1                  44.723837 8.856572 00 00 3139313130304A3032313235            
27/01/25 06:26:34 0084 1                  44.723860 8.856458 00 00 313931313030503030313838            
27/01/25 06:28:35 0085 1                  44.723832 8.856070 00 00 3231313130304A3032363137            
27/01/25 06:28:35 0086 1                  44.723832 8.856070 00 00 30396062C38CE2C0002D0749            
27/01/25 06:29:19 0087 1                  44.723887 8.856067 00 00 3231313130304A3031333535            
27/01/25 06:29:19 0088 1                  44.723887 8.856067 00 00 30340BC9EC4516E8DA3BE404            
27/01/25 06:29:20 0089 1                  44.723892 8.856068 00 00 226755744028000000000000            
27/01/25 06:33:25 0090 1                  44.722552 8.856993 00 00 31383033304D303034313331            
27/01/25 06:33:38 0091 1                  44.722538 8.856980 00 00 30396120C058BC4000000100            
27/01/25 06:33:40 0092 1                  44.722540 8.856982 00 00 31383033304D703033343536            
27/01/25 06:33:43 0093 1                  44.722553 8.856985 00 00 3230303033304D3039313233            
27/01/25 06:34:39 0094 1                  44.722583 8.856445 00 00 31383132304A303139303331            
27/01/25 06:37:10 0095 1                  44.721663 8.853295 00 00 313931313030503030323132            
27/01/25 06:37:44 0096 1                  44.721640 8.853238 00 00 313931313030503030313439            
27/01/25 06:38:23 0097 1                  44.721620 8.853235 00 00 3231313130304A3030313738            
27/01/25 06:39:28 0098 1                  44.721133 8.853773 00 00 31383132304A303139333237            
27/01/25 06:40:58 0099 1                  44.720898 8.854935 00 00 31383132304A303139383738            
27/01/25 06:43:03 0100 1                  44.721188 8.855335 00 00 31383132304A303139323934            
27/01/25 06:43:17 0101 1                  44.721175 8.855342 00 00 313931323050303037393738            
27/01/25 06:44:10 0102 1                  44.721350 8.855518 00 00 3231303234304A3034363134            
27/01/25 06:45:19 0103 1                  44.721492 8.855657 00 00 31383132304A303139323937            
27/01/25 06:45:56 0104 1                  44.721568 8.855765 00 00 31383132304A303230363235            
27/01/25 06:46:06 0105 1                  44.721567 8.855775 00 00 313931323050303032393530            
27/01/25 06:47:42 0106 1                  44.721902 8.856002 00 00 313931313030503030333133            
27/01/25 06:48:13 0107 1                  44.721877 8.855985 00 00 313931313030503030333238            
27/01/25 06:50:47 0108 1                  44.722147 8.855825 00 00 30340C0F7421102C64494C06            
27/01/25 06:51:12 0109 1                  44.722105 8.855827 00 00 3035E942680363A1CB2BBB9B            
27/01/25 06:52:11 0110 1                  44.722130 8.855763 00 00 303480241C001B5748790AE5            
27/01/25 06:54:57 0111 1                  44.723042 8.854585 00 00 31383132304A303235373538            
27/01/25 06:56:00 0112 1                  44.723307 8.854397 00 00 31383132304A303231313339            
27/01/25 06:56:08 0113 1                  44.723300 8.854388 00 00 31383132304A303231323238            
27/01/25 06:56:38 0114 1                  44.723312 8.854368 00 00 31383132304A303231313337            
27/01/25 06:56:59 0115 1                  44.723322 8.854413 00 00 31383033304D303033333037            
27/01/25 06:57:25 0116 1                  44.723305 8.854440 00 00 31383132304A303231313338            
27/01/25 06:59:14 0117 1                  44.723457 8.854187 00 00 31383132304A303230343839            
27/01/25 06:59:16 0118 1                  44.723455 8.854188 00 00 303ACB0343B813D9D8B6610E            
27/01/25 07:00:28 0119 1                  44.723593 8.854032 00 00 313931313030503030313533            
27/01/25 07:02:03 0120 1                  44.724343 8.853815 00 00 31383132304A303230343836            
27/01/25 07:03:20 0121 1                  44.724717 8.853077 00 00 313931313030503030323436            
27/01/25 07:03:39 0122 1                  44.724717 8.853082 00 00 31383132304A303139343631            
27/01/25 07:04:57 0123 1                  44.725053 8.852930 00 00 313931313030503030323534            
27/01/25 07:05:17 0124 1                  44.725052 8.852940 00 00 31383132304A303139383836            
27/01/25 07:05:23 0125 1                  44.725048 8.852940 00 00 31383132304A303139363238            
27/01/25 07:06:36 0126 1                  44.725215 8.853288 00 00 31383132304A303138393639            
27/01/25 07:06:47 0127 1                  44.725210 8.853285 00 00 31383132304A303139343838            
27/01/25 07:08:21 0128 1                  44.725618 8.853375 00 00 31383132304A303139363331            
27/01/25 07:09:21 0129 1                  44.725060 8.853588 00 00 31383132704A303230313836            
27/01/25 07:10:04 0130 1                  44.724820 8.853620 00 00 31383132304A303139383835            
27/01/25 07:12:16 0131 1                  44.724230 8.852783 00 00 303ACA478346C5999C831FE5            
27/01/25 07:12:16 0132 1                  44.724230 8.852783 00 00 313931313030503030313934            
27/01/25 07:12:40 0133 1                  44.724248 8.852785 00 00 313931313030503030323232            
27/01/25 07:13:35 0134 1                  44.724215 8.852825 00 00 313931313030503030313239            
27/01/25 07:13:38 0135 1                  44.724212 8.852828 00 00 313931313030503030313039            
27/01/25 07:14:06 0136 1                  44.724172 8.852872 00 00 313931313030503030313130            
27/01/25 07:15:26 0137 1                  44.724395 8.852177 00 00 31383132304A303138393737            
27/01/25 07:16:16 0138 1                  44.724058 8.852023 00 00 31383132304A303138383730            
27/01/25 07:17:12 0139 1                  44.723698 8.852197 00 00 31383132304A303138383633            
27/01/25 07:18:20 0140 1                  44.723753 8.852572 00 00 31383132304A303138383637            
27/01/25 07:19:19 0141 1                  44.723908 8.852357 00 00 31383132304A303138353336            
27/01/25 07:19:19 0142 1                  44.723908 8.852357 00 00 3035EB8ADC494847FE000EBB            
27/01/25 07:19:19 0143 1                  44.723908 8.852357 00 00 3035EBB3202A72880003FE0F            
27/01/25 07:20:50 0144 1                  44.722122 8.853018 00 00 3231303234304A3032333233            
27/01/25 07:23:34 0145 1                  44.722355 8.854962 00 00 313931313030503030303537            
27/01/25 07:25:19 0146 1                  44.722732 8.855125 00 00 313931313030503030303539            
27/01/25 07:26:06 0147 1                  44.722705 8.855170 00 00 313931313030503030303530            
27/01/25 07:29:38 0148 1                  44.721863 8.852397 00 00 313931313030503030303130            
27/01/25 07:31:10 0149 1                  44.721598 8.852572 00 00 31383132304A303138373430            
27/01/25 07:31:25 0150 1                  44.721542 8.852570 00 00 31383132304A303138373B39            
27/01/25 07:33:16 0151 1                  44.720973 8.853148 00 00 313931313030503030323535            
27/01/25 07:35:06 0152 1                  44.721062 8.853127 00 00 3231313130304A3031333833            
27/01/25 07:36:17 0153 1                  44.720853 8.853037 00 00 313931313030503030303131            
27/01/25 07:37:35 0154 1                  44.720313 8.853428 00 00 3231303033304D3032373330            
27/01/25 07:37:38 0155 1                  44.720312 8.853428 00 00 31383033304D303034303338            
27/01/25 07:37:43 0156 1                  44.720310 8.853428 00 00 31383033304D303034303430            
27/01/25 07:37:47 0157 1                  44.720307 8.853432 00 00 31383033304D303034303337            
27/01/25 07:38:02 0158 1                  44.720303 8.853435 00 00 31383033304D303034303431            
27/01/25 07:38:17 0159 1                  44.720308 8.853440 00 00 31383132304A303236383238            
27/01/25 07:38:23 0160 1                  44.720308 8.853437 00 00 31383132304A303237303839            
27/01/25 07:39:24 0161 1                  44.720238 8.853812 00 00 31383132304A303138373037            
27/01/25 07:40:18 0162 1                  44.720427 8.854300 00 00 31383132304A303139353535            
27/01/25 07:40:27 0163 1                  44.720422 8.854312 00 00 31383132304A303139353837            
27/01/25 07:43:05 0164 1                  44.722525 8.857330 00 00 313931313030503030313834            
27/01/25 07:48:19 0165 1                  44.709950 8.861027 00 00 31383132304A303139343634            
27/01/25 07:48:25 0166 1                  44.709933 8.861020 00 00 31383132304A303139343637            
27/01/25 07:49:20 0167 1                  44.709808 8.861105 00 00 31383132304A303139393939            
27/01/25 07:51:21 0168 1                  44.708923 8.861492 00 00 31383132304A303231313637            
27/01/25 07:52:16 0169 1                  44.708703 8.861568 00 00 31383132304A303231343730            
27/01/25 07:54:11 0170 1                  44.704705 8.865443 00 00 31383132304A303138353439            
27/01/25 07:57:39 0171 1                  44.707743 8.862792 00 00 31383132304A303231343637            
27/01/25 07:58:49 0172 1                  44.708357 8.862168 00 00 31383132304A307230353436            
27/01/25 07:59:06 0173 1                  44.708355 8.862175 00 00 31383132304A303230353437            
27/01/25 08:00:29 0174 1                  44.708613 8.861932 00 00 31383132304A303139393435            
27/01/25 08:01:37 0175 1                  44.708863 8.861772 00 00 31383132304A303230353438            
27/01/25 08:02:58 0176 1                  44.709713 8.861402 00 00 313832343045303034303434            
27/01/25 08:04:58 0177 1                  44.708887 8.859840 00 00 31383132304A303230303032            
27/01/25 08:07:22 0178 1                  44.704592 8.858168 00 00 3138324B3054554E00000000            
27/01/25 08:08:40 0179 1                  44.704802 8.859130 00 00 3234313130304A3030333530            
27/01/25 08:08:53 0180 1                  44.704815 8.859135 00 00 3035EB8ADC494847FE000EBB            
27/01/25 08:10:03 0181 1                  44.704445 8.859127 00 00 313832343045303034303533            
27/01/25 08:11:11 0182 1                  44.703913 8.859160 00 00 313931323045303630323738            
27/01/25 08:12:27 0183 1                  44.703138 8.859862 00 00 313931313030503030303637            
27/01/25 08:14:10 0184 1                  44.704885 8.860940 00 00 313831323045303231303934            
27/01/25 08:14:35 0185 1                  44.704895 8.860928 00 00 313931313030503030323931            
27/01/25 08:17:40 0186 1                  44.697880 8.860745 00 00 31383132304A303139343638            
27/01/25 08:20:44 0187 1                  44.706445 8.859325 00 00 000000000000000017797439            
27/01/25 08:28:34 0188 1                  44.724102 8.857575 00 00 31383132304A303230383535            
27/01/25 08:29:23 0189 1                  44.724370 8.857408 00 00 31383132304A303138393932            
27/01/25 08:30:18 0190 1                  44.724653 8.857405 00 00 31383033304D303033363038            
27/01/25 08:30:24 0191 1                  44.724653 8.857407 00 00 31383033304D303033353932            
27/01/25 08:31:07 0192 1                  44.724840 8.857330 00 00 31383033304D303034313330            
27/01/25 08:31:10 0193 1                  44.724842 8.857325 00 00 31383033304D303034373631            
27/01/25 08:33:27 0194 1                  44.726215 8.856407 00 00 31383132304A303138393635            
27/01/25 08:33:48 0195 1                  44.726215 8.856397 00 00 313931313030503030313133            
27/01/25 08:36:05 0196 1                  44.725712 8.856790 00 00 313931313030503030323133            
27/01/25 08:36:36 0197 1                  44.725705 8.856858 00 00 313931313030503030323034            
27/01/25 08:36:38 0198 1                  44.725705 8.856860 00 00 303ACB034257A299D8B64A05            
27/01/25 08:36:38 0199 1                  44.725705 8.856860 00 00 303ACB03439C07DC9214FAEC            
27/01/25 08:36:38 0200 1                  44.725705 8.856860 00 00 303AC8E9C043299C965CD7B5            
27/01/25 08:37:14 0201 1                  44.725695 8.856847 00 00 313931313030503030323035            
27/01/25 08:37:46 0202 1                  44.725710 8.856863 00 00 313931323050303035383937            
27/01/25 08:39:34 0203 1                  44.726865 8.855757 00 00 3234313130304A3030343030            
27/01/25 09:06:41 0000 s 01891ver01 44.743727 8.836995 00 00
27/01/25 09:28:30 0204 1                  44.743785 8.837010 00 00 3034F6DFB81F4940001FE3DD            
27/01/25 09:32:30 0205 1                  44.737777 8.844992 00 00 000000000000000018202895            
27/01/25 10:30:38 0000 s 01891ver01 44.792982 8.739733 00 00
27/01/25 11:12:19 0000 s 01891ver01 44.792652 8.739540 00 00
27/01/25 11:22:08 0206 1                  44.764163 8.781540 00 00 181222318000048750160697            
