01/03/25 05:27:32 0000 s 01489ver01 44.882468 8.860200 00 00
01/03/25 05:27:34 0000 s 01489ver01 44.882468 8.860200 00 00
01/03/25 05:27:50 0001 1                  0 0 00 00 3233303234304A3030393836            
01/03/25 05:48:53 0002 1                  44.971330 8.882273 00 00 300ED89F3350015A1DF59B95            
01/03/25 05:48:59 0003 1                  44.971325 8.882277 00 00 300ED89F335001451DEB10E5            
01/03/25 05:51:34 0004 1                  44.977257 8.882240 00 00 323030323545303036353635            
01/03/25 05:51:48 0005 1                  44.977258 8.882133 00 00 323030323545303036353634            
01/03/25 05:52:05 0006 1                  44.977228 8.881947 00 00 323030323545303036353636            
01/03/25 05:53:08 0007 1                  44.976568 8.881175 00 00 3232303032334D3030323339            
01/03/25 05:53:55 0008 1                  44.976397 8.881570 00 00 323030323545303035393435            
01/03/25 05:54:25 0009 1                  44.976893 8.881135 00 00 323030323545303036353538            
01/03/25 05:55:14 0010 1                  44.977343 8.881767 00 00 323030323545303032333339            
01/03/25 05:55:24 0011 1                  44.977347 8.881752 00 00 323030323545303032333236            
01/03/25 05:55:56 0012 1                  44.977503 8.881828 00 00 323030323545303036313238            
01/03/25 05:56:26 0013 1                  44.977713 8.881832 00 00 3234303032334D3030373030            
01/03/25 05:56:37 0014 1                  44.977723 8.881848 00 00 323030323545303032333136            
01/03/25 05:56:37 0015 1                  44.977723 8.881848 00 00 323030323545303032333137            
01/03/25 05:56:55 0016 1                  44.977742 8.881858 00 00 323030323545303036343731            
01/03/25 05:57:21 0017 1                  44.977998 8.881787 00 00 323030323545303036343631            
01/03/25 05:57:50 0018 1                  44.978268 8.881630 00 00 323030323545303035343939            
01/03/25 05:57:50 0019 1                  44.978268 8.881630 00 00 3234303032334D3030373434            
01/03/25 05:57:51 0020 1                  44.978268 8.881630 00 00 323030323545303032373938            
01/03/25 05:58:00 0021 1                  44.978308 8.881603 00 00 3234303032334D3031313637            
01/03/25 05:58:14 0022 1                  44.978347 8.881610 00 00 3232303032334D3030353237            
01/03/25 05:58:43 0023 1                  44.978412 8.881638 00 00 323030323545303030343936            
01/03/25 05:59:51 0024 1                  44.978618 8.880772 00 00 3231303032334D3031323831            
01/03/25 06:00:44 0025 1                  44.978468 8.880820 00 00 323030323545303036353732            
01/03/25 06:01:06 0026 1                  44.978572 8.881313 00 00 323030323545303033313733            
01/03/25 06:02:15 0027 1                  44.979303 8.880933 00 00 323030323545303032333634            
01/03/25 06:02:15 0028 1                  44.979303 8.880933 00 00 323030323545303038343031            
01/03/25 06:04:05 0029 1                  44.978960 8.881313 00 00 323030323545303035393232            
01/03/25 06:04:35 0030 1                  44.977588 8.882420 00 00 323030323545303036343230            
01/03/25 06:07:35 0031 1                  44.977673 8.876480 00 00 3231303032334D3035343339            
01/03/25 06:07:58 0032 1                  44.977735 8.876350 00 00 3233303032334D3030313530            
01/03/25 06:08:49 0033 1                  44.979225 8.875398 00 00 323030323545303036303535            
01/03/25 06:12:40 0034 1                  44.981528 8.875813 00 00 323032343055303030343233            
01/03/25 06:13:54 0035 1                  44.981850 8.876177 00 00 323030323545303036323231            
01/03/25 06:15:20 0036 1                  44.981835 8.876548 00 00 323030323545303038373435            
01/03/25 06:16:17 0037 1                  44.981422 8.876512 00 00 323030323545303036343031            
01/03/25 06:16:51 0038 1                  44.981457 8.876593 00 00 323030323545303036303531            
01/03/25 06:17:01 0039 1                  44.981458 8.876588 00 00 323030323545303036313138            
01/03/25 06:17:40 0040 1                  44.981657 8.877152 00 00 323030323545303036333837            
01/03/25 06:17:45 0041 1                  44.981640 8.877153 00 00 323030323545303035363231            
01/03/25 06:18:14 0042 1                  44.981567 8.877463 00 00 323030323545303038343931            
01/03/25 06:18:42 0043 1                  44.981542 8.877613 00 00 323030323545303032343232            
01/03/25 06:18:46 0044 1                  44.981550 8.877618 00 00 3232303032334D3031343136            
01/03/25 06:19:19 0045 1                  44.981598 8.877893 00 00 323030323545303030343639            
01/03/25 06:19:19 0046 1                  44.981598 8.877893 00 00 323030323545303036323738            
01/03/25 06:19:55 0047 1                  44.981378 8.878465 00 00 323030323545303037333430            
01/03/25 06:19:58 0048 1                  44.981365 8.878467 00 00 323030323545303038393638            
01/03/25 06:20:15 0049 1                  44.981303 8.878482 00 00 3231303032334D3030393836            
01/03/25 06:21:07 0050 1                  44.981223 8.879242 00 00 323030323545303036323537            
01/03/25 06:21:46 0051 1                  44.981415 8.879323 00 00 323030323545303036333134            
01/03/25 06:22:34 0052 1                  44.981480 8.879393 00 00 323030323545303036333131            
01/03/25 06:22:57 0053 1                  44.981458 8.879410 00 00 323030323545303036333133            
01/03/25 06:23:47 0054 1                  44.981262 8.879278 00 00 25705569A686CF64B1C34DB9            
01/03/25 06:23:48 0055 1                  44.981243 8.879325 00 00 3030353035353337323830303031        
01/03/25 06:24:02 0056 1                  44.981215 8.879457 00 00 000000000000000003839969            
01/03/25 06:24:10 0057 1                  44.981197 8.879475 00 00 313832444C32573135303033            
01/03/25 06:25:21 0058 1                  44.980985 8.880130 00 00 323030323545303033333936            
01/03/25 06:25:29 0059 1                  44.980907 8.880167 00 00 323030323545303033333937            
01/03/25 06:26:43 0060 1                  44.981223 8.881222 00 00 323030323545303033343136            
01/03/25 06:28:30 0061 1                  44.981468 8.880912 00 00 323032343055303030353832            
01/03/25 06:29:13 0062 1                  44.981595 8.881062 00 00 100100000001242610000026            
01/03/25 06:29:48 0063 1                  44.981675 8.881073 00 00 323030323545303034323137            
01/03/25 06:29:54 0064 1                  44.981682 8.881068 00 00 323030323545303034323136            
01/03/25 06:30:04 0065 1                  44.981688 8.881057 00 00 3234303032334D3030303536            
01/03/25 06:30:10 0066 1                  44.981702 8.881052 00 00 323031323055303030333231            
01/03/25 06:31:28 0067 1                  44.981778 8.880880 00 00 323030323545303035373131            
01/03/25 06:31:41 0068 1                  44.981722 8.880855 00 00 3234303032334D3032313038            
01/03/25 06:32:10 0069 1                  44.981623 8.880828 00 00 3231303032334D3030363732            
01/03/25 06:32:20 0070 1                  44.981612 8.880848 00 00 323031323055303030323739            
01/03/25 06:33:22 0071 1                  44.981768 8.880598 00 00 323030323545303035363630            
01/03/25 06:34:30 0072 1                  44.981977 8.880035 00 00 3232303032334D3031333631            
01/03/25 06:34:34 0073 1                  44.981967 8.880017 00 00 323030323545303036323737            
01/03/25 06:34:48 0074 1                  44.981947 8.879972 00 00 323030323545303038303037            
01/03/25 06:35:12 0075 1                  44.981977 8.879548 00 00 323030323545303036333838            
01/03/25 06:35:38 0076 1                  44.982037 8.879118 00 00 323030323545303036323736            
01/03/25 06:36:17 0077 1                  44.982025 8.878720 00 00 323030323545303030343832            
01/03/25 06:36:33 0078 1                  44.982003 8.878717 00 00 323030323545303030343831            
01/03/25 06:37:14 0079 1                  44.981920 8.878602 00 00 3231303032334D3031363438            
01/03/25 06:37:51 0080 1                  44.981770 8.878487 00 00 323030323545303036323633            
01/03/25 06:38:17 0081 1                  44.981605 8.878423 00 00 323030323545303037333837            
01/03/25 06:38:22 0082 1                  44.981593 8.878413 00 00 323030323545303036323239            
01/03/25 06:38:38 0083 1                  44.981587 8.878395 00 00 323030323545303032333437            
01/03/25 06:39:17 0084 1                  44.981432 8.878293 00 00 C30C30C30C30C30C30C30C30            
01/03/25 06:39:24 0085 1                  44.981332 8.878397 00 00 323030323545303037333430            
01/03/25 06:39:35 0086 1                  44.981215 8.879188 00 00 25705569A686CF64B1C34DB9            
01/03/25 06:39:38 0087 1                  44.981205 8.879315 00 00 313832444C32573135303033            
01/03/25 06:40:11 0088 1                  44.981348 8.879923 00 00 323030323545303036333233            
01/03/25 06:41:05 0089 1                  44.981342 8.880282 00 00 323030323545303036333234            
01/03/25 06:41:44 0090 1                  44.981407 8.880042 00 00 323030323545303032383330            
01/03/25 06:41:58 0091 1                  44.981457 8.880038 00 00 323030323545303035373235            
01/03/25 06:42:36 0092 1                  44.981422 8.879892 00 00 3234303032334D3032303632            
01/03/25 06:43:22 0093 1                  44.981957 8.878888 00 00 3232303032334D3031343435            
01/03/25 06:43:44 0094 1                  44.982108 8.878622 00 00 323030323545303036323739            
01/03/25 06:44:29 0095 1                  44.982227 8.878618 00 00 323031323055303030313830            
01/03/25 06:46:18 0096 1                  44.982952 8.878485 00 00 323030323545303035363538            
01/03/25 06:46:21 0097 1                  44.982943 8.878455 00 00 323030323545303035363531            
01/03/25 06:46:39 0098 1                  44.983092 8.878450 00 00 323030323545303035363439            
01/03/25 06:46:43 0099 1                  44.983105 8.878455 00 00 323030323545303035363634            
01/03/25 06:49:04 0100 1                  44.982433 8.878492 00 00 323030323545303035363732            
01/03/25 06:51:13 0101 1                  44.982500 8.878107 00 00 323030323545303034393932            
01/03/25 06:51:13 0102 1                  44.982500 8.878107 00 00 323030323545303035363936            
01/03/25 06:51:30 0103 1                  44.982518 8.878103 00 00 323030323545303035373134            
01/03/25 06:52:02 0104 1                  44.982550 8.877950 00 00 323030323545303035373132            
01/03/25 06:52:02 0105 1                  44.982550 8.877950 00 00 323030323545303033383331            
01/03/25 06:53:20 0106 1                  44.982760 8.877630 00 00 323030323545303032353330            
01/03/25 06:53:26 0107 1                  44.982735 8.877628 00 00 323030323545303032353439            
01/03/25 06:54:39 0108 1                  44.982482 8.877535 00 00 323030323545303035363933            
01/03/25 06:55:12 0109 1                  44.982257 8.877393 00 00 323030323545303032333630            
01/03/25 06:55:30 0110 1                  44.982147 8.877342 00 00 323030323545303036323236            
01/03/25 06:55:30 0111 1                  44.982147 8.877342 00 00 323030323545303032343031            
01/03/25 06:55:31 0112 1                  44.982147 8.877342 00 00 323030323545303035353339            
01/03/25 06:57:06 0113 1                  44.981922 8.877325 00 00 323030323545303038333931            
01/03/25 06:57:36 0114 1                  44.981515 8.877645 00 00 323030323545303032343232            
01/03/25 06:57:54 0115 1                  44.981052 8.879448 00 00 313832444C32573135303033            
01/03/25 06:58:28 0116 1                  44.981480 8.881075 00 00 100100000001242610000026            
01/03/25 06:58:33 0117 1                  44.981582 8.881122 00 00 100100000001739020000025            
01/03/25 06:58:33 0118 1                  44.981582 8.881122 00 00 100100000001737750000035            
01/03/25 06:58:53 0119 1                  44.981998 8.881497 00 00 323030323545303033333635            
01/03/25 06:59:30 0120 1                  44.982535 8.881622 00 00 323030323545303033333730            
01/03/25 06:59:39 0121 1                  44.982577 8.881660 00 00 323030323545303033333636            
01/03/25 07:00:18 0122 1                  44.983318 8.882160 00 00 000000000000000005135969            
01/03/25 07:00:42 0123 1                  44.983513 8.882237 00 00 323030323545303036333931            
01/03/25 07:01:40 0124 1                  44.983552 8.882103 00 00 323030323545303033323433            
01/03/25 07:02:17 0125 1                  44.983223 8.881645 00 00 323030323545303033323630            
01/03/25 07:02:17 0126 1                  44.983223 8.881645 00 00 323030323545303033323439            
01/03/25 07:02:17 0127 1                  44.983223 8.881645 00 00 323030323545303033323530            
01/03/25 07:02:25 0128 1                  44.983232 8.881592 00 00 323030323545303033323531            
01/03/25 07:02:35 0129 1                  44.983238 8.881577 00 00 323030323545303033323533            
01/03/25 07:02:41 0130 1                  44.983242 8.881568 00 00 323030323545303033323539            
01/03/25 07:03:30 0131 1                  44.983242 8.881273 00 00 323030323545303032323635            
01/03/25 07:03:56 0132 1                  44.983307 8.880960 00 00 323030323545303032313839            
01/03/25 07:04:39 0133 1                  44.983280 8.880743 00 00 323030323545303032323738            
01/03/25 07:05:42 0134 1                  44.983383 8.880123 00 00 323030323545303037333934            
01/03/25 07:06:11 0135 1                  44.983560 8.880080 00 00 323030323545303033313437            
01/03/25 07:07:19 0136 1                  44.983680 8.880133 00 00 323030323545303032323930            
01/03/25 07:07:25 0137 1                  44.983688 8.880152 00 00 3234303032334D3030303938            
01/03/25 07:08:44 0138 1                  44.982993 8.880100 00 00 323030323545303032323734            
01/03/25 07:08:44 0139 1                  44.982993 8.880100 00 00 323030323545303032323734            
01/03/25 07:09:48 0140 1                  44.982603 8.880128 00 00 323030323545303030343231            
01/03/25 07:09:51 0141 1                  44.982607 8.880125 00 00 323030323545303030343234            
01/03/25 07:09:57 0142 1                  44.982625 8.880118 00 00 323030323545303030343230            
01/03/25 07:09:58 0143 1                  44.982625 8.880118 00 00 323030323545303030343235            
01/03/25 07:10:40 0144 1                  44.982150 8.879625 00 00 323030323545303036333838            
01/03/25 07:10:43 0145 1                  44.982175 8.879497 00 00 323030323545303036323736            
01/03/25 07:11:03 0146 1                  44.981733 8.878323 00 00 C30C30C30C30C30C30C30C30            
01/03/25 07:11:10 0147 1                  44.981693 8.878202 00 00 323030323545303036333032            
01/03/25 07:12:09 0148 1                  44.980852 8.877945 00 00 323030323545303037363235            
01/03/25 07:14:05 0149 1                  44.981425 8.877822 00 00 25705569A686CD8371C37DF5            
01/03/25 07:14:35 0150 1                  44.981083 8.878672 00 00 323030323545303032383935            
01/03/25 07:15:02 0151 1                  44.980903 8.878802 00 00 323030323545303032323435            
01/03/25 07:15:10 0152 1                  44.980900 8.878805 00 00 323030323545303032353032            
01/03/25 07:15:49 0153 1                  44.980832 8.878935 00 00 323030323545303033353633            
01/03/25 07:16:13 0154 1                  44.980797 8.879113 00 00 323030323545303033353636            
01/03/25 07:16:41 0155 1                  44.980605 8.879315 00 00 323030323545303033343339            
01/03/25 07:17:00 0156 1                  44.980623 8.879508 00 00 323030323545303033353836            
01/03/25 07:17:29 0157 1                  44.980588 8.880207 00 00 323030323545303033343139            
01/03/25 07:17:29 0158 1                  44.980588 8.880207 00 00 323030323545303033343135            
01/03/25 07:17:58 0159 1                  44.980577 8.880370 00 00 323030323545303032393330            
01/03/25 07:18:18 0160 1                  44.980575 8.880387 00 00 3234303032334D3031393735            
01/03/25 07:18:22 0161 1                  44.980577 8.880390 00 00 323030323545303030353931            
01/03/25 07:20:11 0162 1                  44.980583 8.879657 00 00 323030323545303032333435            
01/03/25 07:20:35 0163 1                  44.980663 8.879558 00 00 323030323545303033353237            
01/03/25 07:20:41 0164 1                  44.980787 8.879578 00 00 323030323545303032393131            
01/03/25 07:20:52 0165 1                  44.980815 8.879625 00 00 3232303032334D3030303133            
01/03/25 07:21:10 0166 1                  44.980743 8.879627 00 00 323030323545303033343430            
01/03/25 07:22:31 0167 1                  44.979717 8.879650 00 00 323030323545303032353036            
01/03/25 07:22:35 0168 1                  44.979710 8.879650 00 00 323030323545303036353933            
01/03/25 07:22:59 0169 1                  44.979417 8.879303 00 00 323030323545303030353330            
01/03/25 07:22:59 0170 1                  44.979417 8.879303 00 00 323030323545303030353738            
01/03/25 07:23:00 0171 1                  44.979417 8.879303 00 00 323030323545303030363037            
01/03/25 07:23:00 0172 1                  44.979417 8.879303 00 00 323030323545303030353232            
01/03/25 07:23:00 0173 1                  44.979417 8.879303 00 00 323030323545303030363134            
01/03/25 07:23:01 0174 1                  44.979417 8.879303 00 00 323030323545303030353737            
01/03/25 07:23:01 0175 1                  44.979405 8.879273 00 00 323030323545303030363132            
01/03/25 07:23:01 0176 1                  44.979405 8.879273 00 00 323030323545303030353634            
01/03/25 07:25:18 0177 1                  44.979253 8.879860 00 00 323030323545303036323338            
01/03/25 07:25:42 0178 1                  44.979275 8.879970 00 00 323030323545303036323133            
01/03/25 07:26:11 0179 1                  44.979385 8.880310 00 00 323030323545303036333730            
01/03/25 07:26:54 0180 1                  44.979705 8.880133 00 00 323030323545303033373237            
01/03/25 07:27:26 0181 1                  44.979803 8.879982 00 00 323030323545303036323639            
01/03/25 07:27:34 0182 1                  44.979795 8.879968 00 00 323030323545303032373839            
01/03/25 07:28:14 0183 1                  44.979887 8.879718 00 00 323030323545303032343933            
01/03/25 07:28:19 0184 1                  44.979887 8.879712 00 00 323030323545303032343934            
01/03/25 07:28:51 0185 1                  44.980092 8.879415 00 00 323030323545303033303135            
01/03/25 07:29:00 0186 1                  44.980088 8.879415 00 00 323030323545303033313430            
01/03/25 07:29:28 0187 1                  44.980165 8.879205 00 00 323030323545303036353037            
01/03/25 07:29:56 0188 1                  44.980227 8.878998 00 00 323030323545303036353036            
01/03/25 07:30:17 0189 1                  44.980298 8.878765 00 00 323030323545303036353134            
01/03/25 07:31:36 0190 1                  44.980340 8.878538 00 00 323030323545303033313530            
01/03/25 07:31:59 0191 1                  44.980405 8.878303 00 00 323030323545303033313835            
01/03/25 07:32:22 0192 1                  44.980575 8.878060 00 00 323030323545303033313532            
01/03/25 07:34:12 0193 1                  44.983897 8.878507 00 00 323030323545303036343331            
01/03/25 07:34:45 0194 1                  44.983882 8.879057 00 00 323030323545303032323534            
01/03/25 07:34:49 0195 1                  44.983883 8.879055 00 00 323030323545303032323535            
01/03/25 07:35:14 0196 1                  44.983905 8.879187 00 00 323030323545303032323438            
01/03/25 07:35:42 0197 1                  44.983932 8.879402 00 00 323030323545303032323436            
01/03/25 07:35:51 0198 1                  44.983945 8.879400 00 00 323030323545303032323437            
01/03/25 07:36:22 0199 1                  44.983845 8.879745 00 00 323030323545303036323230            
01/03/25 07:36:27 0200 1                  44.983842 8.879760 00 00 323030323545303032333336            
01/03/25 07:36:32 0201 1                  44.983837 8.879768 00 00 323030323545303036343332            
01/03/25 07:39:12 0202 1                  44.985653 8.880087 00 00 323030323545303032333131            
01/03/25 07:39:45 0203 1                  44.985615 8.880208 00 00 323030323545303032333132            
01/03/25 07:42:04 0204 1                  44.984123 8.880567 00 00 323030323545303032323933            
01/03/25 07:42:10 0205 1                  44.984082 8.880855 00 00 323030323545303032323938            
01/03/25 07:42:34 0206 1                  44.984040 8.881492 00 00 323030323545303032333035            
01/03/25 07:42:37 0207 1                  44.984115 8.881583 00 00 323030323545303033313635            
01/03/25 07:42:52 0208 1                  44.984210 8.881638 00 00 323030323545303033313533            
01/03/25 07:43:57 0209 1                  44.984057 8.881422 00 00 323030323545303032333030            
01/03/25 07:44:31 0210 1                  44.984120 8.881047 00 00 323030323545303037383139            
01/03/25 07:44:34 0211 1                  44.984113 8.881038 00 00 323030323545303037373935            
01/03/25 07:44:59 0212 1                  44.984085 8.880858 00 00 323030323545303032333034            
01/03/25 07:56:12 0213 1                  44.982228 8.875000 00 00 3231303234304A3031313934            
01/03/25 08:49:06 0000 s 01489ver01 44.982143 8.875057 00 00
01/03/25 08:49:15 0000 s 01489ver01 44.982253 8.875018 00 00
01/03/25 08:53:41 0214 1                  45.005463 8.850322 00 00 323030323545303030323338            
01/03/25 08:54:26 0215 1                  45.004477 8.850552 00 00 323030323545303030313939            
01/03/25 08:59:16 0216 1                  44.982472 8.866685 00 00 323030323545303032353134            
01/03/25 08:59:22 0217 1                  44.982470 8.866687 00 00 323030323545303032373730            
01/03/25 09:00:04 0218 1                  44.982508 8.866098 00 00 323030323545303032343536            
01/03/25 09:00:28 0219 1                  44.982788 8.866108 00 00 323030323545303036333036            
01/03/25 09:04:06 0220 1                  44.981195 8.875042 00 00 3231303234304A3034343633            
01/03/25 09:04:15 0221 1                  44.981185 8.875035 00 00 3231303234304A3034343632            
01/03/25 09:18:23 0222 1                  44.971335 8.882267 00 00 300ED89F3350015A1DF59B95            
01/03/25 09:53:23 0000 s 01489ver01 44.905588 8.868922 00 00
01/03/25 10:14:47 0000 s 01489ver01 44.905607 8.868897 00 00
01/03/25 10:14:48 0000 s 01489ver01 44.905607 8.868897 00 00
