27/01/25 10:26:38 0000 s 01503ver01 44.792455 8.739643 00 00
27/01/25 11:04:17 0000 s 01503ver01 44.792857 8.739865 00 00
27/01/25 11:14:01 0001 1                  44.767275 8.789753 00 00 000000000000000014248024            
27/01/25 11:14:09 0002 1                  44.767110 8.790617 00 00 25705569A687070481C37D79            
27/01/25 11:14:13 0003 1                  44.767053 8.791025 00 00 E200680A0000000000000000            
27/01/25 11:26:02 0004 1                  44.755195 8.852952 00 00 313931323050303031313434            
27/01/25 11:27:19 0005 1                  44.756057 8.854583 00 00 313831323045303235333133            
27/01/25 11:27:24 0006 1                  44.756042 8.854593 00 00 313831323045303236353337            
27/01/25 11:27:43 0007 1                  44.756055 8.854597 00 00 313931323045303630343236            
27/01/25 11:28:05 0008 1                  44.756135 8.854570 00 00 313831323045303236313237            
27/01/25 11:29:31 0009 1                  44.756752 8.855078 00 00 313831323045303235303234            
27/01/25 11:29:42 0010 1                  44.756755 8.855077 00 00 313831323045303235343639            
27/01/25 11:31:30 0011 1                  44.758370 8.854228 00 00 313931313030503030313535            
27/01/25 11:33:26 0012 1                  44.758060 8.856620 00 00 313831323045303236353835            
27/01/25 11:34:08 0013 1                  44.758175 8.857688 00 00 31383033304D303034333039            
27/01/25 11:34:14 0014 1                  44.758183 8.857695 00 00 31383033304D303034333135            
27/01/25 11:34:20 0015 1                  44.758188 8.857700 00 00 313931323050303036353437            
27/01/25 11:48:17 0016 1                  44.759058 8.859100 00 00 313931323050303130343439            
27/01/25 11:48:26 0017 1                  44.759057 8.859100 00 00 313831323045303235323232            
27/01/25 11:49:26 0018 1                  44.759387 8.859157 00 00 3233303132304A3030373436            
27/01/25 11:50:22 0019 1                  44.760685 8.859477 00 00 313831323045303236323638            
27/01/25 11:50:28 0020 1                  44.760688 8.859468 00 00 313931323045303630353738            
27/01/25 11:51:30 0021 1                  44.760230 8.858968 00 00 313831323045303236313033            
27/01/25 11:51:37 0022 1                  44.760223 8.858968 00 00 313831323045303236313439            
27/01/25 11:51:51 0023 1                  44.760180 8.858948 00 00 313831323045303235303335            
27/01/25 11:52:59 0024 1                  44.761833 8.860785 00 00 313831323045303235313839            
27/01/25 11:53:06 0025 1                  44.761835 8.860805 00 00 313831323045303236313432            
27/01/25 11:53:40 0026 1                  44.761965 8.860970 00 00 313831323045303235313933            
27/01/25 11:53:54 0027 1                  44.761980 8.861007 00 00 313831323045303236333839            
27/01/25 11:55:32 0028 1                  44.762247 8.861365 00 00 313831323045303235333338            
27/01/25 11:57:03 0029 1                  44.762737 8.861473 00 00 313831323045303236363233            
27/01/25 11:57:57 0030 1                  44.762807 8.861057 00 00 3139313130304A3032303036            
27/01/25 11:59:14 0031 1                  44.762992 8.861982 00 00 313931313030503030313232            
27/01/25 11:59:46 0032 1                  44.762993 8.862022 00 00 313931313030503030313231            
27/01/25 12:05:13 0033 1                  44.763403 8.862545 00 00 313831323045303236363134            
27/01/25 12:05:17 0034 1                  44.763403 8.862538 00 00 313831323045303234373936            
27/01/25 12:05:27 0035 1                  44.763400 8.862540 00 00 313831323045303234373934            
27/01/25 12:05:56 0036 1                  44.763500 8.862610 00 00 534D5004E700010137303036            
27/01/25 12:06:30 0037 1                  44.763990 8.862512 00 00 313932343045303030373737            
27/01/25 12:06:41 0038 1                  44.764010 8.862507 00 00 313931323050303132343631            
27/01/25 12:06:42 0039 1                  44.764012 8.862508 00 00 3035EBEA080FDC4800044727            
27/01/25 12:06:42 0040 1                  44.764012 8.862508 00 00 3035EBB320076F0800042547            
27/01/25 12:06:44 0041 1                  44.764013 8.862508 00 00 3035EBB32053878800041296            
27/01/25 12:06:45 0042 1                  44.764013 8.862508 00 00 3035EBEA080FB04800043051            
27/01/25 12:06:50 0043 1                  44.764017 8.862508 00 00 313931323050303039353536            
27/01/25 12:07:01 0044 1                  44.764017 8.862512 00 00 313931323045303630353033            
27/01/25 12:07:10 0045 1                  44.764017 8.862513 00 00 313831323045303235323235            
27/01/25 12:07:29 0046 1                  44.764043 8.862522 00 00 313931323045303630353034            
27/01/25 12:07:39 0047 1                  44.764068 8.862510 00 00 313831323045303234363634            
27/01/25 12:07:39 0048 1                  44.764068 8.862510 00 00 313831323045303234363634            
27/01/25 12:07:44 0049 1                  44.764072 8.862505 00 00 313931323050303036393533            
27/01/25 12:08:42 0050 1                  44.764097 8.862522 00 00 313931313030503030303536            
27/01/25 12:10:17 0051 1                  44.764147 8.862812 00 00 313831323045303236313036            
27/01/25 12:11:20 0052 1                  44.764485 8.862848 00 00 3139313130304A3032303334            
27/01/25 12:12:43 0053 1                  44.764870 8.862935 00 00 313831323045303236363237            
27/01/25 12:13:24 0054 1                  44.765030 8.863098 00 00 313931323050303035323833            
27/01/25 12:13:32 0055 1                  44.765025 8.863107 00 00 313831323045303236363236            
27/01/25 12:13:41 0056 1                  44.765018 8.863108 00 00 313831323045303236363331            
27/01/25 12:14:34 0057 1                  44.765185 8.863105 00 00 313931313030503030303237            
27/01/25 12:15:32 0058 1                  44.765382 8.863195 00 00 31383132304A303230323138            
27/01/25 12:15:46 0059 1                  44.765405 8.863215 00 00 313932343045303030363133            
27/01/25 12:16:40 0060 1                  44.765860 8.863667 00 00 313831323045303236323833            
27/01/25 12:17:53 0061 1                  44.766077 8.863155 00 00 31383132304530323236B133            
27/01/25 12:17:59 0062 1                  44.766082 8.863152 00 00 313931323050303132353936            
27/01/25 12:18:10 0063 1                  44.766088 8.863145 00 00 313831323045303236323437            
27/01/25 12:19:26 0064 1                  44.766173 8.862832 00 00 313831323045303236323438            
27/01/25 12:21:17 0065 1                  44.766555 8.864207 00 00 313931323050303038343331            
27/01/25 12:21:23 0066 1                  44.766560 8.864213 00 00 313831323045303236303830            
27/01/25 12:23:40 0067 1                  44.766905 8.864433 00 00 313831323045303236343131            
27/01/25 12:23:51 0068 1                  44.766913 8.864448 00 00 313831323045303234363737            
27/01/25 12:24:06 0069 1                  44.766922 8.864460 00 00 31383033304D303034343035            
27/01/25 12:28:00 0070 1                  44.767955 8.864927 00 00 313831323045303236323738            
27/01/25 12:28:52 0071 1                  44.768170 8.865038 00 00 313931323050303131333430            
27/01/25 12:28:58 0072 1                  44.768170 8.865040 00 00 3234303132304A3032323738            
27/01/25 12:29:13 0073 1                  44.768168 8.865043 00 00 313931323050303039333139            
27/01/25 12:29:18 0074 1                  44.768170 8.865045 00 00 313931323050303133363434            
27/01/25 12:29:33 0075 1                  44.768168 8.865063 00 00 313931323050303133303739            
27/01/25 12:30:52 0076 1                  44.768240 8.864082 00 00 313931323045303630353237            
27/01/25 12:31:30 0077 1                  44.768382 8.863852 00 00 30360392042CAB003115A4C8            
27/01/25 12:31:30 0078 1                  44.768382 8.863852 00 00 313931323045303630343635            
27/01/25 12:32:29 0079 1                  44.768608 8.863528 00 00 3234303132304A3033313135            
27/01/25 12:32:51 0080 1                  44.768610 8.863527 00 00 313831323045303236343939            
27/01/25 12:33:40 0081 1                  44.769105 8.863078 00 00 313831323045303236343832            
27/01/25 12:34:54 0082 1                  44.769370 8.861838 00 00 313931323050303036323734            
27/01/25 12:35:04 0083 1                  44.769358 8.861822 00 00 3234303132304A3030343438            
27/01/25 12:35:21 0084 1                  44.769342 8.861808 00 00 313831323045303236353131            
27/01/25 12:36:12 0085 1                  44.769067 8.861658 00 00 313831323045303236333231            
27/01/25 12:36:25 0086 1                  44.769062 8.861653 00 00 3234303132304A3033323639            
27/01/25 12:38:38 0087 1                  44.767055 8.862940 00 00 313931323045303630343433            
27/01/25 12:39:35 0088 1                  44.766160 8.862185 00 00 313931323045303630343839            
27/01/25 12:40:26 0089 1                  44.765760 8.861933 00 00 313931323050303032373034            
27/01/25 12:40:41 0090 1                  44.765717 8.861927 00 00 313831323045303235333938            
27/01/25 12:41:28 0091 1                  44.765368 8.861665 00 00 313831323045303236353937            
27/01/25 12:42:13 0092 1                  44.765285 8.861420 00 00 313932343045303030373736            
27/01/25 12:42:23 0093 1                  44.765263 8.861427 00 00 313932343045303030363131            
27/01/25 12:42:34 0094 1                  44.765260 8.861432 00 00 313931323045303630333031            
27/01/25 12:43:35 0095 1                  44.764978 8.861052 00 00 313831323045303236323231            
27/01/25 12:44:27 0096 1                  44.764782 8.860873 00 00 313831323045303236303138            
27/01/25 12:45:05 0097 1                  44.764777 8.860858 00 00 3139313130304A3032303931            
27/01/25 12:45:15 0098 1                  44.764782 8.860862 00 00 313831323045303236303137            
27/01/25 12:46:11 0099 1                  44.764560 8.860717 00 00 313831323045303236303139            
27/01/25 12:46:51 0100 1                  44.764383 8.860608 00 00 313831323045303236303031            
27/01/25 12:47:04 0101 1                  44.764367 8.860615 00 00 313831323045303236323139            
27/01/25 12:47:37 0102 1                  44.764155 8.860533 00 00 313831323045303236313037            
27/01/25 12:47:52 0103 1                  44.764152 8.860515 00 00 313831323045303236303232            
27/01/25 12:48:31 0104 1                  44.763907 8.860362 00 00 313831323045303236303037            
27/01/25 12:49:08 0105 1                  44.763738 8.860285 00 00 313931323050303130303335            
27/01/25 12:49:46 0106 1                  44.763277 8.860013 00 00 3234303132304A3030393039            
27/01/25 12:49:48 0107 1                  44.763275 8.860012 00 00 303ACB0342499DE0AA14F112            
27/01/25 12:50:21 0108 1                  44.763143 8.859922 00 00 313931323045303630303136            
27/01/25 12:50:58 0109 1                  44.763002 8.859862 00 00 313931323050303130363633            
27/01/25 12:51:10 0110 1                  44.762990 8.859870 00 00 313831323045303236363034            
27/01/25 12:51:18 0111 1                  44.762978 8.859882 00 00 313831323045303138373933            
27/01/25 12:51:32 0112 1                  44.762952 8.859917 00 00 313831323045303138373931            
27/01/25 12:52:17 0113 1                  44.762682 8.859642 00 00 313831323045303235343131            
27/01/25 12:53:30 0114 1                  44.762433 8.859493 00 00 313831323045303236313839            
27/01/25 12:55:06 0115 1                  44.762825 8.860443 00 00 313831323045303236313135            
27/01/25 12:56:09 0116 1                  44.761237 8.859768 00 00 313931323045303630333431            
27/01/25 12:56:15 0117 1                  44.761228 8.859770 00 00 313931323045303630353830            
27/01/25 12:58:18 0118 1                  44.763473 8.861035 00 00 3139313130304A3032303134            
27/01/25 12:59:29 0119 1                  44.763767 8.861217 00 00 313931323050303035373231            
27/01/25 12:59:44 0120 1                  44.763763 8.861230 00 00 313931323050303035323534            
27/01/25 13:00:11 0121 1                  44.763747 8.861248 00 00 31383033304D303034333934            
27/01/25 13:01:45 0122 1                  44.764283 8.861515 00 00 313831323045303235333933            
27/01/25 13:01:58 0123 1                  44.764312 8.861537 00 00 3231303234304A3034373439            
27/01/25 13:03:14 0124 1                  44.764592 8.861573 00 00 313931323045303630353739            
27/01/25 13:03:21 0125 1                  44.764597 8.861578 00 00 313831323045303234363631            
27/01/25 13:03:47 0126 1                  44.764575 8.861607 00 00 3139313130304A3032303231            
27/01/25 13:05:29 0127 1                  44.764498 8.861402 00 00 313831323045B03236363234            
27/01/25 13:06:05 0128 1                  44.764663 8.861627 00 00 181222305500169200000000            
27/01/25 13:06:39 0129 1                  44.765165 8.860995 00 00 313931323050303039373938            
27/01/25 13:09:24 0130 1                  44.766210 8.854145 00 00 313931313030503030303431            
27/01/25 13:09:28 0131 1                  44.766215 8.854145 00 00 313931313030503030303431            
27/01/25 13:12:43 0132 1                  44.767917 8.854092 00 00 313931313030503030303137            
27/01/25 13:16:09 0133 1                  44.762995 8.854825 00 00 313931313030503030323736            
27/01/25 13:16:50 0134 1                  44.762978 8.854820 00 00 313931313030503030313539            
27/01/25 14:15:48 0000 s 01503ver01 44.812185 8.855302 00 00
27/01/25 14:16:03 0135 1                  44.812350 8.855353 00 00 313832464756414E35303136            
27/01/25 14:16:03 0136 1                  44.812350 8.855353 00 00 313832574936465835303136            
27/01/25 14:22:49 0137 1                  44.767633 8.864252 00 00 3036143BB4476B9FFA0A206C            
27/01/25 14:24:27 0138 1                  44.767633 8.864205 00 00 3039606203CA72C1774E423B            
27/01/25 14:53:48 0139 1                  44.767787 8.864430 00 00 3039613540AE5D4000000A26            
27/01/25 15:13:53 0000 s 01503ver01 44.882570 8.860287 00 00
27/01/25 15:41:29 0000 s 01503ver01 44.901767 8.856798 00 00
27/01/25 15:49:21 0140 1                  44.850267 8.853708 00 00 181222318400007950160695            
27/01/25 16:23:05 0141 1                  44.766038 8.781608 00 00 555338334D84902200210217            
