21/01/25 11:11:05 0000 s 01508ver01 44.792802 8.739397 00 00
21/01/25 11:36:58 0001 1                  44.824910 8.680947 00 00 3030353035353337323830303031        
21/01/25 11:45:27 0002 1                  44.822507 8.613455 00 00 313931323050303034363935            
21/01/25 11:46:21 0003 1                  44.822517 8.613423 00 00 300ED89F335000A01E919EC3            
21/01/25 11:48:20 0004 1                  44.823397 8.614913 00 00 313831323045303233323235            
21/01/25 11:55:46 0005 1                  44.839485 8.598030 00 00 313931323050303036313932            
21/01/25 11:55:46 0006 1                  44.839485 8.598030 00 00 313931323050303036313932            
21/01/25 11:59:08 0007 1                  44.840508 8.595785 00 00 313831323045303231383538            
21/01/25 12:03:11 0008 1                  44.841255 8.586108 00 00 3234303132304A3030383533            
21/01/25 12:03:11 0009 1                  44.841255 8.586108 00 00 3234303132304A3030383533            
21/01/25 12:03:41 0010 1                  44.841245 8.586172 00 00 313831323045303233323434            
21/01/25 12:03:53 0011 1                  44.841237 8.586183 00 00 300ED89F335000A01E919EC3            
21/01/25 12:05:27 0012 1                  44.841368 8.585453 00 00 313931323050303036373032            
21/01/25 12:07:03 0013 1                  44.841680 8.585662 00 00 313931323050303036393634            
21/01/25 12:10:06 0014 1                  44.842953 8.581413 00 00 313931323050303038393938            
21/01/25 12:10:08 0015 1                  44.842950 8.581410 00 00 313831323045303138393438            
21/01/25 12:10:56 0016 1                  44.842888 8.581292 00 00 313831323045303233393933            
21/01/25 12:11:11 0017 1                  44.842888 8.581257 00 00 31383033304D303034373638            
21/01/25 12:11:27 0018 1                  44.842893 8.581242 00 00 313931323050303036333339            
21/01/25 12:11:40 0019 1                  44.842888 8.581220 00 00 3234303132304A3032313933            
21/01/25 12:11:42 0020 1                  44.842887 8.581218 00 00 3234303132304A3032313933            
21/01/25 12:11:42 0021 1                  44.842887 8.581218 00 00 3234303132304A3032313933            
21/01/25 12:12:09 0022 1                  44.842840 8.581237 00 00 3234303132304A3032313933            
21/01/25 12:12:41 0023 1                  44.842932 8.581293 00 00 31383033304D303034383439            
21/01/25 12:14:26 0024 1                  44.843223 8.580912 00 00 313831323045303234323531            
21/01/25 12:16:30 0025 1                  44.844192 8.581022 00 00 313831323045303233353233            
21/01/25 12:17:03 0026 1                  44.844483 8.581332 00 00 313831323045303230313234            
21/01/25 12:18:10 0027 1                  44.844615 8.581680 00 00 313831323045303232323937            
21/01/25 12:19:09 0028 1                  44.844702 8.581802 00 00 313831323045303230303938            
21/01/25 12:19:16 0029 1                  44.844703 8.581793 00 00 313931323050303133323935            
21/01/25 12:19:51 0030 1                  44.844748 8.581835 00 00 313931323050303032363030            
21/01/25 12:20:27 0031 1                  44.844833 8.581958 00 00 313931323045303630313435            
21/01/25 12:21:26 0032 1                  44.844728 8.582325 00 00 313831323045303232313236            
21/01/25 12:24:08 0033 1                  44.843978 8.581623 00 00 313831323045303232333032            
21/01/25 12:24:15 0034 1                  44.843962 8.581618 00 00 313831323045303232333733            
21/01/25 12:24:15 0035 1                  44.843967 8.581588 00 00 313831323045303232333733            
21/01/25 12:25:41 0036 1                  44.843763 8.581363 00 00 31383132304A303138363031            
21/01/25 12:25:55 0037 1                  44.843762 8.581358 00 00 313831323045303232343732            
21/01/25 12:25:55 0038 1                  44.843762 8.581358 00 00 313831323045303230393534            
21/01/25 12:25:55 0039 1                  44.843762 8.581358 00 00 313831323045303230393534            
21/01/25 12:27:30 0040 1                  44.843673 8.581245 00 00 313831323045303234323537            
21/01/25 12:33:52 0041 1                  44.844573 8.580025 00 00 313831323045303233303836            
21/01/25 12:34:28 0042 1                  44.844755 8.579768 00 00 313931323050303038333139            
21/01/25 12:35:28 0043 1                  44.844917 8.579697 00 00 313831323045303236323634            
21/01/25 12:36:40 0044 1                  44.845063 8.579458 00 00 313931323050303033353736            
21/01/25 12:39:08 0045 1                  44.845775 8.579468 00 00 313831323045303232323131            
21/01/25 12:39:15 0046 1                  44.845770 8.579483 00 00 313831323045303233303530            
21/01/25 12:40:29 0047 1                  44.845857 8.579700 00 00 313831323045303233313039            
21/01/25 12:41:39 0048 1                  44.846043 8.579873 00 00 313931323050303035363933            
21/01/25 12:42:58 0049 1                  44.846120 8.580152 00 00 313831323045303233313831            
21/01/25 12:45:05 0050 1                  44.846278 8.580540 00 00 313931323050303038383133            
21/01/25 12:47:11 0051 1                  44.845895 8.580588 00 00 313831323045303233383237            
21/01/25 12:48:19 0052 1                  44.845655 8.580278 00 00 313831323045303232373339            
21/01/25 12:48:45 0053 1                  44.845662 8.580282 00 00 3138313230453032323733B9            
21/01/25 12:49:28 0054 1                  44.845437 8.579973 00 00 313831323045303232303138            
21/01/25 12:50:11 0055 1                  44.845482 8.579980 00 00 313831323045303234313933            
21/01/25 12:50:54 0056 1                  44.845293 8.579805 00 00 313831323045303234303838            
21/01/25 12:51:22 0057 1                  44.845268 8.579818 00 00 313931323050303132313936            
21/01/25 12:53:37 0058 1                  44.846632 8.579210 00 00 313831323045303233353235            
21/01/25 12:54:56 0059 1                  44.846840 8.578970 00 00 313831323045303232323231            
21/01/25 12:54:57 0060 1                  44.846843 8.578963 00 00 300ED89F335000A01E919EC3            
21/01/25 12:56:54 0061 1                  44.845927 8.576975 00 00 323030323545303031393837            
21/01/25 13:01:20 0000 s 01508ver01 44.845690 8.576870 00 00
21/01/25 13:05:28 0062 1                  44.842495 8.575725 00 00 313831323045303233373832            
21/01/25 13:05:53 0063 1                  44.842538 8.575675 00 00 313831323045303232343032            
21/01/25 13:05:56 0064 1                  44.842538 8.575673 00 00 3138313230C5303233383236            
21/01/25 13:06:13 0065 1                  44.842522 8.575665 00 00 3138313230C5303233383236            
21/01/25 13:09:29 0066 1                  44.843132 8.574125 00 00 313831323045303233383831            
21/01/25 13:10:28 0067 1                  44.843158 8.574103 00 00 300ED89F335000A01E919EC3            
21/01/25 13:11:01 0068 1                  44.843047 8.574240 00 00 313831323045303231363738            
21/01/25 13:12:00 0069 1                  44.842952 8.574575 00 00 313831323045303232383533            
21/01/25 13:16:21 0070 1                  44.843075 8.576083 00 00 31383132304530323B373634            
21/01/25 13:16:30 0071 1                  44.843067 8.576087 00 00 313831323045303233383035            
21/01/25 13:18:35 0072 1                  44.843162 8.575873 00 00 313931323045303630313438            
21/01/25 13:20:41 0073 1                  44.845290 8.575578 00 00 300ED89F335000A01E919EC3            
21/01/25 13:20:41 0074 1                  44.845290 8.575578 00 00 313831323045303234303239            
21/01/25 13:21:29 0075 1                  44.845302 8.575602 00 00 313831323045303234393232            
21/01/25 13:23:47 0076 1                  44.846383 8.576033 00 00 313831323045303232303034            
21/01/25 13:25:34 0077 1                  44.846500 8.576160 00 00 313831323045303233303937            
21/01/25 13:26:11 0078 1                  44.846517 8.576298 00 00 313832343045303034313739            
21/01/25 13:27:27 0079 1                  44.846642 8.576550 00 00 313832343045303034323039            
21/01/25 13:27:28 0080 1                  44.846642 8.576550 00 00 313832343045303034323037            
21/01/25 13:28:19 0081 1                  44.846642 8.576575 00 00 313831323045303232353735            
21/01/25 13:28:19 0082 1                  44.846642 8.576575 00 00 313832343045303034323135            
21/01/25 13:29:18 0083 1                  44.846638 8.576553 00 00 313831323045303233393837            
21/01/25 13:29:55 0084 1                  44.846635 8.576573 00 00 313831323045303233313136            
21/01/25 13:32:33 0085 1                  44.847790 8.576147 00 00 313831323045303231323432            
21/01/25 13:32:48 0086 1                  44.847788 8.576155 00 00 313831323045303234333539            
21/01/25 13:32:58 0087 1                  44.847790 8.576153 00 00 313831323045303233393838            
21/01/25 13:34:47 0088 1                  44.847765 8.576060 00 00 313831323045303233333834            
21/01/25 13:37:07 0089 1                  44.847440 8.575508 00 00 313831323045303232373931            
21/01/25 13:37:58 0090 1                  44.847407 8.575510 00 00 313831323045303234313333            
21/01/25 13:39:04 0091 1                  44.847553 8.575575 00 00 30340C0F7C56DE49B4B17806            
21/01/25 13:40:41 0092 1                  44.847013 8.578973 00 00 313831323045303233313836            
21/01/25 13:42:09 0093 1                  44.847365 8.578982 00 00 313931323050303035333535            
21/01/25 13:43:32 0094 1                  44.847110 8.579392 00 00 300ED89F335000A01E919EC3            
21/01/25 13:43:33 0095 1                  44.847110 8.579392 00 00 313831323045303233383339            
21/01/25 13:47:50 0096 1                  44.849220 8.574957 00 00 313831323045303233393537            
21/01/25 13:48:32 0097 1                  44.849280 8.574907 00 00 313831323045303233373839            
21/01/25 13:49:40 0098 1                  44.850195 8.573123 00 00 313831323045303233373433            
21/01/25 13:52:47 0099 1                  44.849395 8.574313 00 00 3234303132304A3031303937            
21/01/25 13:52:55 0100 1                  44.849397 8.574313 00 00 3234303132304A3031303937            
21/01/25 13:52:56 0101 1                  44.849397 8.574313 00 00 313831323045303232333337            
21/01/25 13:53:26 0102 1                  44.849402 8.574313 00 00 3234303132304A3031303937            
21/01/25 13:53:27 0103 1                  44.849402 8.574313 00 00 3234303132304A3031303937            
21/01/25 14:03:59 0104 1                  44.848732 8.576733 00 00 313831323045303233383834            
21/01/25 14:04:12 0105 1                  44.848733 8.576743 00 00 313831323045303233393834            
21/01/25 14:04:37 0106 1                  44.848763 8.576753 00 00 313831323045303233343131            
21/01/25 14:07:12 0107 1                  44.847698 8.577087 00 00 313831323045303233303838            
21/01/25 14:09:31 0108 1                  44.847762 8.578487 00 00 313831323045303230393136            
21/01/25 14:09:59 0109 1                  44.847872 8.578408 00 00 313831323045303233363836            
21/01/25 14:10:05 0110 1                  44.847882 8.578412 00 00 313831323045303139303230            
21/01/25 14:13:54 0111 1                  44.849387 8.578223 00 00 313831323045303233383332            
21/01/25 14:13:59 0112 1                  44.849418 8.578230 00 00 313831323045B03232373436            
21/01/25 14:14:00 0113 1                  44.849412 8.578228 00 00 313831323045303232373436            
21/01/25 14:14:09 0114 1                  44.849485 8.578242 00 00 313831323045303232313334            
21/01/25 14:15:36 0115 1                  44.849402 8.578395 00 00 31383132304A303233323637            
21/01/25 14:15:53 0116 1                  44.849380 8.578402 00 00 300ED89F335000A01E919EC3            
21/01/25 14:16:21 0117 1                  44.849288 8.578575 00 00 313831323045303233303631            
21/01/25 14:19:49 0118 1                  44.849398 8.579053 00 00 313931323050303036303734            
21/01/25 14:22:09 0119 1                  44.848870 8.580055 00 00 313931323050303036353130            
21/01/25 14:24:31 0120 1                  44.849780 8.579475 00 00 31383132304530323337303D            
21/01/25 14:24:31 0121 1                  44.849780 8.579475 00 00 313831323045303233373035            
21/01/25 14:24:40 0122 1                  44.849815 8.579478 00 00 313831323045303233313035            
21/01/25 14:28:06 0123 1                  44.850257 8.579233 00 00 313931323050303035353835            
21/01/25 14:28:11 0124 1                  44.850258 8.579230 00 00 313831323045303232393133            
21/01/25 14:33:19 0125 1                  44.855053 8.568375 00 00 313831323045303139313335            
21/01/25 14:36:45 0126 1                  44.859980 8.554743 00 00 3234303132304A3031303332            
21/01/25 14:38:32 0127 1                  44.861098 8.553328 00 00 3234303132304A3032313835            
21/01/25 14:43:46 0128 1                  44.859207 8.530112 00 00 313831323045303035363733            
21/01/25 14:47:59 0129 1                  44.861117 8.546837 00 00 313831323045303231383136            
21/01/25 14:48:38 0130 1                  44.860905 8.546965 00 00 313831323045303138363932            
21/01/25 14:51:39 0131 1                  44.858692 8.550408 00 00 313931323050303133343631            
21/01/25 14:51:40 0132 1                  44.858692 8.550408 00 00 313831323045303233333937            
21/01/25 14:51:46 0133 1                  44.858693 8.550410 00 00 313931323050303131333238            
21/01/25 14:52:32 0134 1                  44.858677 8.550425 00 00 31383132304A303236353831            
21/01/25 14:52:39 0135 1                  44.858675 8.550422 00 00 313831323045303233343533            
21/01/25 14:53:19 0136 1                  44.858657 8.550413 00 00 313931323050303039363534            
21/01/25 14:58:10 0137 1                  44.850625 8.515042 00 00 313931323050303130323431            
21/01/25 14:58:18 0138 1                  44.850623 8.515038 00 00 313931323050303033753739            
21/01/25 14:59:46 0139 1                  44.850607 8.515133 00 00 323030323545303033363538            
21/01/25 15:19:19 0140 1                  44.833423 8.548367 00 00 313831323045303138353834            
21/01/25 15:28:39 0141 1                  44.826648 8.563157 00 00 313831323045303231313139            
21/01/25 15:28:48 0142 1                  44.826650 8.563147 00 00 313831323045303231313233            
21/01/25 15:29:40 0143 1                  44.826670 8.563137 00 00 313831323045303230393432            
21/01/25 15:38:50 0144 1                  44.846267 8.545428 00 00 3234303132304A3032323235            
21/01/25 15:39:28 0145 1                  44.846290 8.545402 00 00 3234303132304A3032323235            
21/01/25 16:02:15 0146 1                  44.845638 8.576830 00 00 323030323545303031393837            
21/01/25 16:13:38 0000 s 01508ver01 44.845665 8.576797 00 00
