03/03/25 05:08:43 0000 s 01503ver01 44.792617 8.739588 00 00
03/03/25 05:33:11 0001 1                  44.727547 8.854045 00 00 31383132304A303237323230            
03/03/25 05:34:59 0002 1                  44.727145 8.854512 00 00 31383033304D303034313134            
03/03/25 05:35:03 0003 1                  44.727143 8.854508 00 00 E2000019300C011313708D54            
03/03/25 05:35:03 0004 1                  44.727143 8.854508 00 00 E2000019300E011313708D54            
03/03/25 05:35:03 0005 1                  44.727143 8.854508 00 00 31383033304D303033323537            
03/03/25 05:36:20 0006 1                  44.727170 8.854470 00 00 31383132304A303231373537            
03/03/25 05:37:44 0007 1                  44.726993 8.854638 00 00 3234303132304A3032323331            
03/03/25 05:37:45 0008 1                  44.727002 8.854647 00 00 3234303132304A3032323231            
03/03/25 05:38:28 0009 1                  44.727113 8.854743 00 00 32343031323078AD32323332            
03/03/25 05:38:30 0010 1                  44.727113 8.854742 00 00 3234303132304A3032323239            
03/03/25 05:39:06 0011 1                  44.727102 8.854720 00 00 3234303132304A3032323139            
03/03/25 05:39:06 0012 1                  44.727102 8.854720 00 00 3234303033304D3030323535            
03/03/25 05:39:11 0013 1                  44.727098 8.854713 00 00 3231303033304D3032353531            
03/03/25 05:41:29 0014 1                  44.726780 8.854758 00 00 30340C04542FFC574876FDC2            
03/03/25 05:41:29 0015 1                  44.726780 8.854758 00 00 313931313030D03030313731            
03/03/25 05:46:05 0016 1                  44.726723 8.855647 00 00 313931313030503030313334            
03/03/25 05:46:07 0017 1                  44.726730 8.855628 00 00 313931313030503030313734            
03/03/25 05:47:28 0018 1                  44.726773 8.855460 00 00 313931313030503030313335            
03/03/25 05:50:01 0019 1                  44.726862 8.855827 00 00 3234313130304A3030343030            
03/03/25 05:51:41 0020 1                  44.726160 8.856338 00 00 313931313030503030313133            
03/03/25 05:54:39 0021 1                  44.725933 8.856678 00 00 313931313030503030313134            
03/03/25 05:56:02 0022 1                  44.725652 8.856652 00 00 313931313030503030323133            
03/03/25 05:57:04 0023 1                  44.725550 8.856658 00 00 313931313030503030323034            
03/03/25 05:57:12 0024 1                  44.725542 8.856663 00 00 3035EB5E80067B00013747CC            
03/03/25 05:57:39 0025 1                  44.725573 8.856678 00 00 313931313030503030323035            
03/03/25 05:58:24 0026 1                  44.725613 8.856665 00 00 3233313130304A3030313532            
03/03/25 05:59:13 0027 1                  44.725597 8.856642 00 00 313931313030503030323036            
03/03/25 06:01:23 0028 1                  44.725312 8.856602 00 00 31383132304A303138373538            
03/03/25 06:02:47 0029 1                  44.725413 8.856980 00 00 31383132304A303230343736            
03/03/25 06:04:34 0030 1                  44.725228 8.857157 00 00 3BE30000019BC5E5000002B7            
03/03/25 06:04:34 0031 1                  44.725228 8.857157 00 00 3036144B4C176F5FFA0A1F21            
03/03/25 06:04:35 0032 1                  44.725228 8.857157 00 00 3036144B4C175B1FFA0A1F9B            
03/03/25 06:04:43 0033 1                  44.725233 8.857158 00 00 3231303234304A3032313436            
03/03/25 06:06:34 0034 1                  44.724105 8.857560 00 00 31383132304A303236393330            
03/03/25 06:07:49 0035 1                  44.724342 8.857363 00 00 31383132304A303138393932            
03/03/25 06:07:51 0036 1                  44.724342 8.857363 00 00 31383132304A303232303931            
03/03/25 06:09:12 0037 1                  44.724582 8.857317 00 00 31383033304D303033363038            
03/03/25 06:09:32 0038 1                  44.724558 8.857335 00 00 3138B132304A303230363233            
03/03/25 06:09:32 0039 1                  44.724558 8.857335 00 00 31383132304A303230363233            
03/03/25 06:10:54 0040 1                  44.724868 8.857320 00 00 31383033304D303034373631            
03/03/25 06:11:00 0041 1                  44.724872 8.857323 00 00 31383033304D303034313330            
03/03/25 06:11:19 0042 1                  44.724883 8.857330 00 00 31383132304A303230363136            
03/03/25 06:13:13 0043 1                  44.723800 8.857710 00 00 31383033304D303034323435            
03/03/25 06:13:19 0044 1                  44.723803 8.857710 00 00 31383033304D303835393338            
03/03/25 06:13:37 0045 1                  44.723805 8.857690 00 00 3231303033304D3033313734            
03/03/25 06:13:42 0046 1                  44.723792 8.857693 00 00 3231303033304D3032363533            
03/03/25 06:13:49 0047 1                  44.723782 8.857692 00 00 31383033304D303033353934            
03/03/25 06:14:10 0048 1                  44.723750 8.857710 00 00 31383033304D303036323138            
03/03/25 06:14:14 0049 1                  44.723748 8.857713 00 00 3231303033304D3033303634            
03/03/25 06:14:52 0050 1                  44.723737 8.857718 00 00 3234303033304D3030333636            
03/03/25 06:16:18 0051 1                  44.723775 8.857183 00 00 31383033304D303034323736            
03/03/25 06:16:25 0052 1                  44.723780 8.857192 00 00 31383033304D303033363630            
03/03/25 06:16:30 0053 1                  44.723785 8.857195 00 00 3231303033304D3033313739            
03/03/25 06:18:09 0054 1                  44.723768 8.857117 00 00 31383033304D303033333734            
03/03/25 06:18:16 0055 1                  44.723768 8.857133 00 00 3231303033304D3032363939            
03/03/25 06:20:19 0056 1                  44.724140 8.857098 00 00 313931323050303039313736            
03/03/25 06:20:20 0057 1                  44.724140 8.857098 00 00 3234303234304A3030333633            
03/03/25 06:22:16 0058 1                  44.724717 8.856630 00 00 3231303033304D3032383136            
03/03/25 06:22:53 0059 1                  44.724767 8.856617 00 00 31383132304A303139313637            
03/03/25 06:23:36 0060 1                  44.724835 8.856620 00 00 313931313030503030323230            
03/03/25 06:24:14 0061 1                  44.724848 8.856588 00 00 3234313130304A3030333438            
03/03/25 06:26:02 0062 1                  44.725780 8.855710 00 00 31383132304A303139393734            
03/03/25 06:28:35 0063 1                  44.727362 8.855150 00 00 313932343045303030373336            
03/03/25 06:31:31 0064 1                  44.725483 8.855783 00 00 31383132304A303230333932            
03/03/25 06:32:40 0065 1                  44.725317 8.855978 00 00 31383033304D303034363635            
03/03/25 06:32:45 0066 1                  44.725318 8.855985 00 00 3231303033304D3032383635            
03/03/25 06:33:27 0067 1                  44.725357 8.856057 00 00 3231303033304D3033303230            
03/03/25 06:34:32 0068 1                  44.725082 8.856195 00 00 31383033304D303034363435            
03/03/25 06:34:51 0069 1                  44.725062 8.856183 00 00 31383033304D303034363636            
03/03/25 06:36:44 0070 1                  44.724927 8.856272 00 00 303ACB03432450DAC688CAFD            
03/03/25 06:36:44 0071 1                  44.724932 8.856272 00 00 303ACB0342E283D9D8B65E5C            
03/03/25 06:36:45 0072 1                  44.724932 8.856272 00 00 313931313030503030313237            
03/03/25 06:38:26 0073 1                  44.724177 8.856947 00 00 313931323050303031343836            
03/03/25 06:39:48 0074 1                  44.723990 8.856607 00 00 31383132304A303231333832            
03/03/25 06:39:49 0075 1                  44.723990 8.856607 00 00 31383132304A303231373534            
03/03/25 06:40:39 0076 1                  44.723883 8.856600 00 00 313931323050303130393337            
03/03/25 06:41:27 0077 1                  44.723845 8.856580 00 00 31383132304A303230363534            
03/03/25 06:41:27 0078 1                  44.723845 8.856580 00 00 31383132304A303230363537            
03/03/25 06:42:09 0079 1                  44.723818 8.856607 00 00 3139313130304A3032313235            
03/03/25 06:43:11 0080 1                  44.723813 8.856593 00 00 313931313030503030313838            
03/03/25 06:43:12 0081 1                  44.723810 8.856592 00 00 30396061C09F0F000000DBA0            
03/03/25 06:45:21 0082 1                  44.723833 8.856028 00 00 3035EBE7D0012CC000000017            
03/03/25 06:45:34 0083 1                  44.723857 8.856045 00 00 3231313130304A3032363137            
03/03/25 06:46:26 0084 1                  44.723918 8.856022 00 00 3231313130304A3031333535            
03/03/25 06:46:42 0085 1                  44.723920 8.856037 00 00 3035EBED000E9669850FACAB            
03/03/25 06:46:44 0086 1                  44.723918 8.856038 00 00 303AC8E9C042F2D9D8B6ABB1            
03/03/25 06:46:51 0087 1                  44.723910 8.856043 00 00 0000001000000180492372FB            
03/03/25 06:49:14 0088 1                  44.723547 8.855782 00 00 31383033304D303034303236            
03/03/25 06:49:19 0089 1                  44.723547 8.855780 00 00 31383033304D303034303235            
03/03/25 06:49:24 0090 1                  44.723550 8.855782 00 00 3230303033304D3038353036            
03/03/25 06:49:59 0091 1                  44.723577 8.855800 00 00 3231303033304D3032363335            
03/03/25 06:50:04 0092 1                  44.723582 8.855793 00 00 31383033304D303033353738            
03/03/25 06:50:09 0093 1                  44.723583 8.855787 00 00 31383033304D303034303638            
03/03/25 06:51:35 0094 1                  44.724118 8.855555 00 00 313931313030503030323536            
03/03/25 06:52:14 0095 1                  44.724177 8.855538 00 00 3233303132304A3032313435            
03/03/25 06:53:57 0096 1                  44.724677 8.855283 00 00 313931313030503030323234            
03/03/25 06:55:27 0097 1                  44.724275 8.855333 00 00 3234303132304A3030393134            
03/03/25 06:55:28 0098 1                  44.724275 8.855333 00 00 313931323050303031353231            
03/03/25 06:55:28 0099 1                  44.724275 8.855333 00 00 313931323050303031753231            
03/03/25 06:56:50 0100 1                  44.724380 8.856053 00 00 31383033304D303034363231            
03/03/25 06:57:07 0101 1                  44.724382 8.856072 00 00 31383132304A303139343731            
03/03/25 06:58:09 0102 1                  44.724420 8.856307 00 00 3234303033304D3030333131            
03/03/25 06:58:15 0103 1                  44.724418 8.856315 00 00 3231303033304D3032363732            
03/03/25 06:58:23 0104 1                  44.724440 8.856317 00 00 3230303033304D3038383432            
03/03/25 06:58:29 0105 1                  44.724467 8.856323 00 00 31383033304D303034373033            
03/03/25 06:58:39 0106 1                  44.724530 8.856338 00 00 31383033304D303034363437            
03/03/25 06:58:48 0107 1                  44.724568 8.856355 00 00 31383033304D303034373035            
03/03/25 06:58:58 0108 1                  44.724615 8.856352 00 00 E28011700000021060A2523E            
03/03/25 06:59:11 0109 1                  44.724615 8.856347 00 00 3034DFC78020E6B58D195D2C            
03/03/25 06:59:11 0110 1                  44.724615 8.856347 00 00 3034DFC78044C137E142FFFB            
03/03/25 06:59:11 0111 1                  44.724615 8.856347 00 00 3034DFC780218F758D196E02            
03/03/25 07:08:59 0112 1                  44.723395 8.857172 00 00 3231303033304D3032363537            
03/03/25 07:09:17 0113 1                  44.723390 8.857132 00 00 3234303132304A3033303838            
03/03/25 07:10:43 0114 1                  44.723103 8.856985 00 00 31383033304D303034363433            
03/03/25 07:10:57 0115 1                  44.723113 8.856965 00 00 31383033304D303033333531            
03/03/25 07:11:16 0116 1                  44.723095 8.856960 00 00 31383132304A303230313838            
03/03/25 07:12:39 0117 1                  44.722958 8.856458 00 00 31383132304A303230313837            
03/03/25 07:12:39 0118 1                  44.722958 8.856458 00 00 313931323050303132383635            
03/03/25 07:14:19 0119 1                  44.722907 8.856165 00 00 3232313130304A3030303936            
03/03/25 07:15:09 0120 1                  44.722895 8.856170 00 00 3233313130304A3030313538            
03/03/25 07:18:40 0121 1                  44.722457 8.856938 00 00 31383033304D703033343536            
03/03/25 07:18:46 0122 1                  44.722457 8.856940 00 00 3230303033304D3039313233            
03/03/25 07:18:59 0123 1                  44.722462 8.856952 00 00 31383033304D303034313331            
03/03/25 07:19:59 0124 1                  44.722572 8.856457 00 00 31383132304A303139313032            
03/03/25 07:21:41 0125 1                  44.723085 8.854485 00 00 31383132304A303235373535            
03/03/25 07:24:23 0126 1                  44.721457 8.852645 00 00 31383132304A303138373B39            
03/03/25 07:25:46 0127 1                  44.721712 8.852485 00 00 313931313030503030303130            
03/03/25 07:27:45 0128 1                  44.721718 8.853237 00 00 313931313030503030323132            
03/03/25 07:28:20 0129 1                  44.721708 8.853217 00 00 313931313030503030313439            
03/03/25 07:29:07 0130 1                  44.721707 8.853218 00 00 3231313130304A3030313738            
03/03/25 07:32:07 0131 1                  44.720935 8.853175 00 00 313931313030503030323535            
03/03/25 07:34:06 0132 1                  44.720957 8.853168 00 00 3231313130304A3031333833            
03/03/25 07:35:49 0133 1                  44.720807 8.853028 00 00 313931313030503030303131            
03/03/25 07:37:33 0134 1                  44.720332 8.853505 00 00 31383033304D303034303337            
03/03/25 07:37:38 0135 1                  44.720332 8.853508 00 00 31383033304D303034303430            
03/03/25 07:37:46 0136 1                  44.720332 8.853515 00 00 3231303033304D3032373330            
03/03/25 07:37:51 0137 1                  44.720333 8.853517 00 00 31383033304D303034303732            
03/03/25 07:38:07 0138 1                  44.720337 8.853517 00 00 31383033304D303034303431            
03/03/25 07:39:19 0139 1                  44.720215 8.853820 00 00 31383132304A303138373037            
03/03/25 07:40:38 0140 1                  44.720428 8.854252 00 00 313931323050303130333136            
03/03/25 07:40:39 0141 1                  44.720428 8.854252 00 00 313931323050303033383637            
03/03/25 07:41:16 0142 1                  44.720443 8.854272 00 00 31383132304A303231393435            
03/03/25 07:42:07 0143 1                  44.720432 8.854262 00 00 31383132304A303139353837            
03/03/25 07:44:33 0144 1                  44.720497 8.854563 00 00 313932343045303030373434            
03/03/25 07:46:29 0145 1                  44.720930 8.854968 00 00 31383132304A303139383738            
03/03/25 07:48:04 0146 1                  44.721177 8.855235 00 00 31383132304A303139323934            
03/03/25 07:48:04 0147 1                  44.721177 8.855235 00 00 31383132304A303236393236            
03/03/25 07:48:04 0148 1                  44.721177 8.855235 00 00 30340BF8E45D0392F0FBF804            
03/03/25 07:48:32 0149 1                  44.721188 8.855238 00 00 313931323050303037393738            
03/03/25 07:50:47 0150 1                  44.721482 8.855607 00 00 31383132304A303139323937            
03/03/25 07:50:47 0151 1                  44.721482 8.855607 00 00 313931323050303032393530            
03/03/25 07:53:12 0152 1                  44.723360 8.854242 00 00 31383132304A303231313338            
03/03/25 07:53:12 0153 1                  44.723360 8.854242 00 00 31383132304A303231313339            
03/03/25 07:53:52 0154 1                  44.723418 8.854238 00 00 31383132304A303231323330            
03/03/25 07:53:53 0155 1                  44.723418 8.854238 00 00 31383132304A303231313337            
03/03/25 07:54:32 0156 1                  44.723417 8.854247 00 00 31383132304A303231343038            
03/03/25 07:56:06 0157 1                  44.723455 8.854385 00 00 303ACA498383E699D8B6425B            
03/03/25 07:56:24 0158 1                  44.723455 8.854387 00 00 31383132304A303230343839            
03/03/25 07:56:24 0159 1                  44.723455 8.854387 00 00 31383132304A303138393733            
03/03/25 07:56:26 0160 1                  44.723455 8.854385 00 00 31383132304AB03138393733            
03/03/25 07:56:28 0161 1                  44.723455 8.854387 00 00 303ACB03435F5320AF8B056D            
03/03/25 07:58:12 0162 1                  44.723560 8.854062 00 00 313931313030503030313533            
03/03/25 07:59:43 0163 1                  44.724422 8.853865 00 00 31383132304A303138393731            
03/03/25 08:00:49 0164 1                  44.724553 8.853357 00 00 31383132304A303139343630            
03/03/25 08:00:51 0165 1                  44.724552 8.853357 00 00 30395DFA8311AD80342563FE            
03/03/25 08:00:51 0166 1                  44.724552 8.853357 00 00 30395DFA82EA3FC0003EC629            
03/03/25 08:02:10 0167 1                  44.724707 8.852977 00 00 313931313030503030323436            
03/03/25 08:03:19 0168 1                  44.724715 8.852992 00 00 31383132304A303139343631            
03/03/25 08:04:46 0169 1                  44.725095 8.852908 00 00 313931313030503030323534            
03/03/25 08:06:57 0170 1                  44.725253 8.853212 00 00 31383132304A303139343838            
03/03/25 08:08:06 0171 1                  44.725327 8.853435 00 00 31383132304A303138393730            
03/03/25 08:09:25 0172 1                  44.724793 8.853588 00 00 31383132304A303139383835            
03/03/25 08:11:29 0173 1                  44.724143 8.852820 00 00 313931313030503030313130            
03/03/25 08:11:40 0174 1                  44.724138 8.852810 00 00 3034F8226000B40AB41DBE7C            
03/03/25 08:11:47 0175 1                  44.724130 8.852805 00 00 303ACB0343608C9AC688CECB            
03/03/25 08:12:29 0176 1                  44.724128 8.852818 00 00 313931313030503030313239            
03/03/25 08:12:46 0177 1                  44.724127 8.852813 00 00 30395DFA82EA3FC0003EC629            
03/03/25 08:13:16 0178 1                  44.724145 8.852843 00 00 313931313030503030313934            
03/03/25 08:13:49 0179 1                  44.724137 8.852848 00 00 313931313030503030323232            
03/03/25 08:15:15 0180 1                  44.724358 8.852160 00 00 31383132304A303138393737            
03/03/25 08:16:39 0181 1                  44.724235 8.851848 00 00 31383132304A303138383635            
03/03/25 08:16:39 0182 1                  44.724235 8.851848 00 00 31383132304A30B139393736            
03/03/25 08:16:39 0183 1                  44.724235 8.851848 00 00 31383132304A303139393736            
03/03/25 08:17:49 0184 1                  44.724005 8.851955 00 00 31383132304A303138383730            
03/03/25 08:19:03 0185 1                  44.723715 8.852187 00 00 31383132304A303138383633            
03/03/25 08:21:20 0186 1                  44.723590 8.852692 00 00 31383132304A303138383637            
03/03/25 08:22:51 0187 1                  44.723768 8.852602 00 00 31383132304A303138353336            
03/03/25 08:22:53 0188 1                  44.723768 8.852602 00 00 31383132304A303138383636            
03/03/25 08:32:38 0000 s 01503ver01 44.721190 8.853400 00 00
03/03/25 08:35:36 0189 1                  44.722285 8.854980 00 00 313931313030503030303537            
03/03/25 08:36:13 0190 1                  44.722243 8.855012 00 00 313931313030503030303538            
03/03/25 08:38:13 0191 1                  44.722728 8.855118 00 00 313931313030503030303530            
03/03/25 08:39:04 0192 1                  44.722758 8.855122 00 00 313931313030503030303539            
03/03/25 08:40:54 0193 1                  44.722568 8.857305 00 00 313931313030503030313834            
03/03/25 08:45:10 0194 1                  44.710247 8.860982 00 00 31383132304A303139383036            
03/03/25 08:46:25 0195 1                  44.709998 8.861113 00 00 31383132304A303139343637            
03/03/25 08:46:25 0196 1                  44.709998 8.861113 00 00 31383132304A303139343634            
03/03/25 08:47:45 0197 1                  44.709857 8.861085 00 00 31383132304A303139393939            
03/03/25 08:49:14 0198 1                  44.708962 8.861482 00 00 31383132304A303231313636            
03/03/25 08:49:56 0199 1                  44.708943 8.861510 00 00 31383132304A303231313637            
03/03/25 08:49:56 0200 1                  44.708943 8.861510 00 00 313931323050303031313639            
03/03/25 08:51:19 0201 1                  44.708715 8.861577 00 00 31383132304A303231343730            
03/03/25 08:53:32 0202 1                  44.704822 8.865473 00 00 31383132304A303138353439            
03/03/25 08:55:01 0203 1                  44.703850 8.866503 00 00 31383132304A303230363032            
03/03/25 08:58:31 0204 1                  44.707578 8.862942 00 00 31383132304A303231303739            
03/03/25 09:00:12 0205 1                  44.708483 8.861967 00 00 31383132304A307230353436            
03/03/25 09:01:33 0206 1                  44.708683 8.861842 00 00 31383132304A303139393435            
03/03/25 09:02:38 0207 1                  44.708827 8.861812 00 00 31383132304A303230353438            
03/03/25 09:02:40 0208 1                  44.708827 8.861810 00 00 3036141EFC36955748C2650C            
03/03/25 09:03:48 0209 1                  44.709227 8.861577 00 00 3233303132304A3030353936            
03/03/25 09:05:20 0210 1                  44.709513 8.861475 00 00 31383132304A303231313730            
03/03/25 09:05:40 0211 1                  44.709513 8.861473 00 00 011532116590111582200000            
03/03/25 09:05:46 0212 1                  44.709507 8.861475 00 00 4E20198B6473400000000000            
03/03/25 09:06:31 0213 1                  44.709690 8.861455 00 00 3233303234304A3030353835            
03/03/25 09:08:39 0214 1                  44.708970 8.859807 00 00 31383132304A303230303032            
03/03/25 09:15:40 0215 1                  44.704515 8.858223 00 00 3231303234304A3034373238            
03/03/25 09:18:17 0216 1                  44.704855 8.859188 00 00 3234313130304A3030333530            
03/03/25 09:20:03 0217 1                  44.704535 8.859175 00 00 313832343045303034303533            
03/03/25 09:20:03 0218 1                  44.704535 8.859175 00 00 313832343045313034303533            
03/03/25 09:21:20 0219 1                  44.703987 8.859197 00 00 313931323045303630323738            
03/03/25 09:23:08 0220 1                  44.703198 8.859847 00 00 313931313030503030303637            
03/03/25 09:25:52 0221 1                  44.704763 8.860865 00 00 313831323045303231303934            
03/03/25 09:26:27 0222 1                  44.704775 8.860843 00 00 313931313030503030323931            
03/03/25 09:50:05 0223 1                  44.760613 8.838002 00 00 181232409300044850153800            
03/03/25 10:31:23 0000 s 01503ver01 44.882730 8.834685 00 00
03/03/25 11:07:40 0000 s 01503ver01 44.792605 8.739825 00 00
03/03/25 11:17:23 0224 1                  44.767618 8.787255 00 00 534D5002260001000033C5A0            
03/03/25 11:28:36 0225 1                  44.755158 8.852952 00 00 313931323050303030363531            
03/03/25 11:28:51 0226 1                  44.755160 8.852953 00 00 313931323050303031313434            
03/03/25 11:30:20 0227 1                  44.756153 8.854548 00 00 313831323045303235333133            
03/03/25 11:30:26 0228 1                  44.756157 8.854542 00 00 313931323045303630343236            
03/03/25 11:30:49 0229 1                  44.756153 8.854518 00 00 313831323045303236353337            
03/03/25 11:33:15 0230 1                  44.756700 8.855098 00 00 313831323045303235303234            
03/03/25 11:33:22 0231 1                  44.756700 8.855105 00 00 313831323045303235343639            
03/03/25 11:34:11 0232 1                  44.756813 8.855357 00 00 303ACB0342E9BADC8546BE5E            
03/03/25 11:34:12 0233 1                  44.756810 8.855360 00 00 313831323045303235323337            
03/03/25 11:35:44 0234 1                  44.757968 8.854953 00 00 313931313030503030303138            
03/03/25 11:36:08 0235 1                  44.757972 8.854950 00 00 3039606203CA96C0FA8CAA06            
03/03/25 11:36:08 0236 1                  44.757972 8.854950 00 00 313931313030503030303135            
03/03/25 11:38:36 0237 1                  44.758373 8.854248 00 00 313931313030503030313535            
03/03/25 11:39:31 0238 1                  44.758152 8.854582 00 00 534D5004E700010137303236            
03/03/25 11:41:08 0239 1                  44.757990 8.856713 00 00 313831323045303236353835            
03/03/25 11:42:32 0240 1                  44.758160 8.857813 00 00 31383033304D303034333132            
03/03/25 11:42:39 0241 1                  44.758173 8.857808 00 00 313831323045303234363539            
03/03/25 11:42:53 0242 1                  44.758177 8.857812 00 00 31383033304D303034333039            
03/03/25 11:43:43 0243 1                  44.759288 8.859132 00 00 3233303132304A3030373436            
03/03/25 11:46:29 0244 1                  44.760690 8.859458 00 00 313931323045303630353738            
03/03/25 11:46:35 0245 1                  44.760698 8.859453 00 00 313831323045303236323638            
03/03/25 11:47:52 0246 1                  44.760183 8.858898 00 00 313831323045303236313033            
03/03/25 11:47:58 0247 1                  44.760173 8.858893 00 00 313831323045303236313439            
03/03/25 11:48:11 0248 1                  44.760158 8.858890 00 00 313831323045303235303335            
03/03/25 11:49:26 0249 1                  44.761737 8.860788 00 00 313831323045303236313432            
03/03/25 11:49:56 0250 1                  44.761858 8.861000 00 00 313831323045303236333839            
03/03/25 11:50:18 0251 1                  44.761892 8.861025 00 00 313831323045303235393933            
03/03/25 11:52:38 0252 1                  44.762238 8.861452 00 00 313831323045303235333338            
03/03/25 11:53:16 0253 1                  44.762428 8.861615 00 00 313831323045303235333236            
03/03/25 11:54:49 0254 1                  44.762715 8.860962 00 00 313831323045303236323234            
03/03/25 11:55:25 0255 1                  44.762690 8.861225 00 00 313831323045303235343034            
03/03/25 11:56:35 0256 1                  44.762810 8.861095 00 00 3139313130304A3032303036            
03/03/25 11:57:41 0257 1                  44.763100 8.862018 00 00 313931313030503030313231            
03/03/25 11:57:48 0258 1                  44.763107 8.862032 00 00 3034F848C05A8BE0023C6B5B            
03/03/25 11:58:19 0259 1                  44.763115 8.862052 00 00 313931313030503030313232            
03/03/25 12:00:05 0260 1                  44.763320 8.862585 00 00 313831323045303234373934            
03/03/25 12:00:16 0261 1                  44.763323 8.862582 00 00 313831323045303234373936            
03/03/25 12:00:28 0262 1                  44.763328 8.862583 00 00 31383033304D303034333234            
03/03/25 12:00:34 0263 1                  44.763330 8.862582 00 00 313831323045303236363134            
03/03/25 12:01:53 0264 1                  44.763992 8.862570 00 00 313932343045303030373737            
03/03/25 12:02:04 0265 1                  44.764008 8.862553 00 00 313831323045303235323235            
03/03/25 12:02:10 0266 1                  44.764012 8.862552 00 00 313931323050303132343631            
03/03/25 12:02:20 0267 1                  44.764012 8.862548 00 00 313931323045303630353034            
03/03/25 12:02:25 0268 1                  44.764010 8.862550 00 00 313831323045303234363634            
03/03/25 12:02:25 0269 1                  44.764010 8.862550 00 00 313831323045303234363634            
03/03/25 12:02:38 0270 1                  44.764007 8.862550 00 00 313931323045303630353033            
03/03/25 12:03:30 0271 1                  44.764043 8.862582 00 00 313931313030503030303536            
03/03/25 12:04:37 0272 1                  44.764113 8.862942 00 00 313831323045303236313036            
03/03/25 12:05:18 0273 1                  44.764427 8.862967 00 00 3139313130304A3032303334            
03/03/25 12:05:49 0274 1                  44.764458 8.862953 00 00 313831323045303236323534            
03/03/25 12:06:33 0275 1                  44.764627 8.862973 00 00 31383033304D303034343237            
03/03/25 12:07:19 0276 1                  44.764823 8.863000 00 00 313831323045303236363237            
03/03/25 12:07:29 0277 1                  44.764822 8.862992 00 00 313931323045303630353139            
03/03/25 12:08:21 0278 1                  44.765053 8.863112 00 00 313831323045303236323237            
03/03/25 12:08:32 0279 1                  44.765050 8.863112 00 00 313931323050303035323833            
03/03/25 12:08:38 0280 1                  44.765048 8.863112 00 00 313831323045303236363331            
03/03/25 12:08:51 0281 1                  44.765060 8.863113 00 00 313831323045303236363236            
03/03/25 12:10:23 0282 1                  44.765303 8.863142 00 00 313931313030503030303237            
03/03/25 12:10:42 0283 1                  44.765290 8.863120 00 00 3234303033304D3031343531            
03/03/25 12:10:46 0284 1                  44.765287 8.863112 00 00 313831323045303138373936            
03/03/25 12:11:02 0285 1                  44.765273 8.863087 00 00 3233303132304A3030373332            
03/03/25 12:11:43 0286 1                  44.765333 8.863103 00 00 3234303132304A3030393737            
03/03/25 12:11:53 0287 1                  44.765347 8.863135 00 00 31383132304A303230323138            
03/03/25 12:13:11 0288 1                  44.765855 8.863573 00 00 313831323045303236323833            
03/03/25 12:13:40 0289 1                  44.765882 8.863570 00 00 313831323045303236323831            
03/03/25 12:13:57 0290 1                  44.765878 8.863572 00 00 313831323045303236363231            
03/03/25 12:15:03 0291 1                  44.766098 8.863162 00 00 313831323045303236333930            
03/03/25 12:15:10 0292 1                  44.766097 8.863160 00 00 313831323045303236323437            
03/03/25 12:15:54 0293 1                  44.766200 8.862868 00 00 313831323045303236323438            
03/03/25 12:37:04 0000 s 01503ver01 44.766118 8.863918 00 00
03/03/25 12:38:14 0294 1                  44.766535 8.864115 00 00 313831323045303236343731            
03/03/25 12:38:33 0295 1                  44.766558 8.864122 00 00 313931323045303630343739            
03/03/25 12:38:39 0296 1                  44.766558 8.864120 00 00 313831323045303236303830            
03/03/25 12:39:01 0297 1                  44.766538 8.864080 00 00 313931323050303038343331            
03/03/25 12:39:07 0298 1                  44.766533 8.864072 00 00 313831323045303236353738            
03/03/25 12:40:14 0299 1                  44.766932 8.864258 00 00 313831323045303234363831            
03/03/25 12:40:22 0300 1                  44.766980 8.864292 00 00 313831323045303236343131            
03/03/25 12:40:33 0301 1                  44.767062 8.864302 00 00 313831323045303234363737            
03/03/25 12:40:39 0302 1                  44.767102 8.864302 00 00 313831323045303236313731            
03/03/25 12:40:56 0303 1                  44.767127 8.864297 00 00 31383033304D303034343035            
03/03/25 12:44:31 0304 1                  44.767647 8.865203 00 00 313931313030503030303136            
03/03/25 12:47:00 0305 1                  44.768155 8.865052 00 00 313931323050303133303739            
03/03/25 12:47:06 0306 1                  44.768160 8.865052 00 00 313931323050303131333430            
03/03/25 12:47:27 0307 1                  44.768177 8.865050 00 00 313931323050303131383131            
03/03/25 12:47:31 0308 1                  44.768180 8.865048 00 00 3234303132304A3032323738            
03/03/25 12:47:43 0309 1                  44.768198 8.865027 00 00 313931323050303133363434            
03/03/25 12:49:05 0310 1                  44.768288 8.864102 00 00 313931323045303630353237            
03/03/25 12:49:47 0311 1                  44.768435 8.863837 00 00 313931323045303630343635            
03/03/25 12:50:04 0312 1                  44.768442 8.863833 00 00 313831323045303236343530            
03/03/25 12:50:44 0313 1                  44.768530 8.863685 00 00 313831323045303236343133            
03/03/25 12:51:24 0314 1                  44.768652 8.863493 00 00 313831323045303236343235            
03/03/25 12:51:30 0315 1                  44.768652 8.863495 00 00 3234303132304A3033313135            
03/03/25 12:52:41 0316 1                  44.769085 8.863115 00 00 313831323045303236343834            
03/03/25 12:52:51 0317 1                  44.769077 8.863103 00 00 313831B23045303236343735            
03/03/25 12:53:57 0318 1                  44.769343 8.861822 00 00 313831323045303236353131            
03/03/25 12:54:04 0319 1                  44.769347 8.861810 00 00 3234303132304A3030343438            
03/03/25 12:54:57 0320 1                  44.769093 8.861625 00 00 313831323045303236333231            
03/03/25 13:02:36 0321 1                  44.765628 8.861912 00 00 313931323050303032373034            
03/03/25 13:02:53 0322 1                  44.765667 8.861900 00 00 313831323045303235333938            
03/03/25 13:03:56 0323 1                  44.765270 8.861595 00 00 313831323445303236323439            
03/03/25 13:04:02 0324 1                  44.765267 8.861585 00 00 313831323045303236353937            
03/03/25 13:05:22 0325 1                  44.765270 8.861437 00 00 313932343045303030363131            
03/03/25 13:06:09 0326 1                  44.765085 8.861093 00 00 313831323045303236323231            
03/03/25 13:06:18 0327 1                  44.765055 8.861082 00 00 313931323045303630353731            
03/03/25 13:07:25 0328 1                  44.764803 8.860915 00 00 3139313130304A3032303931            
03/03/25 13:07:34 0329 1                  44.764782 8.860893 00 00 313831323045303236303137            
03/03/25 13:08:18 0330 1                  44.764628 8.860797 00 00 313831323045303236303138            
03/03/25 13:08:47 0331 1                  44.764483 8.860718 00 00 313831323045303236303139            
03/03/25 13:09:24 0332 1                  44.764328 8.860633 00 00 313831323045303236323139            
03/03/25 13:10:02 0333 1                  44.764083 8.860507 00 00 313831323045303236303232            
03/03/25 13:10:38 0334 1                  44.763862 8.860383 00 00 313831323045303236303037            
03/03/25 13:11:15 0335 1                  44.763567 8.860223 00 00 313831323045303235393835            
03/03/25 13:12:05 0336 1                  44.763102 8.859947 00 00 313831323045303138373931            
03/03/25 13:12:14 0337 1                  44.763098 8.859937 00 00 313831323045303236363034            
03/03/25 13:12:21 0338 1                  44.763095 8.859932 00 00 313931323045303630303136            
03/03/25 13:13:19 0339 1                  44.762685 8.859628 00 00 313831323045303235343131            
03/03/25 13:13:27 0340 1                  44.762700 8.859625 00 00 313931323050303131343230            
03/03/25 13:14:22 0341 1                  44.762455 8.859475 00 00 313831323045303236313839            
03/03/25 13:15:10 0342 1                  44.762817 8.860312 00 00 313831323045303236323136            
03/03/25 13:15:46 0343 1                  44.762790 8.860545 00 00 313831323045303236313135            
03/03/25 13:16:45 0344 1                  44.761153 8.859775 00 00 313931323045303630333431            
03/03/25 13:16:54 0345 1                  44.761143 8.859767 00 00 313931323045303630353830            
03/03/25 13:18:44 0346 1                  44.763485 8.861193 00 00 3139313130304A3032303134            
03/03/25 13:19:51 0347 1                  44.763692 8.861342 00 00 313831323045303234383134            
03/03/25 13:20:03 0348 1                  44.763698 8.861355 00 00 31383033304D303034333934            
03/03/25 13:20:10 0349 1                  44.763702 8.861358 00 00 313931323050303131393837            
03/03/25 13:20:24 0350 1                  44.763713 8.861355 00 00 313931323045303630363432            
03/03/25 13:20:25 0351 1                  44.763715 8.861355 00 00 30361443FC4F459FEE1E5D12            
03/03/25 13:22:05 0352 1                  44.764273 8.861550 00 00 313831323045303235333933            
03/03/25 13:22:27 0353 1                  44.764312 8.861530 00 00 3231303234304A3034373439            
03/03/25 13:23:29 0354 1                  44.764585 8.861685 00 00 313831323045303235323731            
03/03/25 13:23:45 0355 1                  44.764587 8.861713 00 00 313831323045303234363631            
03/03/25 13:24:49 0356 1                  44.764532 8.861455 00 00 303AC8E9C018DBDC9605B223            
03/03/25 13:24:50 0357 1                  44.764532 8.861455 00 00 313831323045B03236363234            
03/03/25 13:24:50 0358 1                  44.764532 8.861455 00 00 303ACB0343785619D8B65C5E            
03/03/25 13:25:08 0359 1                  44.764515 8.861395 00 00 313831323045303236313633            
03/03/25 13:26:18 0360 1                  44.765195 8.861018 00 00 313831323045303235373735            
03/03/25 13:26:28 0361 1                  44.765198 8.861010 00 00 313931323050303039373938            
03/03/25 13:27:36 0362 1                  44.765067 8.859328 00 00 313932343045303030373239            
03/03/25 13:29:53 0363 1                  44.766218 8.854137 00 00 313931313030503030303431            
03/03/25 13:30:08 0364 1                  44.766228 8.854145 00 00 313931313030503030303431            
03/03/25 13:32:13 0365 1                  44.767807 8.854090 00 00 313931313030503030303137            
03/03/25 13:36:51 0366 1                  44.762965 8.854897 00 00 313931313030503030313539            
03/03/25 13:37:13 0367 1                  44.762970 8.854898 00 00 313931313030503030323736            
03/03/25 13:38:01 0368 1                  44.762990 8.854918 00 00 313931313030503030313536            
03/03/25 13:45:54 0369 1                  44.767775 8.864560 00 00 30361443FC4F459FEE1E5D12            
03/03/25 14:02:56 0000 s 01503ver01 44.766017 8.863828 00 00
03/03/25 14:05:23 0370 1                  44.767798 8.864497 00 00 30347BE6C81ACD9749EC9CDC            
03/03/25 14:05:31 0371 1                  44.767798 8.864510 00 00 3035EBA8781EF547FE0C7399            
03/03/25 14:06:49 0372 1                  44.767812 8.864575 00 00 3035EBEA080EEB880003FF8C            
03/03/25 14:49:24 0000 s 01503ver01 44.767810 8.864497 00 00
03/03/25 14:50:06 0373 1                  44.767757 8.864468 00 00 3039606203C9F5821723C89E            
03/03/25 14:50:14 0374 1                  44.767770 8.864458 00 00 30396061C3C075C000116E68            
03/03/25 15:10:46 0000 s 01503ver01 44.882378 8.860337 00 00
03/03/25 15:13:19 0000 s 01503ver01 44.882403 8.859963 00 00
03/03/25 15:47:31 0000 s 01503ver01 44.882307 8.859823 00 00
03/03/25 15:49:32 0000 s 01503ver01 44.882490 8.859988 00 00
03/03/25 15:50:23 0000 s 01503ver01 44.882533 8.860023 00 00
03/03/25 16:23:54 0000 s 01503ver01 44.882393 8.860152 00 00
03/03/25 16:28:46 0375 1                  44.894780 8.843640 00 00 313832414E59364235303033            
