03/03/25 10:42:12 0000 s 01496ver01 44.882233 8.859907 00 00
03/03/25 11:23:31 0001 1                  44.907523 8.839170 00 00 313931323045303630323237            
03/03/25 11:28:47 0002 1                  44.910897 8.832327 00 00 3234303132304A3030333836            
03/03/25 11:32:09 0003 1                  44.912360 8.822773 00 00 3234313130304A3030333535            
03/03/25 11:35:16 0004 1                  44.913110 8.822095 00 00 313831323045303232383433            
03/03/25 11:39:50 0005 1                  44.913515 8.831913 00 00 313831323045303235313034            
03/03/25 11:41:01 0006 1                  44.913123 8.831675 00 00 313931323045303630333735            
03/03/25 11:43:29 0007 1                  44.911200 8.835170 00 00 313831323045303235333033            
03/03/25 11:44:52 0008 1                  44.911970 8.835453 00 00 313932343050303030333835            
03/03/25 11:47:18 0009 1                  44.912215 8.839865 00 00 313831323045303235393834            
03/03/25 11:53:58 0010 1                  44.921895 8.842855 00 00 313931323050303131343937            
03/03/25 11:54:04 0011 1                  44.921897 8.842857 00 00 313932343050303030343835            
03/03/25 11:57:59 0012 1                  44.924433 8.841878 00 00 313831323045303235373630            
03/03/25 11:57:59 0013 1                  44.924433 8.841878 00 00 313831323045303235373534            
03/03/25 12:01:07 0014 1                  44.928743 8.840620 00 00 313831323045303235363539            
03/03/25 12:08:14 0015 1                  44.930550 8.827963 00 00 313831323045313235373131            
03/03/25 12:08:14 0016 1                  44.930550 8.827963 00 00 313831323045303235383938            
03/03/25 12:08:38 0017 1                  44.930555 8.827958 00 00 313831323045303235333032            
03/03/25 12:09:41 0018 1                  44.930705 8.827877 00 00 3234303132304A3030323931            
03/03/25 12:12:59 0019 1                  44.940432 8.828413 00 00 313931323045303630313332            
03/03/25 12:15:36 0020 1                  44.939448 8.831360 00 00 313931323045303630313434            
03/03/25 12:23:22 0021 1                  44.939657 8.824298 00 00 3231313130304A3030323339            
03/03/25 12:24:42 0022 1                  44.939632 8.824298 00 00 323031313030503030313238            
03/03/25 12:27:56 0023 1                  44.933595 8.825180 00 00 313931323050303031393034            
03/03/25 12:29:12 0024 1                  44.933592 8.824885 00 00 313931323045303630313533            
03/03/25 12:31:21 0025 1                  44.932735 8.816795 00 00 313831323045303139343532            
03/03/25 12:31:29 0026 1                  44.932735 8.816793 00 00 313831323045303230363138            
03/03/25 12:32:27 0027 1                  44.932710 8.816462 00 00 313831323045303235393538            
03/03/25 12:33:29 0028 1                  44.932703 8.816172 00 00 313931323050303131303035            
03/03/25 12:33:29 0029 1                  44.932703 8.816172 00 00 313831323045303139363132            
03/03/25 12:34:32 0030 1                  44.932672 8.815715 00 00 313931323045303630343337            
03/03/25 12:35:52 0031 1                  44.932493 8.814120 00 00 313932343050303030343437            
03/03/25 12:37:37 0032 1                  44.932322 8.812743 00 00 313831323045303235373536            
03/03/25 12:39:14 0000 s 01496ver01 44.932325 8.812750 00 00
03/03/25 12:44:32 0033 1                  44.930728 8.811567 00 00 313831323045303138353933            
03/03/25 12:44:32 0034 1                  44.930728 8.811567 00 00 313831323045303138353932            
03/03/25 12:45:37 0000 s 01496ver01 44.930713 8.811568 00 00
03/03/25 13:23:28 0035 1                  44.928685 8.828492 00 00 313931323045303630323031            
03/03/25 13:25:13 0036 1                  44.922782 8.830677 00 00 313931323045303630323034            
03/03/25 13:26:09 0037 1                  44.922440 8.830835 00 00 313931323045303630323036            
03/03/25 13:29:20 0038 1                  44.915202 8.828190 00 00 313831323045303235373035            
03/03/25 13:32:17 0039 1                  44.915417 8.828310 00 00 313931323050303037373238            
03/03/25 13:33:05 0040 1                  44.915587 8.828402 00 00 313931323050303131323436            
03/03/25 13:33:05 0041 1                  44.915587 8.828402 00 00 313931323050303131323436            
03/03/25 13:39:03 0042 1                  44.914925 8.829225 00 00 313931323045303630363337            
03/03/25 13:42:03 0043 1                  44.915203 8.828993 00 00 313931323045303630363038            
03/03/25 14:00:56 0044 1                  44.919415 8.821512 00 00 313831323045303235373236            
03/03/25 14:00:59 0045 1                  44.919415 8.821510 00 00 313831323045303233333833            
03/03/25 14:04:06 0046 1                  44.925290 8.809290 00 00 313931323050303037383531            
03/03/25 14:08:58 0047 1                  44.905287 8.799675 00 00 313831323045303235323533            
03/03/25 14:09:04 0048 1                  44.905283 8.799673 00 00 313831323045B03235323533            
03/03/25 14:14:50 0049 1                  44.905580 8.807390 00 00 313931323050303032373333            
03/03/25 14:16:28 0050 1                  44.905370 8.808973 00 00 313931323045303630323831            
03/03/25 14:18:33 0051 1                  44.905167 8.810798 00 00 313831323045303235373334            
03/03/25 14:18:33 0052 1                  44.905167 8.810798 00 00 313831323045303235373333            
03/03/25 14:21:11 0053 1                  44.904805 8.813477 00 00 313831323045303235303039            
03/03/25 14:21:14 0054 1                  44.904805 8.813477 00 00 313931323050303039363537            
03/03/25 14:23:36 0055 1                  44.904643 8.813902 00 00 313831323045303235303130            
03/03/25 15:18:48 0000 s 01496ver01 44.882377 8.859923 00 00
03/03/25 15:18:57 0000 s 01496ver01 44.882325 8.859773 00 00
03/03/25 16:11:31 0000 s 01496ver01 44.882383 8.859853 00 00
03/03/25 16:40:42 0000 s 01496ver01 44.882393 8.859915 00 00
