28/01/25 05:21:17 0000 s 01885ver01 44.792727 8.739420 00 00
28/01/25 06:01:27 0001 1                  44.747208 8.894832 00 00 313931323043303038383235            
28/01/25 06:04:09 0002 1                  44.750297 8.892540 00 00 313831323045303137353334            
28/01/25 06:05:55 0003 1                  44.751592 8.895023 00 00 313831323045303137353030            
28/01/25 06:06:01 0004 1                  44.751588 8.895023 00 00 303ACB03433C25D9D8B75217            
28/01/25 06:07:46 0005 1                  44.752338 8.895280 00 00 313931323043303037383331            
28/01/25 06:09:22 0006 1                  44.752698 8.895875 00 00 000000000000000016994346            
28/01/25 06:10:02 0007 1                  44.752958 8.895832 00 00 30340C0F7C5E4D3B443C5804            
28/01/25 06:13:59 0008 1                  44.752105 8.896895 00 00 313831323045303137353430            
28/01/25 06:14:09 0009 1                  44.752108 8.896897 00 00 313831323045303137323439            
28/01/25 06:17:19 0010 1                  44.753788 8.899845 00 00 313831323045303137343437            
28/01/25 06:17:54 0011 1                  44.753793 8.899828 00 00 3034F8222852F9CAB41E9E58            
28/01/25 06:17:55 0012 1                  44.753792 8.899825 00 00 3034F8222851DACAB420EEAA            
28/01/25 06:22:07 0013 1                  44.753513 8.906260 00 00 303ACB03432AFCE0AEAE5F41            
28/01/25 06:22:30 0014 1                  44.753512 8.906318 00 00 303ACB0341D7E299D8B64BE3            
28/01/25 06:24:07 0015 1                  44.753448 8.907090 00 00 313831323045303136383933            
28/01/25 06:25:57 0016 1                  44.754162 8.907897 00 00 313831323045303137333030            
28/01/25 06:27:55 0017 1                  44.753542 8.908580 00 00 313831323045303137303939            
28/01/25 06:30:18 0018 1                  44.753800 8.908703 00 00 313831323045303137303938            
28/01/25 06:32:08 0019 1                  44.754177 8.909200 00 00 313831323045303137313637            
28/01/25 06:34:11 0020 1                  44.754363 8.908363 00 00 313831323045303137313037            
28/01/25 06:58:12 0021 1                  44.774675 8.932153 00 00 313831323045303132303130            
28/01/25 07:01:41 0022 1                  44.779995 8.937458 00 00 313831323045303135373833            
28/01/25 07:04:07 0023 1                  44.781705 8.937208 00 00 313831323045303137353131            
28/01/25 07:04:11 0024 1                  44.781705 8.937197 00 00 31383132304530313F343833            
28/01/25 07:06:18 0025 1                  44.781813 8.938268 00 00 333831323045303137333933            
28/01/25 07:06:32 0026 1                  44.781807 8.938282 00 00 313831323045303137333933            
28/01/25 07:07:04 0027 1                  44.781815 8.938280 00 00 313831323045303137323536            
28/01/25 07:09:03 0028 1                  44.781958 8.938033 00 00 313831323045303137353231            
28/01/25 07:22:57 0029 1                  44.801548 8.891777 00 00 31383132304A303137393734            
28/01/25 07:25:05 0030 1                  44.803440 8.892738 00 00 313931323043303035343234            
28/01/25 07:35:28 0031 1                  44.812008 8.883078 00 00 31383132304A303138323138            
28/01/25 07:43:41 0032 1                  44.812843 8.903347 00 00 31383132304A303137343735            
28/01/25 07:46:45 0033 1                  44.813033 8.902362 00 00 31383132304A303135353936            
28/01/25 07:50:16 0034 1                  44.812422 8.903498 00 00 31383132304A303137393333            
28/01/25 07:57:02 0035 1                  44.809990 8.912935 00 00 31383132304A303136323638            
28/01/25 07:58:46 0036 1                  44.809508 8.913908 00 00 31383132304A303137323837            
28/01/25 08:00:34 0037 1                  44.810013 8.914490 00 00 31383132304A303136313532            
28/01/25 08:01:53 0038 1                  44.810540 8.914720 00 00 31383132304A303137373430            
28/01/25 08:02:48 0039 1                  44.810737 8.914222 00 00 313931323043303032393036            
28/01/25 08:05:06 0040 1                  44.810402 8.914263 00 00 313931323043303037393734            
28/01/25 08:07:50 0041 1                  44.812650 8.905448 00 00 31383132304A303135333232            
28/01/25 08:10:10 0042 1                  44.813043 8.904333 00 00 303ACB0342CF25E0AD726AA8            
28/01/25 08:10:10 0043 1                  44.813043 8.904333 00 00 303ACB0342FAD75C877D24F1            
28/01/25 08:10:26 0044 1                  44.813023 8.904350 00 00 30395DFA82CCEDC0003860AB            
28/01/25 08:14:53 0045 1                  44.809343 8.903557 00 00 313831323045303135353933            
28/01/25 08:16:03 0046 1                  44.809222 8.903908 00 00 31383132304A303138323132            
28/01/25 08:18:06 0047 1                  44.806993 8.903418 00 00 31383132304A303136323636            
28/01/25 08:20:43 0000 s 01885ver01 0 0 00 00
28/01/25 08:21:20 0048 1                  44.803740 8.911233 00 00 31383132304A303138303638            
28/01/25 08:22:03 0049 1                  44.803440 8.910748 00 00 31383132304A303138313030            
28/01/25 08:22:09 0050 1                  44.803440 8.910745 00 00 3039612D42F629C9502F9310            
28/01/25 08:23:26 0051 1                  44.802653 8.910093 00 00 31383132304A303137323134            
28/01/25 08:26:16 0000 s 01885ver01 0 0 00 00
28/01/25 08:28:21 0052 1                  44.800670 8.913460 00 00 31383132304A303138323237            
28/01/25 08:30:09 0053 1                  44.800128 8.913623 00 00 31383132304A303136373331            
28/01/25 08:32:12 0054 1                  44.799983 8.913283 00 00 31383132304A303135363035            
28/01/25 08:38:42 0055 1                  44.807153 8.899607 00 00 313931323043303036353934            
28/01/25 08:39:55 0056 1                  44.806838 8.898955 00 00 313931323045303330343738            
28/01/25 08:43:29 0057 1                  44.807467 8.898517 00 00 31383132304A303137353732            
28/01/25 08:43:34 0058 1                  44.807467 8.898518 00 00 31383132304A303137343238            
28/01/25 08:44:36 0059 1                  44.807583 8.898572 00 00 25705569A686679432C70D77            
28/01/25 08:46:07 0060 1                  44.807485 8.899178 00 00 31383132304A303137353738            
28/01/25 08:48:54 0061 1                  44.805705 8.899742 00 00 31383132304A303135363736            
28/01/25 08:50:01 0062 1                  44.804565 8.899725 00 00 313831323045303135373835            
28/01/25 08:51:37 0063 1                  44.806053 8.899577 00 00 31383032334D303032353332            
28/01/25 09:00:51 0064 1                  44.837682 8.871932 00 00 3234303132304A3032393534            
28/01/25 09:01:58 0065 1                  44.837945 8.871873 00 00 313831323245303136383836            
28/01/25 09:02:36 0066 1                  44.838177 8.871352 00 00 313831323045303136353432            
28/01/25 09:04:38 0067 1                  44.837980 8.871297 00 00 313831323045303136303538            
28/01/25 09:06:24 0068 1                  44.837500 8.871478 00 00 313831323045303039343436            
28/01/25 09:06:55 0069 1                  44.837223 8.872067 00 00 313931323045303330313339            
28/01/25 09:08:36 0070 1                  44.837395 8.872405 00 00 313831323045303136373836            
28/01/25 09:10:00 0071 1                  44.837597 8.872560 00 00 313831323045303136373631            
28/01/25 09:12:26 0072 1                  44.837093 8.872110 00 00 313931323045303330323234            
28/01/25 09:14:17 0073 1                  44.836075 8.872197 00 00 30340BF47410625D87C42406            
28/01/25 09:14:19 0074 1                  44.836068 8.872198 00 00 313831323045303136363435            
28/01/25 09:16:51 0075 1                  44.833353 8.872193 00 00 313831323045303136363534            
28/01/25 09:18:18 0076 1                  44.831755 8.869318 00 00 313931323045303330323033            
28/01/25 09:22:49 0077 1                  44.837602 8.868585 00 00 313831323045303130363532            
28/01/25 09:25:47 0078 1                  44.837453 8.869858 00 00 313931323045303330323130            
28/01/25 09:29:27 0079 1                  44.841863 8.863420 00 00 313831323045303136353431            
28/01/25 09:51:57 0080 1                  44.850077 8.870907 00 00 303ACB034219BDDC7D93EE22            
28/01/25 09:52:01 0081 1                  44.850075 8.870905 00 00 30395DFA82B67FC000239B0F            
28/01/25 09:52:10 0082 1                  44.850075 8.870915 00 00 000000000000000C00105109            
28/01/25 10:51:08 0000 s 01885ver01 44.760280 8.858887 00 00
28/01/25 11:08:36 0083 1                  44.767528 8.788675 00 00 313832324B37505935303135            
28/01/25 14:09:42 0000 s 01885ver01 44.792825 8.739505 00 00
28/01/25 14:58:45 0000 s 01885ver01 44.888062 8.854773 00 00
28/01/25 15:02:55 0000 s 01885ver01 44.888048 8.855033 00 00
28/01/25 15:29:37 0000 s 01885ver01 44.888030 8.854965 00 00
28/01/25 15:36:02 0000 s 01885ver01 44.907448 8.866373 00 00
28/01/25 15:40:54 0000 s 01885ver01 44.905857 8.866195 00 00
28/01/25 15:49:23 0000 s 01885ver01 44.905820 8.867285 00 00
28/01/25 16:22:48 0000 s 01885ver01 44.906232 8.867362 00 00
28/01/25 16:25:04 0000 s 01885ver01 44.906073 8.867462 00 00
