01/03/25 05:38:45 0000 s 01888ver01 44.882397 8.859993 00 00
01/03/25 05:44:26 0000 s 01888ver01 44.882435 8.860040 00 00
01/03/25 06:00:38 0001 1                  44.867903 8.872815 00 00 313931323050303039383539            
01/03/25 06:03:08 0002 1                  44.867718 8.871873 00 00 313931323050303039383632            
01/03/25 06:10:10 0003 1                  44.861235 8.885447 00 00 313931323050303130383238            
01/03/25 06:12:08 0004 1                  44.860957 8.885243 00 00 313931323050303130383239            
01/03/25 06:18:18 0005 1                  44.861467 8.885098 00 00 313931323050303033323130            
01/03/25 06:18:29 0006 1                  44.861455 8.885095 00 00 313931323050303039363232            
01/03/25 06:19:17 0007 1                  44.861502 8.885028 00 00 313931323050303039383435            
01/03/25 06:19:43 0008 1                  44.861487 8.885090 00 00 313931323050303037393433            
01/03/25 06:23:03 0009 1                  44.862400 8.879882 00 00 313931323050303039383534            
01/03/25 06:25:32 0010 1                  44.862423 8.880070 00 00 313931323050303036383633            
01/03/25 06:25:32 0011 1                  44.862423 8.880070 00 00 313931323050303036383634            
01/03/25 06:28:44 0012 1                  44.862160 8.879203 00 00 3234303132304A3030383732            
01/03/25 06:28:55 0013 1                  44.862147 8.879170 00 00 313931323050303037393036            
01/03/25 06:30:52 0014 1                  44.862148 8.879170 00 00 313931323050303036363833            
01/03/25 06:34:04 0015 1                  44.861602 8.878785 00 00 313931323050303039313335            
01/03/25 06:41:07 0016 1                  44.875352 8.880213 00 00 313931323050303132353333            
01/03/25 06:43:03 0017 1                  44.874935 8.881607 00 00 31383132304A303237333230            
01/03/25 06:44:43 0000 s 01888ver01 0 0 00 00
01/03/25 06:46:19 0018 1                  44.875450 8.883260 00 00 313931323050303130303332            
01/03/25 06:50:16 0000 s 01888ver01 0 0 00 00
01/03/25 06:50:49 0019 1                  44.877770 8.887543 00 00 313931323050303039393537            
01/03/25 06:53:52 0020 1                  44.877697 8.888287 00 00 313931323050303039343238            
01/03/25 06:54:51 0021 1                  44.877707 8.888517 00 00 3231303033304D3032393331            
01/03/25 06:57:00 0022 1                  44.878092 8.888667 00 00 313931323050303039343437            
01/03/25 06:59:53 0023 1                  44.877895 8.889087 00 00 313931323050303039333234            
01/03/25 07:01:18 0024 1                  44.877592 8.889248 00 00 313931323050303039333233            
01/03/25 07:03:56 0025 1                  44.877500 8.889165 00 00 313931323050303132353430            
01/03/25 07:04:06 0026 1                  44.877495 8.889170 00 00 313931323050303132333732            
01/03/25 07:07:36 0027 1                  44.877122 8.889087 00 00 313931323050303039323034            
01/03/25 07:08:03 0028 1                  44.877088 8.889080 00 00 313931323050303039303933            
01/03/25 07:08:12 0029 1                  44.877082 8.889082 00 00 313931323050303039343438            
01/03/25 07:09:20 0030 1                  44.877090 8.889075 00 00 313931323050303030333234            
01/03/25 07:19:23 0031 1                  44.876410 8.888602 00 00 313931323050303033393833            
01/03/25 07:19:24 0032 1                  44.876410 8.888602 00 00 31393132305030B033393833            
01/03/25 07:22:30 0033 1                  44.876755 8.888132 00 00 313931323050303039333136            
01/03/25 07:22:32 0034 1                  44.876753 8.888130 00 00 313931323050303132333932            
01/03/25 07:24:02 0035 1                  44.877030 8.888353 00 00 313931323050303039323330            
01/03/25 07:24:17 0036 1                  44.877030 8.888360 00 00 313931323050303039353331            
01/03/25 07:24:25 0037 1                  44.877042 8.888368 00 00 3035E8BF6050760000002589            
01/03/25 07:27:05 0038 1                  44.877397 8.889428 00 00 313931323050303132363639            
01/03/25 07:28:11 0039 1                  44.877355 8.889520 00 00 313931323050303033383736            
01/03/25 07:28:11 0040 1                  44.877355 8.889520 00 00 313931323050307033383736            
01/03/25 07:37:06 0041 1                  44.869105 8.898130 00 00 313931323050303039393436            
01/03/25 07:47:23 0042 1                  44.870483 8.886910 00 00 313931323050303039303333            
01/03/25 07:59:01 0043 1                  44.873068 8.866053 00 00 313931323050303035353136            
01/03/25 07:59:09 0044 1                  44.873065 8.866052 00 00 313931323052303035353136            
01/03/25 08:01:23 0045 1                  44.873385 8.866315 00 00 313931323050303039343538            
01/03/25 08:26:01 0000 s 01888ver01 44.907605 8.865865 00 00
01/03/25 08:39:53 0046 1                  44.860957 8.885225 00 00 313931323043303035373035            
01/03/25 08:40:10 0047 1                  44.860927 8.885232 00 00 313931323043303132323735            
01/03/25 08:43:10 0048 1                  44.860770 8.884942 00 00 313931323043303037383432            
01/03/25 08:43:10 0049 1                  44.860770 8.884942 00 00 313931323043303037383432            
01/03/25 08:46:40 0050 1                  44.861442 8.885057 00 00 313931323043303131353231            
01/03/25 08:46:55 0051 1                  44.861450 8.885110 00 00 313931323043303036313336            
01/03/25 08:49:14 0052 1                  44.861557 8.884990 00 00 313931323043303035383032            
01/03/25 08:49:42 0053 1                  44.861542 8.885123 00 00 313931323043303130303733            
01/03/25 08:54:57 0054 1                  44.862315 8.879753 00 00 313931323043303038313330            
01/03/25 08:59:34 0055 1                  44.862238 8.880267 00 00 313931323043303036373234            
01/03/25 09:01:24 0056 1                  44.862250 8.879392 00 00 313931323043303039373638            
01/03/25 09:01:32 0057 1                  44.862232 8.879322 00 00 3234303132304A3030373536            
01/03/25 09:02:38 0058 1                  44.862178 8.879222 00 00 313931323043303039333231            
01/03/25 09:04:57 0059 1                  44.861867 8.879038 00 00 3234303132304A3032383636            
01/03/25 09:08:12 0060 1                  44.861620 8.878845 00 00 313931323043303036343438            
01/03/25 09:08:30 0061 1                  44.861615 8.878825 00 00 313931323043303039373436            
01/03/25 09:14:05 0062 1                  44.867923 8.872813 00 00 313931323043303130343536            
01/03/25 09:16:49 0063 1                  44.867800 8.871922 00 00 313931323043303130343637            
01/03/25 09:20:35 0064 1                  44.869565 8.873750 00 00 313931323043303038393433            
01/03/25 09:26:55 0065 1                  44.871017 8.877495 00 00 313931323043303036303239            
01/03/25 09:33:21 0066 1                  44.878062 8.888963 00 00 313931323043303036343532            
01/03/25 09:34:16 0067 1                  44.877925 8.889055 00 00 313931323043303036373336            
01/03/25 09:36:09 0068 1                  44.877570 8.888943 00 00 313931323043303030373533            
01/03/25 09:36:22 0069 1                  44.877630 8.889025 00 00 313931323043303036373338            
01/03/25 09:41:37 0070 1                  44.877098 8.888978 00 00 313931323043303036363832            
01/03/25 09:41:42 0071 1                  44.877103 8.888980 00 00 313931323043303038333736            
01/03/25 09:42:45 0072 1                  44.877098 8.888998 00 00 313931323043303030373731            
01/03/25 09:43:40 0073 1                  44.877093 8.889012 00 00 313931323043303030373732            
01/03/25 09:43:58 0074 1                  44.877095 8.889025 00 00 313931323043303030373530            
01/03/25 09:44:09 0075 1                  44.877093 8.889030 00 00 313931323043303130393136            
01/03/25 09:48:01 0076 1                  44.876177 8.888532 00 00 313931323043303038333038            
01/03/25 09:52:00 0077 1                  44.876458 8.888610 00 00 313931323043303130373933            
01/03/25 09:53:48 0078 1                  44.876470 8.888357 00 00 313931323043303038343232            
01/03/25 09:56:18 0079 1                  44.876773 8.888027 00 00 313931323043303038343233            
01/03/25 09:58:34 0080 1                  44.877107 8.888393 00 00 313931323043303130373139            
01/03/25 09:58:45 0081 1                  44.877092 8.888373 00 00 313931323043303038343139            
01/03/25 10:00:26 0082 1                  44.877083 8.888460 00 00 313931323043303036303439            
01/03/25 10:03:08 0083 1                  44.877335 8.889418 00 00 313931323043303131333031            
01/03/25 10:03:19 0084 1                  44.877340 8.889428 00 00 313931323043303130373133            
01/03/25 10:05:17 0085 1                  44.877335 8.889492 00 00 313931323043303036353234            
01/03/25 10:05:32 0086 1                  44.877348 8.889512 00 00 313931323043303130383539            
01/03/25 10:06:36 0087 1                  44.877365 8.889515 00 00 300ED89F3350005FE2CDBDFE            
01/03/25 10:10:22 0088 1                  44.877648 8.888613 00 00 3234303033304D3030323031            
01/03/25 10:14:25 0089 1                  44.878173 8.885555 00 00 313931323043303130393233            
01/03/25 10:17:17 0090 1                  44.875137 8.881840 00 00 313931323043303037313433            
01/03/25 10:18:08 0091 1                  44.875082 8.881770 00 00 313931323043303037313331            
01/03/25 10:22:15 0092 1                  44.873708 8.867785 00 00 313931323043303032313137            
01/03/25 10:38:11 0093 1                  44.913158 8.871275 00 00 303ACB0342608C1C8F9E737B            
01/03/25 10:38:27 0094 1                  44.913175 8.871257 00 00 3035EBEA0802F1C800052314            
