25/01/25 05:40:47 0000 s 01495ver01 44.882440 8.860335 00 00
25/01/25 05:44:27 0001 1                  0 0 00 00 3232303234304A3030393337            
25/01/25 06:04:40 0002 1                  44.959185 8.928798 00 00 31383032334D303133353439            
25/01/25 06:04:49 0003 1                  44.959205 8.928762 00 00 31383032334D303137353839            
25/01/25 06:05:35 0004 1                  44.959327 8.928905 00 00 31383032334D303137333139            
25/01/25 06:06:47 0005 1                  44.959563 8.928977 00 00 31383032334D303133353637            
25/01/25 06:07:20 0006 1                  44.959690 8.929165 00 00 31383032334D303033353535            
25/01/25 06:07:51 0007 1                  44.959788 8.929297 00 00 31383032334D303137333230            
25/01/25 06:08:31 0008 1                  44.960097 8.929742 00 00 31383032334D303138393931            
25/01/25 06:08:44 0009 1                  44.960108 8.929758 00 00 31383032334D303138393933            
25/01/25 06:09:16 0010 1                  44.960253 8.929855 00 00 31383032334D303133323037            
25/01/25 06:09:52 0011 1                  44.960518 8.930112 00 00 31383032334D303138393636            
25/01/25 06:10:37 0012 1                  44.960785 8.930393 00 00 31383032334D303137333138            
25/01/25 06:10:47 0013 1                  44.960773 8.930400 00 00 31383032334D303138363030            
25/01/25 06:11:32 0014 1                  44.961155 8.930867 00 00 31383032334D303131363935            
25/01/25 06:11:33 0015 1                  44.961153 8.930868 00 00 31383032334D303032343635            
25/01/25 06:11:39 0016 1                  44.961162 8.930873 00 00 31383032334D303037353630            
25/01/25 06:11:44 0017 1                  44.961163 8.930875 00 00 31383032334D303131363634            
25/01/25 06:11:57 0018 1                  44.961188 8.930863 00 00 31383032334D303931373034            
25/01/25 06:13:10 0019 1                  44.961520 8.931208 00 00 31383032334D303133323834            
25/01/25 06:13:18 0020 1                  44.961518 8.931222 00 00 3232303032334D3030363738            
25/01/25 06:13:50 0021 1                  44.961615 8.931348 00 00 31383032334D303133353437            
25/01/25 06:14:30 0022 1                  44.961712 8.931475 00 00 31383032334D303133333238            
25/01/25 06:14:44 0023 1                  44.961718 8.931477 00 00 31383032334D303133353730            
25/01/25 06:14:44 0024 1                  44.961718 8.931477 00 00 31383032334D303133353730            
25/01/25 06:15:23 0025 1                  44.961820 8.931615 00 00 31383032334D303038343034            
25/01/25 06:15:37 0026 1                  44.961862 8.931613 00 00 31383032334D303036373735            
25/01/25 06:15:38 0027 1                  44.961862 8.931613 00 00 31383032334D303038343032            
25/01/25 06:16:02 0028 1                  44.961847 8.931595 00 00 31383032334D303030333530            
25/01/25 06:16:48 0029 1                  44.962058 8.931855 00 00 3232303032334D3030363639            
25/01/25 06:17:01 0030 1                  44.962042 8.931862 00 00 3232303032334D3030393039            
25/01/25 06:17:19 0031 1                  44.962058 8.931857 00 00 31383032334D303138383031            
25/01/25 06:19:11 0032 1                  44.962930 8.932727 00 00 31383032334D303138353730            
25/01/25 06:19:54 0033 1                  44.963260 8.933093 00 00 31383032334D303137353935            
25/01/25 06:20:06 0034 1                  44.963262 8.933118 00 00 31383032334D303038363730            
25/01/25 06:20:19 0035 1                  44.963268 8.933123 00 00 3231303032334D3035353534            
25/01/25 06:20:21 0036 1                  44.963268 8.933128 00 00 3232303032334D3031333238            
25/01/25 06:20:34 0037 1                  44.963262 8.933157 00 00 3234303032334D3030363333            
25/01/25 06:20:34 0038 1                  44.963262 8.933157 00 00 3234303032334D3030323132            
25/01/25 06:21:27 0039 1                  44.963470 8.933350 00 00 31383032334D303138383633            
25/01/25 06:21:32 0040 1                  44.963473 8.933342 00 00 31383032334D303138383631            
25/01/25 06:22:35 0041 1                  44.963810 8.933653 00 00 31383032334D303138393138            
25/01/25 06:23:36 0042 1                  44.963273 8.933675 00 00 31383032334D303133343438            
25/01/25 06:23:37 0043 1                  44.963273 8.933675 00 00 31383032334D303133343433            
25/01/25 06:24:18 0044 1                  44.963033 8.933420 00 00 31383032334D303137353938            
25/01/25 06:25:46 0045 1                  44.962798 8.933257 00 00 31383032334D303133333338            
25/01/25 06:26:32 0046 1                  44.962427 8.932848 00 00 31383032334D303133333337            
25/01/25 06:26:42 0047 1                  44.962417 8.932855 00 00 31383032334D303138353832            
25/01/25 06:27:20 0048 1                  44.962225 8.932790 00 00 31383032334D303133343436            
25/01/25 06:27:30 0049 1                  44.962222 8.932777 00 00 31383032334D303134323237            
25/01/25 06:27:56 0050 1                  44.962248 8.932753 00 00 31383032334D303137333732            
25/01/25 06:28:45 0051 1                  44.962045 8.932577 00 00 31383032334D303131383831            
25/01/25 06:30:06 0052 1                  44.961403 8.931827 00 00 31383032334D303137333033            
25/01/25 06:30:22 0053 1                  44.961378 8.931900 00 00 31383032334D303137323837            
25/01/25 06:31:15 0054 1                  44.960538 8.930902 00 00 31383032334D303137323930            
25/01/25 06:31:46 0055 1                  44.960315 8.930782 00 00 31383032334D303137333936            
25/01/25 06:32:18 0056 1                  44.960288 8.930468 00 00 31383032334D303137343338            
25/01/25 06:32:29 0057 1                  44.960258 8.930493 00 00 31383032334D303137333031            
25/01/25 06:33:16 0058 1                  44.959953 8.930205 00 00 3234303032334D3031313535            
25/01/25 06:33:28 0059 1                  44.959947 8.930250 00 00 31383032334D303034343732            
25/01/25 06:33:48 0060 1                  44.959890 8.930128 00 00 31383032334D303137323731            
25/01/25 06:34:00 0061 1                  44.959838 8.930117 00 00 31383032334D303137333933            
25/01/25 06:34:54 0062 1                  44.959758 8.929940 00 00 31383032334D303034373836            
25/01/25 06:36:03 0063 1                  44.959428 8.929647 00 00 31383032334D303137353932            
25/01/25 06:36:44 0064 1                  44.959318 8.929518 00 00 3231303032334D3035363935            
25/01/25 06:37:29 0065 1                  44.959118 8.929422 00 00 31383032334D303137323739            
25/01/25 06:37:37 0066 1                  44.959122 8.929452 00 00 31383032334D303131393235            
25/01/25 06:37:44 0067 1                  44.959112 8.929382 00 00 31383032334D303137323737            
25/01/25 06:38:23 0068 1                  44.959050 8.929265 00 00 31383032334D303137353937            
25/01/25 06:39:23 0069 1                  44.958602 8.930045 00 00 323030323545303036393631            
25/01/25 06:40:12 0070 1                  44.959627 8.931110 00 00 534D5004E700010137303034            
25/01/25 06:40:23 0071 1                  44.959778 8.931295 00 00 31383032334D303133323136            
25/01/25 06:40:34 0072 1                  44.959780 8.931282 00 00 31383032334D303133313039            
25/01/25 06:40:55 0073 1                  44.959818 8.931330 00 00 534D5004E700010137303036            
25/01/25 06:41:24 0074 1                  0 0 00 00 31383032334D303034343032            
25/01/25 06:41:29 0075 1                  0 0 00 00 3231303032334D3031363630            
25/01/25 06:41:35 0076 1                  0 0 00 00 31383032334D303137343739            
25/01/25 06:41:42 0077 1                  0 0 00 00 3233303032334D3030333230            
25/01/25 06:42:26 0078 1                  44.961105 8.932458 00 00 3234303032334D3032303839            
25/01/25 06:42:35 0079 1                  44.961118 8.932468 00 00 31383032334D303138353731            
25/01/25 06:43:11 0080 1                  44.961068 8.932637 00 00 31383032334D303133353130            
25/01/25 06:45:00 0000 s 01495ver01 0 0 00 00
25/01/25 06:45:31 0081 1                  44.961702 8.933238 00 00 31383032334D303133333531            
25/01/25 06:45:31 0082 1                  44.961702 8.933238 00 00 3232303234304A3030393337            
25/01/25 06:45:31 0083 1                  44.961702 8.933238 00 00 31383032334D303136343334            
25/01/25 06:45:32 0084 1                  44.961690 8.933252 00 00 3232303234304A3030393337            
25/01/25 06:45:45 0085 1                  44.961668 8.933287 00 00 31383032334D303137343638            
25/01/25 06:46:25 0086 1                  44.961908 8.933508 00 00 31383032334D303137333833            
25/01/25 06:47:14 0087 1                  44.962472 8.934195 00 00 31383032334D303137343235            
25/01/25 06:47:44 0088 1                  44.962592 8.934372 00 00 31383032334D303133343933            
25/01/25 06:48:01 0089 1                  44.962588 8.934385 00 00 31383032334D303137353731            
25/01/25 06:48:38 0090 1                  44.962768 8.934592 00 00 31383032334D303136333338            
25/01/25 06:49:49 0091 1                  44.961403 8.934893 00 00 3232303032334D3030323137            
25/01/25 06:50:23 0092 1                  44.961323 8.934805 00 00 31383032334D303138393039            
25/01/25 06:50:25 0093 1                  44.961322 8.934805 00 00 31383032334D303138393131            
25/01/25 06:51:13 0094 1                  44.961127 8.934635 00 00 31383032334D303034373735            
25/01/25 07:07:05 0095 1                  44.960652 8.934242 00 00 31383032334D303137343633            
25/01/25 07:07:17 0096 1                  44.960642 8.934252 00 00 31383032334D303133333430            
25/01/25 07:07:42 0097 1                  44.960523 8.934103 00 00 31383032334D303133323835            
25/01/25 07:07:55 0098 1                  44.960483 8.934020 00 00 31383032334D303133353830            
25/01/25 07:09:13 0099 1                  44.960248 8.933695 00 00 31383132304A303039303131            
25/01/25 07:09:40 0100 1                  44.960237 8.933688 00 00 31383032334D303133323538            
25/01/25 07:10:59 0101 1                  44.960142 8.933630 00 00 31383032334D303133353330            
25/01/25 07:11:24 0102 1                  44.959940 8.933340 00 00 31383032334D303136323235            
25/01/25 07:12:26 0103 1                  44.959755 8.933148 00 00 31383032334D303133353239            
25/01/25 07:13:05 0104 1                  44.959620 8.932987 00 00 3231303032334D3031333032            
25/01/25 07:13:10 0105 1                  44.959628 8.932972 00 00 3231303032334D3031373237            
25/01/25 07:13:20 0106 1                  44.959627 8.932962 00 00 31383032334D303133333933            
25/01/25 07:13:30 0107 1                  44.959620 8.932958 00 00 31383032334D303133323533            
25/01/25 07:13:38 0108 1                  44.959615 8.932955 00 00 31383032334D303033323232            
25/01/25 07:13:45 0109 1                  44.959613 8.932950 00 00 31383032334D303136303238            
25/01/25 07:13:54 0110 1                  44.959612 8.932942 00 00 31383032334D303138363734            
25/01/25 07:14:31 0111 1                  44.959523 8.932877 00 00 31383032334D303133343233            
25/01/25 07:14:43 0112 1                  44.959522 8.932877 00 00 31383032334D303133333032            
25/01/25 07:15:05 0113 1                  44.959437 8.932782 00 00 31383032334D303133323531            
25/01/25 07:16:24 0114 1                  44.958763 8.932133 00 00 31383032334D303133323532            
25/01/25 07:16:58 0115 1                  44.958590 8.931972 00 00 31383032334D303133333034            
25/01/25 07:17:32 0116 1                  44.958382 8.931693 00 00 3232303032334D3030333337            
25/01/25 07:18:35 0117 1                  44.957583 8.932067 00 00 31383032334D303136303338            
25/01/25 07:19:05 0118 1                  44.957723 8.932238 00 00 31383032334D303136323038            
25/01/25 07:19:43 0119 1                  44.957913 8.932432 00 00 31383032334D303136313833            
25/01/25 07:20:00 0120 1                  44.957918 8.932442 00 00 31383032334D303136323130            
25/01/25 07:21:00 0121 1                  44.957900 8.933020 00 00 31383032334D303136333635            
25/01/25 07:21:37 0122 1                  44.957773 8.933137 00 00 31383032334D303133353534            
25/01/25 07:22:23 0123 1                  44.957187 8.932515 00 00 31383032334D303133353137            
25/01/25 07:22:34 0124 1                  44.957187 8.932502 00 00 31383032334D303133333035            
25/01/25 07:23:03 0125 1                  44.957222 8.932473 00 00 31383032334D303135353638            
25/01/25 07:23:57 0126 1                  44.956887 8.932170 00 00 3234303032334D3030323537            
25/01/25 07:24:43 0127 1                  44.956530 8.931787 00 00 3232303032334D3031303539            
25/01/25 07:25:02 0128 1                  44.956545 8.931745 00 00 31383032334D303133333033            
25/01/25 07:26:10 0129 1                  44.956728 8.931208 00 00 31383032334D303133353133            
25/01/25 07:26:35 0130 1                  44.956718 8.931218 00 00 31383032334D303133353134            
25/01/25 07:26:35 0131 1                  44.956718 8.931218 00 00 31383032334D303133353134            
25/01/25 07:28:01 0132 1                  44.957102 8.931585 00 00 323030323545303031323038            
25/01/25 07:28:55 0133 1                  44.958282 8.932763 00 00 31383032334D303133323637            
25/01/25 07:29:08 0134 1                  44.958308 8.932893 00 00 31383032334D303136323137            
25/01/25 07:30:29 0135 1                  44.958492 8.933058 00 00 31383032334D303136303233            
25/01/25 07:30:47 0136 1                  44.958505 8.933062 00 00 3231303032334D3031373839            
25/01/25 07:31:36 0137 1                  44.958692 8.933217 00 00 3234303032334D3030373131            
25/01/25 07:31:51 0138 1                  44.958687 8.933217 00 00 31383032334D303133343539            
25/01/25 07:32:33 0139 1                  44.958790 8.933353 00 00 31383032334D303136323138            
25/01/25 07:32:53 0140 1                  44.958803 8.933343 00 00 31383032334D303136323832            
25/01/25 07:33:10 0141 1                  44.958813 8.933333 00 00 31383032334D303038363536            
25/01/25 07:34:11 0142 1                  44.958852 8.933385 00 00 31383132304A303039313734            
25/01/25 07:34:33 0143 1                  44.958943 8.933537 00 00 3234303032334D3030343736            
25/01/25 07:34:44 0144 1                  44.958953 8.933542 00 00 323030323545303037383731            
25/01/25 07:35:07 0145 1                  44.958977 8.933553 00 00 31383032334D303136323237            
25/01/25 07:36:26 0146 1                  44.959195 8.933768 00 00 3231303032334D3035383238            
25/01/25 07:37:02 0147 1                  44.959265 8.933655 00 00 31383032334D303136303533            
25/01/25 07:37:56 0148 1                  44.959708 8.934365 00 00 31383032334D303136333639            
25/01/25 07:38:37 0149 1                  44.959990 8.934627 00 00 3234303032334D3031393739            
25/01/25 07:38:49 0150 1                  44.960002 8.934622 00 00 3231303032334D3030373431            
25/01/25 07:39:31 0151 1                  44.960158 8.934807 00 00 31383032334D303133353334            
25/01/25 07:39:49 0152 1                  44.960157 8.934812 00 00 31383032334D303131343138            
25/01/25 07:40:24 0153 1                  44.960305 8.934953 00 00 31383032334D303133343230            
25/01/25 07:40:31 0154 1                  44.960312 8.934953 00 00 31383032334D303130333136            
25/01/25 07:40:35 0155 1                  44.960315 8.934957 00 00 3232303032334D3030393434            
25/01/25 07:41:25 0156 1                  44.960402 8.935057 00 00 31383032334D303133353430            
25/01/25 07:41:36 0157 1                  44.960403 8.935060 00 00 31383432334D303133323638            
25/01/25 07:43:56 0158 1                  44.960527 8.935300 00 00 3231303032334D3034383437            
25/01/25 07:44:08 0159 1                  44.960523 8.935303 00 00 31383032334D303137343637            
25/01/25 07:44:49 0160 1                  44.960730 8.935472 00 00 31383032334D303136303937            
25/01/25 07:44:55 0161 1                  44.960728 8.935482 00 00 3234303032334D3031383239            
25/01/25 07:45:04 0162 1                  44.960730 8.935487 00 00 31383032334D303038363035            
25/01/25 07:45:22 0163 1                  44.960730 8.935492 00 00 31383032334D303136353838            
25/01/25 07:45:57 0164 1                  44.960883 8.935645 00 00 31383032334D303133323233            
25/01/25 07:46:09 0165 1                  44.960908 8.935670 00 00 31383032334D303133323936            
25/01/25 07:46:19 0166 1                  44.960908 8.935663 00 00 31383032334D303133323937            
25/01/25 07:47:19 0167 1                  44.961395 8.936115 00 00 31383032334D303131363937            
25/01/25 07:47:55 0168 1                  44.961498 8.936268 00 00 3232303032334D3031363339            
25/01/25 07:48:21 0169 1                  44.961572 8.936350 00 00 31383032334D303137323232            
25/01/25 07:48:31 0170 1                  44.961582 8.936340 00 00 31383032334D303133323734            
25/01/25 07:49:02 0171 1                  44.961657 8.936438 00 00 31383032334D303137323234            
25/01/25 07:49:38 0172 1                  44.962000 8.936797 00 00 31383032334D303137343237            
25/01/25 07:54:51 0173 1                  44.963095 8.935728 00 00 31383032334D303137353739            
25/01/25 08:14:27 0174 1                  44.963462 8.936080 00 00 31383032334D303137323437            
25/01/25 08:15:00 0175 1                  44.963677 8.936292 00 00 31383032334D303137323536            
25/01/25 08:15:08 0176 1                  44.963680 8.936293 00 00 31383032334D303137323438            
25/01/25 08:16:54 0177 1                  44.962877 8.937643 00 00 31383032334D303138393330            
25/01/25 08:17:12 0178 1                  44.962732 8.937548 00 00 31383032334D303138343130            
25/01/25 08:17:27 0179 1                  44.962727 8.937520 00 00 3232303032334D3030353731            
25/01/25 08:18:40 0180 1                  44.962600 8.937367 00 00 31383032334D303138343039            
25/01/25 08:18:50 0181 1                  44.962598 8.937372 00 00 31383032334D303138353732            
25/01/25 08:19:25 0182 1                  44.962430 8.937230 00 00 31383032334D303136323037            
25/01/25 08:19:37 0183 1                  44.962427 8.937230 00 00 31383032334D303130363937            
25/01/25 08:19:45 0184 1                  44.962425 8.937232 00 00 3233303032334D3030383633            
25/01/25 08:19:57 0185 1                  44.962427 8.937230 00 00 31383032334D303138353938            
25/01/25 08:20:30 0186 1                  44.962295 8.937142 00 00 31383032334D303137353236            
25/01/25 08:21:58 0187 1                  44.963325 8.936758 00 00 31383032334D303138383338            
25/01/25 08:22:26 0188 1                  44.963243 8.937023 00 00 31383032334D303030393032            
25/01/25 08:22:35 0189 1                  44.963243 8.937028 00 00 3232303032334D3030343636            
25/01/25 08:23:03 0190 1                  44.963190 8.937343 00 00 31383032334D303139303836            
25/01/25 08:23:29 0191 1                  44.963132 8.937488 00 00 31383032334D303138393739            
25/01/25 08:24:03 0192 1                  44.963088 8.937617 00 00 31383032334D303138393834            
25/01/25 08:24:37 0193 1                  44.962932 8.938107 00 00 3232303032334D3031303930            
25/01/25 08:25:46 0194 1                  44.963243 8.938902 00 00 3233303234304A3030393938            
25/01/25 08:31:05 0195 1                  44.964753 8.925848 00 00 31383032334D303136323334            
25/01/25 08:34:56 0196 1                  44.960148 8.927253 00 00 31383032334D303133353234            
25/01/25 08:37:11 0197 1                  44.959742 8.926425 00 00 31383132304A303039303039            
25/01/25 08:40:05 0198 1                  44.965563 8.932985 00 00 31383032334D303132343037            
25/01/25 08:41:54 0199 1                  44.965022 8.937623 00 00 31383032334D303137323236            
25/01/25 08:45:39 0200 1                  44.965337 8.941102 00 00 31383032334D303136323335            
25/01/25 08:46:17 0201 1                  44.965280 8.941682 00 00 31383032334D303136303639            
25/01/25 08:46:55 0202 1                  44.965223 8.942990 00 00 31383032334D303136303636            
25/01/25 08:50:14 0203 1                  44.973335 8.957877 00 00 31383234304A303030323237            
25/01/25 09:01:51 0204 1                  44.959333 8.936692 00 00 31383032334D303030383330            
25/01/25 09:19:43 0205 1                  44.959758 8.937445 00 00 31383032334D303136343434            
25/01/25 09:20:23 0206 1                  44.959620 8.937742 00 00 31383032334D303138363731            
25/01/25 09:21:14 0207 1                  44.959447 8.938017 00 00 3234303032334D3030343836            
25/01/25 09:21:51 0208 1                  44.959295 8.938382 00 00 31383032334D303138343233            
25/01/25 09:22:22 0209 1                  44.959355 8.938573 00 00 31383032334D303138383734            
25/01/25 09:22:22 0210 1                  44.959355 8.938573 00 00 31383032334D303138383536            
25/01/25 09:22:22 0211 1                  44.959355 8.938573 00 00 3138303233CD303138383734            
25/01/25 09:23:54 0212 1                  44.959640 8.938400 00 00 3232303032334D3031313935            
25/01/25 09:25:37 0213 1                  44.959755 8.938488 00 00 31383032334D303135313630            
25/01/25 09:25:56 0214 1                  44.959752 8.938483 00 00 31383032334D303138343538            
25/01/25 09:27:00 0215 1                  44.959988 8.938625 00 00 31383032334D303138363737            
25/01/25 09:27:53 0216 1                  44.960052 8.939127 00 00 31383032334D303138343238            
25/01/25 09:27:57 0217 1                  44.960050 8.939123 00 00 31383032334D303138343330            
25/01/25 09:28:12 0218 1                  44.960047 8.939122 00 00 31383032334D303138363231            
25/01/25 09:28:51 0219 1                  44.959892 8.939503 00 00 31383032334D303138343332            
25/01/25 09:29:56 0220 1                  44.960205 8.939465 00 00 31383032334D303138343331            
25/01/25 09:30:31 0221 1                  44.960330 8.939180 00 00 31383032334D303034343130            
25/01/25 09:30:43 0222 1                  44.960332 8.939185 00 00 31383032334D303138343730            
25/01/25 09:31:15 0223 1                  44.960382 8.939038 00 00 31383032334D303138363438            
25/01/25 09:31:24 0224 1                  44.960382 8.939032 00 00 31383032334D303138363236            
25/01/25 09:31:49 0225 1                  44.960397 8.939007 00 00 31383032334D303137353237            
25/01/25 09:31:49 0226 1                  44.960397 8.939007 00 00 31383032334D303138363637            
25/01/25 09:32:41 0227 1                  44.960570 8.938445 00 00 31383032334D303138343733            
25/01/25 09:32:54 0228 1                  44.960582 8.938440 00 00 31383032334D303137373534            
25/01/25 09:33:42 0229 1                  44.960630 8.937948 00 00 31383032334D303138343232            
25/01/25 09:34:37 0230 1                  44.960385 8.937693 00 00 31383032334D303033323237            
25/01/25 09:35:02 0231 1                  44.960292 8.937592 00 00 31383032334D303034353434            
25/01/25 09:35:28 0232 1                  44.960103 8.937390 00 00 31383032334D303031313339            
25/01/25 09:35:36 0233 1                  44.960103 8.937390 00 00 31383032334D303137373530            
25/01/25 09:35:52 0234 1                  44.960107 8.937395 00 00 31383032334D303138353931            
25/01/25 09:37:50 0235 1                  44.959672 8.936622 00 00 3231303032334D3031393132            
25/01/25 09:38:29 0236 1                  44.960268 8.936745 00 00 313854345647564735303135            
25/01/25 09:38:29 0237 1                  44.960268 8.936745 00 00 E28011A0A501006197ACE02B            
25/01/25 09:39:25 0238 1                  44.961277 8.938395 00 00 3231303032334D3031373533            
25/01/25 09:39:43 0239 1                  44.961313 8.938415 00 00 31383032334D303031343432            
25/01/25 09:40:24 0240 1                  44.961178 8.938810 00 00 31383032334D303138343231            
25/01/25 09:40:30 0241 1                  44.961173 8.938832 00 00 31383032334D303138363433            
25/01/25 09:41:28 0242 1                  44.961063 8.939177 00 00 31383032334D303138383733            
25/01/25 09:41:32 0243 1                  44.961068 8.939173 00 00 31383032334D303138383636            
25/01/25 09:41:42 0244 1                  44.961075 8.939170 00 00 31383032334D303138383634            
25/01/25 09:42:14 0245 1                  44.960980 8.939425 00 00 31383032334D303138363234            
25/01/25 09:42:28 0246 1                  44.960947 8.939460 00 00 31383032334D303138363331            
25/01/25 09:42:37 0247 1                  44.960937 8.939472 00 00 31383032334D303032333337            
25/01/25 09:42:37 0248 1                  44.960937 8.939472 00 00 31383032334D303032333337            
25/01/25 09:42:40 0249 1                  44.960935 8.939473 00 00 31383032334D303136313839            
25/01/25 09:42:45 0250 1                  44.960930 8.939478 00 00 31383032334D303138343536            
25/01/25 09:43:21 0251 1                  44.960900 8.939675 00 00 31383032334D303038343136            
25/01/25 09:43:21 0252 1                  44.960900 8.939675 00 00 35383032334D303038343136            
25/01/25 09:43:27 0253 1                  44.960895 8.939672 00 00 31383032334D303038343134            
25/01/25 09:43:31 0254 1                  44.960893 8.939668 00 00 31383032334D303038343133            
25/01/25 09:44:48 0255 1                  44.960813 8.939942 00 00 31383032334D303136353232            
25/01/25 09:44:59 0256 1                  44.960817 8.939952 00 00 3234303032334D3031393736            
25/01/25 09:45:04 0257 1                  44.960820 8.939953 00 00 31383032334D303034373138            
25/01/25 09:45:10 0258 1                  44.960822 8.939955 00 00 31383032334D303136323036            
25/01/25 09:46:26 0259 1                  44.960540 8.940198 00 00 31383032334D303138343635            
25/01/25 09:47:00 0260 1                  44.960723 8.940318 00 00 31383032334D303138343032            
25/01/25 09:47:14 0261 1                  44.960732 8.940315 00 00 3234303032334D3030353530            
25/01/25 09:48:06 0262 1                  44.961423 8.938895 00 00 31383032334D303138363233            
25/01/25 09:48:43 0263 1                  44.961657 8.939067 00 00 3234303032334D3030343334            
25/01/25 09:48:53 0264 1                  44.961647 8.939068 00 00 31383032334D303138393336            
25/01/25 09:49:01 0265 1                  44.961638 8.939070 00 00 3234303032334D3031313933            
25/01/25 09:49:11 0266 1                  44.961632 8.939068 00 00 31383032334DB03138393433            
25/01/25 09:49:44 0267 1                  44.961992 8.939297 00 00 3231303032334D3035363630            
25/01/25 09:49:48 0268 1                  44.961997 8.939295 00 00 31383032334D303038353535            
25/01/25 09:49:54 0269 1                  44.962002 8.939292 00 00 31383032334D303136323937            
25/01/25 09:49:59 0270 1                  44.962003 8.939290 00 00 31383032334D303038343638            
25/01/25 09:50:33 0271 1                  44.962168 8.939060 00 00 31383032334D303138353934            
25/01/25 09:51:03 0272 1                  44.962168 8.938800 00 00 31383032334D303138393035            
25/01/25 09:51:35 0273 1                  44.962135 8.938515 00 00 323030323545303038353433            
25/01/25 09:51:50 0274 1                  44.962133 8.938508 00 00 3232303032334D3031393530            
25/01/25 09:52:28 0275 1                  44.962077 8.937808 00 00 31383032334D303138393437            
25/01/25 10:55:51 0000 s 01495ver01 44.882257 8.860215 00 00
25/01/25 10:56:04 0276 1                  44.882287 8.860345 00 00 3232303234304A3030393337            
25/01/25 10:56:33 0000 s 01495ver01 44.882227 8.860138 00 00
