01/03/25 05:39:33 0000 s 01485ver01 44.882273 8.859962 00 00
01/03/25 05:57:12 0001 1                  44.971338 8.882298 00 00 3231303234304A3032373533            
01/03/25 05:57:51 0002 1                  44.971555 8.881685 00 00 31383032334D303035393936            
01/03/25 05:58:50 0003 1                  44.971167 8.881452 00 00 323030323545303038363033            
01/03/25 06:00:29 0004 1                  44.973060 8.881530 00 00 3232303032334D3031333930            
01/03/25 06:00:50 0005 1                  44.973263 8.881580 00 00 323030323545303030383839            
01/03/25 06:00:55 0006 1                  44.973268 8.881573 00 00 323030323545303030383838            
01/03/25 06:01:04 0007 1                  44.973327 8.881585 00 00 323030323545303030393230            
01/03/25 06:01:15 0008 1                  44.973387 8.881592 00 00 323030323545303030393139            
01/03/25 06:01:28 0009 1                  44.973483 8.881607 00 00 323030323545303030383539            
01/03/25 06:01:39 0010 1                  44.973575 8.881625 00 00 323030323545303030383536            
01/03/25 06:01:43 0011 1                  44.973570 8.881625 00 00 3231303032334D3034323831            
01/03/25 06:01:51 0012 1                  44.973615 8.881632 00 00 323030323545303030393937            
01/03/25 06:02:01 0013 1                  44.973670 8.881645 00 00 323030323545303035383833            
01/03/25 06:02:16 0014 1                  44.973765 8.881710 00 00 323030323545303037393735            
01/03/25 06:02:42 0015 1                  44.973980 8.881803 00 00 323030323545303035393531            
01/03/25 06:02:45 0016 1                  44.973980 8.881803 00 00 323030323545303030343432            
01/03/25 06:03:08 0017 1                  44.974162 8.881838 00 00 3234303032334D3030343534            
01/03/25 06:03:33 0018 1                  44.974798 8.881965 00 00 323030323545303036313039            
01/03/25 06:03:50 0019 1                  44.974993 8.882037 00 00 3234303032334D3032303434            
01/03/25 06:04:20 0020 1                  44.975742 8.882180 00 00 323030323545303035393937            
01/03/25 06:05:44 0021 1                  44.975390 8.881455 00 00 323030323545303038303132            
01/03/25 06:05:55 0022 1                  44.975382 8.881478 00 00 323030323545303038303637            
01/03/25 06:06:02 0023 1                  44.975382 8.881490 00 00 323030323545303030313932            
01/03/25 06:06:02 0024 1                  44.975382 8.881490 00 00 323030323545303037333936            
01/03/25 06:06:12 0025 1                  44.975387 8.881492 00 00 323030323545303038303735            
01/03/25 06:07:17 0026 1                  44.976187 8.882288 00 00 323030323545303036303139            
01/03/25 06:07:39 0027 1                  44.976347 8.882320 00 00 323031323055303030313832            
01/03/25 06:08:32 0028 1                  44.976388 8.882590 00 00 323030323545303035393936            
01/03/25 06:08:52 0029 1                  44.976190 8.882925 00 00 323030323545303036313733            
01/03/25 06:09:16 0030 1                  44.976100 8.883028 00 00 323030323545303036313735            
01/03/25 06:09:41 0031 1                  44.975733 8.883563 00 00 323030323545303036313736            
01/03/25 06:09:44 0032 1                  44.975713 8.883570 00 00 323030323545303036313534            
01/03/25 06:09:46 0033 1                  44.975705 8.883575 00 00 323030323545303036313438            
01/03/25 06:10:21 0034 1                  44.975745 8.884723 00 00 323030323545303036313433            
01/03/25 06:11:48 0035 1                  44.969567 8.885210 00 00 323030323545303032353031            
01/03/25 06:11:54 0036 1                  44.969565 8.885208 00 00 3231303032334D3031303837            
01/03/25 06:12:45 0037 1                  44.968702 8.884830 00 00 323030323545303035383139            
01/03/25 06:15:44 0038 1                  44.976347 8.885310 00 00 323030323545303033303433            
01/03/25 06:15:55 0039 1                  44.976347 8.885310 00 00 323030323545303035383036            
01/03/25 06:16:13 0040 1                  44.976638 8.885397 00 00 323030323545303035383239            
01/03/25 06:17:37 0041 1                  44.978063 8.885258 00 00 323030323545303035383931            
01/03/25 06:18:09 0042 1                  44.977730 8.884127 00 00 3232303032334D3030373834            
01/03/25 06:18:24 0043 1                  44.977710 8.883968 00 00 323030323545303035383132            
01/03/25 06:18:45 0044 1                  44.977370 8.883928 00 00 323030323545303035373536            
01/03/25 06:18:50 0045 1                  44.977375 8.883920 00 00 323030323545303035383831            
01/03/25 06:19:11 0046 1                  44.977183 8.884088 00 00 323030323545303033303031            
01/03/25 06:19:24 0047 1                  44.977165 8.884093 00 00 323030323545303033303836            
01/03/25 06:19:29 0048 1                  44.977162 8.884095 00 00 323030323545303033303839            
01/03/25 06:19:40 0049 1                  44.977155 8.884097 00 00 323030323545303032323431            
01/03/25 06:20:18 0050 1                  44.976832 8.884390 00 00 323030323545303033303838            
01/03/25 06:20:40 0051 1                  44.976393 8.884560 00 00 323030323545303032323238            
01/03/25 06:21:57 0052 1                  44.976362 8.885863 00 00 323030323545303036313030            
01/03/25 06:22:02 0053 1                  44.976367 8.885872 00 00 323030323545303036303939            
01/03/25 06:22:03 0054 1                  44.976370 8.885873 00 00 323030323545303036303938            
01/03/25 06:22:09 0055 1                  44.976373 8.885880 00 00 323030323545303035393532            
01/03/25 06:22:32 0056 1                  44.976562 8.885972 00 00 323030323545303032373931            
01/03/25 06:22:33 0057 1                  44.976562 8.885972 00 00 323030323545303032383632            
01/03/25 06:22:50 0058 1                  44.976728 8.886053 00 00 323030323545303032383638            
01/03/25 06:22:58 0059 1                  44.976773 8.886050 00 00 31383032334D303033353733            
01/03/25 06:23:03 0060 1                  44.976782 8.886045 00 00 323030323545303032383730            
01/03/25 06:23:31 0061 1                  44.976953 8.886082 00 00 323030323545303030333437            
01/03/25 06:23:31 0062 1                  44.976953 8.886082 00 00 323030323545303032383536            
01/03/25 06:23:35 0063 1                  44.977032 8.886108 00 00 323030323545303036313537            
01/03/25 06:23:46 0064 1                  44.977055 8.886085 00 00 323030323545303032383537            
01/03/25 06:24:14 0065 1                  44.977300 8.886082 00 00 323030323545303032393138            
01/03/25 06:24:21 0066 1                  44.977312 8.886057 00 00 323030323545303036313535            
01/03/25 06:25:24 0067 1                  44.977705 8.886738 00 00 323030323545303032383338            
01/03/25 06:25:25 0068 1                  44.977703 8.886742 00 00 323030323545303030323330            
01/03/25 06:25:39 0069 1                  44.977713 8.886745 00 00 323030323545303032393432            
01/03/25 06:25:59 0070 1                  44.977787 8.886417 00 00 323030323545303032393035            
01/03/25 06:25:59 0071 1                  44.977787 8.886417 00 00 323030323545303032393034            
01/03/25 06:26:31 0072 1                  44.978097 8.886298 00 00 323030323545303036363539            
01/03/25 06:26:38 0073 1                  44.978092 8.886313 00 00 323030323545303036363630            
01/03/25 06:27:09 0074 1                  44.978137 8.886490 00 00 323030323545303032393635            
01/03/25 06:27:13 0075 1                  44.978138 8.886490 00 00 323030323545303032393636            
01/03/25 06:27:35 0076 1                  44.978337 8.886358 00 00 323030323545303036363232            
01/03/25 06:27:45 0077 1                  44.978365 8.886400 00 00 323030323545303036363530            
01/03/25 06:28:06 0078 1                  44.978540 8.886228 00 00 3233303032334D3030363631            
01/03/25 06:28:20 0079 1                  44.978590 8.886050 00 00 323030323545303032353136            
01/03/25 06:28:22 0080 1                  44.978593 8.886050 00 00 323030323545303030343534            
01/03/25 06:29:07 0081 1                  44.978578 8.885683 00 00 323030323545303036363939            
01/03/25 06:29:16 0082 1                  44.978565 8.885665 00 00 323030323545303032383732            
01/03/25 06:30:29 0083 1                  44.977882 8.885922 00 00 323030323545303036363537            
01/03/25 06:31:39 0084 1                  44.975835 8.884767 00 00 323030323545303036313433            
01/03/25 06:31:48 0085 1                  44.975870 8.883788 00 00 323030323545303036313438            
01/03/25 06:31:54 0086 1                  44.976060 8.883288 00 00 323030323545303036313735            
01/03/25 06:32:26 0087 1                  44.976832 8.882457 00 00 323030323545303035393636            
01/03/25 06:33:33 0088 1                  44.977365 8.883093 00 00 323030323545303035373734            
01/03/25 06:33:55 0089 1                  44.977690 8.883933 00 00 323030323545303033303938            
01/03/25 06:34:00 0090 1                  44.977630 8.884007 00 00 323030323545303032323433            
01/03/25 06:34:01 0091 1                  44.977630 8.884007 00 00 3234303032334D3030313837            
01/03/25 06:34:06 0092 1                  44.977625 8.884015 00 00 323030323545303033313136            
01/03/25 06:34:26 0093 1                  44.977793 8.884360 00 00 323030323545303030343932            
01/03/25 06:34:44 0094 1                  44.978107 8.884833 00 00 323030323545303030343237            
01/03/25 06:35:04 0095 1                  44.978585 8.885057 00 00 323030323545303037323834            
01/03/25 06:35:34 0096 1                  44.979008 8.885030 00 00 323030323545303038393637            
01/03/25 06:35:54 0097 1                  44.979008 8.885020 00 00 323030323545303035343933            
01/03/25 06:36:09 0098 1                  44.979007 8.885017 00 00 3231303032334D3031393934            
01/03/25 06:36:44 0099 1                  44.979337 8.885563 00 00 323030323545303036373636            
01/03/25 06:36:48 0100 1                  44.979345 8.885578 00 00 323030323545303036373635            
01/03/25 06:37:08 0101 1                  44.979345 8.885787 00 00 3232303032334D3031363530            
01/03/25 06:37:13 0102 1                  44.979352 8.885785 00 00 3232303032334D3030303630            
01/03/25 06:37:16 0103 1                  44.979357 8.885783 00 00 323030323545303030313936            
01/03/25 06:37:21 0104 1                  44.979363 8.885785 00 00 323030323545303032333730            
01/03/25 06:37:23 0105 1                  44.979365 8.885785 00 00 323030323545303030353433            
01/03/25 06:37:55 0106 1                  44.979363 8.885985 00 00 323030323545303035363233            
01/03/25 06:38:15 0107 1                  44.979280 8.886422 00 00 323030323545303035383538            
01/03/25 06:38:29 0108 1                  44.979233 8.886647 00 00 323030323545303033343133            
01/03/25 06:38:45 0109 1                  44.979120 8.887230 00 00 133032145540295110000000            
01/03/25 06:39:07 0110 1                  44.978758 8.888538 00 00 323030323545303036363234            
01/03/25 06:39:28 0111 1                  44.978720 8.889143 00 00 323030323545303035383234            
01/03/25 06:39:41 0112 1                  44.978730 8.889293 00 00 3231303032334D3031383833            
01/03/25 06:40:15 0113 1                  44.979083 8.889815 00 00 323030323545303032323135            
01/03/25 06:40:20 0114 1                  44.979078 8.889810 00 00 323030323545303030343730            
01/03/25 06:40:24 0115 1                  44.979073 8.889808 00 00 323030323545303033383230            
01/03/25 06:40:45 0116 1                  44.979242 8.889845 00 00 323030323545303033383039            
01/03/25 06:41:06 0117 1                  44.979392 8.889952 00 00 323030323545303032323339            
01/03/25 06:41:31 0118 1                  44.979555 8.890012 00 00 323030323545303032323336            
01/03/25 06:41:36 0119 1                  44.979553 8.890013 00 00 323030323545303032313337            
01/03/25 06:41:36 0120 1                  44.979553 8.890013 00 00 323030323545303032323335            
01/03/25 06:41:40 0121 1                  44.979553 8.890018 00 00 323030323545303033383139            
01/03/25 06:41:41 0122 1                  44.979552 8.890017 00 00 323030323545303032323337            
01/03/25 06:41:56 0123 1                  44.979547 8.890017 00 00 323030323545303033383233            
01/03/25 06:42:04 0124 1                  44.979547 8.890017 00 00 3234303032334D3031303037            
01/03/25 06:42:49 0125 1                  44.979777 8.890060 00 00 323030323545303033383332            
01/03/25 06:42:53 0126 1                  44.979792 8.890073 00 00 3234303032334D3030353239            
01/03/25 06:42:59 0127 1                  44.979803 8.890080 00 00 3232303032334D3030373535            
01/03/25 06:43:02 0128 1                  44.979808 8.890083 00 00 323030323545303032323935            
01/03/25 06:43:07 0129 1                  44.979812 8.890085 00 00 323030323545303033383138            
01/03/25 06:43:13 0130 1                  44.979818 8.890085 00 00 323030323545303033383330            
01/03/25 06:45:52 0131 1                  44.978168 8.893225 00 00 323030323545303033303034            
01/03/25 06:45:56 0132 1                  44.978173 8.893225 00 00 323030323545303032393534            
01/03/25 06:47:47 0133 1                  44.976805 8.893565 00 00 323030323545303032313737            
01/03/25 06:48:21 0134 1                  44.976950 8.893652 00 00 323030323545303033303830            
01/03/25 06:48:24 0135 1                  44.976942 8.893663 00 00 323030323545303030353239            
01/03/25 06:48:24 0136 1                  44.976942 8.893663 00 00 323030323545303032343131            
01/03/25 06:48:28 0137 1                  44.976928 8.893678 00 00 323030323545303033303739            
01/03/25 06:48:39 0138 1                  44.976913 8.893702 00 00 323030323545303032373935            
01/03/25 06:49:07 0139 1                  44.977102 8.893730 00 00 323030323545303035393738            
01/03/25 06:49:27 0140 1                  44.977545 8.893793 00 00 323030323545303036363937            
01/03/25 06:51:09 0141 1                  44.977348 8.894820 00 00 323030323545303035383939            
01/03/25 06:55:15 0142 1                  44.977823 8.910305 00 00 323031323055303030323536            
01/03/25 06:57:44 0143 1                  44.977865 8.906798 00 00 3231303234304A3034323236            
01/03/25 07:03:14 0144 1                  44.978937 8.892750 00 00 323030323545303036363332            
01/03/25 07:04:52 0145 1                  44.978603 8.890873 00 00 323030323545303032393132            
01/03/25 07:06:07 0146 1                  44.978908 8.888968 00 00 323030323545303035373932            
01/03/25 07:07:18 0147 1                  44.979023 8.887950 00 00 323030323545303036363830            
01/03/25 07:07:59 0148 1                  44.979205 8.887032 00 00 323030323545303032393737            
01/03/25 07:08:35 0149 1                  44.979420 8.886767 00 00 323030323545303032393736            
01/03/25 07:08:39 0150 1                  44.979423 8.886773 00 00 3234303032334D3030323035            
01/03/25 07:08:42 0151 1                  44.979425 8.886775 00 00 3232303032334D3031313737            
01/03/25 07:08:48 0152 1                  44.979428 8.886780 00 00 3232303032334D3030353236            
01/03/25 07:08:51 0153 1                  44.979432 8.886782 00 00 3234303032334D3030343235            
01/03/25 07:08:57 0154 1                  44.979437 8.886780 00 00 3232303032334D3031353536            
01/03/25 07:09:19 0155 1                  44.979655 8.886847 00 00 323030323545303035373931            
01/03/25 07:09:38 0156 1                  44.979788 8.886862 00 00 323030323545303036363638            
01/03/25 07:10:29 0157 1                  44.979930 8.887292 00 00 323030323545303036343739            
01/03/25 07:11:04 0158 1                  44.980172 8.886917 00 00 323030323545303036313031            
01/03/25 07:11:17 0159 1                  44.980315 8.886958 00 00 323030323545303036313038            
01/03/25 07:11:22 0160 1                  44.980318 8.886962 00 00 3234303032334D3032313934            
01/03/25 07:11:51 0161 1                  44.981103 8.887165 00 00 323030323545303035373632            
01/03/25 07:12:08 0162 1                  44.981292 8.887178 00 00 323030323545303035383930            
01/03/25 07:12:30 0163 1                  44.981627 8.887263 00 00 323030323545303035383034            
01/03/25 07:15:03 0164 1                  44.981832 8.887517 00 00 3234303032334D3032313132            
01/03/25 07:16:16 0165 1                  44.981628 8.887973 00 00 323030323545303036343039            
01/03/25 07:16:32 0166 1                  44.981485 8.887973 00 00 323030323545303036353539            
01/03/25 07:16:50 0167 1                  44.981098 8.887883 00 00 323030323545303032393337            
01/03/25 07:17:22 0168 1                  44.980673 8.888073 00 00 323030323545303035383335            
01/03/25 07:19:21 0169 1                  44.982173 8.893707 00 00 323030323545303037383631            
01/03/25 07:19:25 0170 1                  44.982177 8.893707 00 00 323030323545303036343132            
01/03/25 07:21:07 0171 1                  44.981930 8.886200 00 00 323030323545303036353431            
01/03/25 07:21:11 0172 1                  44.981923 8.886192 00 00 323030323545303036353430            
01/03/25 07:22:26 0173 1                  44.981732 8.885443 00 00 3232303032334D3030333435            
01/03/25 07:22:48 0174 1                  44.981383 8.885390 00 00 323030323545303036363832            
01/03/25 07:23:23 0175 1                  44.980153 8.885145 00 00 323030323545303036353130            
01/03/25 07:23:56 0176 1                  44.979712 8.885417 00 00 323030323545303032333932            
01/03/25 07:24:01 0177 1                  44.979718 8.885463 00 00 323030323545303032333935            
01/03/25 07:24:01 0178 1                  44.979718 8.885463 00 00 323030323545303032333933            
01/03/25 07:24:22 0179 1                  44.979862 8.885527 00 00 323030323545303035383733            
01/03/25 07:24:46 0180 1                  44.980305 8.885295 00 00 323030323545303036363138            
01/03/25 07:25:07 0181 1                  44.980593 8.885307 00 00 323030323545303036363230            
01/03/25 07:25:24 0182 1                  44.980848 8.885425 00 00 3231303032334D3030353838            
01/03/25 07:25:45 0183 1                  44.981243 8.885387 00 00 323030323545303035383633            
01/03/25 07:26:04 0184 1                  44.981465 8.885342 00 00 323030323545303035383735            
01/03/25 07:26:08 0185 1                  44.981482 8.885347 00 00 3231303032334D3035333038            
01/03/25 07:26:53 0186 1                  44.982675 8.885683 00 00 323030323545303037333937            
01/03/25 07:31:19 0187 1                  44.982617 8.885422 00 00 323030323545303036343632            
01/03/25 07:31:41 0188 1                  44.982735 8.885243 00 00 323030323545303033303933            
01/03/25 07:31:46 0189 1                  44.982733 8.885240 00 00 323030323545303032323030            
01/03/25 07:31:49 0190 1                  44.982735 8.885238 00 00 323030323545303032323838            
01/03/25 07:31:51 0191 1                  44.982735 8.885237 00 00 323030323545303033303935            
01/03/25 07:33:20 0192 1                  44.983117 8.884573 00 00 323030323545303036343738            
01/03/25 07:33:20 0193 1                  44.983117 8.884573 00 00 323030323545303030343636            
01/03/25 07:33:41 0194 1                  44.983217 8.884442 00 00 323030323545303036343436            
01/03/25 07:33:59 0195 1                  44.983375 8.884253 00 00 323030323545303033353039            
01/03/25 07:34:04 0196 1                  44.983378 8.884258 00 00 323030323545303036343737            
01/03/25 07:34:07 0197 1                  44.983378 8.884262 00 00 323030323545303033343236            
01/03/25 07:35:26 0198 1                  44.983815 8.883660 00 00 323030323545303036343234            
01/03/25 07:35:53 0199 1                  44.984187 8.883227 00 00 323030323545303036343637            
01/03/25 07:35:54 0200 1                  44.984187 8.883227 00 00 3231303032334D3033393730            
01/03/25 07:36:37 0201 1                  44.985157 8.882415 00 00 323030323545303036353230            
01/03/25 07:36:59 0202 1                  44.985510 8.882292 00 00 3232303032334D3030383936            
01/03/25 07:37:16 0203 1                  44.985793 8.882168 00 00 323030323545303036353232            
01/03/25 07:40:15 0204 1                  44.986433 8.881605 00 00 323032343055303030353234            
01/03/25 07:41:22 0205 1                  44.987227 8.881455 00 00 323030323545303032323839            
01/03/25 07:41:44 0206 1                  44.987600 8.881553 00 00 3232303032334D3030323638            
01/03/25 07:42:05 0207 1                  44.987982 8.881673 00 00 323030323545303036343336            
01/03/25 07:42:47 0208 1                  44.989122 8.881983 00 00 323030323545303036343532            
01/03/25 07:43:26 0209 1                  44.990307 8.882362 00 00 323030323545303038363134            
01/03/25 07:43:50 0210 1                  44.990542 8.882375 00 00 323030323545303032333239            
01/03/25 07:44:26 0211 1                  44.991670 8.882768 00 00 323030323545303038363032            
01/03/25 07:44:32 0212 1                  44.991668 8.882767 00 00 323030323545303033313339            
01/03/25 07:44:53 0213 1                  44.991820 8.882818 00 00 323030323545303032333333            
01/03/25 07:46:37 0214 1                  44.991218 8.882467 00 00 323030323545303036343334            
01/03/25 07:47:46 0215 1                  44.986653 8.880960 00 00 323030323545303036333433            
01/03/25 07:48:28 0216 1                  44.986340 8.879962 00 00 323030323545303032333235            
01/03/25 07:48:31 0217 1                  44.986340 8.879958 00 00 323030323545303036343238            
01/03/25 07:48:50 0218 1                  44.986207 8.879868 00 00 323030323545303032333232            
01/03/25 07:48:50 0219 1                  44.986207 8.879868 00 00 323030323545303032333231            
01/03/25 07:49:16 0220 1                  44.986037 8.879798 00 00 323030323545303033313337            
01/03/25 07:49:24 0221 1                  44.985992 8.879755 00 00 323030323545303033313338            
01/03/25 07:49:44 0222 1                  44.985795 8.879542 00 00 323030323545303033313230            
01/03/25 07:50:00 0223 1                  44.985640 8.879430 00 00 323030323545303039303330            
01/03/25 07:50:19 0224 1                  44.985435 8.879255 00 00 323030323545303033313331            
01/03/25 07:50:52 0225 1                  44.984897 8.878832 00 00 323030323545303032313639            
01/03/25 07:50:53 0226 1                  44.984897 8.878832 00 00 323030323545303032323539            
01/03/25 07:51:14 0227 1                  44.984612 8.878585 00 00 323030323545303033313036            
01/03/25 07:51:14 0228 1                  44.984612 8.878585 00 00 323030323545303033313039            
01/03/25 07:51:27 0229 1                  44.984643 8.878560 00 00 323030323545303033313037            
01/03/25 07:51:50 0230 1                  44.984703 8.878223 00 00 3231303032334D3030343139            
01/03/25 07:52:05 0231 1                  44.984770 8.878082 00 00 323030323545303032313333            
01/03/25 07:52:20 0232 1                  44.984875 8.878100 00 00 243315233009650002010000            
01/03/25 07:52:43 0233 1                  44.985120 8.878273 00 00 323030323545303033383033            
01/03/25 07:53:01 0234 1                  44.985250 8.878378 00 00 323030323545303033313537            
01/03/25 07:53:02 0235 1                  44.985250 8.878378 00 00 323030323545303032323939            
01/03/25 07:53:41 0236 1                  44.985523 8.878590 00 00 323030323545303036343939            
01/03/25 07:54:04 0237 1                  44.985817 8.878838 00 00 323030323545303036343932            
01/03/25 07:54:18 0238 1                  44.985917 8.878920 00 00 323030323545303036343931            
01/03/25 07:54:27 0239 1                  44.985935 8.878935 00 00 323030323545303036353734            
01/03/25 07:54:38 0240 1                  44.986018 8.879028 00 00 323030323545303036343439            
01/03/25 07:54:53 0241 1                  44.986098 8.879107 00 00 323030323545303033383333            
01/03/25 07:55:08 0242 1                  44.986293 8.879252 00 00 323030323545303036353438            
01/03/25 07:55:20 0243 1                  44.986372 8.879305 00 00 323030323545303036343530            
01/03/25 07:55:44 0244 1                  44.986475 8.879388 00 00 323030323545303036353437            
01/03/25 07:56:14 0245 1                  44.986578 8.879468 00 00 323030323545303036343433            
01/03/25 07:57:00 0246 1                  44.986410 8.880713 00 00 323030323545303033313736            
01/03/25 07:57:06 0247 1                  44.986413 8.880717 00 00 3231303032334D3031323639            
01/03/25 07:58:26 0248 1                  44.984465 8.878373 00 00 323030323545303032323432            
01/03/25 07:59:40 0249 1                  44.984533 8.877433 00 00 323030323545303032313637            
01/03/25 07:59:49 0250 1                  44.984553 8.877415 00 00 323030323545303032323531            
01/03/25 08:00:06 0251 1                  44.984513 8.877558 00 00 323030323545303032323237            
01/03/25 08:00:26 0252 1                  44.984438 8.877872 00 00 323030323545303032323235            
01/03/25 08:00:33 0253 1                  44.984387 8.877923 00 00 323030323545303037383439            
01/03/25 08:00:58 0254 1                  44.984128 8.878168 00 00 323030323545303036343038            
01/03/25 08:01:21 0255 1                  44.983863 8.877943 00 00 323030323545303032323632            
01/03/25 08:01:49 0256 1                  44.983572 8.877640 00 00 323030323545303032323236            
01/03/25 08:02:16 0257 1                  44.983387 8.877412 00 00 31383032334D303136353236            
01/03/25 08:03:07 0258 1                  44.982617 8.876308 00 00 3232303032334D3030393233            
01/03/25 08:03:11 0259 1                  44.982617 8.876302 00 00 3232303032334D3030353937            
01/03/25 08:03:13 0260 1                  44.982613 8.876300 00 00 323030323545303030353337            
01/03/25 08:03:16 0261 1                  44.982610 8.876300 00 00 3231303032334D3030393032            
01/03/25 08:49:25 0000 s 01485ver01 44.982360 8.874920 00 00
01/03/25 08:49:58 0262 1                  44.982397 8.874767 00 00 3231303234304A3032373533            
01/03/25 08:51:28 0263 1                  44.979638 8.876190 00 00 323030323545303030323038            
01/03/25 08:51:36 0264 1                  44.979637 8.876190 00 00 3233303032334D3030383839            
01/03/25 08:51:54 0265 1                  44.979515 8.876472 00 00 323030323545303036313635            
01/03/25 08:52:12 0266 1                  44.979443 8.876650 00 00 3234303032334D3030353832            
01/03/25 08:52:41 0267 1                  44.979675 8.877107 00 00 3232303032334D3030393531            
01/03/25 08:53:09 0268 1                  44.979922 8.877422 00 00 323030323545303036303633            
01/03/25 08:53:13 0269 1                  44.979922 8.877428 00 00 323030323545303036313034            
01/03/25 08:53:35 0270 1                  44.980132 8.877583 00 00 3233303032334D3030303935            
01/03/25 08:53:54 0271 1                  44.980268 8.877683 00 00 323030323545303030363030            
01/03/25 08:53:59 0272 1                  44.980270 8.877698 00 00 323030323545303035393733            
01/03/25 08:54:18 0273 1                  44.980517 8.877853 00 00 323030323545303034323532            
01/03/25 08:54:52 0274 1                  44.980962 8.877147 00 00 323030323545303034313832            
01/03/25 08:55:13 0275 1                  44.980788 8.876915 00 00 323030323545303036343534            
01/03/25 08:55:27 0276 1                  44.980620 8.876792 00 00 323030323545303036303835            
01/03/25 08:55:46 0277 1                  44.980315 8.876592 00 00 323030323545303030343734            
01/03/25 08:55:53 0278 1                  44.980302 8.876562 00 00 323030323545303030353431            
01/03/25 08:55:58 0279 1                  44.980298 8.876547 00 00 323030323545303030343732            
01/03/25 08:56:18 0280 1                  44.980208 8.876432 00 00 323030323545303032333739            
01/03/25 08:56:21 0281 1                  44.980198 8.876428 00 00 323030323545303032373837            
01/03/25 08:56:31 0282 1                  44.980200 8.876412 00 00 323030323545303032383139            
01/03/25 08:56:33 0283 1                  44.980200 8.876408 00 00 323030323545303032383035            
01/03/25 08:56:57 0284 1                  44.980208 8.876375 00 00 323030323545303032383230            
01/03/25 08:57:00 0285 1                  44.980203 8.876378 00 00 323030323545303038303635            
01/03/25 08:57:01 0286 1                  44.980203 8.876378 00 00 323030323545303032373831            
01/03/25 08:57:11 0287 1                  44.980180 8.876392 00 00 323030323545303032333533            
01/03/25 08:58:15 0288 1                  44.979343 8.876792 00 00 323030323545303036303439            
01/03/25 08:58:38 0289 1                  44.979215 8.876650 00 00 323030323545303036303836            
01/03/25 08:58:55 0290 1                  44.979085 8.876603 00 00 323030323545303036303837            
01/03/25 09:00:04 0291 1                  44.978672 8.875512 00 00 3232303032334D3030393136            
01/03/25 09:00:26 0292 1                  44.978615 8.875655 00 00 323030323545303035383836            
01/03/25 09:00:46 0293 1                  44.978580 8.875877 00 00 323030323545303032353433            
01/03/25 09:00:48 0294 1                  44.978578 8.875877 00 00 323030323545303032343431            
01/03/25 09:00:55 0295 1                  44.978563 8.875880 00 00 323030323545303032343136            
01/03/25 09:01:03 0296 1                  44.978557 8.875883 00 00 323030323545303035333933            
01/03/25 09:01:33 0297 1                  44.978317 8.876017 00 00 323030323545303036303131            
01/03/25 09:01:34 0298 1                  44.978317 8.876017 00 00 323030323545303033373435            
01/03/25 09:02:01 0299 1                  44.978268 8.875927 00 00 323030323545303036353530            
01/03/25 09:02:13 0300 1                  44.978240 8.875888 00 00 323030323545303036353532            
01/03/25 09:02:42 0301 1                  44.978038 8.876798 00 00 323030323545303033373731            
01/03/25 09:02:58 0302 1                  44.978030 8.876935 00 00 323032343055303030343035            
01/03/25 09:03:58 0303 1                  44.978345 8.877178 00 00 323030323545303032333536            
01/03/25 09:04:23 0304 1                  44.978400 8.877087 00 00 3231303032334D3030353036            
01/03/25 09:05:14 0305 1                  44.978472 8.876770 00 00 323030323545303030363230            
01/03/25 09:05:18 0306 1                  44.978473 8.876768 00 00 323030323545303032333535            
01/03/25 09:05:22 0307 1                  44.978478 8.876767 00 00 3234303032334D3030363433            
01/03/25 09:06:29 0308 1                  44.979167 8.877445 00 00 323030323545303036313538            
01/03/25 09:06:44 0309 1                  44.979107 8.877640 00 00 323030323545303035393836            
01/03/25 09:07:00 0310 1                  44.979027 8.877903 00 00 323030323545303036303530            
01/03/25 09:07:46 0311 1                  44.979628 8.878508 00 00 323030323545303032383430            
01/03/25 09:08:05 0312 1                  44.979895 8.878637 00 00 323030323545303036353637            
01/03/25 09:08:08 0313 1                  44.979915 8.878655 00 00 323030323545303036303032            
01/03/25 09:08:31 0314 1                  44.979787 8.878567 00 00 323030323545303032383432            
01/03/25 09:09:04 0315 1                  44.979465 8.878313 00 00 323030323545303035393838            
01/03/25 09:09:34 0316 1                  44.978822 8.877805 00 00 323030323545303035393734            
01/03/25 09:10:11 0317 1                  44.977848 8.877502 00 00 323030323545303036303034            
01/03/25 09:10:22 0318 1                  44.977852 8.877630 00 00 323030323545303036303033            
01/03/25 09:10:41 0319 1                  44.977870 8.877962 00 00 323030323545303036303833            
01/03/25 09:11:19 0320 1                  44.977960 8.878503 00 00 323030323545303036303337            
01/03/25 09:11:34 0321 1                  44.977985 8.878598 00 00 323030323545303036353738            
01/03/25 09:11:40 0322 1                  44.977990 8.878598 00 00 3234303032334D3030323738            
01/03/25 09:12:06 0323 1                  44.978057 8.878857 00 00 323030323545303032393936            
01/03/25 09:12:21 0324 1                  44.978122 8.879010 00 00 323030323545303030343435            
01/03/25 09:12:28 0325 1                  44.978122 8.879017 00 00 3231303032334D3035323031            
01/03/25 09:12:54 0326 1                  44.978162 8.879310 00 00 323030323545303036343231            
01/03/25 09:12:59 0327 1                  44.978168 8.879323 00 00 3234303032334D3030363138            
01/03/25 09:13:26 0328 1                  44.978390 8.880160 00 00 323030323545303032393137            
01/03/25 09:13:45 0329 1                  44.978560 8.880042 00 00 323030323545303036353939            
01/03/25 09:13:49 0330 1                  44.978580 8.880037 00 00 323030323545303035393935            
01/03/25 09:13:52 0331 1                  44.978588 8.880033 00 00 323030323545303030353639            
01/03/25 09:14:10 0332 1                  44.978687 8.879937 00 00 323030323545303032393130            
01/03/25 09:14:10 0333 1                  44.978687 8.879937 00 00 323030323545303036363032            
01/03/25 09:14:37 0334 1                  44.978923 8.879855 00 00 323030323545303036363033            
01/03/25 09:15:24 0335 1                  44.979203 8.879683 00 00 323030323545303036353930            
01/03/25 09:16:00 0336 1                  44.978387 8.880232 00 00 323030323545303033383238            
01/03/25 09:16:02 0337 1                  44.978392 8.880230 00 00 3231303032334D3034353232            
01/03/25 09:16:42 0338 1                  44.978145 8.880305 00 00 3234303032334D3030313839            
01/03/25 09:16:45 0339 1                  44.978132 8.880317 00 00 3232303032334D3031383938            
01/03/25 09:16:47 0340 1                  44.978125 8.880325 00 00 323030323545303035393932            
01/03/25 09:16:54 0341 1                  44.978115 8.880343 00 00 323030323545303035393637            
01/03/25 09:16:57 0342 1                  44.978108 8.880350 00 00 3232303032334D3030373538            
01/03/25 09:17:33 0343 1                  44.977823 8.879967 00 00 323030323545303035393335            
01/03/25 09:17:39 0344 1                  44.977815 8.879993 00 00 323030323545303035373738            
01/03/25 09:17:56 0345 1                  44.977738 8.879578 00 00 323030323545303035373739            
01/03/25 09:18:20 0346 1                  44.977682 8.879203 00 00 323030323545303035393339            
01/03/25 09:19:36 0347 1                  44.977688 8.880497 00 00 323030323545303035393931            
01/03/25 09:19:59 0348 1                  44.977567 8.880573 00 00 323030323545303035393639            
01/03/25 09:20:11 0349 1                  44.977490 8.880600 00 00 323030323545303032383235            
01/03/25 09:20:38 0350 1                  44.977153 8.880853 00 00 323030323545303036353537            
01/03/25 10:27:27 0000 s 01485ver01 44.882208 8.860313 00 00
