25/01/25 05:15:38 0000 s 01492ver01 44.882323 8.859887 00 00
25/01/25 05:44:59 0001 1                  44.901315 8.877265 00 00 313931323043303039333530            
25/01/25 05:47:39 0002 1                  44.900712 8.876603 00 00 303ACB034289B81C8AAE16B5            
25/01/25 05:47:43 0003 1                  44.900715 8.876600 00 00 313931323043303033383331            
25/01/25 05:47:45 0004 1                  44.900715 8.876600 00 00 313931323043303033353137            
25/01/25 05:48:19 0005 1                  44.900707 8.876595 00 00 323031313030433030353433            
25/01/25 05:48:19 0006 1                  44.900707 8.876595 00 00 30395DFA81D83E800009D2E4            
25/01/25 05:48:19 0007 1                  44.900707 8.876593 00 00 303ACB03409E931C6987E192            
25/01/25 05:48:20 0008 1                  44.900707 8.876593 00 00 30395DFA819D004000201580            
25/01/25 05:48:20 0009 1                  44.900707 8.876593 00 00 303ACB0343141EDAC688E88F            
25/01/25 05:48:20 0010 1                  44.900707 8.876593 00 00 30396062435CE4400014B533            
25/01/25 05:49:07 0011 1                  44.900707 8.876610 00 00 313931323043303034393239            
25/01/25 05:49:07 0012 1                  44.900707 8.876610 00 00 3035EB57C415E580000000BA            
25/01/25 05:49:08 0013 1                  44.900707 8.876610 00 00 313931323043303131353237            
25/01/25 05:49:41 0014 1                  44.900695 8.876605 00 00 313931323043303037363539            
25/01/25 05:49:42 0015 1                  44.900695 8.876605 00 00 313931323043303031343433            
25/01/25 05:49:42 0016 1                  44.900695 8.876605 00 00 30340C0004204B4CBEAD4806            
25/01/25 05:49:43 0017 1                  44.900695 8.876605 00 00 30340C0F804F20C6D4AC1406            
25/01/25 05:49:59 0018 1                  44.900692 8.876598 00 00 30396061C05BBD40000B8AF6            
25/01/25 05:52:28 0019 1                  44.899137 8.875855 00 00 313931323043303033323131            
25/01/25 05:54:36 0020 1                  44.896967 8.873497 00 00 313931323043303132313035            
25/01/25 05:58:38 0021 1                  44.894643 8.876810 00 00 313931323043303030393939            
25/01/25 05:58:46 0022 1                  44.894642 8.876815 00 00 3034F8372C4A264AB41DBBFA            
25/01/25 06:00:48 0023 1                  44.895077 8.876012 00 00 313931323043303032323933            
25/01/25 06:00:50 0024 1                  44.895080 8.876012 00 00 09CA1CA57767138011727300            
25/01/25 06:00:50 0025 1                  44.895080 8.876012 00 00 3035EB57C415E580000000BA            
25/01/25 06:03:24 0026 1                  44.895140 8.877050 00 00 313931323043303132333630            
25/01/25 06:03:25 0027 1                  44.895138 8.877052 00 00 313931323043303031303031            
25/01/25 06:06:32 0028 1                  44.895710 8.877223 00 00 313931323043303031303032            
25/01/25 06:10:19 0029 1                  44.897158 8.877658 00 00 10003875004D000000000000            
25/01/25 06:10:19 0030 1                  44.897158 8.877658 00 00 3233303132304A3031383239            
25/01/25 06:10:21 0031 1                  44.897158 8.877658 00 00 30396061C053F20000003386            
25/01/25 06:10:21 0032 1                  44.897158 8.877658 00 00 3035EA594418A5C7FE00129B            
25/01/25 06:11:02 0033 1                  44.897275 8.877712 00 00 313931323043303031343031            
25/01/25 06:13:15 0034 1                  44.899792 8.879722 00 00 313831323045303039343732            
25/01/25 06:13:17 0035 1                  44.899792 8.879723 00 00 313831323045303039343733            
25/01/25 06:14:41 0036 1                  44.899238 8.880482 00 00 3233303132304A3030343033            
25/01/25 06:14:43 0037 1                  44.899238 8.880483 00 00 3035EBA8781464801E00A441            
25/01/25 06:14:43 0038 1                  44.899238 8.880483 00 00 313931323043303132373734            
25/01/25 06:15:34 0039 1                  44.899218 8.880497 00 00 313931323043303038373239            
25/01/25 06:15:36 0040 1                  44.899218 8.880495 00 00 313931323043303133323133            
25/01/25 06:15:36 0041 1                  44.899218 8.880495 00 00 313931323043303132373736            
25/01/25 06:15:50 0042 1                  44.899208 8.880457 00 00 313931323043303038373639            
25/01/25 06:17:06 0043 1                  44.899398 8.881407 00 00 313831323045303039343735            
25/01/25 06:18:37 0044 1                  44.898810 8.881735 00 00 313931323043303034303634            
25/01/25 06:19:57 0045 1                  44.898513 8.881830 00 00 313931323043303034303633            
25/01/25 06:20:06 0046 1                  44.898518 8.881827 00 00 303960624372FFC0004C882D            
25/01/25 06:22:39 0047 1                  44.898213 8.882030 00 00 313931323043303034303632            
25/01/25 06:22:42 0048 1                  44.898215 8.882032 00 00 313971323043303034303632            
25/01/25 06:22:57 0049 1                  44.898222 8.882030 00 00 3034F8372C4A264AB41DBBFA            
25/01/25 06:24:18 0050 1                  44.897142 8.881975 00 00 313931323043303031363234            
25/01/25 06:24:20 0051 1                  44.897140 8.881975 00 00 313931323043303031343534            
25/01/25 06:25:30 0052 1                  44.896697 8.881923 00 00 313931323043303131393531            
25/01/25 06:26:31 0053 1                  44.896320 8.882195 00 00 313931323043303132303332            
25/01/25 06:26:31 0054 1                  44.896320 8.882195 00 00 3034362FBC49855748772E88            
25/01/25 06:27:18 0055 1                  44.896032 8.882758 00 00 313931323043303133333030            
25/01/25 06:29:58 0056 1                  44.895375 8.881927 00 00 313931323043303031323738            
25/01/25 06:30:37 0057 1                  44.895347 8.882237 00 00 313931323043303131333739            
25/01/25 06:31:33 0058 1                  44.895342 8.882948 00 00 313931323043303036303631            
25/01/25 06:32:14 0059 1                  44.895310 8.883303 00 00 E28069150000600985C3919B            
25/01/25 06:33:04 0060 1                  44.895325 8.883517 00 00 313931323043303036303633            
25/01/25 06:33:47 0061 1                  44.895160 8.883618 00 00 313931323043303034383537            
25/01/25 06:34:46 0062 1                  44.894507 8.883740 00 00 313931323043303036303630            
25/01/25 06:39:09 0063 1                  44.891990 8.884978 00 00 313931323043303032343437            
25/01/25 06:39:11 0064 1                  44.891990 8.884972 00 00 30396061C3BEC0000028BD11            
25/01/25 06:39:11 0065 1                  44.891990 8.884972 00 00 313931323043303032343438            
25/01/25 06:41:09 0066 1                  44.893363 8.884678 00 00 313931323043303032343439            
25/01/25 06:41:09 0067 1                  44.893363 8.884678 00 00 30340C05A80B47306E5DA406            
25/01/25 06:43:59 0068 1                  44.897883 8.882378 00 00 313931323043303132343631            
25/01/25 06:47:11 0069 1                  44.895537 8.887858 00 00 313931323043303031333132            
25/01/25 06:48:36 0070 1                  44.893827 8.888058 00 00 313931323043303033383135            
25/01/25 06:49:42 0071 1                  44.893007 8.888003 00 00 313931323043303133353030            
25/01/25 06:49:43 0072 1                  44.893007 8.888003 00 00 313931323043303132333632            
25/01/25 06:52:15 0073 1                  44.892568 8.888003 00 00 303ACB034355675C8E8276A2            
25/01/25 06:52:15 0074 1                  44.892568 8.888003 00 00 3139313230C3303133323135            
25/01/25 06:52:16 0075 1                  44.892568 8.888003 00 00 303ACB034339279C8B1E8263            
25/01/25 06:52:17 0076 1                  44.892567 8.888002 00 00 303ACB03433C4D5AC688DD9C            
25/01/25 06:54:28 0077 1                  44.887705 8.886967 00 00 313931323043303035393932            
25/01/25 06:56:58 0078 1                  44.885447 8.881917 00 00 313931323043303039323431            
25/01/25 07:00:20 0079 1                  44.887703 8.882340 00 00 3035EBDF784A5C0800051A7C            
25/01/25 07:00:36 0080 1                  44.887695 8.882308 00 00 3035EBEA080FCE4800040679            
25/01/25 07:00:36 0081 1                  44.887695 8.882308 00 00 3035EBDF784A5CC8000790DE            
25/01/25 07:00:36 0082 1                  44.887695 8.882308 00 00 3230303033304D3032343838            
25/01/25 07:00:37 0083 1                  44.887695 8.882308 00 00 3035EB5C6451A2C800045AC9            
25/01/25 07:00:37 0084 1                  44.887695 8.882308 00 00 3035EB5C64515F480004ACBB            
25/01/25 07:00:39 0085 1                  44.887693 8.882308 00 00 3035EBDF784A5CC800080C80            
25/01/25 07:00:47 0086 1                  44.887688 8.882295 00 00 3230303033304D3032343935            
25/01/25 07:02:04 0087 1                  44.887677 8.882288 00 00 313931323043303031313933            
25/01/25 07:07:17 0088 1                  44.888012 8.882907 00 00 313931323043303039303332            
25/01/25 07:07:18 0089 1                  44.888013 8.882910 00 00 303ACB034264DC20AA7A72B8            
25/01/25 07:07:19 0090 1                  44.888013 8.882910 00 00 303ACB0342BEBF5C909509EA            
25/01/25 07:07:29 0091 1                  44.888018 8.882933 00 00 303ACB034355675C8E8276A2            
25/01/25 07:08:38 0092 1                  44.888385 8.882945 00 00 313931323043303034303535            
25/01/25 07:08:43 0093 1                  44.888388 8.882948 00 00 313931323043303031333037            
25/01/25 07:10:11 0094 1                  44.889130 8.882645 00 00 313931323043303031353437            
25/01/25 07:10:15 0095 1                  44.889128 8.882642 00 00 313931323043303132343637            
25/01/25 07:11:04 0096 1                  44.889457 8.882662 00 00 313931323043303031343032            
25/01/25 07:11:05 0097 1                  44.889457 8.882662 00 00 30395DFA82D94280001BEADA            
25/01/25 07:11:05 0098 1                  44.889457 8.882662 00 00 30395DFA82D939400019B821            
25/01/25 07:11:05 0099 1                  44.889457 8.882662 00 00 30396061C03B0600000A4EDD            
25/01/25 07:11:17 0100 1                  44.889460 8.882648 00 00 3039606283C90C8250DEBEDF            
25/01/25 07:12:05 0101 1                  44.890550 8.882507 00 00 313931323043303031343638            
25/01/25 07:12:06 0102 1                  44.890550 8.882507 00 00 3039613543484EC9502FB26A            
25/01/25 07:12:06 0103 1                  44.890550 8.882507 00 00 313931323043303031333834            
25/01/25 07:12:06 0104 1                  44.890550 8.882507 00 00 08505D0891550F800095A2C4            
25/01/25 07:12:07 0105 1                  44.890550 8.882507 00 00 3039613540F64A89502F90E7            
25/01/25 07:13:06 0106 1                  44.891523 8.882502 00 00 313931323043303036303533            
25/01/25 07:13:06 0107 1                  44.891523 8.882502 00 00 313931323043303036303533            
25/01/25 07:14:08 0108 1                  44.892825 8.882330 00 00 313931323043303031363230            
25/01/25 07:15:46 0109 1                  44.893718 8.881960 00 00 313931323043303131333833            
25/01/25 07:15:46 0110 1                  44.893718 8.881960 00 00 313931323043303131333835            
25/01/25 07:15:47 0111 1                  44.893718 8.881960 00 00 30396061C0A867C000000060            
25/01/25 07:15:47 0112 1                  44.893718 8.881960 00 00 303ACB0342EC2C9C8C28140C            
25/01/25 07:16:57 0113 1                  44.894435 8.882153 00 00 30395DFA819EC380003D02B4            
25/01/25 07:16:57 0114 1                  44.894435 8.882153 00 00 313931323043303031323735            
25/01/25 07:17:57 0115 1                  44.894430 8.882390 00 00 313931323043303131393230            
25/01/25 07:17:57 0116 1                  44.894430 8.882390 00 00 991300BB0EA349EA000021B2            
25/01/25 07:17:58 0117 1                  44.894430 8.882390 00 00 30395DFA81DA610000104EF3            
25/01/25 07:17:58 0118 1                  44.894430 8.882390 00 00 313931323043303035303036            
25/01/25 07:17:58 0119 1                  44.894430 8.882390 00 00 313931323043303031323734            
25/01/25 07:17:59 0120 1                  44.894430 8.882390 00 00 30395DFA81DA610000104EF5            
25/01/25 07:17:59 0121 1                  44.894430 8.882390 00 00 3039606243866981AFE8E44E            
25/01/25 07:20:40 0122 1                  44.894863 8.881645 00 00 313931323043303031323737            
25/01/25 07:20:40 0123 1                  44.894863 8.881645 00 00 313931323043303036303538            
25/01/25 07:22:06 0124 1                  44.895172 8.881545 00 00 313931323043303036303539            
25/01/25 07:22:10 0125 1                  44.895180 8.881542 00 00 313931323043303036303D39            
25/01/25 07:25:44 0126 1                  44.900793 8.878592 00 00 49444E434400000000478510            
25/01/25 07:25:47 0127 1                  44.900788 8.878590 00 00 323031313030433030343835            
25/01/25 07:25:48 0128 1                  44.900787 8.878592 00 00 303ACB034368C259D8B685A8            
25/01/25 07:25:48 0129 1                  44.900787 8.878592 00 00 805378522145200000000000            
25/01/25 07:25:49 0130 1                  44.900787 8.878592 00 00 3034F8224449538AB420A849            
25/01/25 07:26:30 0131 1                  44.900832 8.878568 00 00 30360392041E344001FB24A5            
25/01/25 07:26:30 0132 1                  44.900832 8.878568 00 00 3034F7CA840482C2EE0A3365            
25/01/25 07:26:30 0133 1                  44.900832 8.878568 00 00 323031313030433030343836            
25/01/25 07:26:33 0134 1                  44.900833 8.878567 00 00 3039606303BD9EC0000C83F8            
25/01/25 07:50:27 0000 s 01492ver01 44.899617 8.872058 00 00
25/01/25 07:58:22 0135 1                  44.888332 8.859472 00 00 000000000000000015997088            
25/01/25 08:16:05 0136 1                  44.900003 8.882010 00 00 313931323043303034303831            
25/01/25 08:17:05 0137 1                  44.900190 8.882662 00 00 313931323043303035303438            
25/01/25 08:17:06 0138 1                  44.900190 8.882662 00 00 313931323043303034393639            
25/01/25 08:19:24 0139 1                  44.898710 8.890483 00 00 313931323043303035383836            
25/01/25 08:20:21 0140 1                  44.898555 8.890627 00 00 49444E434400000000556215            
25/01/25 08:20:24 0141 1                  44.898553 8.890628 00 00 3035EBC4FC3209174AA3DA6C            
25/01/25 08:20:24 0142 1                  44.898553 8.890628 00 00 313931323043303131383135            
25/01/25 08:20:25 0143 1                  44.898553 8.890628 00 00 3036142C2C11AD1EBBD0297C            
25/01/25 08:20:25 0144 1                  44.898552 8.890630 00 00 1C01EA7B43DA8AF540000000            
25/01/25 08:20:25 0145 1                  44.898552 8.890630 00 00 3036142C2C11AD1EBBD0297E            
25/01/25 08:22:21 0146 1                  44.897922 8.892652 00 00 313931323043303031353533            
25/01/25 08:22:23 0147 1                  44.897918 8.892657 00 00 08886EEA1F9331800E3B1D97            
25/01/25 08:23:37 0148 1                  44.898262 8.892820 00 00 313931323043303032323033            
25/01/25 08:27:36 0149 1                  44.890667 8.891615 00 00 313931323043303031353530            
25/01/25 08:30:12 0150 1                  44.889833 8.891637 00 00 313931323043303031373737            
25/01/25 08:31:51 0151 1                  44.892180 8.892605 00 00 313931323043303032313937            
25/01/25 08:32:38 0152 1                  44.892322 8.892630 00 00 313931323043303032313939            
25/01/25 08:33:24 0153 1                  44.892442 8.892587 00 00 313931323043303133333537            
25/01/25 08:33:26 0154 1                  44.892443 8.892588 00 00 313931323043303031353439            
25/01/25 08:33:41 0155 1                  44.892450 8.892592 00 00 313931323043303031353439            
25/01/25 08:37:22 0156 1                  44.891457 8.895288 00 00 313931B23043303031313631            
25/01/25 08:39:08 0157 1                  44.890172 8.896657 00 00 313931323043303031373738            
25/01/25 08:39:08 0158 1                  44.890172 8.896657 00 00 3035EBB320460BCF224D98E4            
25/01/25 08:40:27 0159 1                  44.889520 8.896322 00 00 313931323043303035333133            
25/01/25 08:40:28 0160 1                  44.889518 8.896323 00 00 313931323043303035333136            
25/01/25 08:41:44 0161 1                  44.889002 8.896350 00 00 313931323043303033383831            
25/01/25 08:42:32 0162 1                  44.888568 8.896440 00 00 888820000125100520000165            
25/01/25 08:42:32 0163 1                  44.888568 8.896440 00 00 30360392A05C890406001202            
25/01/25 08:42:32 0164 1                  44.888568 8.896440 00 00 313931323043303032373034            
25/01/25 08:42:33 0165 1                  44.888568 8.896442 00 00 30361443F45B9A1FFA0A1F68            
25/01/25 08:42:33 0166 1                  44.888568 8.896442 00 00 30360392A0447F0406007F48            
25/01/25 08:44:48 0167 1                  44.884427 8.895423 00 00 30340C12440F64974876FD97            
25/01/25 08:44:49 0168 1                  44.884427 8.895423 00 00 313931323043303032313736            
25/01/25 08:48:05 0169 1                  44.883860 8.899948 00 00 313931323043303038343931            
25/01/25 08:50:40 0170 1                  44.886460 8.904280 00 00 313931323043303031323836            
25/01/25 08:51:35 0171 1                  44.886880 8.904495 00 00 313931323043303031323835            
25/01/25 08:52:50 0172 1                  44.888155 8.904818 00 00 313931323043303031333131            
25/01/25 08:55:19 0173 1                  44.892035 8.904505 00 00 313931323043303031333331            
25/01/25 08:58:10 0174 1                  44.894783 8.903742 00 00 313931323043303031333134            
25/01/25 08:58:10 0175 1                  44.894783 8.903742 00 00 313931323043303031333136            
25/01/25 08:58:13 0176 1                  44.894783 8.903742 00 00 3035EBC0904B399748A13211            
25/01/25 09:02:28 0177 1                  44.886217 8.903770 00 00 313931323043303031333130            
25/01/25 09:04:07 0178 1                  44.887152 8.902575 00 00 313931323043303031323739            
25/01/25 09:08:05 0179 1                  44.884063 8.903825 00 00 313932343043303030353036            
25/01/25 09:11:41 0180 1                  44.885167 8.907568 00 00 313931323043303035333135            
25/01/25 09:13:00 0181 1                  44.885017 8.908018 00 00 313931323043303132333435            
25/01/25 09:13:03 0182 1                  44.885022 8.908022 00 00 313931323043303132333633            
25/01/25 09:13:03 0183 1                  44.885022 8.908022 00 00 30396062437A3FC1E52CF229            
25/01/25 09:13:04 0184 1                  44.885025 8.908023 00 00 08505BE47A01A98001B14D37            
25/01/25 09:14:42 0185 1                  44.884967 8.908398 00 00 31383132304A303130393735            
25/01/25 09:14:42 0186 1                  44.884965 8.908400 00 00 313931323043303131393138            
25/01/25 09:14:43 0187 1                  44.884965 8.908400 00 00 30396061C3C283423CF4FA7A            
25/01/25 09:15:46 0188 1                  44.885243 8.908615 00 00 313931323043303032343434            
25/01/25 09:15:46 0189 1                  44.885243 8.908615 00 00 313931323043303032343435            
25/01/25 09:16:01 0190 1                  44.885250 8.908632 00 00 313931323043303032343433            
25/01/25 09:22:29 0191 1                  44.897122 8.905237 00 00 313931323043303031373631            
25/01/25 09:24:36 0192 1                  44.898798 8.906188 00 00 313931323043303035383930            
25/01/25 09:24:36 0193 1                  44.898800 8.906187 00 00 313931323043303035383839            
25/01/25 09:28:15 0194 1                  44.901567 8.905480 00 00 3230313130304A3030313634            
25/01/25 09:28:15 0195 1                  44.901567 8.905480 00 00 3034F8373454544C3500C635            
25/01/25 09:28:15 0196 1                  44.901567 8.905480 00 00 3034F836F45249C2EE0458E1            
25/01/25 09:34:58 0197 1                  44.904715 8.900857 00 00 313931323043303031333839            
25/01/25 09:36:54 0198 1                  44.905373 8.899895 00 00 313931323043303035363834            
25/01/25 09:36:56 0199 1                  44.905372 8.899893 00 00 3036143DD4317F82CB427CD3            
25/01/25 09:36:57 0200 1                  44.905370 8.899893 00 00 313931323043303035763834            
25/01/25 09:43:01 0201 1                  44.904262 8.898833 00 00 3231303234304A3030313831            
25/01/25 09:43:56 0202 1                  44.904693 8.899008 00 00 313931323043303032343531            
25/01/25 09:44:54 0203 1                  44.905370 8.899292 00 00 313931323043303032343532            
25/01/25 09:45:43 0204 1                  44.905640 8.898828 00 00 313931323043303035323539            
25/01/25 09:48:38 0205 1                  44.907147 8.892125 00 00 3230313130304A3030303132            
25/01/25 09:50:16 0206 1                  44.907275 8.891487 00 00 3230313130304A3030303336            
25/01/25 09:50:40 0207 1                  44.907277 8.891487 00 00 3230313130304A3030303938            
25/01/25 09:51:26 0208 1                  44.907292 8.891485 00 00 3232313130304A3030323639            
25/01/25 10:08:45 0209 1                  44.957247 8.934940 00 00 3138313138304A3030313535            
25/01/25 10:08:59 0210 1                  44.957248 8.934937 00 00 3138313130304A3030313535            
25/01/25 10:09:38 0211 1                  44.957278 8.934938 00 00 3230313130304A3030383934            
25/01/25 10:11:23 0212 1                  44.957270 8.934960 00 00 3138313130304A3030313536            
25/01/25 10:12:03 0213 1                  44.957265 8.934955 00 00 3231313130304A3031313935            
25/01/25 10:16:22 0214 1                  44.962903 8.935525 00 00 E28011A0A501006197ACE02B            
25/01/25 10:29:29 0215 1                  44.980540 8.887037 00 00 313931323043303132303630            
25/01/25 10:46:03 0216 1                  44.913170 8.871288 00 00 3034F8372C4A264AB41DBBFA            
25/01/25 11:00:14 0217 1                  44.882292 8.859978 00 00 30395DFA82D1C74000308B34            
