27/01/25 05:06:54 0000 s 01496ver01 44.882557 8.859738 00 00
27/01/25 10:05:45 0000 s 01496ver01 44.882350 8.859863 00 00
27/01/25 10:52:40 0000 s 01496ver01 44.882205 8.860028 00 00
27/01/25 11:34:50 0001 1                  44.907685 8.839270 00 00 313931323045303630323237            
27/01/25 11:39:01 0002 1                  44.910895 8.832357 00 00 3234303132304A3030333836            
27/01/25 11:49:23 0003 1                  44.913583 8.831943 00 00 313831323045303235313034            
27/01/25 11:50:39 0004 1                  44.913183 8.831728 00 00 313931323045303630333735            
27/01/25 11:53:00 0005 1                  44.911235 8.835272 00 00 313831323045303235333033            
27/01/25 11:54:44 0006 1                  44.911927 8.835448 00 00 313831323045303235353136            
27/01/25 11:54:48 0007 1                  44.911918 8.835445 00 00 313932343050303030333835            
27/01/25 12:02:49 0008 1                  44.921915 8.842862 00 00 08488BC6538FF8890081B392            
27/01/25 12:02:52 0009 1                  44.921917 8.842862 00 00 313932343050303030343835            
27/01/25 12:02:52 0010 1                  44.921917 8.842862 00 00 313931323050303131343937            
27/01/25 12:07:21 0011 1                  44.928682 8.840570 00 00 303ACB03432E549AC688C394            
27/01/25 12:07:22 0012 1                  44.928680 8.840567 00 00 313831323045303235363631            
27/01/25 12:14:44 0013 1                  44.940415 8.828422 00 00 313931323045303630313332            
27/01/25 12:16:31 0014 1                  44.939468 8.831303 00 00 313931323045303630313434            
27/01/25 12:22:05 0015 1                  44.946395 8.828613 00 00 313931323045303630303739            
27/01/25 12:25:35 0016 1                  44.939645 8.824307 00 00 3231313130304A3030323339            
27/01/25 12:27:05 0017 1                  44.939628 8.824317 00 00 323031313030503030313238            
27/01/25 12:29:40 0018 1                  44.933622 8.825197 00 00 313931323050303031393034            
27/01/25 12:30:51 0019 1                  44.933622 8.824858 00 00 313931323045303630313533            
27/01/25 12:31:54 0020 1                  44.933558 8.824418 00 00 313831323045303234363133            
27/01/25 12:34:26 0021 1                  44.932737 8.816162 00 00 313831323045303139363132            
27/01/25 12:35:30 0022 1                  44.932688 8.815702 00 00 313931323045303630343337            
27/01/25 12:37:41 0023 1                  44.932623 8.815188 00 00 313831323045303234363237            
27/01/25 12:37:41 0024 1                  44.932623 8.815188 00 00 313831323045303234343237            
27/01/25 12:39:19 0025 1                  44.932490 8.814088 00 00 313932343050303030343437            
27/01/25 12:40:34 0026 1                  44.932333 8.812765 00 00 313831323045303235373536            
27/01/25 12:43:12 0027 1                  44.930613 8.811515 00 00 313831323045303138353933            
27/01/25 12:43:12 0028 1                  44.930613 8.811515 00 00 313831323045303138353932            
27/01/25 12:48:29 0029 1                  44.928693 8.828493 00 00 313931323045303630323031            
27/01/25 12:50:11 0030 1                  44.922902 8.830653 00 00 313931323045303630323039            
27/01/25 12:51:14 0031 1                  44.922438 8.830823 00 00 313931323045303630323036            
27/01/25 12:51:23 0032 1                  44.922443 8.830828 00 00 313931323045303630323036            
27/01/25 12:55:03 0033 1                  44.915178 8.828153 00 00 3039613540B44749502F907D            
27/01/25 12:55:04 0034 1                  44.915178 8.828152 00 00 313831323045303235373035            
27/01/25 12:56:00 0035 1                  44.915405 8.828257 00 00 313931323050303037373238            
27/01/25 12:58:46 0036 1                  44.915195 8.829000 00 00 313931323045303630363038            
27/01/25 12:59:50 0037 1                  44.915490 8.828730 00 00 313831323045303235343930            
27/01/25 13:02:27 0038 1                  44.919363 8.821445 00 00 313831323045303235373236            
27/01/25 13:02:27 0039 1                  44.919363 8.821445 00 00 313831323045303233333833            
27/01/25 13:04:51 0040 1                  44.919843 8.820862 00 00 323031313030503030303139            
27/01/25 13:08:31 0041 1                  44.925263 8.809277 00 00 313931323050303037383531            
27/01/25 13:09:44 0042 1                  44.921665 8.808557 00 00 3039613540B44749502F907D            
27/01/25 13:11:42 0043 1                  44.918400 8.802497 00 00 313931323050303034313035            
27/01/25 13:15:46 0044 1                  44.905262 8.799717 00 00 313831323045303235323533            
27/01/25 13:19:04 0045 1                  44.909985 8.797445 00 00 313831323045303235343933            
27/01/25 13:23:26 0046 1                  44.905277 8.808997 00 00 313931323045303630323831            
27/01/25 13:24:54 0047 1                  44.905130 8.810830 00 00 313831323045303235373334            
27/01/25 13:25:04 0048 1                  44.905102 8.810840 00 00 313831323045303235373333            
27/01/25 13:25:30 0049 1                  44.905085 8.810847 00 00 313831323045303235373336            
27/01/25 13:27:06 0050 1                  44.904812 8.813517 00 00 313831323045303235303039            
27/01/25 13:28:01 0051 1                  44.904672 8.814013 00 00 313831323045303235303130            
27/01/25 13:29:06 0052 1                  44.904590 8.814435 00 00 313831323045303231363038            
27/01/25 13:31:24 0053 1                  44.903535 8.830897 00 00 313831323045303235343837            
27/01/25 13:32:47 0054 1                  44.903652 8.831490 00 00 313931323050303035343634            
27/01/25 13:37:05 0055 1                  44.904267 8.834220 00 00 313831323045303235343931            
27/01/25 13:37:14 0056 1                  44.904270 8.834220 00 00 313831323045303235373635            
27/01/25 13:39:43 0057 1                  44.902102 8.837308 00 00 31383132304A303233343132            
27/01/25 13:44:04 0058 1                  44.906732 8.835073 00 00 313831323045303235353537            
27/01/25 13:45:42 0059 1                  44.907595 8.832232 00 00 313831323045303234363134            
27/01/25 13:45:42 0060 1                  44.907595 8.832232 00 00 303965E2038023C9502FDDA6            
27/01/25 13:47:49 0061 1                  44.906620 8.836278 00 00 323031313030503030313738            
27/01/25 13:52:51 0062 1                  44.895030 8.842837 00 00 313931323045303630333230            
27/01/25 13:54:21 0063 1                  44.894840 8.841128 00 00 3234303132304A3030393637            
27/01/25 13:54:24 0064 1                  44.894840 8.841127 00 00 313831323045303230323136            
27/01/25 13:59:16 0065 1                  44.894770 8.840863 00 00 303965E2038023C9502FDDA6            
27/01/25 13:59:27 0066 1                  44.894778 8.840853 00 00 313932343050303030333836            
27/01/25 14:00:43 0067 1                  44.894788 8.840045 00 00 3039606303BD98C0000A600C            
27/01/25 14:00:55 0068 1                  44.894772 8.840048 00 00 313932343050303030343530            
27/01/25 14:03:25 0069 1                  44.894670 8.836465 00 00 323031313030503030323030            
27/01/25 14:05:18 0070 1                  44.894613 8.835630 00 00 313831323045303230303032            
27/01/25 14:05:26 0071 1                  44.894618 8.835632 00 00 313931323050303035343237            
27/01/25 14:08:17 0072 1                  44.895048 8.835073 00 00 3315E850C000008000101515            
27/01/25 14:08:20 0073 1                  44.895053 8.835077 00 00 3231313130304A3031323937            
27/01/25 14:08:58 0074 1                  44.895112 8.835070 00 00 313932343050303030333236            
27/01/25 14:13:28 0075 1                  44.895367 8.829953 00 00 3234303234304A3030343336            
27/01/25 14:15:49 0076 1                  44.894805 8.828743 00 00 313931323045303630313433            
27/01/25 14:17:34 0077 1                  44.894433 8.828867 00 00 313831323045303235323434            
27/01/25 14:17:38 0078 1                  44.894435 8.828867 00 00 313831323045303230323536            
27/01/25 14:20:41 0079 1                  44.894505 8.827798 00 00 313831323045303235373238            
27/01/25 14:21:50 0080 1                  44.894513 8.827335 00 00 313831323045303235393433            
27/01/25 14:23:35 0081 1                  44.894625 8.824652 00 00 323031313030503030313737            
27/01/25 14:28:54 0082 1                  44.893455 8.803587 00 00 313931323050303032343230            
27/01/25 14:31:56 0083 1                  44.892303 8.806258 00 00 3231313130304A3032353937            
27/01/25 14:34:03 0084 1                  44.893465 8.812568 00 00 313931323045303235323437            
27/01/25 14:36:49 0085 1                  44.893095 8.812913 00 00 313831323045303235323530            
27/01/25 14:36:50 0086 1                  44.893093 8.812910 00 00 313831323045303235323439            
27/01/25 14:37:30 0087 1                  44.893058 8.812888 00 00 313831323045303235323438            
27/01/25 14:38:56 0088 1                  44.893372 8.812975 00 00 313931323045303630333132            
27/01/25 14:39:01 0089 1                  44.893373 8.812977 00 00 313931323045303630333131            
27/01/25 14:42:15 0090 1                  44.893587 8.814183 00 00 313931323050303035393939            
27/01/25 14:47:56 0091 1                  44.894010 8.818552 00 00 313831323045303234363131            
27/01/25 14:47:56 0092 1                  44.894012 8.818552 00 00 313831323045303234353730            
27/01/25 14:50:00 0093 1                  44.894155 8.821142 00 00 323031313030503030313136            
27/01/25 14:51:03 0094 1                  44.894157 8.821157 00 00 313831323045303235393430            
27/01/25 14:54:12 0095 1                  44.893152 8.824607 00 00 3232313130304A3030333032            
27/01/25 14:56:28 0096 1                  44.893135 8.824643 00 00 323031313030503030323638            
27/01/25 14:57:51 0097 1                  44.893135 8.824663 00 00 3232313130304A3030333033            
27/01/25 14:58:58 0098 1                  44.893108 8.824632 00 00 3231313130304A3031333635            
27/01/25 15:00:31 0099 1                  44.894188 8.824862 00 00 313831323045303234353636            
27/01/25 15:03:08 0100 1                  44.894342 8.827043 00 00 313831323045303235383031            
27/01/25 15:05:05 0101 1                  44.894372 8.827787 00 00 313831323045303138373836            
27/01/25 15:06:07 0102 1                  44.894332 8.827777 00 00 313931323050303033353834            
27/01/25 15:11:23 0103 1                  44.894430 8.836785 00 00 3231303234304A3034373633            
27/01/25 15:12:11 0104 1                  44.894445 8.836798 00 00 313931323045303630333236            
27/01/25 15:14:07 0105 1                  44.894448 8.837127 00 00 25759769A6831394D7C31DB0            
27/01/25 15:31:07 0000 s 01496ver01 44.908397 8.866990 00 00
27/01/25 15:54:51 0000 s 01496ver01 44.905608 8.868763 00 00
27/01/25 16:07:02 0000 s 01496ver01 44.882438 8.859913 00 00
