27/01/25 04:38:51 0000 s 01884ver01 0 0 00 00
27/01/25 05:09:57 0001 1                  44.889268 8.853375 00 00 323030323545303032353231            
27/01/25 05:11:10 0002 1                  44.889195 8.853327 00 00 323030323545303033303733            
27/01/25 05:39:18 0003 1                  44.887183 8.854187 00 00 31383032334D303135303432            
27/01/25 07:06:55 0000 s 01884ver01 44.882603 8.859888 00 00
27/01/25 07:43:18 0004 1                  44.849060 8.884758 00 00 31383032334D303137343039            
27/01/25 07:50:06 0005 1                  44.849357 8.888612 00 00 31383032334D303038353233            
27/01/25 08:02:03 0006 1                  44.849363 8.888315 00 00 31383032334D303133333831            
27/01/25 09:17:51 0007 1                  44.848442 8.892058 00 00 31383032334D303137333537            
27/01/25 09:32:10 0008 1                  44.853432 8.903377 00 00 3231303032334D3031353935            
27/01/25 10:11:18 0009 1                  44.851825 8.885692 00 00 31383032334D303137323430            
27/01/25 10:13:25 0010 1                  44.850860 8.886132 00 00 31383032334D303137353539            
27/01/25 10:32:20 0011 1                  44.847087 8.889798 00 00 31383032334D303137343431            
