04/11/25 05:00:14 0000 s 01504ver01 44.778827 8.755958 00 00
04/11/25 05:35:32 0001 1                  44.723050 8.857762 00 00 31383032334D303033383533            
04/11/25 05:35:58 0002 1                  44.723068 8.857803 00 00 3234303032334D3032323536            
04/11/25 05:36:51 0003 1                  44.723107 8.857832 00 00 3231303132304A3037343337            
04/11/25 05:37:03 0004 1                  44.723122 8.857812 00 00 300ED89F3350015A1DF59235            
04/11/25 05:37:41 0005 1                  44.722640 8.857940 00 00 31383032334D303139363931            
04/11/25 05:38:20 0006 1                  44.722697 8.858452 00 00 313831323045303039303230            
04/11/25 05:39:37 0007 1                  44.722698 8.858848 00 00 31383032334D303037383637            
04/11/25 05:39:43 0008 1                  44.722708 8.858862 00 00 3232303032334D3030303839            
04/11/25 05:39:59 0009 1                  44.722722 8.858863 00 00 31383032334D303037393535            
04/11/25 05:40:54 0010 1                  44.723098 8.858675 00 00 3234303032334D3030313435            
04/11/25 05:40:58 0011 1                  44.723102 8.858677 00 00 3234303032334D3031333539            
04/11/25 05:41:49 0012 1                  44.723223 8.858573 00 00 3232303032334D3031343332            
04/11/25 05:42:32 0013 1                  44.723662 8.857825 00 00 31383032334D303139323239            
04/11/25 05:42:38 0014 1                  44.723652 8.857808 00 00 31383032334D303037363032            
04/11/25 05:42:46 0015 1                  44.723640 8.857792 00 00 3233303032334D3030313236            
04/11/25 05:42:54 0016 1                  44.723638 8.857788 00 00 3232303032334D3031393338            
04/11/25 05:43:00 0017 1                  44.723633 8.857785 00 00 3234303032334D3032333538            
04/11/25 05:43:31 0018 1                  44.723673 8.857770 00 00 3232303032334D3030343835            
04/11/25 05:43:47 0019 1                  44.723675 8.857760 00 00 3232303032334D3031343537            
04/11/25 05:44:03 0020 1                  44.723647 8.857773 00 00 3232303032334D3031343631            
04/11/25 05:44:10 0021 1                  44.723640 8.857783 00 00 31383032334D303036363634            
04/11/25 05:44:18 0022 1                  44.723637 8.857797 00 00 31383032334D303037363031            
04/11/25 05:44:38 0023 1                  44.723642 8.857812 00 00 31383032334D303135313535            
04/11/25 05:46:19 0024 1                  44.722510 8.858100 00 00 31383032334D303133303731            
04/11/25 05:46:25 0025 1                  44.722507 8.858103 00 00 3234303032334D3031333838            
04/11/25 05:46:44 0026 1                  44.722498 8.858102 00 00 3232303032334D3031363637            
04/11/25 05:47:18 0027 1                  44.722492 8.858085 00 00 3232303032334D3030363434            
04/11/25 05:47:57 0028 1                  44.722495 8.858183 00 00 31383032334D303037363438            
04/11/25 05:48:03 0029 1                  44.722492 8.858165 00 00 3234303032334D3032333133            
04/11/25 05:48:22 0030 1                  44.722485 8.858148 00 00 3232303032334D3030343931            
04/11/25 05:49:49 0031 1                  44.722193 8.857778 00 00 31383032334D303139333936            
04/11/25 05:50:12 0032 1                  44.722090 8.857773 00 00 31383032334D303139333533            
04/11/25 05:50:22 0033 1                  44.722058 8.857778 00 00 31383032334D303130333131            
04/11/25 05:50:34 0034 1                  44.722033 8.857805 00 00 3231303032334D3032343337            
04/11/25 05:50:46 0035 1                  44.722017 8.857832 00 00 31383032334D303130333135            
04/11/25 05:51:45 0036 1                  44.721980 8.857778 00 00 31383032334D303037373833            
04/11/25 05:51:55 0037 1                  44.721983 8.857783 00 00 31383032334D303037373832            
04/11/25 05:52:05 0038 1                  44.721990 8.857783 00 00 31383032334D303139373339            
04/11/25 05:52:17 0039 1                  44.722005 8.857767 00 00 3232303032334D3030353433            
04/11/25 05:52:24 0040 1                  44.722015 8.857758 00 00 31383032334D303139303632            
04/11/25 05:52:36 0041 1                  44.722023 8.857745 00 00 31383032334D303139353335            
04/11/25 05:52:58 0042 1                  44.721997 8.857762 00 00 300ED89F3350015A1DF59235            
04/11/25 05:54:01 0043 1                  44.722083 8.857388 00 00 31383132304A303039323139            
04/11/25 05:55:15 0044 1                  44.721980 8.857367 00 00 31383032334D303037383537            
04/11/25 05:55:19 0045 1                  44.721962 8.857370 00 00 31383032334D303037383538            
04/11/25 05:55:29 0046 1                  44.721947 8.857373 00 00 31383032334D303037393639            
04/11/25 05:55:33 0047 1                  44.721943 8.857372 00 00 3232303032334D3030373138            
04/11/25 05:55:49 0048 1                  44.721950 8.857378 00 00 31383032334D303139363133            
04/11/25 05:55:57 0049 1                  44.721950 8.857378 00 00 3234303032334D3032303536            
04/11/25 05:56:09 0050 1                  44.721943 8.857367 00 00 3232303032334D3031383338            
04/11/25 05:56:16 0051 1                  44.721937 8.857362 00 00 31383032334D303133303333            
04/11/25 05:56:36 0052 1                  44.721925 8.857343 00 00 31383032334D303137363736            
04/11/25 05:56:40 0053 1                  44.721923 8.857343 00 00 31383032334D303133303735            
04/11/25 05:57:33 0054 1                  44.721868 8.857617 00 00 31383032334D303033383735            
04/11/25 05:57:43 0055 1                  44.721862 8.857652 00 00 31383032334D303033383733            
04/11/25 05:57:55 0056 1                  44.721865 8.857668 00 00 31383032334D303139373333            
04/11/25 05:58:05 0057 1                  44.721863 8.857675 00 00 31383032334D303033383734            
04/11/25 05:58:21 0058 1                  44.721878 8.857703 00 00 31383032334D303032323830            
04/11/25 05:59:08 0059 1                  44.721838 8.857720 00 00 31383032334D303130303039            
04/11/25 05:59:12 0060 1                  44.721842 8.857723 00 00 31383032334D303037393436            
04/11/25 05:59:29 0061 1                  44.721835 8.857715 00 00 31383032334D303139363736            
04/11/25 05:59:33 0062 1                  44.721835 8.857707 00 00 3235303032334D3030323436            
04/11/25 05:59:43 0063 1                  44.721813 8.857708 00 00 31383032334D303139323530            
04/11/25 06:00:26 0064 1                  44.721803 8.857928 00 00 31383032334D303133313538            
04/11/25 06:01:33 0065 1                  44.722343 8.856872 00 00 31383032334D303130313438            
04/11/25 06:01:41 0066 1                  44.722368 8.856915 00 00 31383032334D303037363338            
04/11/25 06:01:49 0067 1                  44.722388 8.856943 00 00 31383032334D303032373535            
04/11/25 06:01:57 0068 1                  44.722392 8.856947 00 00 31383032334D303130313432            
04/11/25 06:02:01 0069 1                  44.722393 8.856948 00 00 31383032334D303130313339            
04/11/25 06:02:42 0070 1                  44.722498 8.857357 00 00 3234303032334D3030323335            
04/11/25 06:02:48 0071 1                  44.722507 8.857365 00 00 31383032334D303037383134            
04/11/25 06:03:16 0072 1                  44.722532 8.857378 00 00 3231303032334D3032363037            
04/11/25 06:05:47 0073 1                  44.721937 8.858650 00 00 31383032334D303130303036            
04/11/25 06:06:44 0074 1                  44.721912 8.858657 00 00 31383032334D303139333131            
04/11/25 06:07:31 0075 1                  44.721835 8.858757 00 00 300ED89F3350015A1DF59235            
04/11/25 06:08:13 0076 1                  44.721885 8.858643 00 00 3233303132304A3032303535            
04/11/25 06:09:12 0077 1                  44.721810 8.858552 00 00 31383032334D303037363732            
04/11/25 06:09:20 0078 1                  44.721803 8.858555 00 00 3234303032334D3030333635            
04/11/25 06:09:37 0079 1                  44.721800 8.858562 00 00 313831323045303039313633            
04/11/25 06:09:39 0080 1                  44.721798 8.858563 00 00 31383032334D303139333630            
04/11/25 06:11:29 0081 1                  44.721773 8.858575 00 00 3234303032334D3031373234            
04/11/25 06:12:17 0082 1                  44.721775 8.858583 00 00 31383032334D303130303132            
04/11/25 06:12:19 0083 1                  44.721777 8.858587 00 00 31383032334D303130303132            
04/11/25 06:12:21 0084 1                  44.721777 8.858590 00 00 31383032334D303139323135            
04/11/25 06:13:35 0085 1                  44.721457 8.858723 00 00 31383032334D303037373931            
04/11/25 06:13:39 0086 1                  44.721453 8.858720 00 00 3231303032334D3031313836            
04/11/25 06:14:21 0087 1                  44.721410 8.858705 00 00 31383032334D303037363039            
04/11/25 06:14:26 0088 1                  44.721408 8.858703 00 00 31383032334D303037363038            
04/11/25 06:14:38 0089 1                  44.721397 8.858695 00 00 31383032334D303139333539            
04/11/25 06:15:33 0090 1                  44.721187 8.858707 00 00 31383032334D303139303631            
04/11/25 06:15:39 0091 1                  44.721187 8.858703 00 00 31383032334D303132383337            
04/11/25 06:16:52 0092 1                  44.721005 8.859047 00 00 31383032334D303133303133            
04/11/25 06:16:52 0093 1                  44.721005 8.859047 00 00 31383032334D303130373337            
04/11/25 06:16:58 0094 1                  44.720982 8.859078 00 00 31383032334D303133303133            
04/11/25 06:17:19 0095 1                  44.720872 8.859218 00 00 31383032334D303130333338            
04/11/25 06:18:38 0096 1                  44.720818 8.859183 00 00 3232303032334D3031343333            
04/11/25 06:21:23 0097 1                  44.720645 8.858353 00 00 31383032334D303130313134            
04/11/25 06:22:06 0098 1                  44.720675 8.858503 00 00 323031323055303030333631            
04/11/25 06:23:23 0099 1                  44.720527 8.858863 00 00 31383032334D303038313037            
04/11/25 06:24:09 0100 1                  44.720147 8.858937 00 00 323030323545303039353432            
04/11/25 06:24:13 0101 1                  44.720137 8.858947 00 00 323030323545303037363131            
04/11/25 06:24:17 0102 1                  44.720128 8.858955 00 00 31383032334D303134383035            
04/11/25 06:24:42 0103 1                  44.720112 8.858978 00 00 3234303032334D3032333433            
04/11/25 06:25:33 0104 1                  44.720108 8.859025 00 00 313831323045303039313137            
04/11/25 06:26:54 0105 1                  44.719040 8.859398 00 00 3235303032334D3030353539            
04/11/25 06:27:47 0106 1                  44.718817 8.859477 00 00 3234303032334D3031393035            
04/11/25 06:27:53 0107 1                  44.718813 8.859477 00 00 31383032334D303038313435            
04/11/25 06:28:52 0108 1                  44.718267 8.858847 00 00 31383032334D303038323138            
04/11/25 06:29:08 0109 1                  44.718255 8.858807 00 00 31383032334D303038323935            
04/11/25 06:29:47 0110 1                  44.717255 8.857738 00 00 31383032334D303038313230            
04/11/25 06:30:01 0111 1                  44.717205 8.857678 00 00 3234303032334D3031313930            
04/11/25 06:31:00 0112 1                  44.716052 8.856697 00 00 31383032334D303033363830            
04/11/25 06:31:06 0113 1                  44.716048 8.856673 00 00 300ED89F3350015A1DF59235            
04/11/25 06:31:30 0114 1                  44.715700 8.856465 00 00 31383032334D303038323933            
04/11/25 06:33:14 0115 1                  44.711308 8.856577 00 00 31383032334D303038333239            
04/11/25 06:35:57 0116 1                  44.718215 8.858945 00 00 3235303234304A3031313137            
04/11/25 06:37:06 0117 1                  44.718495 8.859233 00 00 31383032334D303130323331            
04/11/25 06:37:59 0118 1                  44.718493 8.858992 00 00 31383032334D303037393836            
04/11/25 06:38:07 0119 1                  44.718512 8.858967 00 00 3235303032334D3030383837            
04/11/25 06:38:58 0120 1                  44.718623 8.858840 00 00 31383032334D303130323136            
04/11/25 06:39:04 0121 1                  44.718638 8.858848 00 00 31383032334D303038303232            
04/11/25 06:40:03 0122 1                  44.719233 8.858472 00 00 31383032334D303038323136            
04/11/25 06:40:50 0123 1                  44.719215 8.858438 00 00 31383032334D303130313730            
04/11/25 06:41:40 0124 1                  44.719445 8.858503 00 00 31383032334D303130333836            
04/11/25 06:41:44 0125 1                  44.719455 8.858520 00 00 31383032334D303130333835            
04/11/25 06:41:46 0126 1                  44.719462 8.858533 00 00 300ED89F3350015A1DF59235            
04/11/25 06:42:24 0127 1                  44.719692 8.858392 00 00 3232303032334D3031313734            
04/11/25 06:43:02 0128 1                  44.719768 8.858200 00 00 31383032334D303130313536            
04/11/25 06:44:03 0129 1                  44.719838 8.858142 00 00 3235303032334D3030383534            
04/11/25 06:44:09 0130 1                  44.719860 8.858132 00 00 31383032334D303139353334            
04/11/25 06:44:37 0131 1                  44.719982 8.858147 00 00 31383032334D303130333734            
04/11/25 06:45:00 0132 1                  44.719973 8.858178 00 00 31383032334D303130333736            
04/11/25 06:45:42 0133 1                  44.719903 8.858032 00 00 31383032334D303038323433            
04/11/25 06:45:46 0134 1                  44.719895 8.858020 00 00 31383032334D303130343030            
04/11/25 06:46:31 0135 1                  44.719968 8.857928 00 00 31383032334D303130303736            
04/11/25 06:47:59 0136 1                  44.720580 8.858130 00 00 31383032334D303139353536            
04/11/25 06:48:05 0137 1                  44.720587 8.858135 00 00 31383032334D303139353535            
04/11/25 06:49:26 0138 1                  44.720392 8.858445 00 00 31383032334D303130323837            
04/11/25 06:49:32 0139 1                  44.720385 8.858497 00 00 31383032334D303130313836            
04/11/25 06:49:42 0140 1                  44.720382 8.858545 00 00 3233303032334D3030313632            
04/11/25 06:49:58 0141 1                  44.720405 8.858607 00 00 31383032334D303130303531            
04/11/25 06:50:45 0142 1                  44.720440 8.858707 00 00 31383032334D303139323136            
04/11/25 06:52:15 0143 1                  44.718110 8.859632 00 00 3235303032334D3030353136            
04/11/25 06:52:19 0144 1                  44.718110 8.859645 00 00 3235303032334D3030313632            
04/11/25 06:54:41 0145 1                  44.709842 8.861190 00 00 31383032334D303038303839            
04/11/25 06:54:45 0146 1                  44.709828 8.861202 00 00 31383032334D303038303930            
04/11/25 06:55:28 0147 1                  44.709080 8.861483 00 00 31383032334D303038313336            
04/11/25 06:56:13 0148 1                  44.708977 8.861472 00 00 31383032334D303038303334            
04/11/25 07:00:13 0149 1                  44.707673 8.862947 00 00 31383032334D303038303532            
04/11/25 07:01:22 0150 1                  44.709168 8.861660 00 00 3232303032334D3030343339            
04/11/25 07:02:21 0151 1                  44.709565 8.861458 00 00 31383032334D303139333939            
04/11/25 07:02:43 0152 1                  44.709587 8.861453 00 00 3231303132304A3037363232            
04/11/25 07:04:27 0153 1                  44.710387 8.861523 00 00 31383032334D303131313036            
04/11/25 07:05:14 0154 1                  44.709653 8.861843 00 00 3234303032334D3030383938            
04/11/25 07:07:18 0155 1                  44.704193 8.856137 00 00 3231303032334D3031323337            
04/11/25 07:07:59 0156 1                  44.703865 8.855925 00 00 31383032334D303036363335            
04/11/25 07:11:21 0157 1                  44.700127 8.846948 00 00 3233303234304A3030323239            
04/11/25 07:11:23 0158 1                  44.700125 8.846947 00 00 3231303032334D3030353438            
04/11/25 07:12:12 0159 1                  44.700102 8.846917 00 00 300ED89F3350015A1DF59235            
04/11/25 07:29:00 0160 1                  44.703415 8.851917 00 00 300ED89F3350015A1DF59235            
04/11/25 07:34:46 0161 1                  44.720027 8.859513 00 00 3234303032334D3030373033            
04/11/25 07:34:54 0162 1                  44.720005 8.859482 00 00 31383032334D303130313830            
04/11/25 07:35:00 0163 1                  44.720002 8.859448 00 00 31383032334D303130323531            
04/11/25 07:35:37 0164 1                  44.719928 8.859473 00 00 31383032334D303036353139            
04/11/25 07:36:46 0165 1                  44.719318 8.859673 00 00 31383032334D303130333532            
04/11/25 07:36:54 0166 1                  44.719308 8.859678 00 00 31383032334D303130313737            
04/11/25 07:40:30 0167 1                  44.720502 8.861153 00 00 3234303032334D3032333430            
04/11/25 07:42:22 0168 1                  44.720757 8.862135 00 00 3232303032334D3031303131            
04/11/25 07:42:28 0169 1                  44.720760 8.862130 00 00 3235303032334D3030343735            
04/11/25 07:42:42 0170 1                  44.720762 8.862125 00 00 31383032334D303131313675            
04/11/25 07:42:50 0171 1                  44.720765 8.862127 00 00 31383032334D303130303630            
04/11/25 07:43:51 0172 1                  44.720573 8.862168 00 00 31383032334D303038333132            
04/11/25 07:44:38 0173 1                  44.720580 8.862163 00 00 3231303032334D3033323735            
04/11/25 07:46:14 0174 1                  44.720775 8.863107 00 00 31383032334D303134373531            
04/11/25 07:46:22 0175 1                  44.720810 8.863130 00 00 3234303032334D3030383335            
04/11/25 07:46:28 0176 1                  44.720825 8.863137 00 00 3231303032334D3031373830            
04/11/25 07:48:01 0177 1                  44.721100 8.863013 00 00 31383032334D303134393135            
04/11/25 07:48:25 0178 1                  44.721115 8.863015 00 00 31383032334D303134373532            
04/11/25 07:50:01 0179 1                  44.718290 8.863580 00 00 3233303032334D3030343433            
04/11/25 07:50:27 0180 1                  44.718203 8.863593 00 00 31383032334D303134343630            
04/11/25 07:51:08 0181 1                  44.717872 8.863617 00 00 31383032334D303134353836            
04/11/25 07:51:14 0182 1                  44.717850 8.863622 00 00 31383032334D303134363031            
04/11/25 07:52:13 0183 1                  44.717613 8.863417 00 00 31383032334D303033363737            
04/11/25 07:52:19 0184 1                  44.717612 8.863407 00 00 31383032334D303037383937            
04/11/25 07:52:25 0185 1                  44.717612 8.863393 00 00 31383032334D303033363736            
04/11/25 07:53:04 0186 1                  44.717598 8.863652 00 00 31383032334D303033363735            
04/11/25 07:54:27 0187 1                  44.719997 8.863908 00 00 31383032334D303038333131            
04/11/25 07:55:22 0188 1                  44.720032 8.864375 00 00 3231303032334D3032313137            
04/11/25 07:55:34 0189 1                  44.720032 8.864402 00 00 3234303032334D3031383634            
04/11/25 07:55:41 0190 1                  44.720032 8.864403 00 00 3234303032334D3030383931            
04/11/25 07:55:55 0191 1                  44.720030 8.864413 00 00 31383032334D303038323430            
04/11/25 07:56:17 0192 1                  44.720022 8.864433 00 00 300ED89F3350015A1DF59235            
04/11/25 07:57:57 0193 1                  44.720473 8.864060 00 00 3232303032334D3030373536            
04/11/25 07:58:23 0194 1                  44.720490 8.864110 00 00 31383032334D303139363037            
04/11/25 07:58:34 0195 1                  44.720488 8.864110 00 00 31383032334D303130323936            
04/11/25 07:58:40 0196 1                  44.720488 8.864107 00 00 31383032334D303130313039            
04/11/25 07:58:44 0197 1                  44.720493 8.864117 00 00 31383032334D303130313037            
04/11/25 07:58:52 0198 1                  44.720492 8.864110 00 00 323030323545303030373530            
04/11/25 07:59:30 0199 1                  44.720855 8.864288 00 00 31383032334D303130313130            
04/11/25 08:00:09 0200 1                  44.721408 8.864800 00 00 31383032334D303038313638            
04/11/25 08:00:54 0201 1                  44.721708 8.865030 00 00 31383032334D303139333439            
04/11/25 08:01:24 0202 1                  44.721860 8.865058 00 00 31383032334D303135303536            
04/11/25 08:02:50 0203 1                  44.720823 8.864147 00 00 31383032334D303030303537            
04/11/25 08:02:54 0204 1                  44.720823 8.864148 00 00 31383032334D303139323235            
04/11/25 08:03:10 0205 1                  44.720817 8.864163 00 00 31383032334D303139353736            
04/11/25 08:03:43 0206 1                  44.721002 8.864100 00 00 31383032334D303038323339            
04/11/25 08:03:49 0207 1                  44.721005 8.864100 00 00 31383032334D303038333533            
04/11/25 08:04:40 0208 1                  44.721167 8.864150 00 00 31383032334D303130323631            
04/11/25 08:04:44 0209 1                  44.721170 8.864153 00 00 3233303032334D3030343834            
04/11/25 08:05:21 0210 1                  44.721645 8.863992 00 00 31383032334D303038333738            
04/11/25 08:05:47 0211 1                  44.721830 8.863857 00 00 31383032334D303038303834            
04/11/25 08:06:11 0212 1                  44.722017 8.863903 00 00 31383032334D303038303835            
04/11/25 08:06:20 0213 1                  44.722030 8.863907 00 00 31383032334D303038313032            
04/11/25 08:06:58 0214 1                  44.722300 8.863832 00 00 31383032334D303038333733            
04/11/25 08:06:58 0215 1                  44.722300 8.863832 00 00 31383032334D303038313034            
04/11/25 08:07:04 0216 1                  44.722302 8.863828 00 00 31383032334D303038333736            
04/11/25 08:07:10 0217 1                  44.722303 8.863827 00 00 3232303032334D3030353532            
04/11/25 08:07:27 0218 1                  44.722310 8.863820 00 00 31383032334D303038313333            
04/11/25 08:08:16 0219 1                  44.722480 8.863735 00 00 31383032334D303038313031            
04/11/25 08:08:22 0220 1                  44.722487 8.863730 00 00 31383032334D303038333734            
04/11/25 08:09:02 0221 1                  44.722772 8.863625 00 00 3233303032334D3030363739            
04/11/25 08:10:57 0222 1                  44.722213 8.865187 00 00 31383032334D303038303236            
04/11/25 08:11:21 0223 1                  44.722187 8.865178 00 00 31383032334D303130313934            
04/11/25 08:11:28 0224 1                  44.722185 8.865187 00 00 31383032334D303130313933            
04/11/25 08:11:32 0225 1                  44.722187 8.865193 00 00 31383032334D303130313932            
04/11/25 08:11:42 0226 1                  44.722187 8.865200 00 00 31383032334D303038313634            
04/11/25 08:11:50 0227 1                  44.722187 8.865208 00 00 31383032334D303038313635            
04/11/25 08:12:52 0228 1                  44.721717 8.864740 00 00 3233303032334D3030343336            
04/11/25 08:12:57 0229 1                  44.721700 8.864742 00 00 31383032334D303038303239            
04/11/25 08:13:03 0230 1                  44.721683 8.864742 00 00 31383032334D303038313431            
04/11/25 08:14:24 0231 1                  44.719502 8.864137 00 00 31383032334D303134353736            
04/11/25 08:15:21 0232 1                  44.719340 8.864740 00 00 31383234304A303030333935            
04/11/25 08:16:50 0233 1                  44.719447 8.864140 00 00 31383032334D303038333535            
04/11/25 08:16:52 0234 1                  44.719437 8.864128 00 00 31383032334D303038333535            
04/11/25 08:17:33 0235 1                  44.718897 8.864255 00 00 3231303032334D3030363436            
04/11/25 08:17:37 0236 1                  44.718895 8.864273 00 00 31383032334D303038313236            
04/11/25 08:18:22 0237 1                  44.718423 8.864220 00 00 31383032334D303038313936            
04/11/25 08:18:56 0238 1                  44.718268 8.864197 00 00 3231303032334D3031393439            
04/11/25 08:19:35 0239 1                  44.718103 8.864172 00 00 3233303032334D3030353230            
04/11/25 08:19:39 0240 1                  44.718100 8.864175 00 00 300ED89F3350015A1DF59235            
04/11/25 08:21:02 0241 1                  44.715858 8.864905 00 00 31383032334D303033383230            
04/11/25 08:21:13 0242 1                  44.715860 8.864910 00 00 3232303032334D3031323438            
04/11/25 08:21:19 0243 1                  44.715863 8.864915 00 00 31383032334D303139313239            
04/11/25 08:21:25 0244 1                  44.715868 8.864920 00 00 31383032334D303139373533            
04/11/25 08:23:35 0245 1                  44.712405 8.869073 00 00 31383032334D303134343136            
04/11/25 08:23:41 0246 1                  44.712418 8.869117 00 00 31383032334D303037393835            
04/11/25 08:26:54 0247 1                  44.711937 8.872087 00 00 31383234304A303030323839            
04/11/25 08:30:38 0248 1                  44.715045 8.866728 00 00 3234303032334D3031313339            
04/11/25 08:31:38 0249 1                  44.717117 8.866260 00 00 31383032334D303033393932            
04/11/25 08:32:21 0250 1                  44.717898 8.865612 00 00 31383032334D303038323237            
04/11/25 08:32:48 0251 1                  44.718010 8.865647 00 00 3231303032334D3030303232            
04/11/25 08:33:38 0252 1                  44.719252 8.865985 00 00 31383132304A303039313432            
04/11/25 08:33:38 0253 1                  44.719252 8.865985 00 00 31383132304A303039313432            
04/11/25 08:34:07 0254 1                  44.719300 8.866000 00 00 31383132304A303039313432            
04/11/25 08:35:04 0255 1                  44.719790 8.866685 00 00 31383032334D303033393732            
04/11/25 08:35:10 0256 1                  44.719807 8.866710 00 00 31383032334D303033373938            
04/11/25 08:35:20 0257 1                  44.719837 8.866782 00 00 31383032334D303033373939            
04/11/25 08:36:01 0258 1                  44.719905 8.867078 00 00 3231303132304A3037353936            
04/11/25 08:37:20 0259 1                  44.720578 8.868058 00 00 31383032334D303038323230            
04/11/25 08:38:05 0260 1                  44.720167 8.867695 00 00 31383032334D303038333537            
04/11/25 08:38:54 0261 1                  44.720313 8.866343 00 00 31383032334D303038333539            
04/11/25 08:39:51 0262 1                  44.720308 8.866798 00 00 313831323045303039303138            
04/11/25 08:39:57 0263 1                  44.720305 8.866808 00 00 31383032334D303130323634            
04/11/25 08:39:59 0264 1                  44.720305 8.866815 00 00 3232303032334D3031313436            
04/11/25 08:40:44 0265 1                  44.720277 8.866737 00 00 31383032334D303130333831            
04/11/25 08:43:10 0266 1                  44.720527 8.866948 00 00 31383234304A303030333536            
04/11/25 08:49:21 0267 1                  44.720952 8.866810 00 00 3233303032334D3030323835            
04/11/25 08:49:27 0268 1                  44.720943 8.866813 00 00 31383032334D303130313938            
04/11/25 08:49:35 0269 1                  44.720933 8.866812 00 00 31383032334D303033393638            
04/11/25 08:54:22 0270 1                  44.720765 8.859672 00 00 3234303032334D3031393635            
04/11/25 08:56:16 0271 1                  44.721582 8.859490 00 00 3235303032334D3030333834            
04/11/25 08:56:18 0272 1                  44.721583 8.859487 00 00 31383032334D303038313530            
04/11/25 08:56:22 0273 1                  44.721585 8.859482 00 00 3233303032334D3031303137            
04/11/25 08:56:28 0274 1                  44.721587 8.859477 00 00 3234303032334D3032323834            
04/11/25 08:57:50 0275 1                  44.722087 8.859577 00 00 31383032334D303037393432            
04/11/25 08:57:52 0276 1                  44.722085 8.859578 00 00 31383832334D303037393432            
04/11/25 08:58:06 0277 1                  44.722113 8.859567 00 00 31383032334D303037383230            
04/11/25 08:59:09 0278 1                  44.722227 8.859320 00 00 31383032334D303038313536            
04/11/25 09:00:18 0279 1                  44.722735 8.860303 00 00 31383032334D303130333938            
04/11/25 09:03:46 0280 1                  44.722732 8.859442 00 00 3232303032334D3031383031            
04/11/25 09:04:31 0281 1                  44.723038 8.859367 00 00 31383032334D303139373336            
04/11/25 09:04:35 0282 1                  44.723037 8.859365 00 00 31383032334D303139333037            
04/11/25 09:04:39 0283 1                  44.723037 8.859362 00 00 31383032334D303139373736            
04/11/25 09:05:16 0284 1                  44.723050 8.859355 00 00 3231303132304A3035323333            
04/11/25 09:06:02 0285 1                  44.723445 8.859250 00 00 313831323045303039313037            
04/11/25 09:08:37 0286 1                  44.725635 8.857480 00 00 31383234304A303030333930            
04/11/25 09:09:36 0287 1                  44.726190 8.856965 00 00 31383032334D303134373034            
04/11/25 09:41:25 0000 s 01504ver01 44.743808 8.836780 00 00
04/11/25 10:09:57 0000 s 01504ver01 44.755857 8.799467 00 00
