27/01/25 10:44:06 0000 s 01501ver01 44.882253 8.859615 00 00
27/01/25 10:44:08 0000 s 01501ver01 44.882253 8.859615 00 00
27/01/25 11:02:01 0001 1                  44.958317 8.817363 00 00 3234303132304A3033313234            
27/01/25 11:04:14 0002 1                  44.963990 8.815192 00 00 313831323045303231393933            
27/01/25 11:05:33 0003 1                  44.966748 8.814112 00 00 313831323045303232323337            
27/01/25 11:06:49 0004 1                  44.969842 8.812920 00 00 3234303132304A3033303338            
27/01/25 11:07:55 0005 1                  44.970162 8.812777 00 00 313831323045303232353233            
27/01/25 11:08:35 0006 1                  44.970243 8.812762 00 00 313831323045303231333538            
27/01/25 11:10:31 0007 1                  44.974108 8.811198 00 00 313831323045303230353837            
27/01/25 11:10:31 0008 1                  44.974108 8.811198 00 00 313831323045303230333938            
27/01/25 11:11:29 0009 1                  44.974333 8.811107 00 00 313831323045303230353834            
27/01/25 11:13:12 0010 1                  44.974862 8.811573 00 00 313831313030533030313039            
27/01/25 11:14:55 0011 1                  44.974977 8.810935 00 00 313831323045303230353835            
27/01/25 11:15:46 0012 1                  44.975138 8.810902 00 00 313831323045303230363232            
27/01/25 11:16:38 0013 1                  44.975257 8.810830 00 00 313831323045303230353930            
27/01/25 11:17:24 0014 1                  44.975438 8.810748 00 00 313831323045303139383239            
27/01/25 11:18:51 0015 1                  44.976507 8.810317 00 00 3035EBEA080D358800040426            
27/01/25 11:18:51 0016 1                  44.976507 8.810317 00 00 313831323045303230353833            
27/01/25 11:18:51 0017 1                  44.976507 8.810317 00 00 313831323045303230353832            
27/01/25 11:19:42 0018 1                  44.976943 8.810172 00 00 3234303132304A3030383735            
27/01/25 11:20:38 0019 1                  44.977227 8.810010 00 00 313831323045303230353035            
27/01/25 11:21:39 0020 1                  44.977493 8.809995 00 00 3234303234304A3030333836            
27/01/25 11:22:18 0021 1                  44.977637 8.809908 00 00 313831323045303230343037            
27/01/25 11:22:32 0022 1                  44.977663 8.809897 00 00 313831323045303230343131            
27/01/25 11:23:22 0023 1                  44.977833 8.809787 00 00 313831323045303230353031            
27/01/25 11:25:13 0024 1                  44.978415 8.809583 00 00 313831323045303232383932            
27/01/25 11:26:04 0025 1                  44.978637 8.809517 00 00 313831323045303232393030            
27/01/25 11:26:21 0026 1                  44.978637 8.809513 00 00 313831323045303232383837            
27/01/25 11:27:20 0027 1                  44.978875 8.809400 00 00 313831323045303230363335            
27/01/25 11:28:24 0028 1                  44.978960 8.809848 00 00 3233303234304A3030353633            
27/01/25 11:28:46 0029 1                  44.979012 8.809845 00 00 313832343045303034303333            
27/01/25 11:29:47 0030 1                  44.978765 8.810848 00 00 313831323045303233303039            
27/01/25 11:30:33 0031 1                  44.978710 8.811112 00 00 313831323045303233303233            
27/01/25 11:31:21 0032 1                  44.977468 8.811340 00 00 31383032334D303132323233            
27/01/25 11:31:31 0033 1                  44.977468 8.811352 00 00 313831323045303230343633            
27/01/25 11:32:15 0034 1                  44.976950 8.811385 00 00 313831323045303230313035            
27/01/25 11:33:10 0035 1                  44.976663 8.811538 00 00 3234303132304A3033323233            
27/01/25 11:34:29 0036 1                  44.976467 8.811635 00 00 313831313030533031303739            
27/01/25 11:35:34 0037 1                  44.976480 8.811567 00 00 313831313030533031303738            
27/01/25 11:36:36 0038 1                  44.976725 8.810793 00 00 313831323045303139313736            
27/01/25 11:38:07 0039 1                  44.979305 8.809262 00 00 188012700501520007010000            
27/01/25 11:38:40 0040 1                  44.979350 8.808982 00 00 313831313030533031303532            
27/01/25 11:39:56 0041 1                  44.979852 8.808750 00 00 313831323045303234343431            
27/01/25 11:39:56 0042 1                  44.979852 8.808750 00 00 313831323045303234343431            
27/01/25 11:40:53 0043 1                  44.980205 8.808790 00 00 313831323045303234363139            
27/01/25 11:40:55 0044 1                  44.980207 8.808792 00 00 313831323045303234323936            
27/01/25 11:42:36 0045 1                  44.980705 8.808968 00 00 31383033304D303033393738            
27/01/25 11:43:55 0046 1                  44.980685 8.809385 00 00 313932343050303030313231            
27/01/25 11:44:04 0047 1                  44.980690 8.809393 00 00 313832343045303034333637            
27/01/25 11:44:34 0048 1                  44.980688 8.809398 00 00 313831323045303230323639            
27/01/25 11:45:27 0049 1                  44.980653 8.809780 00 00 313831323045303139313936            
27/01/25 11:45:37 0050 1                  44.980660 8.809782 00 00 31383132304A303138353734            
27/01/25 11:45:56 0051 1                  44.980680 8.809783 00 00 313831323045303232373034            
27/01/25 11:47:22 0052 1                  44.980998 8.811878 00 00 3231303234304A3032313736            
27/01/25 11:48:15 0053 1                  44.981020 8.812070 00 00 313831323045303139343134            
27/01/25 11:49:00 0054 1                  44.980940 8.812548 00 00 313831323045303230333130            
27/01/25 11:49:13 0055 1                  44.980925 8.812558 00 00 E200001666100027219032C5            
27/01/25 11:49:32 0056 1                  44.980985 8.812595 00 00 313831323045303230323934            
27/01/25 11:50:12 0057 1                  44.980988 8.813198 00 00 31383032334D303132313132            
27/01/25 11:50:33 0058 1                  44.980960 8.813147 00 00 313831323045303232383239            
27/01/25 11:51:22 0059 1                  44.980652 8.813220 00 00 313831323045303232383434            
27/01/25 11:51:25 0060 1                  44.980652 8.813225 00 00 313831333045303232383338            
27/01/25 11:52:14 0061 1                  44.980512 8.813283 00 00 313831323045303231393539            
27/01/25 11:52:17 0062 1                  44.980513 8.813288 00 00 313831323045303231393434            
27/01/25 11:52:52 0063 1                  44.980303 8.813303 00 00 3234303132304A3030383639            
27/01/25 11:53:09 0064 1                  44.980300 8.813295 00 00 313831323045303231393631            
27/01/25 11:54:01 0065 1                  44.980050 8.813270 00 00 31383032334D303037343332            
27/01/25 11:54:01 0066 1                  44.980050 8.813270 00 00 31383032334D303035323732            
27/01/25 11:54:19 0067 1                  44.980062 8.813260 00 00 313831323045303230313730            
27/01/25 11:54:20 0068 1                  44.980062 8.813260 00 00 313831323045303231393630            
27/01/25 11:55:05 0069 1                  44.979783 8.813253 00 00 313831323045303231393538            
27/01/25 11:55:41 0070 1                  44.979617 8.813122 00 00 3234303132304A3030333232            
27/01/25 11:56:48 0071 1                  44.979448 8.812988 00 00 313931323045303630343533            
27/01/25 11:56:49 0072 1                  44.979448 8.812988 00 00 313831323045303234383031            
27/01/25 11:57:44 0073 1                  44.979252 8.812723 00 00 313831323045303232383337            
27/01/25 11:58:21 0074 1                  44.979037 8.812550 00 00 313831323045303233303139            
27/01/25 12:01:23 0075 1                  44.982108 8.812698 00 00 3231303234304A3032313130            
27/01/25 12:02:59 0076 1                  44.983490 8.813737 00 00 313831323045303139393031            
27/01/25 12:03:53 0077 1                  44.983468 8.813973 00 00 313831323045303139373333            
27/01/25 12:05:31 0078 1                  44.982792 8.814115 00 00 313831323045303139333031            
27/01/25 12:06:05 0079 1                  44.982950 8.814147 00 00 313831323045303139373132            
27/01/25 12:06:54 0080 1                  44.983275 8.814182 00 00 313831323045303139373136            
27/01/25 12:06:56 0081 1                  44.983275 8.814182 00 00 313831323045303139373332            
27/01/25 12:07:08 0082 1                  44.983270 8.814192 00 00 31383032334D303030303033            
27/01/25 12:07:59 0083 1                  44.984343 8.814333 00 00 313831323045303139333435            
27/01/25 12:09:45 0084 1                  44.984048 8.813342 00 00 313831323045303230313134            
27/01/25 12:10:29 0085 1                  44.984080 8.813098 00 00 302655C8E52180C00000E7BC            
27/01/25 12:10:30 0086 1                  44.984080 8.813098 00 00 313831323045303232373131            
27/01/25 12:10:30 0087 1                  44.984080 8.813098 00 00 302655C8E521614000018371            
27/01/25 12:11:51 0088 1                  44.984738 8.812012 00 00 313931323050303037383631            
27/01/25 12:12:09 0089 1                  44.984757 8.812008 00 00 313831323045303139383939            
27/01/25 12:13:12 0090 1                  44.984805 8.811422 00 00 313831323045303139383333            
27/01/25 12:13:44 0091 1                  44.984797 8.811237 00 00 313831323045303139383435            
27/01/25 12:14:03 0092 1                  44.984747 8.811245 00 00 313831323045303139383432            
27/01/25 12:14:22 0093 1                  44.984727 8.811227 00 00 313831323045303230353931            
27/01/25 12:14:23 0094 1                  44.984728 8.811225 00 00 313831323045303230353831            
27/01/25 12:15:11 0095 1                  44.984757 8.810842 00 00 313831323045303139383338            
27/01/25 12:15:52 0096 1                  44.984770 8.810675 00 00 313831323045303139383331            
27/01/25 12:19:38 0097 1                  44.980062 8.810303 00 00 313831323045303230323736            
27/01/25 12:19:40 0098 1                  44.980058 8.810303 00 00 313831323045303230323730            
27/01/25 12:20:49 0099 1                  44.979795 8.810270 00 00 31383032334D303035323936            
27/01/25 12:21:26 0100 1                  44.979530 8.810293 00 00 313831313030533031313233            
27/01/25 12:22:23 0101 1                  44.979163 8.810150 00 00 313831323045303230323732            
27/01/25 12:24:10 0102 1                  44.979067 8.808435 00 00 313831323045303234323730            
27/01/25 12:25:00 0103 1                  44.979063 8.808205 00 00 313831323045303230313536            
27/01/25 12:25:00 0104 1                  44.979063 8.808205 00 00 313831323045303232303133            
27/01/25 12:26:23 0105 1                  44.979013 8.807538 00 00 313831323045303139373937            
27/01/25 12:27:14 0106 1                  44.978972 8.808333 00 00 31383132304530323232383A            
27/01/25 12:27:58 0107 1                  44.978953 8.808978 00 00 313931323050303037393532            
27/01/25 12:29:11 0108 1                  44.978632 8.811428 00 00 313831323045303230353034            
27/01/25 12:29:11 0109 1                  44.978632 8.811428 00 00 313831B23045303230353034            
27/01/25 12:30:01 0110 1                  44.978168 8.811607 00 00 313832343045303034333836            
27/01/25 12:30:46 0111 1                  44.977780 8.811695 00 00 313831323045303230343533            
27/01/25 12:31:23 0112 1                  44.977672 8.811690 00 00 313831323045303230343534            
27/01/25 12:32:02 0113 1                  44.977165 8.811842 00 00 313831323045303234383931            
27/01/25 12:35:20 0000 s 01501ver01 0 0 00 00
27/01/25 12:35:56 0114 1                  44.978012 8.812283 00 00 313831323045303234343236            
27/01/25 12:36:10 0115 1                  44.977980 8.812285 00 00 313831323045303230343538            
27/01/25 12:36:37 0116 1                  44.977868 8.812295 00 00 313831323045303230343539            
27/01/25 12:37:45 0117 1                  44.977227 8.812488 00 00 313831323045303230333330            
27/01/25 12:37:45 0118 1                  44.977227 8.812488 00 00 313831323045303230343437            
27/01/25 12:40:57 0000 s 01501ver01 0 0 00 00
27/01/25 12:41:34 0119 1                  44.978252 8.813252 00 00 313931323050303133353135            
27/01/25 12:41:50 0120 1                  44.978238 8.813420 00 00 313A31323045303232393438            
27/01/25 12:42:40 0121 1                  44.978548 8.812580 00 00 313831323045303233303136            
27/01/25 12:44:20 0122 1                  44.980902 8.814013 00 00 313831323045303232343935            
27/01/25 12:44:28 0123 1                  44.980900 8.814007 00 00 313831323045303230303037            
27/01/25 12:44:31 0124 1                  44.980900 8.814005 00 00 313831323045303232B43935            
27/01/25 12:45:17 0125 1                  44.980905 8.814227 00 00 313831323045303230323531            
27/01/25 12:46:01 0126 1                  44.980852 8.814508 00 00 313831323045303230323439            
27/01/25 12:46:03 0127 1                  44.980853 8.814510 00 00 313831323045303230323533            
27/01/25 12:47:00 0128 1                  44.981337 8.814717 00 00 313831323045303139353236            
27/01/25 12:47:37 0129 1                  44.981532 8.814765 00 00 313831323045303232373230            
27/01/25 12:50:04 0130 1                  44.981640 8.814805 00 00 30396061C04A774000006333            
27/01/25 12:50:12 0131 1                  44.981638 8.814808 00 00 303ACB034385CF5C9418C752            
27/01/25 12:50:12 0132 1                  44.981638 8.814808 00 00 30340BD1D85E5D0E138AEC04            
27/01/25 12:51:05 0133 1                  44.981612 8.814820 00 00 00B07A150813DA2F88002312            
27/01/25 12:51:11 0134 1                  44.981610 8.814822 00 00 30340BE62C35A8A108CDCC04            
27/01/25 12:51:21 0135 1                  44.981607 8.814830 00 00 30395DFA83009400002DF294            
27/01/25 12:51:26 0136 1                  44.981605 8.814835 00 00 208F88902644000BE4D73C95            
27/01/25 12:52:01 0137 1                  44.981593 8.814832 00 00 30395DFA83009400002DED8A            
27/01/25 12:54:32 0138 1                  44.981863 8.814815 00 00 313832343045303034303131            
27/01/25 12:57:44 0139 1                  44.982243 8.816570 00 00 3234303132304A3031303837            
27/01/25 12:58:20 0140 1                  44.982017 8.816533 00 00 3231303033304D3033303832            
27/01/25 12:58:26 0141 1                  44.982017 8.816537 00 00 313831323045303232373432            
27/01/25 12:59:37 0142 1                  44.981887 8.816465 00 00 313831323045303139333634            
27/01/25 13:00:21 0143 1                  44.981628 8.816397 00 00 313831323045303138363038            
27/01/25 13:00:21 0144 1                  44.981628 8.816397 00 00 313831323045303234383539            
27/01/25 13:01:05 0145 1                  44.981480 8.816312 00 00 313831323045303232383238            
27/01/25 13:01:47 0146 1                  44.981127 8.816202 00 00 313831323045303230343039            
27/01/25 13:02:31 0147 1                  44.980972 8.815767 00 00 313831323045303230343035            
27/01/25 13:03:12 0148 1                  44.981052 8.815277 00 00 313831323045303230363331            
27/01/25 13:04:04 0149 1                  44.981105 8.815028 00 00 313831323045303232373338            
27/01/25 13:04:04 0150 1                  44.981105 8.815028 00 00 313831323045303232373338            
27/01/25 13:04:05 0151 1                  44.981105 8.815028 00 00 30396061C0632D8000001CD1            
27/01/25 13:04:58 0152 1                  44.980668 8.814740 00 00 313831323045303230313135            
27/01/25 13:05:46 0153 1                  44.980410 8.814690 00 00 3234303132304A3031313039            
27/01/25 13:05:46 0154 1                  44.980410 8.814690 00 00 313931323050303033343137            
27/01/25 13:06:43 0155 1                  44.980455 8.815360 00 00 313931323050303039313936            
27/01/25 13:07:02 0156 1                  44.980462 8.815370 00 00 313831323045303232383938            
27/01/25 13:08:10 0157 1                  44.980163 8.814710 00 00 3233303234304A3030353132            
27/01/25 13:09:19 0158 1                  44.979812 8.814887 00 00 313831323045303230333931            
27/01/25 13:09:21 0159 1                  44.979810 8.814887 00 00 313831323045303230343730            
27/01/25 13:10:08 0160 1                  44.979868 8.814220 00 00 313931323050303039363339            
27/01/25 13:10:24 0161 1                  44.979870 8.814225 00 00 313831323045303230353433            
27/01/25 13:10:27 0162 1                  44.979872 8.814225 00 00 31393132304530B630343137            
27/01/25 13:10:27 0163 1                  44.979872 8.814225 00 00 313931323045303630343137            
27/01/25 13:11:11 0164 1                  44.979890 8.814238 00 00 313831323045303138363035            
27/01/25 13:12:10 0165 1                  44.979897 8.813888 00 00 313831313030533031303836            
27/01/25 13:13:38 0166 1                  44.979808 8.812722 00 00 313831323045303230303531            
27/01/25 13:14:31 0167 1                  44.979848 8.812498 00 00 313831323045303232383336            
27/01/25 13:15:14 0168 1                  44.979935 8.812240 00 00 313831323045303230343132            
27/01/25 13:15:58 0169 1                  44.979932 8.811790 00 00 313831323045303230353435            
27/01/25 13:18:16 0170 1                  44.980295 8.811522 00 00 313831313030533031313337            
27/01/25 13:18:41 0171 1                  44.980298 8.811508 00 00 313831313030533031303634            
27/01/25 13:18:59 0172 1                  44.980295 8.811498 00 00 313831313030533031303031            
27/01/25 13:20:54 0173 1                  44.979552 8.811360 00 00 313831323045303139383036            
27/01/25 13:21:32 0174 1                  44.979388 8.811445 00 00 313831323045303139383130            
27/01/25 13:21:32 0175 1                  44.979388 8.811445 00 00 313831323045303139383039            
27/01/25 13:22:31 0176 1                  44.979352 8.811703 00 00 3233303132304A3030363233            
27/01/25 13:23:19 0177 1                  44.979292 8.812112 00 00 313831323045303139383831            
27/01/25 13:23:21 0178 1                  44.979293 8.812113 00 00 3138313200000184288001BB            
27/01/25 13:24:04 0179 1                  44.979300 8.812398 00 00 313831323045303139383832            
27/01/25 13:35:26 0000 s 01501ver01 44.981555 8.808253 00 00
27/01/25 13:35:36 0000 s 01501ver01 44.981555 8.808270 00 00
27/01/25 13:42:47 0180 1                  44.979080 8.806238 00 00 313831323045303234353734            
27/01/25 13:43:30 0181 1                  44.979252 8.806167 00 00 3138313230453032343D3735            
27/01/25 13:44:27 0182 1                  44.979343 8.806130 00 00 313831323045303139343431            
27/01/25 13:44:29 0183 1                  44.979345 8.806130 00 00 313831323045303234383738            
27/01/25 13:45:30 0184 1                  44.980430 8.805740 00 00 313831323045303230313334            
27/01/25 13:47:13 0185 1                  44.981450 8.807812 00 00 31383032334D303031373737            
27/01/25 13:50:38 0186 1                  44.976648 8.804078 00 00 313831323045303230393536            
27/01/25 13:51:24 0187 1                  44.976533 8.804055 00 00 313931313030533031303837            
27/01/25 13:51:24 0188 1                  44.976533 8.804055 00 00 313831313030533031303837            
27/01/25 13:54:19 0189 1                  44.977255 8.798192 00 00 313831323045303232343835            
27/01/25 13:55:14 0190 1                  44.977275 8.797845 00 00 313831323045303139373938            
27/01/25 13:56:15 0191 1                  44.977058 8.797303 00 00 313831323045303230363032            
27/01/25 13:56:17 0192 1                  44.977058 8.797303 00 00 313831323045303233383038            
27/01/25 13:57:03 0193 1                  44.976722 8.796437 00 00 313831323045343230353635            
27/01/25 13:57:04 0194 1                  44.976722 8.796435 00 00 313831323045303230363130            
27/01/25 13:59:02 0195 1                  44.976997 8.802935 00 00 313832343045303034333037            
27/01/25 14:00:30 0196 1                  44.977033 8.803840 00 00 313831323045303230353632            
27/01/25 14:01:46 0197 1                  44.978585 8.806400 00 00 313831323045303232343537            
27/01/25 14:02:28 0198 1                  44.977947 8.806580 00 00 313831323045303232343633            
27/01/25 14:02:43 0199 1                  44.977950 8.806568 00 00 313831323045303232343539            
27/01/25 14:03:08 0200 1                  44.977960 8.806503 00 00 313831323045303233383532            
27/01/25 14:03:50 0201 1                  44.977568 8.806610 00 00 3233303132304A3030353139            
27/01/25 14:04:08 0202 1                  44.977567 8.806613 00 00 313831323045303232353039            
27/01/25 14:04:42 0203 1                  44.977558 8.806620 00 00 31383032334D303132313537            
27/01/25 14:05:18 0204 1                  44.977033 8.806698 00 00 313831323045303232353134            
27/01/25 14:05:22 0205 1                  44.977033 8.806697 00 00 313831323045303232333635            
27/01/25 14:05:25 0206 1                  44.977033 8.806697 00 00 313831323045303230333934            
27/01/25 14:06:27 0207 1                  44.976888 8.806765 00 00 313831323045303233383533            
27/01/25 14:07:19 0208 1                  44.976343 8.806880 00 00 313831323045303234323732            
27/01/25 14:08:11 0209 1                  44.975675 8.808158 00 00 313831323045303233313135            
27/01/25 14:08:56 0210 1                  44.975672 8.808332 00 00 313831323045303230313435            
27/01/25 14:09:47 0211 1                  44.975698 8.809152 00 00 313831323045303230313630            
27/01/25 14:10:26 0212 1                  44.975945 8.809180 00 00 313831323045303232353435            
27/01/25 14:10:31 0213 1                  44.975948 8.809180 00 00 313831323045303232353434            
27/01/25 14:11:34 0214 1                  44.976250 8.809182 00 00 313831323045303230313339            
27/01/25 14:12:34 0215 1                  44.976035 8.808047 00 00 313831323045303232333634            
27/01/25 14:13:15 0216 1                  44.975920 8.807995 00 00 313831323045303230343230            
27/01/25 14:14:42 0217 1                  44.975668 8.806995 00 00 313831323045303230343134            
27/01/25 14:15:20 0218 1                  44.975393 8.806967 00 00 313831323045303232343030            
27/01/25 14:16:16 0219 1                  44.974480 8.807083 00 00 313831323045303232353536            
27/01/25 14:17:47 0220 1                  44.974313 8.806413 00 00 313831323045303139343531            
27/01/25 14:18:22 0221 1                  44.974397 8.805820 00 00 313831323045303232393330            
27/01/25 14:19:15 0222 1                  44.974522 8.804565 00 00 000000000000000019283642            
27/01/25 14:19:34 0223 1                  44.974523 8.804563 00 00 313931323050303033373236            
27/01/25 14:19:36 0224 1                  44.974532 8.804563 00 00 313931323050303033373235            
27/01/25 14:19:36 0225 1                  44.974532 8.804563 00 00 3034F848D414584AB41DBA39            
27/01/25 14:19:37 0226 1                  44.974532 8.804563 00 00 3034F83728203E0AB41DBD5F            
27/01/25 14:19:37 0227 1                  44.974532 8.804563 00 00 3034F837381AAD8AB41DBB98            
27/01/25 14:19:37 0228 1                  44.974532 8.804563 00 00 3034F848BC4B7BCAB41DBD27            
27/01/25 14:19:41 0229 1                  44.974537 8.804563 00 00 3034F848E00C5F8AB41DBA76            
27/01/25 14:20:39 0230 1                  44.974593 8.803893 00 00 313831313030533031303632            
27/01/25 14:22:47 0231 1                  44.974223 8.804533 00 00 313831313030533031303631            
27/01/25 14:25:05 0232 1                  44.974148 8.806535 00 00 313832343045303034313635            
27/01/25 14:26:10 0233 1                  44.973992 8.807775 00 00 3233303234304A3030353534            
27/01/25 14:27:19 0234 1                  44.974140 8.807985 00 00 313831313030533030313032            
27/01/25 14:28:30 0235 1                  44.973277 8.807103 00 00 313831323045303230353336            
27/01/25 14:29:28 0236 1                  44.973373 8.807505 00 00 313831313030533031303538            
27/01/25 14:30:17 0237 1                  44.973360 8.807498 00 00 313831323045303232313338            
27/01/25 14:30:58 0238 1                  44.973337 8.807835 00 00 313831323045303232313435            
27/01/25 14:32:03 0239 1                  44.973253 8.809948 00 00 313831323045303138373333            
27/01/25 14:35:24 0240 1                  44.973295 8.811458 00 00 313831323045303230363430            
27/01/25 14:36:39 0241 1                  44.972400 8.811748 00 00 313831323045303230333537            
27/01/25 14:37:41 0242 1                  44.971338 8.812123 00 00 313831323045303231303634            
27/01/25 14:37:44 0243 1                  44.971338 8.812125 00 00 313831323045303233303634            
27/01/25 14:38:35 0244 1                  44.970203 8.812607 00 00 313831323045303233303135            
27/01/25 14:40:29 0245 1                  44.965177 8.814423 00 00 313831323045303232333132            
27/01/25 14:41:30 0246 1                  44.964075 8.814870 00 00 313931323050303033303637            
27/01/25 14:41:32 0247 1                  44.964075 8.814872 00 00 313831323045303231393930            
27/01/25 14:43:05 0248 1                  44.961330 8.816048 00 00 313831323045303232303439            
27/01/25 15:03:30 0249 1                  44.977855 8.884023 00 00 25705569A686CF3431C39CB6            
27/01/25 15:13:50 0250 1                  44.912863 8.871180 00 00 3039606283AE8BC0001C71E8            
