01/03/25 05:28:58 0000 s 01886ver01 44.882420 8.859723 00 00
01/03/25 05:45:53 0001 1                  44.945300 8.916652 00 00 31383032334D303131363538            
01/03/25 05:47:22 0002 1                  44.947497 8.918905 00 00 31383032334D303036323130            
01/03/25 05:50:21 0003 1                  44.952855 8.924502 00 00 3233303032334D3030333638            
01/03/25 05:50:24 0004 1                  44.952855 8.924502 00 00 3234303032334D3030363336            
01/03/25 05:51:18 0005 1                  44.952995 8.924670 00 00 31383032334D303033363032            
01/03/25 05:51:34 0006 1                  44.953097 8.924788 00 00 31383032334D303034373936            
01/03/25 05:52:18 0007 1                  44.953932 8.924732 00 00 31383032334D303136303438            
01/03/25 05:52:52 0008 1                  44.954092 8.924650 00 00 31383032334D303134303334            
01/03/25 05:53:34 0009 1                  44.953778 8.925422 00 00 31383032334D303031343438            
01/03/25 05:53:42 0010 1                  44.953797 8.925452 00 00 31383032334D303033373133            
01/03/25 05:54:15 0011 1                  44.954365 8.926112 00 00 31383032334D303034363936            
01/03/25 05:55:15 0012 1                  44.955980 8.927902 00 00 31383032334D303136343433            
01/03/25 05:56:22 0013 1                  44.957437 8.929527 00 00 31383032334D303032333030            
01/03/25 05:56:36 0014 1                  44.957462 8.929545 00 00 31383132304A303039313734            
01/03/25 05:57:37 0015 1                  44.957690 8.929802 00 00 300ED89F335000A01E919F9B            
01/03/25 05:58:06 0016 1                  44.958455 8.930580 00 00 31383032334D303136323133            
01/03/25 05:58:24 0017 1                  44.958545 8.930702 00 00 31383032334D303133333336            
01/03/25 05:58:35 0018 1                  44.958617 8.930757 00 00 31383032334D303136323639            
01/03/25 05:58:52 0019 1                  44.958730 8.930850 00 00 31383032334D303136323638            
01/03/25 05:59:15 0020 1                  44.958750 8.930843 00 00 300ED89F3350015A1DD0AA4F            
01/03/25 05:59:15 0021 1                  44.958750 8.930843 00 00 31383032334D303133333533            
01/03/25 05:59:18 0022 1                  44.958747 8.930843 00 00 3232303032334D3031393235            
01/03/25 05:59:57 0023 1                  44.958968 8.931108 00 00 31383032334D303133353530            
01/03/25 05:59:57 0024 1                  44.958968 8.931108 00 00 31383032334D303133353530            
01/03/25 06:00:07 0025 1                  44.958978 8.931127 00 00 31383032334D303133353632            
01/03/25 06:00:09 0026 1                  44.958980 8.931132 00 00 3231303032334D3031383731            
01/03/25 06:01:57 0027 1                  44.959670 8.931893 00 00 31383032334D303137323635            
01/03/25 06:02:12 0028 1                  44.959750 8.931912 00 00 31383032334D303137323732            
01/03/25 06:02:20 0029 1                  44.959770 8.931937 00 00 31383032334D303137323636            
01/03/25 06:02:42 0030 1                  44.959960 8.932107 00 00 31383032334D303137323933            
01/03/25 06:03:00 0031 1                  44.960095 8.932333 00 00 31383032334D303131363534            
01/03/25 06:03:13 0032 1                  44.960152 8.932372 00 00 3234303032334D3030363030            
01/03/25 06:03:18 0033 1                  44.960157 8.932368 00 00 31383032334D303134333130            
01/03/25 06:03:37 0034 1                  44.960223 8.932468 00 00 31383032334D303137323833            
01/03/25 06:04:08 0035 1                  44.960260 8.933013 00 00 31383032334D303133323336            
01/03/25 06:04:12 0036 1                  44.960253 8.933017 00 00 31383032334D303133333537            
01/03/25 06:04:36 0037 1                  44.960170 8.933183 00 00 31383032334D303133333535            
01/03/25 06:05:02 0038 1                  44.960037 8.933477 00 00 31383032334D303131373535            
01/03/25 06:05:23 0039 1                  44.959968 8.933680 00 00 3234303234304A3030363835            
01/03/25 06:05:37 0040 1                  44.959963 8.933692 00 00 31383032334D303131373534            
01/03/25 06:05:46 0041 1                  44.959958 8.933697 00 00 31383032334D303133333133            
01/03/25 06:05:48 0042 1                  44.959955 8.933698 00 00 3231303032334D3030353236            
01/03/25 06:07:14 0043 1                  44.959692 8.933937 00 00 3234303032334D3031323237            
01/03/25 06:07:20 0044 1                  44.959682 8.933938 00 00 31383032334D303130383131            
01/03/25 06:07:22 0045 1                  44.959680 8.933938 00 00 3233303032334D3030373838            
01/03/25 06:07:28 0046 1                  44.959673 8.933948 00 00 31383032334D303131363835            
01/03/25 06:08:02 0047 1                  44.959513 8.934360 00 00 31383032334D303133333630            
01/03/25 06:09:51 0048 1                  44.960735 8.933320 00 00 31383032334D303131393439            
01/03/25 06:09:53 0049 1                  44.960742 8.933328 00 00 31383032334D303131393439            
01/03/25 06:09:55 0050 1                  44.960747 8.933335 00 00 31383032334D303136353233            
01/03/25 06:09:56 0051 1                  44.960750 8.933343 00 00 31383032334D303131363335            
01/03/25 06:09:57 0052 1                  44.960750 8.933343 00 00 33383032334D303134353733            
01/03/25 06:09:57 0053 1                  44.960750 8.933343 00 00 31383032334D303134353733            
01/03/25 06:10:00 0054 1                  44.960758 8.933355 00 00 31383032334D303131363032            
01/03/25 06:10:05 0055 1                  44.960767 8.933365 00 00 31383032334D303131363337            
01/03/25 06:14:08 0056 1                  44.961327 8.931288 00 00 31383032334D303133333335            
01/03/25 06:16:25 0057 1                  44.962162 8.930810 00 00 3232303032334D3031333131            
01/03/25 06:16:25 0058 1                  44.962162 8.930810 00 00 300ED89F3350015A1DD0AA4F            
01/03/25 06:18:00 0059 1                  44.962643 8.931328 00 00 31383032334D303137353730            
01/03/25 06:22:21 0060 1                  44.962833 8.931458 00 00 31383032334D303138393839            
01/03/25 06:22:47 0061 1                  44.962837 8.931470 00 00 31383032334D303133353935            
01/03/25 06:23:15 0062 1                  44.963073 8.931778 00 00 31383032334D303133353737            
01/03/25 06:23:20 0063 1                  44.963078 8.931778 00 00 300ED89F335000A01E919F9B            
01/03/25 06:23:45 0064 1                  44.963598 8.932355 00 00 31383032334D303133323831            
01/03/25 06:23:54 0065 1                  44.963590 8.932358 00 00 323030323545303031313332            
01/03/25 06:24:10 0066 1                  44.963573 8.932363 00 00 31383032335D303138383630            
01/03/25 06:24:45 0067 1                  44.963683 8.932592 00 00 31383032334D303138393835            
01/03/25 06:24:45 0068 1                  44.963683 8.932592 00 00 3232303032334D3031393438            
01/03/25 06:25:25 0069 1                  44.963917 8.932822 00 00 31383032334D303138393230            
01/03/25 06:26:13 0070 1                  44.964285 8.932850 00 00 31383032334D303133333236            
01/03/25 06:26:39 0071 1                  44.964295 8.932792 00 00 31383032334D303133353733            
01/03/25 06:27:33 0072 1                  44.963205 8.934618 00 00 3233303032334D3030303131            
01/03/25 06:27:38 0073 1                  44.963203 8.934623 00 00 31383032334D303137353033            
01/03/25 06:27:44 0074 1                  44.963208 8.934630 00 00 31383032334D303137333132            
01/03/25 06:28:00 0075 1                  44.963215 8.934642 00 00 31383032334D303137343239            
01/03/25 06:32:48 0000 s 01886ver01 44.962783 8.935528 00 00
01/03/25 06:36:11 0076 1                  44.962602 8.935935 00 00 31383032334D303138383533            
01/03/25 06:36:17 0077 1                  44.962608 8.935928 00 00 300ED89F335000A01E919F9B            
01/03/25 06:36:53 0078 1                  44.961880 8.937212 00 00 3231303032334D3034353035            
01/03/25 06:37:11 0079 1                  44.961738 8.937445 00 00 31383032334D303138343339            
01/03/25 06:37:26 0080 1                  44.961648 8.937565 00 00 31383032334D303132343135            
01/03/25 06:38:27 0081 1                  44.961117 8.937320 00 00 31383032334D303138383131            
01/03/25 06:38:47 0082 1                  44.960978 8.937195 00 00 31383032334D303138393432            
01/03/25 06:39:06 0083 1                  44.960860 8.937023 00 00 31383032334D303138393033            
01/03/25 06:39:18 0084 1                  44.960812 8.936972 00 00 31383032334D303131383939            
01/03/25 06:39:19 0085 1                  44.960810 8.936970 00 00 31383032334D303131383938            
01/03/25 06:39:43 0086 1                  44.960618 8.936825 00 00 31383032334D303138343336            
01/03/25 06:39:57 0087 1                  44.960532 8.936737 00 00 31383032334D303135353438            
01/03/25 06:40:08 0088 1                  44.960480 8.936675 00 00 31383032334D303138353735            
01/03/25 06:40:34 0089 1                  44.960342 8.936515 00 00 31383032334D303138383535            
01/03/25 06:40:52 0090 1                  44.960240 8.936388 00 00 31383032334D303138343335            
01/03/25 06:41:26 0091 1                  44.959858 8.936103 00 00 31383032334D303131393138            
01/03/25 06:41:30 0092 1                  44.959855 8.936110 00 00 31383032334D303131383935            
01/03/25 06:41:35 0093 1                  44.959853 8.936112 00 00 31383032334D303131383836            
01/03/25 06:41:54 0094 1                  44.959838 8.936122 00 00 31383032334D303037313035            
01/03/25 06:41:55 0095 1                  44.959838 8.936122 00 00 31383132304A303039303038            
01/03/25 06:41:56 0096 1                  44.959837 8.936122 00 00 31383032334D303131383835            
01/03/25 06:41:58 0097 1                  44.959832 8.936118 00 00 31383032334D303131383931            
01/03/25 06:42:04 0098 1                  44.959822 8.936105 00 00 3234303032334D3030363337            
01/03/25 06:42:08 0099 1                  44.959817 8.936102 00 00 31383032334D303134323339            
01/03/25 06:42:14 0100 1                  44.959807 8.936098 00 00 31383032334D303131383834            
01/03/25 06:42:19 0101 1                  44.959800 8.936095 00 00 313C3032334D303131383838            
01/03/25 06:42:38 0102 1                  44.959782 8.936083 00 00 31383032334D303131373633            
01/03/25 06:42:41 0103 1                  44.959778 8.936078 00 00 31383032334D303131383936            
01/03/25 06:42:45 0104 1                  44.959777 8.936075 00 00 300ED89F3350015A1DD0AA4F            
01/03/25 06:42:54 0105 1                  44.959768 8.936075 00 00 31383132304A303039303031            
01/03/25 06:43:26 0106 1                  44.959782 8.936048 00 00 3234303234304A3030373838            
01/03/25 06:45:09 0107 1                  44.958772 8.935367 00 00 323030323545303037373431            
01/03/25 06:45:14 0108 1                  44.958725 8.935370 00 00 3234303032334D3030363334            
01/03/25 06:45:16 0109 1                  44.958720 8.935367 00 00 3232303032334D3031323836            
01/03/25 06:45:24 0110 1                  44.958707 8.935370 00 00 31383032334D303134333330            
01/03/25 06:45:25 0111 1                  44.958707 8.935370 00 00 3234303032334D3030343835            
01/03/25 06:45:42 0112 1                  44.958678 8.935357 00 00 31383032334D303134323732            
01/03/25 06:45:49 0113 1                  44.958672 8.935340 00 00 3232303032334D3031303235            
01/03/25 06:45:54 0114 1                  44.958668 8.935333 00 00 31383032334D303134323734            
01/03/25 06:45:56 0115 1                  44.958668 8.935332 00 00 31383032334D303036353231            
01/03/25 06:45:58 0116 1                  44.958667 8.935330 00 00 3232303032334D3030333830            
01/03/25 06:48:56 0117 1                  44.958363 8.935243 00 00 31383032334D303138363338            
01/03/25 06:51:42 0118 1                  44.957578 8.935113 00 00 31383032334D303138363333            
01/03/25 06:52:38 0119 1                  44.956250 8.933893 00 00 3234303032334D3030343839            
01/03/25 06:52:42 0120 1                  44.956245 8.933890 00 00 31383032334D303138383635            
01/03/25 06:52:44 0121 1                  44.956245 8.933890 00 00 31383032334D303138383538            
01/03/25 06:52:47 0122 1                  44.956243 8.933892 00 00 31383032334D303138383637            
01/03/25 06:55:38 0123 1                  44.956282 8.933610 00 00 31383032334D303138353831            
01/03/25 06:56:09 0124 1                  44.956445 8.932323 00 00 31383032334D303138343639            
01/03/25 06:57:28 0125 1                  44.957083 8.929810 00 00 31383032334D303138383136            
01/03/25 06:59:18 0126 1                  44.958182 8.929877 00 00 323030323545303031383733            
01/03/25 06:59:21 0127 1                  44.958182 8.929868 00 00 31383032334D303133343431            
01/03/25 06:59:25 0128 1                  44.958180 8.929863 00 00 31383032334D303138393136            
01/03/25 06:59:28 0129 1                  44.958178 8.929862 00 00 31383032334D303137323630            
01/03/25 07:00:23 0130 1                  44.958823 8.928850 00 00 31383032334D303136333339            
01/03/25 07:00:25 0131 1                  44.958823 8.928850 00 00 3232303032334D3030303336            
01/03/25 07:00:31 0132 1                  44.958830 8.928852 00 00 31383032334D303136313730            
01/03/25 07:00:34 0133 1                  44.958830 8.928855 00 00 31383032334D303136303739            
01/03/25 07:01:00 0134 1                  44.959032 8.928403 00 00 31383032334D303138343333            
01/03/25 07:01:27 0135 1                  44.959525 8.928140 00 00 31383032334D303131363034            
01/03/25 07:01:35 0136 1                  44.959525 8.928132 00 00 31383032334D303131363035            
01/03/25 07:01:37 0137 1                  44.959527 8.928128 00 00 31383032334D303131363038            
01/03/25 07:04:22 0138 1                  44.959918 8.928462 00 00 31383032334D303034373632            
01/03/25 07:05:34 0139 1                  44.960567 8.929155 00 00 31383032334D303034353530            
01/03/25 07:08:12 0140 1                  44.961093 8.929690 00 00 31383032334D303137333836            
01/03/25 07:08:30 0141 1                  44.961285 8.929853 00 00 31383032334D303137343330            
01/03/25 07:08:50 0142 1                  44.961378 8.929928 00 00 3138B032334D303133353435            
01/03/25 07:08:50 0143 1                  44.961378 8.929928 00 00 31383032334D303133353435            
01/03/25 07:08:56 0144 1                  44.961382 8.929927 00 00 31383032334D303137333831            
01/03/25 07:08:56 0145 1                  44.961382 8.929927 00 00 300ED89F3350015A1DD0AA4F            
01/03/25 07:11:59 0146 1                  44.961512 8.933787 00 00 31383032334D303037383032            
01/03/25 07:12:12 0147 1                  44.961495 8.933782 00 00 31383132304A303039303133            
01/03/25 07:12:57 0148 1                  44.961588 8.933868 00 00 31383032334D303133323236            
01/03/25 07:13:03 0149 1                  44.961597 8.933882 00 00 31383032334D303133353335            
01/03/25 07:13:20 0150 1                  44.961670 8.933967 00 00 31383032334D3031313E3733            
01/03/25 07:13:27 0151 1                  44.961667 8.933968 00 00 31383032334D303131363031            
01/03/25 07:14:39 0152 1                  44.961792 8.934550 00 00 31383032334D303137353030            
01/03/25 07:15:51 0153 1                  44.961817 8.934578 00 00 3231303132304A3035333137            
01/03/25 07:16:11 0154 1                  44.961818 8.934592 00 00 3231303132304A3035333035            
01/03/25 07:17:53 0155 1                  44.961213 8.935638 00 00 31383032334D303132383835            
01/03/25 07:18:02 0156 1                  44.961210 8.935633 00 00 31383032334D303135353232            
01/03/25 07:19:24 0157 1                  44.962162 8.936065 00 00 31383032334D303138393937            
01/03/25 07:19:25 0158 1                  44.962162 8.936065 00 00 31383032334D303137353737            
01/03/25 07:19:25 0159 1                  44.962162 8.936065 00 00 31383032334D303137323439            
01/03/25 07:19:29 0160 1                  44.962157 8.936060 00 00 31383032334D303138393335            
01/03/25 07:19:37 0161 1                  44.962147 8.936048 00 00 31383032334D303137333733            
01/03/25 07:19:43 0162 1                  44.962133 8.936040 00 00 31383032334D303137333832            
01/03/25 07:19:45 0163 1                  44.962130 8.936040 00 00 3233303032334D3030313439            
01/03/25 07:19:45 0164 1                  44.962130 8.936040 00 00 300ED89F3350015A1DD0AA4F            
01/03/25 07:22:15 0165 1                  44.963445 8.932675 00 00 31383032334D303131363732            
01/03/25 07:22:16 0166 1                  44.963445 8.932675 00 00 3232303032334D3030373638            
01/03/25 07:22:33 0167 1                  44.963440 8.932627 00 00 31383032334D303131393630            
01/03/25 07:24:08 0168 1                  44.963758 8.932942 00 00 31383032334D303131393937            
01/03/25 07:24:12 0169 1                  44.963760 8.932947 00 00 31383032334D303131393836            
01/03/25 07:24:23 0170 1                  44.963762 8.932947 00 00 31383032334D303131393531            
01/03/25 07:24:26 0171 1                  44.963762 8.932948 00 00 3232303032334D3031363930            
01/03/25 07:24:36 0172 1                  44.963760 8.932960 00 00 3234303032334D3030343237            
01/03/25 07:25:27 0173 1                  44.963405 8.933543 00 00 31383032334D303138363239            
01/03/25 07:25:30 0174 1                  44.963407 8.933543 00 00 31383032334D303131393435            
01/03/25 07:25:41 0175 1                  44.963413 8.933547 00 00 31383032334D303137333035            
01/03/25 07:25:46 0176 1                  44.963413 8.933548 00 00 3232303032334D3031393230            
01/03/25 07:27:51 0177 1                  44.962588 8.933253 00 00 323030323545303031393333            
01/03/25 07:30:09 0178 1                  44.962495 8.931298 00 00 31383032334D303136313737            
01/03/25 07:30:16 0179 1                  44.962490 8.931290 00 00 31383032334D303033323638            
01/03/25 07:30:19 0180 1                  44.962490 8.931290 00 00 31383032334D703033323638            
01/03/25 07:30:29 0181 1                  44.962488 8.931298 00 00 3234303032334D3032313138            
01/03/25 07:30:51 0182 1                  44.962285 8.931573 00 00 31383032334D303136313837            
01/03/25 07:31:08 0183 1                  44.962188 8.931752 00 00 31383032334D303138393938            
01/03/25 07:31:26 0184 1                  44.962073 8.931958 00 00 31383032334D303137343233            
01/03/25 07:32:18 0185 1                  44.961645 8.932730 00 00 3234303032334D3030313133            
01/03/25 07:32:31 0186 1                  44.961612 8.932773 00 00 31383032334D303137353636            
01/03/25 07:32:58 0187 1                  44.961412 8.933110 00 00 31383032334D303137343635            
01/03/25 07:33:16 0188 1                  44.961343 8.933240 00 00 3232303032334D3031303432            
01/03/25 07:34:15 0189 1                  44.961095 8.933697 00 00 444535323132343648383233            
01/03/25 07:35:10 0190 1                  44.960970 8.933928 00 00 31383032334D303137323530            
01/03/25 07:35:50 0191 1                  44.960523 8.934800 00 00 31383032334D303034363931            
01/03/25 07:36:07 0192 1                  44.960447 8.934942 00 00 3233303032334D3030383339            
01/03/25 07:36:36 0193 1                  44.960207 8.935443 00 00 31383032334D303133323330            
01/03/25 07:36:56 0194 1                  44.960003 8.935797 00 00 31383032334D303137353632            
01/03/25 07:37:57 0195 1                  44.959038 8.936200 00 00 3231303032334D3031373637            
01/03/25 07:38:01 0196 1                  44.959037 8.936202 00 00 31383032334D303136313039            
01/03/25 07:38:10 0197 1                  44.959035 8.936202 00 00 31383032334D303136313038            
01/03/25 07:38:13 0198 1                  44.959035 8.936202 00 00 31383032334D303137353634            
01/03/25 07:38:23 0199 1                  44.959033 8.936195 00 00 3231303032334D3033383933            
01/03/25 07:38:27 0200 1                  44.959033 8.936193 00 00 31383032334D303136333333            
01/03/25 07:39:33 0201 1                  44.958793 8.937432 00 00 31383032334D303138363430            
01/03/25 07:39:58 0202 1                  44.958720 8.937700 00 00 31383032334D303133333437            
01/03/25 07:40:14 0203 1                  44.958717 8.937703 00 00 31383032334D303038363635            
01/03/25 07:40:14 0204 1                  44.958717 8.937703 00 00 300ED89F3350015A1DD0AA4F            
01/03/25 07:40:16 0205 1                  44.958717 8.937703 00 00 3231303032334D3031353232            
01/03/25 07:41:55 0206 1                  44.958668 8.938142 00 00 3232303032334D3030363538            
01/03/25 07:42:15 0207 1                  44.958533 8.938588 00 00 31383032334D303137333938            
01/03/25 07:44:04 0208 1                  44.957555 8.938310 00 00 31383032334D303136323736            
01/03/25 07:44:41 0209 1                  44.957762 8.938418 00 00 31383032334D303137343733            
01/03/25 07:44:58 0210 1                  44.957930 8.938485 00 00 3234303032334D3031383538            
01/03/25 07:45:19 0211 1                  44.958280 8.938638 00 00 3234303032334D3030353034            
01/03/25 07:45:44 0212 1                  44.958512 8.938887 00 00 31383032334D303137333937            
01/03/25 07:45:59 0213 1                  44.958498 8.939023 00 00 3231303032334D3031353930            
01/03/25 07:46:14 0214 1                  44.958465 8.939202 00 00 31383032334D303136333633            
01/03/25 07:46:40 0215 1                  44.958255 8.939337 00 00 3234303032334D3030343535            
01/03/25 07:47:03 0216 1                  44.957932 8.939210 00 00 31383032334D303136323131            
01/03/25 07:47:22 0217 1                  44.957772 8.939157 00 00 31383032334D303136333831            
01/03/25 07:47:34 0218 1                  44.957703 8.939138 00 00 3233303032334D3030373532            
01/03/25 07:47:55 0219 1                  44.957325 8.938890 00 00 31383032334D303136333736            
01/03/25 07:47:55 0220 1                  44.957325 8.938890 00 00 31383032334D303136333736            
01/03/25 07:49:54 0221 1                  44.958453 8.939698 00 00 31383032334D303137353930            
01/03/25 07:49:54 0222 1                  44.958453 8.939698 00 00 31383032334D703133343337            
01/03/25 07:50:25 0223 1                  44.958418 8.940215 00 00 31383032334D303136303630            
01/03/25 07:54:09 0224 1                  44.958992 8.937023 00 00 000000000000000017797439            
01/03/25 07:55:34 0225 1                  44.959045 8.933147 00 00 31383032334D303133353732            
01/03/25 07:56:11 0226 1                  44.959432 8.932340 00 00 31383032334D303137383339            
01/03/25 07:56:32 0227 1                  44.959555 8.932122 00 00 3232303032334D3030303435            
01/03/25 07:57:09 0228 1                  44.959768 8.931717 00 00 3233303032334D3030373536            
01/03/25 07:57:48 0229 1                  44.960102 8.931038 00 00 31383032334D303133353833            
01/03/25 07:58:36 0230 1                  44.960710 8.930000 00 00 31383032334D303137343734            
01/03/25 07:58:52 0231 1                  44.960775 8.929900 00 00 31383032334D303137333134            
01/03/25 08:01:51 0232 1                  44.960073 8.929027 00 00 31383032334D303038353433            
01/03/25 08:02:13 0233 1                  44.959917 8.929293 00 00 323030323545303038393935            
01/03/25 08:02:48 0234 1                  44.959503 8.929992 00 00 3234303032334D3032313732            
01/03/25 08:02:57 0235 1                  44.959512 8.930000 00 00 3234303032334D3030393134            
01/03/25 08:03:14 0236 1                  44.959435 8.930168 00 00 31383032334D303033353933            
01/03/25 08:03:33 0237 1                  44.959330 8.930335 00 00 31383032334D303034353935            
01/03/25 08:03:51 0238 1                  44.959263 8.930482 00 00 31383032334D303034353137            
01/03/25 08:04:12 0239 1                  44.959133 8.930663 00 00 31383032334D303137323431            
01/03/25 08:04:32 0240 1                  44.959075 8.930830 00 00 31383032334D303034373939            
01/03/25 08:04:41 0241 1                  44.959078 8.930827 00 00 31383032334D303173343838            
01/03/25 08:04:41 0242 1                  44.959078 8.930827 00 00 300ED89F3350015A1DD0AA4F            
01/03/25 08:04:42 0243 1                  44.959078 8.930825 00 00 31383032334D303032313630            
01/03/25 08:04:48 0244 1                  44.959077 8.930827 00 00 31383032334D303133323431            
01/03/25 08:04:50 0245 1                  44.959077 8.930825 00 00 3233303032334D3030313932            
01/03/25 08:05:29 0246 1                  44.958938 8.931088 00 00 31383032334D303137323434            
01/03/25 08:05:48 0247 1                  44.958935 8.931195 00 00 3232303032334D3030303139            
01/03/25 08:06:00 0248 1                  44.958940 8.931220 00 00 31383032334D303137343730            
01/03/25 08:06:04 0249 1                  44.958940 8.931220 00 00 3233303032334D3030373635            
01/03/25 08:06:05 0250 1                  44.958945 8.931227 00 00 3232303032334D3031383532            
01/03/25 08:07:36 0251 1                  44.958378 8.932123 00 00 31383032334D303136323735            
01/03/25 08:07:50 0252 1                  44.958318 8.932247 00 00 31383032334D303131383636            
01/03/25 08:08:05 0253 1                  44.958272 8.932380 00 00 31383032334D303133343835            
01/03/25 08:09:28 0254 1                  44.957572 8.931800 00 00 31383032334D303133343331            
01/03/25 08:09:48 0255 1                  44.957680 8.931568 00 00 31383032334D303131363737            
01/03/25 08:09:51 0256 1                  44.957678 8.931562 00 00 31383032334D303131363738            
01/03/25 08:09:54 0257 1                  44.957677 8.931550 00 00 31383032334D303131363739            
01/03/25 08:10:13 0258 1                  44.957765 8.931368 00 00 31383032334D303136323535            
01/03/25 08:10:36 0259 1                  44.958067 8.930750 00 00 31383032334D303034363833            
01/03/25 08:10:53 0260 1                  44.958188 8.930522 00 00 31383032334D303136323730            
01/03/25 08:11:15 0261 1                  44.958332 8.930287 00 00 31383032334D303032303034            
01/03/25 08:11:57 0262 1                  44.958777 8.929547 00 00 31383032334D303034373837            
01/03/25 08:27:01 0000 s 01886ver01 44.961005 8.933700 00 00
01/03/25 08:36:24 0263 1                  44.953923 8.931740 00 00 31383032334D303138343637            
01/03/25 08:36:52 0264 1                  44.954048 8.931707 00 00 31383032334D303138363437            
01/03/25 08:38:22 0265 1                  44.955307 8.931143 00 00 3231303032334D3033373235            
01/03/25 08:38:54 0266 1                  44.956005 8.931435 00 00 31383032334D303136343231            
01/03/25 08:45:59 0267 1                  44.955773 8.932278 00 00 31383032334D303138393439            
01/03/25 08:46:19 0268 1                  44.955583 8.932240 00 00 31383032334D303138393332            
01/03/25 08:46:34 0269 1                  44.955378 8.932192 00 00 3232303032334D3030323438            
01/03/25 08:46:51 0270 1                  44.955127 8.932200 00 00 31383032334D303138393239            
01/03/25 08:47:14 0271 1                  44.954883 8.932153 00 00 31383032334D303138393435            
01/03/25 08:49:00 0272 1                  44.955505 8.933675 00 00 31383032334D303138353930            
01/03/25 08:49:24 0273 1                  44.955293 8.933675 00 00 31383032334D303138353738            
01/03/25 08:49:42 0274 1                  44.955145 8.933632 00 00 31383032334D303138343138            
01/03/25 08:50:01 0275 1                  44.954997 8.933595 00 00 323030323545303038353734            
01/03/25 08:52:35 0276 1                  44.954595 8.933150 00 00 31383032334D303131363436            
01/03/25 08:52:35 0277 1                  44.954595 8.933150 00 00 31383032334D303131363436            
01/03/25 08:52:39 0278 1                  44.954592 8.933152 00 00 31383032334DB03131363638            
01/03/25 08:52:45 0279 1                  44.954588 8.933153 00 00 31383032334D303131363530            
01/03/25 08:53:00 0280 1                  44.954632 8.933172 00 00 31383032334D303138343334            
01/03/25 08:53:20 0281 1                  44.954902 8.933220 00 00 31383032334D303134383630            
01/03/25 08:53:49 0282 1                  44.955562 8.933380 00 00 31383032334D303138343134            
01/03/25 08:54:01 0283 1                  44.955603 8.933368 00 00 31383072334D303138353830            
01/03/25 08:55:55 0284 1                  44.957275 8.928577 00 00 31383032334D303034363339            
01/03/25 08:56:13 0285 1                  44.957337 8.928175 00 00 3232303032334D3031363932            
01/03/25 08:56:16 0286 1                  44.957337 8.928173 00 00 31383032334D303138373937            
01/03/25 08:56:27 0287 1                  44.957337 8.928085 00 00 31383032334D303136373237            
01/03/25 08:56:50 0288 1                  44.957427 8.927728 00 00 31383032334D303138323834            
01/03/25 08:56:55 0289 1                  44.957445 8.927700 00 00 31383032334D303138353837            
01/03/25 08:57:26 0290 1                  44.957507 8.927258 00 00 31383032334D303138313236            
01/03/25 08:57:46 0291 1                  44.957588 8.926788 00 00 31383032334D303030393236            
01/03/25 08:57:59 0292 1                  44.957602 8.926687 00 00 31383032334D303136343532            
01/03/25 08:58:22 0293 1                  44.957667 8.926370 00 00 31383032334DB03138343932            
01/03/25 09:01:05 0294 1                  44.957155 8.926848 00 00 31383032334D703034353432            
01/03/25 09:01:36 0295 1                  44.956728 8.926517 00 00 31383032334D303034353339            
01/03/25 09:06:20 0296 1                  44.955897 8.929118 00 00 31383032334D303138343534            
01/03/25 09:06:42 0297 1                  44.956005 8.928947 00 00 31383032334D303138363736            
01/03/25 09:06:55 0298 1                  44.956000 8.928940 00 00 31383032334D303138343435            
01/03/25 09:07:01 0299 1                  44.956000 8.928937 00 00 3231303032334D3031343739            
01/03/25 09:08:19 0300 1                  44.956213 8.928447 00 00 31383032334D303138343533            
01/03/25 09:09:10 0301 1                  44.956347 8.927688 00 00 31383032334D303136373637            
01/03/25 09:09:32 0302 1                  44.956450 8.927327 00 00 31383032334D303136373938            
01/03/25 09:09:51 0303 1                  44.956662 8.927322 00 00 3231303032334D3031313630            
01/03/25 09:10:19 0304 1                  44.956372 8.927015 00 00 31383032334D303134333736            
01/03/25 09:10:39 0305 1                  44.956107 8.926735 00 00 31383032334D303137343232            
01/03/25 09:11:12 0306 1                  44.955990 8.926543 00 00 31383032334D303138343439            
01/03/25 09:12:34 0307 1                  44.955688 8.925993 00 00 31383032334D303034353435            
01/03/25 09:12:53 0308 1                  44.955755 8.925802 00 00 31383032334D303034373933            
01/03/25 09:12:56 0309 1                  44.955755 8.925802 00 00 31383032334D303034373139            
01/03/25 09:12:56 0310 1                  44.955755 8.925802 00 00 31383032334D303030353938            
01/03/25 09:13:05 0311 1                  44.955755 8.925800 00 00 31383032334D303137373937            
01/03/25 09:13:54 0312 1                  44.955765 8.925432 00 00 31383032334D303134323831            
01/03/25 09:15:41 0313 1                  44.955005 8.926055 00 00 31383032334D303134323632            
01/03/25 09:15:46 0314 1                  44.955010 8.926050 00 00 31383032334D313138383139            
01/03/25 09:16:31 0315 1                  44.955172 8.925472 00 00 31383032334D303138363639            
01/03/25 09:16:53 0316 1                  44.955328 8.924942 00 00 31383032334D303134333031            
01/03/25 09:17:09 0317 1                  44.955387 8.924702 00 00 3231303032334D3034333137            
01/03/25 09:19:31 0318 1                  44.954482 8.925725 00 00 31383032334D303137373934            
01/03/25 09:19:47 0319 1                  44.954520 8.925560 00 00 31383032334D303033353430            
01/03/25 09:20:06 0320 1                  44.954590 8.925210 00 00 31383032334D303137373938            
01/03/25 09:20:17 0321 1                  44.954612 8.925160 00 00 31383032334D303034383030            
01/03/25 09:20:22 0322 1                  44.954625 8.925135 00 00 31383032334D303137393033            
01/03/25 09:20:55 0323 1                  44.954590 8.924225 00 00 3233303032334D3030303632            
01/03/25 09:21:17 0324 1                  44.954610 8.923770 00 00 31383032334D303136313538            
01/03/25 09:21:22 0325 1                  44.954607 8.923772 00 00 31383032334D303132393431            
01/03/25 09:24:50 0326 1                  44.952207 8.926597 00 00 31383032334D303133323630            
01/03/25 09:29:15 0327 1                  44.944165 8.914987 00 00 3232303032334D3030353633            
01/03/25 10:03:50 0328 1                  44.882463 8.860218 00 00 300ED89F3350015A1DD0AA4F            
01/03/25 10:12:25 0000 s 01886ver01 44.882260 8.860192 00 00
