28/01/25 05:20:06 0000 s 01503ver01 44.792487 8.739558 00 00
28/01/25 05:48:29 0001 1                  44.754998 8.891622 00 00 303ACB034342F459D8B65DE0            
28/01/25 05:48:29 0002 1                  44.754998 8.891622 00 00 313831323045303136313835            
28/01/25 05:48:29 0003 1                  44.754998 8.891622 00 00 303ACB034273BCD9D8B65327            
28/01/25 05:48:31 0004 1                  44.755000 8.891622 00 00 303ACB03437918A0AFD3DBB0            
28/01/25 05:48:31 0005 1                  44.755000 8.891622 00 00 303ACB03432B0220AE23A0A0            
28/01/25 05:48:32 0006 1                  44.755000 8.891622 00 00 303ACB03434C8C19D8B631C6            
28/01/25 05:49:55 0007 1                  44.753432 8.894142 00 00 313931323043303130333233            
28/01/25 05:50:10 0008 1                  44.753435 8.894143 00 00 313831323045303137313939            
28/01/25 05:50:47 0009 1                  44.753308 8.894392 00 00 313831323045303136313231            
28/01/25 05:51:31 0010 1                  44.753053 8.894923 00 00 313831323045303136323831            
28/01/25 05:52:16 0011 1                  44.752728 8.895507 00 00 313931323043303036363333            
28/01/25 05:53:21 0012 1                  44.752480 8.895677 00 00 3234313130304A3030313335            
28/01/25 05:53:55 0013 1                  44.752473 8.895657 00 00 3232313130304A3030323234            
28/01/25 05:54:58 0014 1                  44.752552 8.895848 00 00 313831323045303137353132            
28/01/25 05:55:34 0015 1                  44.752462 8.896140 00 00 313831323045303137353039            
28/01/25 05:55:42 0016 1                  44.752453 8.896158 00 00 313831323045303137333330            
28/01/25 05:55:59 0017 1                  44.752440 8.896182 00 00 313831323045303136343035            
28/01/25 05:56:44 0018 1                  44.752648 8.896387 00 00 31383033304D303032393133            
28/01/25 05:57:24 0019 1                  44.752600 8.896658 00 00 313931323043303037363236            
28/01/25 05:58:06 0020 1                  44.752828 8.896853 00 00 313831323045303137333638            
28/01/25 05:59:53 0021 1                  44.753488 8.901662 00 00 313831323045303137303733            
28/01/25 06:00:55 0022 1                  44.752473 8.904707 00 00 313831323045303137353032            
28/01/25 06:02:24 0023 1                  44.752227 8.907012 00 00 313931313030433030303330            
28/01/25 06:03:09 0024 1                  44.752555 8.907097 00 00 313831323045303136333736            
28/01/25 06:05:02 0025 1                  44.752993 8.906277 00 00 313831323045303137343631            
28/01/25 06:07:11 0026 1                  44.755115 8.909030 00 00 313831323045303137323335            
28/01/25 06:07:56 0027 1                  44.755280 8.909300 00 00 313831323045303137313133            
28/01/25 06:08:08 0028 1                  44.755280 8.909308 00 00 313931323045303330343030            
28/01/25 06:08:57 0029 1                  44.755477 8.909468 00 00 313831323045303137343331            
28/01/25 06:09:05 0030 1                  44.755477 8.909470 00 00 313831323045303137313137            
28/01/25 06:10:21 0031 1                  44.755832 8.910042 00 00 313831323045303137303934            
28/01/25 06:10:27 0032 1                  44.755822 8.910047 00 00 313931323045303137303934            
28/01/25 07:06:34 0000 s 01503ver01 44.812150 8.855395 00 00
28/01/25 07:13:22 0033 1                  44.810512 8.876318 00 00 313931323045303330323439            
28/01/25 07:13:51 0034 1                  44.810495 8.876357 00 00 313831323045303039343539            
28/01/25 07:17:30 0035 1                  44.810580 8.884695 00 00 31383132304A303135333434            
28/01/25 07:17:48 0036 1                  44.810582 8.884702 00 00 31383132304A303137373639            
28/01/25 07:18:45 0037 1                  44.810390 8.885502 00 00 31383132304A303135333935            
28/01/25 07:20:17 0038 1                  44.808480 8.891692 00 00 31383132304A303135363037            
28/01/25 07:21:54 0039 1                  44.807817 8.894332 00 00 313931313030433030303935            
28/01/25 07:22:23 0040 1                  44.807837 8.894338 00 00 3139313130B0433030303936            
28/01/25 07:30:57 0041 1                  44.806225 8.897242 00 00 31383132304A303137313336            
28/01/25 07:31:57 0042 1                  44.806608 8.898640 00 00 31383132304A303136373930            
28/01/25 07:32:36 0043 1                  44.806605 8.898788 00 00 313931323045303330303735            
28/01/25 07:33:37 0044 1                  44.806455 8.899338 00 00 30396062C3863EC0001BDA1A            
28/01/25 07:33:38 0045 1                  44.806455 8.899343 00 00 31383132304A303138303932            
28/01/25 07:33:44 0046 1                  44.806455 8.899353 00 00 303ACB0343067F59D8B65767            
28/01/25 07:33:44 0047 1                  44.806455 8.899353 00 00 3234303132304A3032373838            
28/01/25 07:33:44 0048 1                  44.806455 8.899353 00 00 303ACB03432F4D9C8AD0280A            
28/01/25 07:34:48 0049 1                  44.806365 8.899795 00 00 31383132304A303136323631            
28/01/25 07:36:24 0050 1                  44.807025 8.900270 00 00 313931313030433030303439            
28/01/25 07:37:50 0051 1                  44.806905 8.899857 00 00 31383132304A303138323231            
28/01/25 07:38:28 0052 1                  44.806865 8.899672 00 00 313931323045303330303732            
28/01/25 07:38:28 0053 1                  44.806865 8.899672 00 00 303436392039FE84138130B3            
28/01/25 07:39:06 0054 1                  44.806720 8.899678 00 00 31383033304D303031383739            
28/01/25 07:39:25 0055 1                  44.806703 8.899680 00 00 31383132304A303137353735            
28/01/25 07:40:20 0056 1                  44.806607 8.900478 00 00 313931323043303032313339            
28/01/25 07:42:24 0057 1                  44.807883 8.899872 00 00 313931313030433030303937            
28/01/25 07:43:11 0058 1                  44.807888 8.899033 00 00 31383132304A303138323230            
28/01/25 07:43:13 0059 1                  44.807893 8.899028 00 00 303549A91426088CCE4166AC            
28/01/25 07:43:14 0060 1                  44.807893 8.899028 00 00 303549A91439420CCE41669E            
28/01/25 07:46:19 0061 1                  44.808195 8.904195 00 00 31383132304A303136323135            
28/01/25 07:46:19 0062 1                  44.808195 8.904195 00 00 30361427A05C2B02CB41B4F6            
28/01/25 07:46:20 0063 1                  44.808195 8.904195 00 00 3035EB76A033EEADDB14AC19            
28/01/25 07:46:43 0064 1                  44.808188 8.904222 00 00 31383132304A303136323138            
28/01/25 07:47:51 0065 1                  44.808915 8.904763 00 00 31383132304A303136323137            
28/01/25 07:49:27 0066 1                  44.813157 8.903733 00 00 31383132304A303137393235            
28/01/25 07:50:37 0067 1                  44.813672 8.902080 00 00 31383132304A303137373532            
28/01/25 07:51:04 0068 1                  44.813678 8.902088 00 00 31383132304A303137373439            
28/01/25 07:51:48 0069 1                  44.813787 8.901837 00 00 31383132304A303135363936            
28/01/25 07:55:16 0070 1                  44.814297 8.879072 00 00 3035EBC53C25ED4000000036            
28/01/25 07:55:16 0071 1                  44.814297 8.879072 00 00 31383132304A303138323134            
28/01/25 08:08:56 0072 1                  44.812970 8.904303 00 00 3035EBC53C25ED4000000036            
28/01/25 08:09:40 0073 1                  44.812988 8.904327 00 00 30360392A02D5F04040002A6            
28/01/25 08:09:42 0074 1                  44.812988 8.904328 00 00 30360372D828D9000CD0A4FE            
28/01/25 08:09:43 0075 1                  44.812988 8.904328 00 00 30360372D82EF2C00CD0A3F9            
28/01/25 08:09:46 0076 1                  44.812990 8.904330 00 00 303ACB0341828F59D8B633A5            
28/01/25 08:09:55 0077 1                  44.812993 8.904332 00 00 303ACB0342CF25E0AD726AA8            
28/01/25 08:09:56 0078 1                  44.812995 8.904333 00 00 303ACB03432AFCE0AEAE5F41            
28/01/25 08:09:57 0079 1                  44.812995 8.904333 00 00 30361443FC56CDDFFA0A2947            
28/01/25 08:09:59 0080 1                  44.812998 8.904333 00 00 303ACB0341D7E299D8B64BE3            
28/01/25 08:10:08 0081 1                  44.813008 8.904338 00 00 303ACB0342FAD75C877D24F1            
28/01/25 08:10:08 0082 1                  44.813008 8.904338 00 00 3034F8222852F9CAB41E9E58            
28/01/25 08:10:12 0083 1                  44.813010 8.904338 00 00 30395DFA82CCEDC0003860AB            
28/01/25 08:10:32 0084 1                  44.812992 8.904335 00 00 30361443F844FE5EBBD02E85            
28/01/25 08:10:41 0085 1                  44.812985 8.904332 00 00 000000000000000C00105109            
28/01/25 08:10:52 0086 1                  44.812985 8.904328 00 00 3035EBB320412A0800040006            
28/01/25 08:10:53 0087 1                  44.812983 8.904327 00 00 303ACB03433C25D9D8B75217            
28/01/25 08:13:38 0088 1                  44.816257 8.903787 00 00 31383132304A303136323132            
28/01/25 08:19:38 0089 1                  44.835717 8.878263 00 00 313831323045303136373335            
28/01/25 08:20:36 0090 1                  44.835972 8.877900 00 00 313931323045303330313038            
28/01/25 08:24:06 0091 1                  44.836248 8.877650 00 00 323031313030433030343437            
28/01/25 08:25:01 0092 1                  44.836508 8.877323 00 00 313831323045303136383738            
28/01/25 08:25:54 0093 1                  44.836902 8.877012 00 00 313831323045303136383833            
28/01/25 08:29:04 0094 1                  44.837100 8.877275 00 00 313831323045303039343038            
28/01/25 08:29:49 0095 1                  44.836985 8.876785 00 00 313931323045303330323533            
28/01/25 08:30:32 0096 1                  44.836843 8.876055 00 00 313831323045303136783739            
28/01/25 08:31:37 0097 1                  44.837365 8.874687 00 00 313831323045303136333931            
28/01/25 08:31:47 0098 1                  44.837370 8.874688 00 00 313831323145303136383737            
28/01/25 08:31:47 0099 1                  44.837370 8.874688 00 00 313831323045303136383737            
28/01/25 08:33:31 0100 1                  44.837968 8.874447 00 00 313831323045303136363437            
28/01/25 08:33:37 0101 1                  44.837958 8.874447 00 00 313931323045303330313130            
28/01/25 08:34:41 0102 1                  44.837923 8.874907 00 00 313931323045303330313037            
28/01/25 08:34:50 0103 1                  44.837933 8.874905 00 00 313931323045303330313036            
28/01/25 08:35:42 0104 1                  44.837978 8.874088 00 00 313931323045303330313039            
28/01/25 08:37:01 0105 1                  44.837507 8.873297 00 00 3231303234304A3032333439            
28/01/25 08:38:08 0106 1                  44.837980 8.871790 00 00 313831323045303136383135            
28/01/25 08:38:19 0107 1                  44.838000 8.871790 00 00 313831323245303136383836            
28/01/25 08:39:09 0108 1                  44.837905 8.871492 00 00 313831323045303136353736            
28/01/25 08:39:26 0109 1                  44.837885 8.871478 00 00 313831323045303136363436            
28/01/25 08:39:26 0110 1                  44.837885 8.871478 00 00 313831723045303136363436            
28/01/25 08:39:27 0111 1                  44.837885 8.871478 00 00 30340BF6340C501BF08F1148            
28/01/25 08:39:32 0112 1                  44.837875 8.871473 00 00 31383033304D303035363933            
28/01/25 08:39:54 0113 1                  44.837850 8.871485 00 00 313831323045303136303631            
28/01/25 08:40:49 0114 1                  44.837643 8.871453 00 00 313831323045303136383631            
28/01/25 08:41:34 0115 1                  44.837450 8.871505 00 00 313831323045303039343436            
28/01/25 08:41:48 0116 1                  44.837375 8.871497 00 00 313931323043303037393632            
28/01/25 08:42:30 0117 1                  44.837120 8.871753 00 00 313831323045303136373331            
28/01/25 08:43:21 0118 1                  44.837058 8.871942 00 00 313831323045303136373238            
28/01/25 08:43:31 0119 1                  44.837050 8.871947 00 00 313831323045303136383530            
28/01/25 08:44:12 0120 1                  44.836845 8.872188 00 00 313831323045303039353630            
28/01/25 08:44:26 0121 1                  44.836835 8.872183 00 00 313831323045303039343730            
28/01/25 08:44:47 0122 1                  44.836825 8.872180 00 00 313831323045303039333830            
28/01/25 08:45:30 0123 1                  44.836765 8.872258 00 00 313831323045303039353335            
28/01/25 08:46:09 0124 1                  44.836520 8.872253 00 00 313931323043303037333532            
28/01/25 08:47:06 0125 1                  44.836290 8.872062 00 00 313831323045303136383736            
28/01/25 08:47:55 0126 1                  44.836715 8.871223 00 00 3230303033304D3032323731            
28/01/25 08:48:35 0127 1                  44.836825 8.870983 00 00 313931323045303330323037            
28/01/25 08:48:49 0128 1                  44.836825 8.870977 00 00 313831323045303136363533            
28/01/25 08:50:40 0129 1                  44.839825 8.870897 00 00 313831323045303136333936            
28/01/25 08:50:40 0130 1                  44.839825 8.870900 00 00 313831323045307136333936            
28/01/25 08:51:44 0131 1                  44.840553 8.870468 00 00 313931323043303037333639            
28/01/25 08:52:27 0132 1                  44.840817 8.870405 00 00 313831323045303136333237            
28/01/25 08:53:08 0133 1                  44.840993 8.870297 00 00 303549A9142A7054F4B74F81            
28/01/25 08:53:08 0134 1                  44.840993 8.870297 00 00 303549A74C51A98CCE4166E5            
28/01/25 08:53:09 0135 1                  44.840993 8.870297 00 00 313931323045303330323237            
28/01/25 08:53:09 0136 1                  44.840993 8.870298 00 00 303549A914394114F4B74F76            
28/01/25 08:54:34 0137 1                  44.841898 8.869912 00 00 313931323045303330323032            
28/01/25 08:56:31 0138 1                  44.842065 8.869378 00 00 313831323045303136333739            
28/01/25 08:56:44 0139 1                  44.842073 8.869373 00 00 303428B79827ED4FD25D6BD9            
28/01/25 08:57:21 0140 1                  44.842133 8.869172 00 00 313831323045303136353838            
28/01/25 08:59:03 0141 1                  44.839788 8.871778 00 00 3234303132304A3032383030            
28/01/25 08:59:45 0142 1                  44.840268 8.871942 00 00 3035EBDF784A5D080006224E            
28/01/25 08:59:45 0143 1                  44.840268 8.871942 00 00 3035EB7F18312408000492AB            
28/01/25 08:59:45 0144 1                  44.840268 8.871942 00 00 3035EB5C6451A3880004CD35            
28/01/25 08:59:46 0145 1                  44.840268 8.871942 00 00 3035EB7F183124C8000548C5            
28/01/25 08:59:46 0146 1                  44.840268 8.871942 00 00 30395DFA82D8D140001CEBFC            
28/01/25 08:59:46 0147 1                  44.840268 8.871942 00 00 30396061C072A94000108934            
28/01/25 08:59:47 0148 1                  44.840268 8.871942 00 00 313931323045303330313338            
28/01/25 08:59:47 0149 1                  44.840268 8.871942 00 00 3035EBDF782E18480007C7A1            
28/01/25 08:59:47 0150 1                  44.840270 8.871943 00 00 3035EBDF784A5D08000693FC            
28/01/25 09:01:08 0151 1                  44.840967 8.871528 00 00 313931323045303330313836            
28/01/25 09:01:45 0152 1                  44.841203 8.871400 00 00 313931323043303038383035            
28/01/25 09:02:19 0153 1                  44.841355 8.871293 00 00 313931323045303330323335            
28/01/25 09:02:30 0154 1                  44.841358 8.871288 00 00 313931323045303330323339            
28/01/25 09:03:13 0155 1                  44.841550 8.871228 00 00 313931323045303330323337            
28/01/25 09:03:30 0156 1                  44.841562 8.871237 00 00 3035EBDF782E19C80008B26C            
28/01/25 09:03:32 0157 1                  44.841562 8.871240 00 00 3233303132304A3031353630            
28/01/25 09:06:04 0158 1                  44.841532 8.869115 00 00 313931323045303330313833            
28/01/25 09:06:49 0159 1                  44.841638 8.868795 00 00 313831323045303039323671            
28/01/25 09:06:49 0160 1                  44.841638 8.868795 00 00 313831323045303039323631            
28/01/25 09:07:00 0161 1                  44.841635 8.868793 00 00 313931323045303330323035            
28/01/25 09:08:49 0162 1                  44.842173 8.867408 00 00 313831323045303136333232            
28/01/25 09:09:10 0163 1                  44.842162 8.867400 00 00 313831323045303136333236            
28/01/25 09:09:13 0164 1                  44.842162 8.867398 00 00 30340BDF44599C8000171EE2            
28/01/25 09:09:57 0165 1                  44.842392 8.867037 00 00 313931323043303037743232            
28/01/25 09:12:15 0166 1                  44.839972 8.860797 00 00 313831323045303136393135            
28/01/25 09:12:15 0167 1                  44.839972 8.860797 00 00 3034F836E80D9E82EE001F45            
28/01/25 09:13:33 0168 1                  44.839088 8.856127 00 00 313831323045303136353430            
28/01/25 09:15:11 0169 1                  44.839572 8.860923 00 00 313931323045303330343939            
28/01/25 09:16:50 0170 1                  44.836883 8.861662 00 00 3035EBDF782E18480007C7A1            
28/01/25 09:49:50 0000 s 01503ver01 44.849398 8.870557 00 00
28/01/25 09:50:41 0171 1                  44.850117 8.870973 00 00 3034F836E80D9E82EE001F45            
28/01/25 09:50:42 0172 1                  44.850118 8.870973 00 00 3035EBDF784A5D080006224E            
28/01/25 09:51:18 0173 1                  44.850127 8.870980 00 00 30340BF47410625D87C42406            
28/01/25 09:51:26 0174 1                  44.850132 8.870973 00 00 303ACB0342CF25E0AD72705F            
28/01/25 09:51:44 0175 1                  44.850145 8.870963 00 00 303ACB034219BDDC7D93EE22            
28/01/25 09:51:58 0176 1                  44.850148 8.870972 00 00 000000000000000C00105109            
28/01/25 09:52:03 0177 1                  44.850150 8.870968 00 00 30395DFA82B67FC000239B0F            
28/01/25 10:08:04 0178 1                  44.913120 8.871288 00 00 303ACB0342CF25E0AD72705F            
28/01/25 10:08:22 0179 1                  44.913113 8.871282 00 00 303ACB034219BDDC7D93EE22            
28/01/25 10:53:06 0000 s 01503ver01 44.792812 8.739933 00 00
28/01/25 11:20:23 0180 1                  44.835638 8.589040 00 00 3234313130304A3030333437            
28/01/25 11:23:07 0181 1                  44.835135 8.588462 00 00 3139313130304A3032303135            
28/01/25 11:27:05 0182 1                  44.839505 8.583230 00 00 313831323045303234313531            
28/01/25 11:27:25 0183 1                  44.839500 8.583208 00 00 31383032334D303039383830            
28/01/25 11:27:50 0184 1                  44.839610 8.582838 00 00 313831323045303233363834            
28/01/25 11:28:54 0185 1                  44.839730 8.582258 00 00 313831323045303231373936            
28/01/25 11:31:12 0186 1                  44.840288 8.580638 00 00 3233303132304A3030353638            
28/01/25 11:31:19 0187 1                  44.840293 8.580632 00 00 313831323045303233363032            
28/01/25 11:31:30 0188 1                  44.840295 8.580625 00 00 313931323050303036363435            
28/01/25 11:33:12 0189 1                  44.840782 8.581062 00 00 313831323045303233353135            
28/01/25 11:33:41 0190 1                  44.840783 8.581072 00 00 313931323050303132303631            
28/01/25 11:33:50 0191 1                  44.840787 8.581073 00 00 313931323045303630323836            
28/01/25 11:34:43 0192 1                  44.840577 8.580810 00 00 313831323045303233363631            
28/01/25 11:36:27 0193 1                  44.839512 8.579892 00 00 313931323045303630343138            
28/01/25 11:36:41 0194 1                  44.839492 8.579870 00 00 3234303132304A3032323635            
28/01/25 11:37:03 0195 1                  44.839475 8.579858 00 00 313831323045303232353938            
28/01/25 11:37:13 0196 1                  44.839470 8.579853 00 00 313831323045303232353930            
28/01/25 11:38:42 0197 1                  44.838538 8.580627 00 00 3234303132304A3032323238            
28/01/25 11:39:14 0198 1                  44.838517 8.580683 00 00 3233313130304A3030323038            
28/01/25 11:41:07 0199 1                  44.840032 8.579758 00 00 313831323045303230353135            
28/01/25 11:41:16 0200 1                  44.840048 8.579733 00 00 313831323045303232333736            
28/01/25 11:41:37 0201 1                  44.840078 8.579692 00 00 313831323045303235363830            
28/01/25 11:42:57 0202 1                  44.840655 8.577645 00 00 313831323045303233303939            
28/01/25 11:43:10 0203 1                  44.840642 8.577628 00 00 313831323045303232313534            
28/01/25 11:45:35 0204 1                  44.840642 8.575943 00 00 3234303132304A3030383635            
28/01/25 11:45:58 0205 1                  44.840678 8.575930 00 00 313931323050303132303630            
28/01/25 11:46:11 0206 1                  44.840682 8.575942 00 00 313931323050303038393433            
28/01/25 11:46:26 0207 1                  44.840692 8.575945 00 00 313831323045303231353632            
28/01/25 11:46:37 0208 1                  44.840697 8.575937 00 00 313831323045303232343235            
28/01/25 11:47:49 0209 1                  44.840790 8.575633 00 00 313831323045303231313035            
28/01/25 11:47:59 0210 1                  44.840792 8.575638 00 00 313831323045303234313735            
28/01/25 11:48:52 0211 1                  44.840775 8.575413 00 00 313831323045303232383438            
28/01/25 11:49:02 0212 1                  44.840765 8.575413 00 00 313931323050303032383830            
28/01/25 11:49:57 0213 1                  44.840723 8.574992 00 00 313831323045303232393131            
28/01/25 11:50:59 0214 1                  44.840698 8.574137 00 00 313831323045303233363634            
28/01/25 11:51:52 0215 1                  44.840580 8.573723 00 00 393831323045303233363632            
28/01/25 11:53:41 0216 1                  44.840348 8.572950 00 00 313931323050303035333439            
28/01/25 11:53:54 0217 1                  44.840343 8.572950 00 00 313831323045303233363630            
28/01/25 11:54:55 0218 1                  44.840858 8.572872 00 00 313931323050303130353536            
28/01/25 11:55:15 0219 1                  44.840880 8.572855 00 00 3234303132304A3031313436            
28/01/25 11:55:24 0220 1                  44.840882 8.572845 00 00 313831323045303230363033            
28/01/25 11:55:24 0221 1                  44.840882 8.572845 00 00 313831323055303230363033            
28/01/25 11:56:34 0222 1                  44.841115 8.572938 00 00 313831323045303233363931            
28/01/25 11:56:41 0223 1                  44.841117 8.572943 00 00 313931323050303132393937            
28/01/25 11:56:57 0224 1                  44.841123 8.572943 00 00 313831323045303233363538            
28/01/25 11:57:40 0225 1                  44.841295 8.572887 00 00 313831323045303232313832            
28/01/25 11:58:24 0226 1                  44.841645 8.572797 00 00 313831323045303232313736            
28/01/25 11:59:17 0227 1                  44.842072 8.572995 00 00 313831323045303232323535            
28/01/25 12:00:18 0228 1                  44.842028 8.573350 00 00 313831323045303232323533            
28/01/25 12:00:39 0229 1                  44.842003 8.573357 00 00 313931323050303036373336            
28/01/25 12:01:00 0230 1                  44.841978 8.573348 00 00 313931323050303037353737            
28/01/25 12:01:48 0231 1                  44.841982 8.573497 00 00 313931323050303032383935            
28/01/25 12:01:56 0232 1                  44.841997 8.573495 00 00 3234303132304A3031313337            
28/01/25 12:02:09 0233 1                  44.842010 8.573493 00 00 313931323050303035353930            
28/01/25 12:02:59 0234 1                  44.841797 8.574008 00 00 313831323045303138383938            
28/01/25 12:04:14 0235 1                  44.841573 8.574282 00 00 313832343045303034323831            
28/01/25 12:04:14 0236 1                  44.841573 8.574282 00 00 313931323050303132363338            
28/01/25 12:05:21 0237 1                  44.841267 8.574420 00 00 313831323045303232363235            
28/01/25 12:06:27 0238 1                  44.840368 8.574640 00 00 313831323045303231313737            
28/01/25 12:07:16 0239 1                  44.840032 8.574707 00 00 313931323050303131343836            
28/01/25 12:07:30 0240 1                  44.840018 8.574705 00 00 313831323045303233343237            
28/01/25 12:08:27 0241 1                  44.839443 8.574748 00 00 313831323045303231383632            
28/01/25 12:09:36 0242 1                  44.838813 8.574757 00 00 313831323045303231353734            
28/01/25 12:09:36 0243 1                  44.838813 8.574757 00 00 313831323045303231313734            
28/01/25 12:09:43 0244 1                  44.838813 8.574755 00 00 E2000016661002410630D708            
28/01/25 12:09:59 0245 1                  44.838817 8.574753 00 00 313831323045303230393831            
28/01/25 12:10:22 0246 1                  44.838812 8.574772 00 00 313831323045303231333730            
28/01/25 12:11:40 0247 1                  44.838370 8.574825 00 00 313831323045303233373332            
28/01/25 12:12:37 0248 1                  44.838047 8.574833 00 00 313831323045303230343431            
28/01/25 12:12:47 0249 1                  44.838043 8.574828 00 00 313831323045303232373833            
28/01/25 12:13:53 0250 1                  44.837380 8.574932 00 00 313831323045303231363733            
28/01/25 12:14:13 0251 1                  44.837385 8.574913 00 00 313831323045303233393536            
28/01/25 12:15:33 0252 1                  44.836387 8.574812 00 00 313831323045303234353531            
28/01/25 12:16:59 0253 1                  44.835323 8.576642 00 00 31383132304A303230343930            
28/01/25 12:17:59 0254 1                  44.835785 8.576610 00 00 3234BBD032304A3030333532            
28/01/25 12:19:02 0255 1                  44.836055 8.576157 00 00 313831323045303233313732            
28/01/25 12:20:18 0256 1                  44.835765 8.576328 00 00 313831323045303231383336            
28/01/25 12:20:25 0257 1                  44.835760 8.576325 00 00 313831323045303138393339            
28/01/25 12:21:58 0258 1                  44.833902 8.578087 00 00 313831323045303230373830            
28/01/25 12:21:58 0259 1                  44.833902 8.578087 00 00 313831323045303230373C30            
28/01/25 12:23:07 0260 1                  44.832550 8.579058 00 00 3035EBEA0802CE8800048B1E            
28/01/25 12:23:08 0261 1                  44.832548 8.579055 00 00 313831323045303233393532            
28/01/25 12:26:23 0262 1                  44.830468 8.583085 00 00 3233313130304A3030313537            
28/01/25 12:29:45 0263 1                  44.830645 8.579945 00 00 3234303132304A3030333530            
28/01/25 12:36:22 0264 1                  44.835038 8.576663 00 00 313931323050303132343538            
28/01/25 12:37:49 0265 1                  44.836750 8.575063 00 00 3234303132304A3032313836            
28/01/25 12:40:04 0266 1                  44.837580 8.575098 00 00 313831323045303138383632            
28/01/25 12:42:09 0267 1                  44.838575 8.575028 00 00 313931323050303030353237            
28/01/25 12:42:26 0268 1                  44.838593 8.575020 00 00 313931323050303031313331            
28/01/25 12:42:38 0269 1                  44.838605 8.575017 00 00 313931323050303131373831            
28/01/25 12:43:44 0270 1                  44.839015 8.574910 00 00 313831323045303233373238            
28/01/25 12:45:21 0271 1                  44.841782 8.574400 00 00 313931323045303630353839            
28/01/25 12:46:21 0272 1                  44.842157 8.573895 00 00 313831323045303233373733            
28/01/25 12:47:12 0273 1                  44.842830 8.573003 00 00 3234303132304A3031303738            
28/01/25 12:48:09 0274 1                  44.843008 8.572732 00 00 313831323045303233303535            
28/01/25 12:48:24 0275 1                  44.842992 8.572708 00 00 313831323045303232373932            
28/01/25 12:48:24 0276 1                  44.842992 8.572708 00 00 313831323045303232373932            
28/01/25 12:49:27 0277 1                  44.843213 8.572385 00 00 313831323045303232303637            
28/01/25 12:49:38 0278 1                  44.843218 8.572387 00 00 313931323050303132333739            
28/01/25 12:50:46 0279 1                  44.843585 8.571862 00 00 313831323045303234333433            
28/01/25 12:51:05 0280 1                  44.843597 8.571858 00 00 313931323050303038303536            
28/01/25 12:51:12 0281 1                  44.843598 8.571863 00 00 313831323045303232323436            
28/01/25 12:52:48 0282 1                  44.844105 8.571648 00 00 313931323050303035393032            
28/01/25 12:52:56 0283 1                  44.844105 8.571647 00 00 313831323045303233343336            
28/01/25 12:53:59 0284 1                  44.844408 8.571942 00 00 313831323045303230313535            
28/01/25 12:54:45 0285 1                  44.844540 8.572095 00 00 313831323045303232303738            
28/01/25 12:56:47 0286 1                  44.844860 8.571518 00 00 313831323045303234313239            
28/01/25 12:56:53 0287 1                  44.844858 8.571513 00 00 313831323045303230313238            
28/01/25 12:57:09 0288 1                  44.844860 8.571512 00 00 302EFE316F502D4000000B05            
28/01/25 12:57:09 0289 1                  44.844860 8.571512 00 00 313831323045303232313239            
28/01/25 12:57:18 0290 1                  44.844863 8.571517 00 00 313831323045303232313139            
28/01/25 12:57:19 0291 1                  44.844863 8.571517 00 00 303ACB0342EBD01C8573494F            
28/01/25 12:57:24 0292 1                  44.844867 8.571522 00 00 08283722AD031FC0021028D3            
28/01/25 12:57:39 0293 1                  44.844872 8.571535 00 00 313831323045303232313130            
28/01/25 12:57:52 0294 1                  44.844872 8.571540 00 00 313831323045303232303230            
28/01/25 12:58:32 0295 1                  44.844863 8.571532 00 00 313831323045303230333636            
28/01/25 12:58:40 0296 1                  44.844863 8.571533 00 00 313931323050303032323230            
28/01/25 13:00:16 0297 1                  44.845038 8.572485 00 00 313831323045303232363335            
28/01/25 13:00:38 0298 1                  44.845040 8.572493 00 00 313831323045303233353530            
28/01/25 13:00:50 0299 1                  44.845035 8.572503 00 00 313931323050303130343531            
28/01/25 13:01:09 0300 1                  44.845030 8.572535 00 00 31383033304D303034373738            
28/01/25 13:01:18 0301 1                  44.845028 8.572543 00 00 313931323050303034373131            
28/01/25 13:01:46 0302 1                  44.845028 8.572548 00 00 31383033304D303034373830            
28/01/25 13:01:49 0303 1                  44.845028 8.572548 00 00 31383033304D303034373739            
28/01/25 13:02:05 0304 1                  44.845033 8.572530 00 00 31383033304D303034373736            
28/01/25 13:03:17 0305 1                  44.845113 8.572630 00 00 3234303132304A3032323833            
28/01/25 13:04:38 0306 1                  44.845468 8.573208 00 00 3233303132304A3030353831            
28/01/25 13:04:45 0307 1                  44.845458 8.573212 00 00 313831323045303233333135            
28/01/25 13:05:01 0308 1                  44.845442 8.573230 00 00 313831323045303233333134            
28/01/25 13:05:08 0309 1                  44.845437 8.573235 00 00 313931323050303033313538            
28/01/25 13:06:10 0310 1                  44.845590 8.573505 00 00 313831323045303233353335            
28/01/25 13:06:22 0311 1                  44.845595 8.573513 00 00 313931323050303039363531            
28/01/25 13:06:31 0312 1                  44.845588 8.573515 00 00 313831323045303233333330            
28/01/25 13:07:09 0313 1                  44.845585 8.573520 00 00 3234303132304A3031303432            
28/01/25 13:08:28 0314 1                  44.845883 8.573618 00 00 3234303132304A3033303336            
28/01/25 13:08:59 0315 1                  44.845890 8.573600 00 00 313831323045303233373439            
28/01/25 13:10:28 0316 1                  44.846133 8.573757 00 00 313831323045303232333237            
28/01/25 13:11:43 0317 1                  44.847413 8.574837 00 00 313831323045303234313634            
28/01/25 13:13:18 0318 1                  44.847473 8.574525 00 00 313831323045303233303539            
28/01/25 13:13:50 0319 1                  44.847473 8.574512 00 00 3233313130304A3030323236            
28/01/25 13:15:13 0320 1                  44.847600 8.575065 00 00 313931323045303630353639            
28/01/25 13:15:20 0321 1                  44.847598 8.575068 00 00 313831323045303138393137            
28/01/25 13:16:38 0322 1                  44.847893 8.574608 00 00 313831323045303232373534            
28/01/25 13:17:43 0323 1                  44.846737 8.573575 00 00 313831323045303232333338            
28/01/25 13:18:36 0324 1                  44.846487 8.573175 00 00 313831323045303234373735            
28/01/25 13:19:46 0325 1                  44.846368 8.573017 00 00 313931323050303035353830            
28/01/25 13:23:25 0326 1                  44.844925 8.572228 00 00 313831323045303234393038            
28/01/25 13:25:54 0327 1                  44.843098 8.572357 00 00 313831323045303233303531            
28/01/25 13:26:54 0328 1                  44.842515 8.573120 00 00 313831323045303139393430            
28/01/25 13:28:28 0329 1                  44.842315 8.574435 00 00 313831323045303233343738            
28/01/25 13:29:25 0330 1                  44.842502 8.574520 00 00 313831323045303232343039            
28/01/25 13:29:35 0331 1                  44.842520 8.574537 00 00 313931323050303035333234            
28/01/25 13:29:55 0332 1                  44.842540 8.574557 00 00 313831323045303232333631            
28/01/25 13:31:16 0333 1                  44.843297 8.575052 00 00 313831323045303232303936            
28/01/25 13:32:03 0334 1                  44.843512 8.575145 00 00 313831323045303234323235            
28/01/25 13:32:16 0335 1                  44.843515 8.575167 00 00 313931323050303131353536            
28/01/25 13:33:34 0336 1                  44.843758 8.575278 00 00 313831323045303231353834            
28/01/25 13:34:27 0337 1                  44.844068 8.575570 00 00 31383033304D303034373730            
28/01/25 13:34:33 0338 1                  44.844070 8.575573 00 00 313931323050303035333632            
28/01/25 13:37:20 0339 1                  44.844823 8.575487 00 00 313831323045303234353434            
28/01/25 13:38:28 0340 1                  44.845028 8.575247 00 00 3233303234304A3030363433            
28/01/25 13:38:50 0341 1                  44.845042 8.575247 00 00 313832343045303034333132            
28/01/25 13:40:06 0342 1                  44.845370 8.575557 00 00 313831323045303232323239            
28/01/25 13:40:25 0343 1                  44.845363 8.575588 00 00 313831323045303234303239            
28/01/25 13:41:02 0344 1                  44.845382 8.575608 00 00 313831323045303233303830            
28/01/25 13:41:17 0345 1                  44.845385 8.575595 00 00 313931323050303032373039            
28/01/25 13:41:35 0346 1                  44.845378 8.575588 00 00 313831323045303233313730            
28/01/25 13:42:53 0347 1                  44.845705 8.575885 00 00 313931323050303038353833            
28/01/25 13:43:04 0348 1                  44.845707 8.575883 00 00 313831323045303234343135            
28/01/25 13:43:13 0349 1                  44.845703 8.575880 00 00 313931323050303030333432            
28/01/25 13:44:29 0350 1                  44.845907 8.576222 00 00 3234303132304A3032323637            
28/01/25 13:45:54 0351 1                  44.845788 8.577135 00 00 3233303234304A3030363334            
28/01/25 13:46:32 0352 1                  44.845655 8.576952 00 00 323030323545303031393837            
28/01/25 13:47:14 0353 1                  44.845635 8.576868 00 00 313831323045303232303638            
28/01/25 13:47:25 0354 1                  44.845628 8.576868 00 00 313831323045303234343636            
28/01/25 13:48:44 0355 1                  44.845458 8.576602 00 00 313831323045303234323036            
28/01/25 13:49:01 0356 1                  44.845450 8.576592 00 00 313931323050303036383333            
28/01/25 13:49:09 0357 1                  44.845442 8.576593 00 00 313931323050303032373431            
28/01/25 13:49:24 0358 1                  44.845437 8.576592 00 00 313931323050303033393437            
28/01/25 13:49:35 0359 1                  44.845440 8.576585 00 00 313931323050303035303836            
28/01/25 13:50:40 0360 1                  44.844820 8.575833 00 00 313931323050303034343031            
28/01/25 13:52:27 0361 1                  44.845707 8.573112 00 00 3233303132304A3030373433            
28/01/25 13:53:23 0362 1                  44.845675 8.572958 00 00 313831323045303232303739            
28/01/25 13:53:42 0363 1                  44.845665 8.572962 00 00 313831313030533030313531            
28/01/25 13:55:28 0364 1                  44.845820 8.572357 00 00 313831323045303233353439            
28/01/25 13:56:40 0365 1                  44.845843 8.571765 00 00 3234313130304A3030333634            
28/01/25 13:56:41 0366 1                  44.845842 8.571765 00 00 30396061C0577A8000021534            
28/01/25 13:57:59 0367 1                  44.845523 8.570412 00 00 313831323045303233373336            
28/01/25 14:01:21 0368 1                  44.845548 8.570250 00 00 30396062C3AFF382365625D4            
28/01/25 14:02:21 0369 1                  44.845572 8.570235 00 00 3035EBB3204168C800045865            
28/01/25 14:02:49 0370 1                  44.845563 8.570222 00 00 3035EBB3205B404800042C82            
28/01/25 14:05:56 0371 1                  44.845103 8.570553 00 00 313831323045303234313430            
28/01/25 14:06:36 0372 1                  44.844913 8.570533 00 00 313831323045303233323738            
28/01/25 14:07:44 0373 1                  44.844498 8.570463 00 00 313831323045303234383231            
28/01/25 14:08:29 0374 1                  44.844160 8.570422 00 00 313831323045303234313434            
28/01/25 14:08:46 0375 1                  44.844168 8.570423 00 00 313831323045303233323032            
28/01/25 14:09:41 0376 1                  44.843707 8.570490 00 00 313931323050303039353034            
28/01/25 14:09:47 0377 1                  44.843705 8.570495 00 00 313931323050303039353035            
28/01/25 14:10:16 0378 1                  44.843710 8.570515 00 00 3039606303BD988000096FBD            
28/01/25 14:10:54 0379 1                  44.843403 8.570568 00 00 31380016661001110680D4E3            
28/01/25 14:13:52 0380 1                  44.842548 8.569612 00 00 313831323045303233383932            
28/01/25 14:14:03 0381 1                  44.842553 8.569608 00 00 31383132304530320540DF06            
28/01/25 14:14:24 0382 1                  44.842557 8.569607 00 00 313831323045303232313638            
28/01/25 14:14:34 0383 1                  44.842557 8.569607 00 00 313831323045303232313637            
28/01/25 14:15:41 0384 1                  44.842548 8.570180 00 00 313931323050303035383332            
28/01/25 14:16:56 0385 1                  44.842515 8.571582 00 00 313931323050303030393732            
28/01/25 14:17:45 0386 1                  44.842405 8.571883 00 00 313931323050303037343432            
28/01/25 14:18:37 0387 1                  44.842298 8.572223 00 00 313831323045303138393433            
28/01/25 14:21:24 0388 1                  44.842162 8.575365 00 00 431292400539510700000000            
28/01/25 14:29:52 0000 s 01503ver01 44.843767 8.577902 00 00
28/01/25 14:31:00 0389 1                  44.843518 8.579650 00 00 E28011A0A50100649D7863E9            
28/01/25 14:37:01 0390 1                  44.850017 8.575730 00 00 30396120C2B41A0000000E64            
28/01/25 14:37:28 0391 1                  44.850018 8.575728 00 00 30395DFA82C7D240000E1370            
