03/03/25 11:11:49 0000 s 01501ver01 44.882175 8.859715 00 00
03/03/25 11:11:51 0000 s 01501ver01 44.882175 8.859715 00 00
03/03/25 11:28:04 0001 1                  44.894923 8.851660 00 00 315607045262078049760000            
03/03/25 11:36:36 0002 1                  44.955362 8.818538 00 00 3234303132304A3031313237            
03/03/25 11:36:38 0003 1                  44.955360 8.818538 00 00 30395DFA833A6EC11C486136            
03/03/25 11:38:02 0004 1                  44.958303 8.817497 00 00 313831323045303231393932            
03/03/25 11:38:02 0005 1                  44.958303 8.817497 00 00 3234303132304A3033313234            
03/03/25 11:40:00 0006 1                  44.964015 8.815250 00 00 313831323045303232303436            
03/03/25 11:40:12 0007 1                  44.964020 8.815250 00 00 3138B1323045303232303436            
03/03/25 11:41:28 0008 1                  44.966708 8.814208 00 00 313831323045303232323337            
03/03/25 11:42:57 0009 1                  44.969805 8.813045 00 00 3234303132304A3033303338            
03/03/25 11:43:38 0010 1                  44.970148 8.812927 00 00 313831323045303232353233            
03/03/25 11:45:39 0011 1                  44.974070 8.811312 00 00 313831323045303230333938            
03/03/25 11:45:41 0012 1                  44.974070 8.811312 00 00 313831323045303230353837            
03/03/25 11:46:49 0013 1                  44.974257 8.811280 00 00 313831323045303230353834            
03/03/25 11:48:38 0014 1                  44.974858 8.811635 00 00 313831313030533030313039            
03/03/25 11:50:23 0015 1                  44.974962 8.810898 00 00 313831323045303230353835            
03/03/25 11:51:07 0016 1                  44.975212 8.810857 00 00 30395DFA82CD86800022C17E            
03/03/25 11:51:22 0017 1                  44.975223 8.810872 00 00 313831323045303230353930            
03/03/25 11:54:03 0018 1                  44.976513 8.810445 00 00 313831323045303230353832            
03/03/25 11:54:09 0019 1                  44.976527 8.810440 00 00 313831323045303230353833            
03/03/25 11:54:50 0020 1                  44.976898 8.810318 00 00 3234303132304A3030383735            
03/03/25 11:55:28 0021 1                  44.977215 8.810178 00 00 313831323045303230353035            
03/03/25 11:56:03 0022 1                  44.977467 8.810092 00 00 3234303234304A3030333836            
03/03/25 11:56:59 0023 1                  44.977623 8.810020 00 00 313831323045303230343037            
03/03/25 11:57:41 0024 1                  44.977917 8.809888 00 00 313831323045303232353030            
03/03/25 11:58:40 0025 1                  44.978577 8.809642 00 00 313831323045303232383837            
03/03/25 11:59:32 0026 1                  44.978870 8.809538 00 00 313831323045303230363335            
03/03/25 12:00:24 0027 1                  44.978977 8.809923 00 00 3233303234304A3030373836            
03/03/25 12:00:47 0028 1                  44.978967 8.809857 00 00 313832343045303034303333            
03/03/25 12:01:42 0029 1                  44.978773 8.810842 00 00 313831323045303233303039            
03/03/25 12:02:17 0030 1                  44.978743 8.811175 00 00 313831323045303233303233            
03/03/25 12:03:05 0031 1                  44.977477 8.811385 00 00 313831323045303230343633            
03/03/25 12:03:50 0032 1                  44.977067 8.811408 00 00 313831323045303232353430            
03/03/25 12:04:34 0033 1                  44.976882 8.811403 00 00 313831323045303230333237            
03/03/25 12:06:27 0034 1                  44.976535 8.811577 00 00 313831313030533031303738            
03/03/25 12:06:57 0035 1                  44.976542 8.811597 00 00 313831313030533031303739            
03/03/25 12:07:41 0036 1                  44.976665 8.811553 00 00 313831323045303230333338            
03/03/25 12:08:08 0037 1                  44.976698 8.811422 00 00 3234303132304A3033323233            
03/03/25 12:10:05 0038 1                  44.979510 8.809038 00 00 3234303132304A3033313636            
03/03/25 12:10:58 0039 1                  44.979890 8.808825 00 00 313831323045303234343431            
03/03/25 12:11:51 0040 1                  44.980198 8.808817 00 00 313831323045303139303439            
03/03/25 12:11:52 0041 1                  44.980198 8.808820 00 00 313831323045303234363139            
03/03/25 12:13:13 0042 1                  44.980498 8.808740 00 00 313831323045303139313435            
03/03/25 12:13:48 0043 1                  44.980493 8.808757 00 00 313831313030533031303536            
03/03/25 12:14:40 0044 1                  44.980735 8.808998 00 00 3231303033304D3032353831            
03/03/25 12:15:24 0045 1                  44.980723 8.809400 00 00 31383033304D303034343635            
03/03/25 12:15:42 0046 1                  44.980748 8.809400 00 00 313831323045303230323639            
03/03/25 12:16:03 0047 1                  44.980758 8.809373 00 00 313932343050303030313231            
03/03/25 12:16:18 0048 1                  44.980738 8.809365 00 00 313832343045303034333637            
03/03/25 12:17:05 0049 1                  44.980642 8.809725 00 00 313831323045303230333937            
03/03/25 12:17:14 0050 1                  44.980645 8.809722 00 00 313831323045303139313936            
03/03/25 12:17:36 0051 1                  44.980647 8.809723 00 00 313831323045303232373034            
03/03/25 12:18:15 0052 1                  44.980617 8.810032 00 00 313831323045303232353232            
03/03/25 12:19:34 0053 1                  44.980280 8.811062 00 00 313831323045303230313437            
03/03/25 12:20:56 0054 1                  44.981065 8.811948 00 00 3231303234304A3032313736            
03/03/25 12:21:34 0055 1                  44.981038 8.812663 00 00 313831323045303230333132            
03/03/25 12:21:34 0056 1                  44.981038 8.812663 00 00 313931323050303038383534            
03/03/25 12:22:06 0057 1                  44.981038 8.812678 00 00 E200001666100027219032C5            
03/03/25 12:22:09 0058 1                  44.981038 8.812683 00 00 313831323045303230323934            
03/03/25 12:23:34 0059 1                  44.981007 8.813287 00 00 313831323045303232383239            
03/03/25 12:24:16 0060 1                  44.980758 8.813310 00 00 313831333045303232383338            
03/03/25 12:25:05 0061 1                  44.980510 8.813300 00 00 313831323045303231393434            
03/03/25 12:25:05 0062 1                  44.980510 8.813300 00 00 313831323045303231393539            
03/03/25 12:25:49 0063 1                  44.980395 8.813313 00 00 313831323045303230313638            
03/03/25 12:26:16 0064 1                  44.980305 8.813313 00 00 3234303132304A3030383639            
03/03/25 12:27:04 0065 1                  44.980202 8.813320 00 00 313831323045303230333337            
03/03/25 12:27:10 0066 1                  44.980202 8.813325 00 00 313831323045303230333435            
03/03/25 12:27:34 0067 1                  44.980208 8.813367 00 00 313831323045303231393636            
03/03/25 12:28:50 0068 1                  44.980015 8.813345 00 00 31383032334D303035323732            
03/03/25 12:28:50 0069 1                  44.980015 8.813345 00 00 31383032334D303037343332            
03/03/25 12:29:34 0070 1                  44.979752 8.813323 00 00 313831323045303231393538            
03/03/25 12:30:14 0071 1                  44.979585 8.813128 00 00 3233303132304A3030363230            
03/03/25 12:30:54 0072 1                  44.979468 8.813025 00 00 313931323045303630343533            
03/03/25 12:31:07 0073 1                  44.979472 8.813023 00 00 313831323045303234383031            
03/03/25 12:32:12 0074 1                  44.979243 8.812765 00 00 313831323045303232383337            
03/03/25 12:33:11 0075 1                  44.979000 8.812585 00 00 313831323045303233303139            
03/03/25 12:33:47 0076 1                  44.978915 8.812512 00 00 313831323045303232393532            
03/03/25 12:35:07 0077 1                  44.980168 8.813378 00 00 111320000000000664614095            
03/03/25 12:37:04 0078 1                  44.982140 8.812618 00 00 313831323045303230343436            
03/03/25 12:37:11 0079 1                  44.982140 8.812620 00 00 3231303234304A3032313130            
03/03/25 12:38:21 0080 1                  44.983397 8.812692 00 00 313831323045303234313030            
03/03/25 12:38:22 0081 1                  44.983395 8.812692 00 00 313831323045303139383634            
03/03/25 12:39:27 0082 1                  44.983745 8.812758 00 00 313831323045303139393532            
03/03/25 12:41:19 0083 1                  44.983488 8.813747 00 00 313831323045303139393031            
03/03/25 12:42:13 0084 1                  44.983460 8.813985 00 00 313831323045303139373333            
03/03/25 12:43:44 0085 1                  44.982880 8.814147 00 00 313831323045303139333031            
03/03/25 12:43:59 0086 1                  44.982940 8.814165 00 00 313831323045303139373132            
03/03/25 12:44:51 0087 1                  44.983253 8.814225 00 00 313831323045303139373332            
03/03/25 12:45:05 0088 1                  44.983253 8.814228 00 00 313831323045303139373136            
03/03/25 12:46:11 0089 1                  44.984573 8.814433 00 00 313831323045303139323434            
03/03/25 12:47:52 0090 1                  44.984053 8.813348 00 00 313831323045303230313134            
03/03/25 12:48:29 0091 1                  44.984033 8.813318 00 00 313831323045303230323232            
03/03/25 12:49:10 0092 1                  44.984060 8.813087 00 00 313831323045303232373131            
03/03/25 12:49:24 0093 1                  44.984070 8.813085 00 00 302655C8E521614000018DE2            
03/03/25 12:49:24 0094 1                  44.984070 8.813085 00 00 3035E8BF604FF8C0000060FB            
03/03/25 12:49:24 0095 1                  44.984070 8.813085 00 00 302655C8E524224000013244            
03/03/25 12:49:26 0096 1                  44.984072 8.813085 00 00 3035E8BF604FF8C00000610A            
03/03/25 12:50:47 0097 1                  44.984712 8.811962 00 00 313931323050303037383631            
03/03/25 12:51:34 0098 1                  44.984698 8.811385 00 00 313831323045303139383333            
03/03/25 12:52:08 0099 1                  44.984750 8.811230 00 00 313831323045303230303834            
03/03/25 12:52:21 0100 1                  44.984745 8.811233 00 00 313831323045303230353831            
03/03/25 12:52:21 0101 1                  44.984745 8.811233 00 00 313831323045303230353931            
03/03/25 12:52:40 0102 1                  44.984735 8.811242 00 00 313831323045303139383435            
03/03/25 12:53:26 0103 1                  44.984750 8.811093 00 00 313831323045303139383432            
03/03/25 12:54:12 0104 1                  44.984797 8.810717 00 00 313831323045303139383437            
03/03/25 12:54:19 0105 1                  44.984797 8.810717 00 00 313831323045303139383331            
03/03/25 12:54:21 0106 1                  44.984797 8.810715 00 00 303ACB0343908C5AC688CED4            
03/03/25 13:00:15 0107 1                  44.980530 8.810400 00 00 31383032334D303130303439            
03/03/25 13:02:04 0108 1                  44.979507 8.810265 00 00 313831313030533031313233            
03/03/25 13:03:19 0109 1                  44.979142 8.810155 00 00 313831323045303230323732            
03/03/25 13:05:05 0110 1                  44.979090 8.808635 00 00 313831313030533031313236            
03/03/25 13:05:54 0111 1                  44.979040 8.808453 00 00 313831323045303234323730            
03/03/25 13:06:26 0112 1                  44.979050 8.808203 00 00 313831323045303230313536            
03/03/25 13:06:38 0113 1                  44.979055 8.808210 00 00 313831323045303139393332            
03/03/25 13:07:44 0114 1                  44.978975 8.807525 00 00 313831323045303139373937            
03/03/25 13:08:38 0115 1                  44.978963 8.808423 00 00 313831323045303232313630            
03/03/25 13:09:22 0116 1                  44.978983 8.808910 00 00 313831323045303232353234            
03/03/25 13:11:04 0117 1                  44.978727 8.811470 00 00 313831323045303234343539            
03/03/25 13:11:34 0118 1                  44.978712 8.811607 00 00 313831323045303230353034            
03/03/25 13:11:42 0119 1                  44.978713 8.811605 00 00 313831B23045303230353034            
03/03/25 13:12:40 0120 1                  44.977658 8.811713 00 00 313831323045303230343534            
03/03/25 13:13:29 0121 1                  44.977148 8.811888 00 00 313831323045303138373534            
03/03/25 13:14:34 0122 1                  44.977762 8.811825 00 00 313831323045303230343533            
03/03/25 13:15:35 0123 1                  44.978628 8.811830 00 00 313931323050303130313232            
03/03/25 13:16:03 0124 1                  44.978635 8.811952 00 00 323030323545303033373833            
03/03/25 13:16:10 0125 1                  44.978632 8.811947 00 00 313831323045303232343438            
03/03/25 13:17:02 0126 1                  44.978133 8.812308 00 00 313831323045303230313838            
03/03/25 13:18:47 0127 1                  44.977237 8.812498 00 00 313831323045303230333330            
03/03/25 13:20:41 0128 1                  44.978762 8.813323 00 00 3234303132304A3033303135            
03/03/25 13:20:47 0129 1                  44.978763 8.813315 00 00 31383032334D303032333334            
03/03/25 13:21:23 0130 1                  44.978657 8.813268 00 00 313931323050303133353135            
03/03/25 13:23:23 0131 1                  44.978372 8.813020 00 00 313831323045303232343636            
03/03/25 13:23:58 0132 1                  44.978553 8.812550 00 00 313831323045303233303136            
03/03/25 13:25:18 0133 1                  44.980060 8.813407 00 00 111320000000000664614095            
03/03/25 13:26:09 0134 1                  44.980923 8.813995 00 00 313831323045303230303037            
03/03/25 13:27:00 0135 1                  44.980870 8.814390 00 00 313831323045303230323533            
03/03/25 13:27:38 0136 1                  44.980885 8.814615 00 00 313831323045303230323439            
03/03/25 13:29:06 0137 1                  44.981548 8.814778 00 00 313831323045303232373230            
03/03/25 13:29:56 0138 1                  44.981887 8.814800 00 00 313832343045303034303131            
03/03/25 13:30:22 0139 1                  44.981892 8.814807 00 00 313831313030533031313235            
03/03/25 13:30:24 0140 1                  44.981892 8.814807 00 00 3035E8BF60566FC0000240B5            
03/03/25 13:30:44 0141 1                  44.981883 8.814800 00 00 313831313030533031313231            
03/03/25 13:33:21 0142 1                  44.982242 8.816600 00 00 3234303132304A3031303837            
03/03/25 13:34:03 0143 1                  44.982018 8.816535 00 00 3231303033304D3033303832            
03/03/25 13:34:36 0144 1                  44.981877 8.816460 00 00 313831323045303139333634            
03/03/25 13:35:06 0145 1                  44.981685 8.816413 00 00 313831323045303232393734            
03/03/25 13:35:30 0146 1                  44.981673 8.816397 00 00 313831323045303138363038            
03/03/25 13:35:37 0147 1                  44.981672 8.816393 00 00 313831323045303234383539            
03/03/25 13:36:31 0148 1                  44.981460 8.816352 00 00 313831323045303232383238            
03/03/25 13:37:54 0149 1                  44.980938 8.815780 00 00 31383032334D303032353835            
03/03/25 13:38:07 0150 1                  44.980925 8.815772 00 00 313831323045303230343035            
03/03/25 13:38:51 0151 1                  44.981027 8.815240 00 00 313831323045303232383939            
03/03/25 13:39:32 0152 1                  44.981068 8.815020 00 00 313831323045303232373338            
03/03/25 13:39:35 0153 1                  44.981070 8.815018 00 00 313831323045303232373338            
03/03/25 13:39:35 0154 1                  44.981070 8.815018 00 00 30340BF29C1E79800001A4C0            
03/03/25 13:40:31 0155 1                  44.980645 8.814755 00 00 313831323045303230313135            
03/03/25 13:41:16 0156 1                  44.980468 8.814713 00 00 313831323045303230303533            
03/03/25 13:41:17 0157 1                  44.980468 8.814713 00 00 313831323045303230313132            
03/03/25 13:42:03 0158 1                  44.980370 8.814697 00 00 313931323050303033343137            
03/03/25 13:42:04 0159 1                  44.980370 8.814695 00 00 3234303132304A3031313039            
03/03/25 13:43:25 0160 1                  44.980438 8.815407 00 00 313931323050303039313936            
03/03/25 13:43:25 0161 1                  44.980438 8.815407 00 00 313831323045303232383938            
03/03/25 13:44:14 0162 1                  44.980442 8.815135 00 00 313831323045303232353230            
03/03/25 13:45:11 0163 1                  44.980143 8.814755 00 00 3233303234304A3030353132            
03/03/25 13:46:52 0164 1                  44.979805 8.814898 00 00 313831323045303230333931            
03/03/25 13:47:09 0165 1                  44.979810 8.814900 00 00 313831323045303230343730            
03/03/25 13:47:32 0166 1                  44.979820 8.814910 00 00 313831323045303233393339            
03/03/25 13:48:33 0167 1                  44.979900 8.814197 00 00 313931323050303033303133            
03/03/25 13:48:47 0168 1                  44.979923 8.814193 00 00 31393132304530B630343137            
03/03/25 13:48:47 0169 1                  44.979923 8.814193 00 00 313931323045303630343137            
03/03/25 13:49:10 0170 1                  44.979942 8.814182 00 00 313831323045303230353433            
03/03/25 13:49:11 0171 1                  44.979942 8.814182 00 00 313831323045303138363035            
03/03/25 13:49:58 0172 1                  44.979912 8.813960 00 00 313831323045303232353333            
03/03/25 13:50:36 0173 1                  44.979920 8.813967 00 00 313831313030533031303836            
03/03/25 13:51:58 0174 1                  44.979810 8.812732 00 00 313831323045303230303531            
03/03/25 13:52:47 0175 1                  44.979855 8.812492 00 00 313831323045303232383336            
03/03/25 13:53:28 0176 1                  44.979933 8.812218 00 00 313831323045303230343132            
03/03/25 13:56:12 0177 1                  44.980283 8.811653 00 00 313831313030533031303634            
03/03/25 13:56:55 0178 1                  44.980273 8.811628 00 00 313831313030533031303031            
03/03/25 13:57:18 0179 1                  44.980250 8.811625 00 00 313831313030533031313337            
03/03/25 13:58:44 0180 1                  44.979772 8.811260 00 00 313831323045303232343936            
03/03/25 13:59:25 0181 1                  44.979353 8.811440 00 00 313831323045303139383130            
03/03/25 14:00:23 0182 1                  44.979297 8.811673 00 00 3233303132304A3030363233            
03/03/25 14:01:05 0183 1                  44.979267 8.812047 00 00 313831323045303139383831            
03/03/25 14:01:53 0184 1                  44.979293 8.812382 00 00 313831323045303139383832            
03/03/25 14:02:32 0185 1                  44.979275 8.812760 00 00 313831323045303139383830            
03/03/25 14:02:32 0186 1                  44.979275 8.812760 00 00 313831323045303139383833            
03/03/25 14:03:52 0187 1                  44.980135 8.813365 00 00 111320000000000664614095            
03/03/25 14:18:01 0000 s 01501ver01 44.981345 8.808680 00 00
03/03/25 14:18:03 0000 s 01501ver01 44.981345 8.808680 00 00
03/03/25 14:20:05 0188 1                  44.981687 8.806010 00 00 313831323045303138383238            
03/03/25 14:21:02 0189 1                  44.981475 8.805890 00 00 313831323045303138373135            
03/03/25 14:21:10 0190 1                  44.981468 8.805890 00 00 313831323045303139333530            
03/03/25 14:21:14 0191 1                  44.981465 8.805887 00 00 30395DFA82EA4000003843FE            
03/03/25 14:21:15 0192 1                  44.981465 8.805887 00 00 30395DFA82EA40000038129C            
03/03/25 14:21:59 0193 1                  44.981307 8.805827 00 00 3234303132304A3030333031            
03/03/25 14:23:00 0194 1                  44.980840 8.805707 00 00 313831323045303139333635            
03/03/25 14:23:02 0195 1                  44.980840 8.805708 00 00 313831323045303139333038            
03/03/25 14:23:27 0196 1                  44.980840 8.805723 00 00 313831323045303138383730            
03/03/25 14:24:13 0197 1                  44.980483 8.805618 00 00 313831323045303232383934            
03/03/25 14:25:03 0198 1                  44.980075 8.805688 00 00 3234303132304A3033303731            
03/03/25 14:25:48 0199 1                  44.979347 8.805992 00 00 313831323045303139323737            
03/03/25 14:25:54 0200 1                  44.979340 8.805997 00 00 313831323045303234383738            
03/03/25 14:26:20 0201 1                  44.979327 8.806000 00 00 3038D1830239560000014726            
03/03/25 14:26:32 0202 1                  44.979323 8.806002 00 00 313831323045303234353732            
03/03/25 14:28:08 0203 1                  44.977170 8.803433 00 00 313831323045303230303936            
03/03/25 14:30:21 0204 1                  44.976203 8.804167 00 00 323031313030503030313236            
03/03/25 14:31:28 0205 1                  44.976478 8.804120 00 00 313831313030533032303031            
03/03/25 14:34:56 0206 1                  44.977245 8.798243 00 00 313831323045303138373336            
03/03/25 14:34:56 0207 1                  44.977245 8.798243 00 00 313831323045303232343739            
03/03/25 14:36:26 0208 1                  44.977282 8.797918 00 00 313831323045303139373938            
03/03/25 14:36:29 0209 1                  44.977282 8.797918 00 00 313931323050303132383537            
03/03/25 14:37:38 0210 1                  44.977078 8.797325 00 00 313831323045303233383038            
03/03/25 14:37:53 0211 1                  44.977080 8.797320 00 00 313831323045303230363032            
03/03/25 14:39:19 0212 1                  44.976717 8.796427 00 00 313835323045303230363233            
03/03/25 14:39:37 0213 1                  44.976708 8.796427 00 00 313831323045303230363130            
03/03/25 14:41:46 0214 1                  44.976993 8.802923 00 00 313832343045303034333037            
03/03/25 14:42:58 0215 1                  44.977035 8.803847 00 00 313831323045303230353632            
03/03/25 14:43:27 0216 1                  44.977078 8.803977 00 00 313831323045303232353336            
03/03/25 14:44:41 0217 1                  44.977907 8.805495 00 00 313831323045303632383634            
03/03/25 14:46:06 0218 1                  44.977920 8.806565 00 00 313831323045303232343539            
03/03/25 14:46:07 0219 1                  44.977920 8.806565 00 00 313831323045303233383532            
03/03/25 14:47:01 0220 1                  44.977540 8.806652 00 00 313831323045303232353039            
03/03/25 14:47:01 0221 1                  44.977540 8.806652 00 00 313831323045303232383831            
03/03/25 14:47:26 0222 1                  44.977543 8.806658 00 00 313831323045303233383630            
03/03/25 14:47:27 0223 1                  44.977543 8.806660 00 00 313831323045303139303834            
03/03/25 14:47:54 0224 1                  44.977540 8.806663 00 00 313831323045303232383834            
03/03/25 14:47:55 0225 1                  44.977540 8.806663 00 00 313831323045303233383634            
03/03/25 14:48:50 0226 1                  44.977312 8.806725 00 00 313831323045303232353130            
03/03/25 14:48:51 0227 1                  44.977312 8.806725 00 00 313831323845303232353130            
03/03/25 14:50:12 0228 1                  44.977010 8.806765 00 00 313831323045303232353134            
03/03/25 14:50:20 0229 1                  44.977008 8.806768 00 00 313831323045303232333635            
03/03/25 14:51:11 0230 1                  44.976862 8.806830 00 00 313831323045303139303739            
03/03/25 14:51:47 0231 1                  44.976667 8.806812 00 00 313831323045303234363236            
03/03/25 14:52:42 0232 1                  44.976292 8.806945 00 00 313831323045303234323732            
03/03/25 14:53:21 0233 1                  44.976013 8.807003 00 00 313831323045303232333630            
03/03/25 14:54:22 0234 1                  44.975637 8.807303 00 00 313831323045303232383935            
03/03/25 14:55:00 0235 1                  44.975630 8.807485 00 00 313831323045303230353331            
03/03/25 14:55:47 0236 1                  44.975648 8.807915 00 00 313831323045303233313134            
03/03/25 14:56:29 0237 1                  44.975648 8.808233 00 00 313831323045303233313135            
03/03/25 14:57:05 0238 1                  44.975662 8.808345 00 00 313831323045303230313435            
03/03/25 14:57:52 0239 1                  44.975663 8.808872 00 00 313831323045303232343634            
03/03/25 14:58:32 0240 1                  44.975675 8.809187 00 00 313831323045303230313630            
03/03/25 14:59:27 0241 1                  44.975932 8.809235 00 00 313831323045303232353434            
03/03/25 14:59:29 0242 1                  44.975930 8.809237 00 00 3039612D43CCFA09502F94B8            
03/03/25 14:59:37 0243 1                  44.975927 8.809245 00 00 313831323045303230323139            
03/03/25 15:00:24 0244 1                  44.976060 8.809228 00 00 313831323045303232353431            
03/03/25 15:01:31 0245 1                  44.976048 8.808087 00 00 313831323045303232333634            
03/03/25 15:01:56 0246 1                  44.975928 8.808062 00 00 313831323045303230343230            
03/03/25 15:03:25 0247 1                  44.975478 8.806988 00 00 313931323050303037373532            
03/03/25 15:04:41 0248 1                  44.974303 8.806415 00 00 313831323045303139343531            
03/03/25 15:05:44 0249 1                  44.974543 8.804578 00 00 313931323050303033373236            
03/03/25 15:06:47 0250 1                  44.974728 8.803128 00 00 313832343045303034313936            
03/03/25 15:07:10 0251 1                  44.974717 8.803137 00 00 313832343045303034313939            
03/03/25 15:09:06 0252 1                  44.974267 8.804507 00 00 313831313030533031303631            
03/03/25 15:10:37 0253 1                  44.974145 8.806547 00 00 313832343045303034313635            
03/03/25 15:11:48 0254 1                  44.973982 8.807783 00 00 3233303234304A3030353534            
03/03/25 15:12:30 0255 1                  44.973967 8.807922 00 00 3234303234304A3030343234            
03/03/25 15:14:05 0256 1                  44.974198 8.807992 00 00 313831313030533030313032            
03/03/25 15:14:55 0257 1                  44.973913 8.807105 00 00 313831323045303234383030            
03/03/25 15:15:42 0258 1                  44.973545 8.807060 00 00 313831323045303233323236            
03/03/25 15:16:35 0259 1                  44.973265 8.807047 00 00 313831323045303230353336            
03/03/25 15:17:40 0260 1                  44.973385 8.807527 00 00 313831323045303232313338            
03/03/25 15:18:14 0261 1                  44.973360 8.807557 00 00 313831313030533031303635            
03/03/25 15:19:00 0262 1                  44.973323 8.807567 00 00 313831313030533031303538            
03/03/25 15:20:06 0263 1                  44.973330 8.807840 00 00 313831323045303232313435            
03/03/25 15:21:02 0264 1                  44.973303 8.808458 00 00 313832343045303034323733            
03/03/25 15:22:16 0265 1                  44.973252 8.809945 00 00 313831323045303138373333            
03/03/25 15:25:47 0266 1                  44.973238 8.811493 00 00 313831323045303230363430            
03/03/25 15:26:48 0267 1                  44.972615 8.811675 00 00 313831323045303230343034            
03/03/25 15:27:49 0268 1                  44.972397 8.811777 00 00 313831323045303230333630            
03/03/25 15:28:02 0269 1                  44.972393 8.811783 00 00 313831323045303230333537            
03/03/25 15:28:40 0270 1                  44.972382 8.811778 00 00 313831323045303230333539            
03/03/25 15:29:44 0271 1                  44.971320 8.812145 00 00 313831323045303231303634            
03/03/25 15:30:56 0272 1                  44.968342 8.813353 00 00 313831323045303139323938            
03/03/25 15:31:57 0273 1                  44.967547 8.813662 00 00 313831323045303232303434            
03/03/25 15:33:30 0274 1                  44.965182 8.814433 00 00 313831323045303232333132            
03/03/25 15:35:33 0275 1                  44.964850 8.813363 00 00 313832343045303034323137            
03/03/25 15:37:10 0276 1                  44.964392 8.814792 00 00 313831323045303231303339            
03/03/25 15:38:12 0277 1                  44.964098 8.814907 00 00 313831323045303231393930            
03/03/25 15:38:14 0278 1                  44.964102 8.814908 00 00 313931323050303033303637            
03/03/25 15:40:28 0279 1                  44.953780 8.818908 00 00 3156060542411310838D0000            
