27/01/25 10:50:28 0000 s 01488ver01 44.882425 8.859738 00 00
27/01/25 11:07:43 0001 1                  44.949435 8.813673 00 00 313931323050303133333630            
27/01/25 11:10:05 0002 1                  44.946965 8.807175 00 00 313831323045303232323338            
27/01/25 11:14:27 0003 1                  44.953190 8.822235 00 00 313831323045303232393239            
27/01/25 11:19:22 0004 1                  44.956343 8.814577 00 00 313831323045303230313738            
27/01/25 11:19:22 0005 1                  44.956343 8.814577 00 00 313831323045303231303530            
27/01/25 11:26:46 0006 1                  44.944457 8.797242 00 00 313831323045303138363031            
27/01/25 11:32:53 0007 1                  44.924752 8.794320 00 00 313831323045303235343934            
27/01/25 11:32:56 0008 1                  44.924752 8.794320 00 00 313831323045303235363239            
27/01/25 11:35:06 0009 1                  44.927445 8.791992 00 00 313831323045303232383430            
27/01/25 11:44:20 0010 1                  44.918730 8.781555 00 00 313831323045303234333030            
27/01/25 11:55:43 0011 1                  44.944883 8.777467 00 00 3234303132304A3030343131            
27/01/25 11:57:26 0012 1                  44.950227 8.778533 00 00 31383033304D303033393536            
27/01/25 11:57:33 0013 1                  44.950225 8.778530 00 00 31383033304D303033393733            
27/01/25 11:57:54 0014 1                  44.950203 8.778523 00 00 313832343045303034333031            
27/01/25 11:59:17 0015 1                  44.950427 8.778842 00 00 3233303132304A3030353634            
27/01/25 11:59:19 0016 1                  44.950430 8.778843 00 00 313831323045303233363237            
27/01/25 12:01:51 0017 1                  44.958608 8.779028 00 00 313831323045303231303836            
27/01/25 12:02:43 0018 1                  44.957845 8.778295 00 00 313831323045303230353535            
27/01/25 12:03:34 0019 1                  44.957440 8.777962 00 00 313831323045303231303837            
27/01/25 12:04:40 0020 1                  44.957283 8.777842 00 00 313831323045303230353536            
27/01/25 12:06:48 0021 1                  44.956298 8.771062 00 00 313831323045303138373132            
27/01/25 12:09:33 0022 1                  44.958640 8.760635 00 00 30395DFA82E4588000426FA2            
27/01/25 12:09:35 0023 1                  44.958642 8.760635 00 00 313831323045303231303532            
27/01/25 12:11:10 0024 1                  44.958228 8.765420 00 00 313831323045303231323631            
27/01/25 12:16:31 0025 1                  44.964093 8.773175 00 00 3234303132304A3030383934            
27/01/25 12:17:53 0026 1                  44.964520 8.770247 00 00 313931323050303037393537            
27/01/25 12:19:10 0027 1                  44.964400 8.769155 00 00 313831323045303232353236            
27/01/25 12:23:51 0028 1                  44.966393 8.778520 00 00 313831323045303232393337            
27/01/25 12:26:14 0029 1                  44.971600 8.773653 00 00 313931323050303037393130            
27/01/25 12:29:17 0030 1                  44.973555 8.772183 00 00 313831323045303230363439            
27/01/25 12:30:37 0031 1                  44.974252 8.776890 00 00 313831323045303232383739            
27/01/25 12:31:40 0032 1                  44.974352 8.779123 00 00 313831323045303233313731            
27/01/25 12:32:51 0033 1                  44.974103 8.780955 00 00 313831323045303230363436            
27/01/25 12:34:12 0034 1                  44.974288 8.785997 00 00 313831323045303233383135            
27/01/25 12:37:21 0035 1                  44.974293 8.792088 00 00 313831323045303233303133            
27/01/25 12:41:02 0036 1                  44.964495 8.785477 00 00 313931323050303036353537            
27/01/25 12:48:16 0037 1                  44.961478 8.788085 00 00 313931323050303037343831            
27/01/25 12:51:16 0038 1                  44.965507 8.796965 00 00 313932343050303030303038            
27/01/25 12:54:29 0039 1                  44.974375 8.802918 00 00 3234303132304A3032323538            
27/01/25 12:54:29 0040 1                  44.974375 8.802918 00 00 3234303132304A3032323538            
27/01/25 12:54:47 0041 1                  44.974385 8.802937 00 00 313831323045303230393438            
27/01/25 12:57:35 0042 1                  44.977240 8.797720 00 00 313931323050303132383537            
27/01/25 13:01:53 0043 1                  44.978932 8.790213 00 00 313831323045303235353935            
27/01/25 13:01:54 0044 1                  44.978932 8.790213 00 00 313931323045303630313939            
27/01/25 13:01:56 0045 1                  44.978932 8.790213 00 00 3039611940BE74C9502F9045            
27/01/25 13:05:40 0046 1                  44.986033 8.784573 00 00 313831323045303232343738            
27/01/25 13:05:40 0047 1                  44.986033 8.784573 00 00 313831323045303232343832            
27/01/25 13:15:31 0048 1                  44.979970 8.780233 00 00 313831323045303138353332            
27/01/25 13:17:18 0049 1                  44.979355 8.773033 00 00 313831323045303233313739            
27/01/25 13:18:37 0050 1                  44.978998 8.767978 00 00 313931323045303630343530            
27/01/25 13:20:58 0051 1                  44.978982 8.768368 00 00 313831323045303234373032            
27/01/25 13:22:38 0052 1                  44.976373 8.771053 00 00 313831323045303232353132            
27/01/25 13:25:22 0053 1                  44.977648 8.775547 00 00 313831323045303232343736            
27/01/25 13:30:30 0054 1                  44.976455 8.813695 00 00 3234303132304A3030323638            
27/01/25 13:30:30 0055 1                  44.976455 8.813695 00 00 313831323045303235333432            
27/01/25 13:32:45 0056 1                  44.983548 8.818953 00 00 313832343045303034323030            
27/01/25 13:35:41 0057 1                  44.986462 8.822632 00 00 313931323050303132323138            
27/01/25 13:37:51 0058 1                  44.987168 8.824463 00 00 313931323050303030353931            
27/01/25 13:37:51 0059 1                  44.987168 8.824463 00 00 313931323050303030353931            
27/01/25 13:40:13 0060 1                  44.988558 8.827402 00 00 313931323050303039333138            
27/01/25 13:41:36 0061 1                  44.988413 8.826760 00 00 313831323045303233333635            
27/01/25 13:44:40 0062 1                  44.986305 8.823515 00 00 313831323045303139363631            
27/01/25 13:46:13 0063 1                  44.985207 8.827740 00 00 313831323045303139363539            
27/01/25 13:46:14 0064 1                  44.985207 8.827740 00 00 313831323045303139343437            
27/01/25 13:47:33 0065 1                  44.984858 8.830393 00 00 313831323045303233303231            
27/01/25 13:48:30 0066 1                  44.984455 8.831682 00 00 3234303132304A3030393533            
27/01/25 13:49:52 0067 1                  44.982062 8.832687 00 00 313931323050303133333033            
27/01/25 13:53:23 0068 1                  44.984387 8.837005 00 00 313831323045303230333733            
27/01/25 13:56:11 0069 1                  44.980752 8.837782 00 00 313931323050303035303334            
27/01/25 13:59:32 0070 1                  44.976577 8.838817 00 00 313931323050303076323835            
27/01/25 14:00:28 0071 1                  44.976525 8.837893 00 00 313831323045303133353838            
27/01/25 14:01:11 0072 1                  44.976518 8.837602 00 00 313831323045303232303431            
27/01/25 14:01:55 0073 1                  44.976498 8.837218 00 00 313831323045303232303631            
27/01/25 14:03:06 0074 1                  44.976440 8.836603 00 00 3234303132304A3031303233            
27/01/25 14:09:12 0075 1                  44.976978 8.815433 00 00 313831323045303234313234            
27/01/25 14:10:04 0076 1                  44.976240 8.815917 00 00 3234303132304A3032313831            
27/01/25 14:11:09 0077 1                  44.974005 8.817283 00 00 313831323045303231393130            
27/01/25 14:12:48 0078 1                  44.972992 8.817585 00 00 313831323045303230313237            
27/01/25 14:18:52 0079 1                  44.957335 8.825457 00 00 313831323045303232363131            
27/01/25 14:19:42 0080 1                  44.957827 8.825352 00 00 313931323050303133393234            
27/01/25 14:19:44 0081 1                  44.957827 8.825352 00 00 313831323045303232363135            
27/01/25 14:21:59 0082 1                  44.960775 8.827588 00 00 313831323045303232363838            
27/01/25 14:24:29 0083 1                  44.961107 8.827813 00 00 313831313030533030313134            
27/01/25 14:24:33 0084 1                  44.961107 8.827815 00 00 313831313030533230313134            
27/01/25 14:26:07 0085 1                  44.962672 8.828783 00 00 3234303132304A3033323832            
27/01/25 14:27:09 0086 1                  44.963100 8.829672 00 00 313831323045303234393037            
27/01/25 14:28:20 0087 1                  44.963967 8.831402 00 00 313831323045303231393139            
27/01/25 14:29:33 0088 1                  44.965028 8.833373 00 00 313831323045303231323636            
27/01/25 14:31:08 0089 1                  44.964632 8.836453 00 00 313831323045303232303332            
27/01/25 14:32:23 0090 1                  44.965525 8.835388 00 00 313831323045303232393335            
27/01/25 14:33:31 0091 1                  44.966217 8.835290 00 00 313832B43045303034333830            
27/01/25 14:33:36 0092 1                  44.966217 8.835295 00 00 313832343045303034333830            
27/01/25 14:35:44 0093 1                  44.966797 8.834225 00 00 31383033304D303033383930            
27/01/25 14:37:18 0094 1                  44.967222 8.836348 00 00 313831323045303234333737            
27/01/25 14:38:11 0095 1                  44.967417 8.836452 00 00 313831323045303231393336            
27/01/25 14:39:41 0096 1                  44.967778 8.836535 00 00 313831323045303232393333            
27/01/25 14:40:25 0097 1                  44.968015 8.836657 00 00 313931323050303039333336            
27/01/25 14:42:40 0098 1                  44.968455 8.837087 00 00 313931323050303037323136            
27/01/25 14:42:40 0099 1                  44.968455 8.837087 00 00 313931323050303131343434            
27/01/25 14:43:58 0100 1                  44.968853 8.838257 00 00 313831323045303231393835            
27/01/25 14:45:24 0101 1                  44.969975 8.838008 00 00 313831323045303232393739            
27/01/25 14:46:16 0102 1                  44.969965 8.838167 00 00 313831323045303230303732            
27/01/25 14:47:25 0103 1                  44.969000 8.837908 00 00 313831323045303232303239            
27/01/25 14:48:41 0104 1                  44.969143 8.836932 00 00 313831323045303232383633            
27/01/25 14:48:41 0105 1                  44.969143 8.836932 00 00 313831323045303232393238            
27/01/25 14:49:10 0106 1                  44.969122 8.836925 00 00 313831323045303138383134            
27/01/25 14:49:10 0107 1                  44.969122 8.836925 00 00 313831323045303138393236            
27/01/25 14:50:34 0108 1                  44.969638 8.835552 00 00 313831323045303231393430            
27/01/25 14:52:33 0109 1                  44.970740 8.833525 00 00 313831323045303232393233            
27/01/25 14:52:35 0110 1                  44.970742 8.833527 00 00 313831323045303232393237            
27/01/25 14:54:23 0111 1                  44.970470 8.833298 00 00 313831323045303232393234            
27/01/25 14:55:26 0112 1                  44.969953 8.833050 00 00 313831323045303231393432            
27/01/25 15:00:19 0113 1                  44.960262 8.822950 00 00 313831323045303230363036            
27/01/25 15:00:25 0114 1                  44.960265 8.822952 00 00 313831323045303232393431            
27/01/25 15:02:01 0115 1                  44.957532 8.821268 00 00 313931323050303037333835            
27/01/25 15:34:44 0000 s 01488ver01 44.908378 8.866970 00 00
27/01/25 15:41:14 0000 s 01488ver01 44.908370 8.866667 00 00
27/01/25 15:52:01 0000 s 01488ver01 44.882435 8.860107 00 00
27/01/25 15:56:14 0000 s 01488ver01 44.882472 8.860185 00 00
