21/10/23 05:25:35 0000 s 01485ver01 44.882683 8.860210 00 00
21/10/23 05:34:56 0000 s 01485ver01 0 0 00 00
21/10/23 05:53:35 0001 1                  0 0 00 00 25705569A6866752B2C32DB9            
21/10/23 05:56:48 0002 1                  44.896282 8.866237 00 00 3231303234304A3034313931            
21/10/23 05:56:58 0003 1                  44.896297 8.866277 00 00 3231303234304A3034323030            
21/10/23 05:58:17 0004 1                  44.896378 8.866377 00 00 534D5004E700010137303034            
21/10/23 05:59:18 0005 1                  44.895635 8.865528 00 00 3231303234304A3034333236            
21/10/23 06:02:00 0006 1                  44.894458 8.864837 00 00 3231303234304A3034323033            
21/10/23 06:04:16 0007 1                  44.893918 8.863380 00 00 3231303234304A3034323231            
21/10/23 06:04:39 0008 1                  44.893892 8.863330 00 00 323032343055303030333836            
21/10/23 06:09:50 0009 1                  44.895102 8.864257 00 00 3231303234304A3034323032            
21/10/23 06:10:04 0010 1                  0 0 00 00 3231303234304A3034323031            
21/10/23 06:13:07 0011 1                  0 0 00 00 3231303234304A3034333030            
21/10/23 06:13:26 0012 1                  44.895065 8.861617 00 00 323032343055303030333830            
21/10/23 06:14:41 0013 1                  44.895562 8.862032 00 00 323032343055303030333238            
21/10/23 06:15:11 0014 1                  44.895493 8.862100 00 00 3231303234304A3032383537            
21/10/23 06:15:56 0015 1                  44.895412 8.862125 00 00 323032343055303030333239            
21/10/23 06:20:17 0016 1                  44.893420 8.861387 00 00 323032343055303030337639            
21/10/23 06:21:04 0017 1                  44.893425 8.861497 00 00 3231303234304A3034343833            
21/10/23 06:21:09 0018 1                  44.893423 8.861490 00 00 323032343055303030333931            
21/10/23 06:24:10 0019 1                  44.893735 8.862560 00 00 323032343055303030333934            
21/10/23 06:30:37 0020 1                  44.896510 8.862337 00 00 323032343055303030333731            
21/10/23 06:33:08 0021 1                  44.897757 8.862535 00 00 3231303234304A3034343831            
21/10/23 06:38:45 0022 1                  44.899310 8.862498 00 00 323032343055303030333933            
21/10/23 06:42:48 0023 1                  44.898758 8.860747 00 00 3231303234304A3034313837            
21/10/23 06:43:16 0024 1                  44.898745 8.860873 00 00 3231303234304A3032373539            
21/10/23 06:47:24 0025 1                  44.897583 8.862907 00 00 323032343055303030333834            
21/10/23 06:52:25 0026 1                  44.895975 8.864822 00 00 323032343055303030333330            
21/10/23 06:52:45 0027 1                  44.895958 8.864858 00 00 3231303234304A3034323134            
21/10/23 06:58:10 0028 1                  44.896983 8.862568 00 00 313832323252505730303030            
21/10/23 07:01:13 0029 1                  44.898010 8.865225 00 00 323032343055303030353933            
21/10/23 07:06:12 0030 1                  44.899398 8.866483 00 00 323032343055303030323032            
21/10/23 07:09:25 0031 1                  44.900398 8.865983 00 00 015610103024821171300000            
21/10/23 07:10:14 0032 1                  44.900217 8.865310 00 00 3231303234304A3034323831            
21/10/23 07:10:25 0033 1                  44.900170 8.865287 00 00 3231303234304A3034343832            
21/10/23 07:11:49 0034 1                  44.900713 8.866488 00 00 25705569A686CD8431C33CB3            
21/10/23 07:13:07 0035 1                  44.900877 8.867463 00 00 323032343055303030333831            
21/10/23 07:13:11 0036 1                  44.900853 8.867472 00 00 3231303234304A3032373939            
21/10/23 07:18:42 0037 1                  44.901298 8.870598 00 00 323032343055303030343631            
21/10/23 07:19:30 0038 1                  44.901342 8.870513 00 00 323032343055303030343636            
21/10/23 07:19:41 0039 1                  44.901322 8.870542 00 00 323032343055303030343533            
21/10/23 07:20:21 0040 1                  44.901337 8.870625 00 00 323032343055303030343534            
21/10/23 07:20:39 0041 1                  44.901292 8.870605 00 00 323032343055303030353533            
21/10/23 07:22:16 0042 1                  44.901553 8.870515 00 00 323032343055303030333233            
21/10/23 07:24:03 0043 1                  44.901558 8.870518 00 00 323032343055303030343835            
21/10/23 07:46:32 0000 s 01485ver01 44.901405 8.873058 00 00
21/10/23 07:50:56 0044 1                  0 0 00 00 323032343055303030323132            
21/10/23 07:52:16 0045 1                  44.899475 8.867695 00 00 3231303234304A3031323536            
21/10/23 07:54:11 0046 1                  44.899657 8.866792 00 00 3231303234304A3034343930            
21/10/23 08:03:03 0047 1                  44.897402 8.867632 00 00 3231303234304A3034333139            
21/10/23 08:03:07 0048 1                  44.897408 8.867640 00 00 3231303234304A3034333230            
21/10/23 08:05:47 0049 1                  44.897502 8.869113 00 00 323032343055303030333237            
21/10/23 08:10:34 0050 1                  44.897120 8.871343 00 00 3231303234304A3034313839            
21/10/23 08:12:46 0051 1                  44.897150 8.870385 00 00 3231303234304A3034333137            
21/10/23 08:16:48 0052 1                  44.896607 8.867927 00 00 323032343055303030363030            
21/10/23 08:24:57 0053 1                  44.898710 8.870655 00 00 323032343055303030333932            
21/10/23 08:25:39 0054 1                  44.898662 8.870703 00 00 3231303234304A3034333136            
21/10/23 08:33:42 0055 1                  44.898610 8.869652 00 00 3231303234304A3034313933            
21/10/23 08:45:19 0056 1                  44.898502 8.863912 00 00 3231303234304A3034343838            
21/10/23 08:45:30 0057 1                  44.898507 8.863962 00 00 323032343055303030333734            
21/10/23 08:47:47 0058 1                  44.898572 8.864453 00 00 3231303234304A3034333134            
21/10/23 08:48:00 0059 1                  44.898630 8.864507 00 00 323032343055303030333838            
21/10/23 08:48:46 0060 1                  44.898662 8.864597 00 00 3231303234304A3034333133            
21/10/23 08:49:02 0061 1                  44.898620 8.864453 00 00 3231303234304A3034343934            
21/10/23 08:52:21 0062 1                  44.899380 8.861685 00 00 3152060376392300A2EE0000            
21/10/23 09:08:16 0063 1                  44.920688 8.853245 00 00 3039612D41B05F89502F9091            
21/10/23 11:53:46 0000 s 01485ver01 44.882837 8.857412 00 00
