16/10/23 05:25:33 0000 s 01886ver01 44.882297 8.859730 00 00
16/10/23 05:40:37 0001 1                  44.882970 8.859867 00 00 30180011DC3481C00029A69E            
16/10/23 05:53:09 0002 1                  44.974050 8.811258 00 00 31383032334D303032353931            
16/10/23 05:53:55 0003 1                  44.978350 8.809677 00 00 555338334D86772100200319            
16/10/23 05:53:55 0004 1                  44.978350 8.809677 00 00 555338334D86771100200321            
16/10/23 05:54:38 0005 1                  44.979393 8.809053 00 00 3231303234304A3034323537            
16/10/23 05:56:27 0006 1                  44.979857 8.808907 00 00 313832343045303030323633            
16/10/23 05:57:39 0007 1                  44.980065 8.808887 00 00 31383032334D303132353837            
16/10/23 05:58:00 0008 1                  44.980227 8.808815 00 00 31383032334D303031313032            
16/10/23 05:58:00 0009 1                  44.980227 8.808815 00 00 31383032334D303039363035            
16/10/23 05:58:20 0010 1                  44.980238 8.808857 00 00 300ED89F3350005FE2D3C429            
16/10/23 05:59:04 0011 1                  44.980392 8.808892 00 00 3231303032334D3031373639            
16/10/23 05:59:04 0012 1                  44.980392 8.808892 00 00 30395DFA832DCD4116F6C477            
16/10/23 06:00:00 0013 1                  44.980410 8.808908 00 00 3231303234304A3034323534            
16/10/23 06:03:34 0014 1                  44.980833 8.809208 00 00 313831323045303039323238            
16/10/23 06:03:56 0015 1                  44.980888 8.809230 00 00 31383032334D303030313633            
16/10/23 06:05:09 0016 1                  44.980615 8.809737 00 00 31383032334D303034313430            
16/10/23 06:05:11 0017 1                  44.980618 8.809740 00 00 31383032334D303032363931            
16/10/23 06:05:41 0018 1                  44.980610 8.809730 00 00 3231303032334D3033323230            
16/10/23 06:06:40 0019 1                  44.980578 8.810068 00 00 31383032334D303132313036            
16/10/23 06:07:36 0020 1                  44.980442 8.810360 00 00 31383032334D303130303439            
16/10/23 06:08:21 0021 1                  44.980257 8.810360 00 00 31383032334D303034333236            
16/10/23 06:08:32 0022 1                  44.980257 8.810368 00 00 31383032334D303034313337            
16/10/23 06:09:07 0023 1                  44.980083 8.810347 00 00 31383032334D303032373839            
16/10/23 06:09:28 0024 1                  44.979965 8.810307 00 00 313831323045303230323736            
16/10/23 06:09:50 0025 1                  44.979972 8.810332 00 00 31383032334D303035323936            
16/10/23 06:10:00 0026 1                  44.979978 8.810343 00 00 3232303032334D3031343636            
16/10/23 06:10:02 0027 1                  44.979975 8.810342 00 00 31383032334D303132313932            
16/10/23 06:11:07 0028 1                  44.979620 8.810292 00 00 3231303234304A3034323437            
16/10/23 06:12:12 0029 1                  44.979472 8.810222 00 00 31383032334D303032373030            
16/10/23 06:12:54 0030 1                  44.979292 8.810208 00 00 31383032334D303032353635            
16/10/23 06:13:52 0031 1                  44.979003 8.809860 00 00 313832343045303034303635            
16/10/23 06:14:16 0032 1                  44.978953 8.809833 00 00 323031323055303030303930            
16/10/23 06:16:02 0033 1                  44.978712 8.810845 00 00 323030323545303039303633            
16/10/23 06:16:48 0034 1                  44.978708 8.811140 00 00 31383032334D303132313334            
16/10/23 06:17:28 0035 1                  44.978452 8.811263 00 00 31383032334D303132303536            
16/10/23 06:18:03 0036 1                  44.978432 8.811282 00 00 31383032334D303032353636            
16/10/23 06:19:34 0037 1                  44.978122 8.811328 00 00 300ED89F3350005FE2D3C429            
16/10/23 06:20:20 0038 1                  44.977612 8.811420 00 00 31383032334D303132323233            
16/10/23 06:20:34 0039 1                  44.977620 8.811432 00 00 31383032334D303132323135            
16/10/23 06:21:21 0040 1                  44.977162 8.811443 00 00 31383032334D303132333434            
16/10/23 06:22:02 0041 1                  44.976980 8.811452 00 00 31383032334D303034303031            
16/10/23 06:22:50 0042 1                  44.976962 8.811477 00 00 313831323045303232363431            
16/10/23 06:23:47 0043 1                  44.976472 8.811578 00 00 323032343055303030303337            
16/10/23 06:25:40 0044 1                  44.976560 8.811435 00 00 31383032334D303032353135            
16/10/23 06:27:01 0045 1                  44.976675 8.811075 00 00 31383032334D303032363030            
16/10/23 06:28:27 0046 1                  44.978670 8.811553 00 00 31383032334D303132303136            
16/10/23 06:28:56 0047 1                  44.978592 8.811603 00 00 313931323050303130313232            
16/10/23 06:29:17 0048 1                  44.978482 8.811568 00 00 323030323545303033373833            
16/10/23 06:30:09 0049 1                  44.977697 8.811742 00 00 31383032334D303132323439            
16/10/23 06:31:03 0050 1                  44.977170 8.811913 00 00 31383032334D303033343939            
16/10/23 06:31:13 0051 1                  44.977160 8.811908 00 00 31383032334D303030373833            
16/10/23 06:31:14 0052 1                  44.977158 8.811908 00 00 31383032334D303030373833            
16/10/23 06:32:25 0053 1                  44.978628 8.811877 00 00 31383032334D303032373834            
16/10/23 06:33:15 0054 1                  44.978067 8.812333 00 00 31383032334D303032353438            
16/10/23 06:34:22 0055 1                  44.977768 8.812332 00 00 31383032334D303032343639            
16/10/23 06:35:03 0056 1                  44.977542 8.812335 00 00 31383032334D303132323331            
16/10/23 06:38:34 0057 1                  44.977262 8.812465 00 00 31383032334D303132323238            
16/10/23 06:38:48 0058 1                  44.977263 8.812480 00 00 31383032334D303032363932            
16/10/23 06:39:55 0059 1                  44.978460 8.812493 00 00 31383032334D303132313731            
16/10/23 06:40:44 0060 1                  44.978255 8.812983 00 00 31383032334D303032353731            
16/10/23 06:43:44 0061 1                  44.978615 8.813260 00 00 3232303032334D3030393630            
16/10/23 06:43:50 0062 1                  44.978708 8.813288 00 00 31383032334D303032353038            
16/10/23 06:44:24 0063 1                  44.978767 8.813288 00 00 31383032334D303032333334            
16/10/23 06:44:34 0064 1                  44.978767 8.813275 00 00 31383032334D303037343330            
16/10/23 06:46:04 0065 1                  44.978878 8.812623 00 00 31383032334D303132333337            
16/10/23 06:46:47 0066 1                  44.979195 8.812918 00 00 31383032334D303032343132            
16/10/23 06:47:05 0067 1                  44.979218 8.812962 00 00 000000000000000009202383            
16/10/23 06:47:24 0068 1                  44.979408 8.813170 00 00 31383032334D303035323634            
16/10/23 06:47:39 0069 1                  44.979403 8.813168 00 00 31383032334D303071393033            
16/10/23 06:47:59 0070 1                  44.979390 8.813158 00 00 31383032334D303030333034            
16/10/23 06:48:52 0071 1                  44.979472 8.813215 00 00 31383032334D303032353738            
16/10/23 06:48:54 0072 1                  44.979473 8.813215 00 00 3231303032334D3033313437            
16/10/23 06:49:39 0073 1                  44.979903 8.813453 00 00 31383032334D303035323636            
16/10/23 06:50:15 0074 1                  44.979970 8.813417 00 00 31383032334D303035323732            
16/10/23 06:50:15 0075 1                  44.979970 8.813417 00 00 31383032334D303035323732            
16/10/23 06:50:15 0076 1                  44.979970 8.813417 00 00 31383032334D303037343332            
16/10/23 06:50:15 0077 1                  44.979970 8.813417 00 00 31383032334D303037343332            
16/10/23 06:51:50 0078 1                  44.980153 8.813407 00 00 31383032334D303035353136            
16/10/23 06:51:50 0079 1                  44.980153 8.813407 00 00 300ED89F3350005FE2D3C429            
16/10/23 06:52:08 0080 1                  44.980167 8.813410 00 00 31383032334D303030313731            
16/10/23 06:52:25 0081 1                  44.980178 8.813410 00 00 31383032334D303030303730            
16/10/23 06:52:59 0082 1                  44.980323 8.813422 00 00 31383032334D303030313639            
16/10/23 06:53:23 0083 1                  44.980393 8.813455 00 00 31383032334D303035353934            
16/10/23 06:54:08 0084 1                  44.980437 8.813447 00 00 31383032334D303035353939            
16/10/23 06:54:11 0085 1                  44.980437 8.813447 00 00 31383032334D303035353933            
16/10/23 06:54:46 0086 1                  44.980610 8.813483 00 00 31383032334D303032373739            
16/10/23 06:55:00 0087 1                  44.980705 8.813437 00 00 31383032334D303032353034            
16/10/23 06:56:35 0088 1                  44.981050 8.813318 00 00 31383032334D303132313132            
16/10/23 06:57:32 0089 1                  44.981147 8.812733 00 00 313831323045303039303431            
16/10/23 06:57:58 0090 1                  44.981130 8.812757 00 00 31383032334D303032343930            
16/10/23 06:57:58 0091 1                  44.981130 8.812757 00 00 31383032334D303130343538            
16/10/23 07:00:08 0092 1                  44.981157 8.812032 00 00 31383032334D303037343839            
16/10/23 07:02:51 0093 1                  44.980922 8.813332 00 00 313831323045303232383333            
16/10/23 07:03:09 0094 1                  44.980918 8.813592 00 00 3156060542411310838D0000            
16/10/23 07:03:09 0095 1                  44.980918 8.813592 00 00 31383032334D303132313130            
16/10/23 07:04:16 0096 1                  44.980877 8.813940 00 00 31383032334D30303535B032            
16/10/23 07:04:17 0097 1                  44.980873 8.813930 00 00 31383032334D303032343336            
16/10/23 07:05:23 0098 1                  44.980858 8.814092 00 00 31383032334D303032363935            
16/10/23 07:05:42 0099 1                  44.980852 8.814347 00 00 31383032334D303035343630            
16/10/23 07:06:27 0100 1                  44.980975 8.814707 00 00 31383032334D303035333835            
16/10/23 07:07:01 0101 1                  44.981280 8.814740 00 00 313831323045303139353236            
16/10/23 07:07:19 0102 1                  44.981493 8.814748 00 00 3231303032334D3032363835            
16/10/23 07:08:25 0103 1                  44.980890 8.815728 00 00 31383032334D303032353835            
16/10/23 07:09:35 0104 1                  44.981110 8.816308 00 00 3231303032334D3030323134            
16/10/23 07:09:50 0105 1                  44.981112 8.816320 00 00 31383032334D303132333833            
16/10/23 07:10:50 0106 1                  44.981450 8.816473 00 00 31383032334D303039333734            
16/10/23 07:10:51 0107 1                  44.981450 8.816473 00 00 300ED89F3350005FE2D3C429            
16/10/23 07:11:04 0108 1                  44.981457 8.816480 00 00 31383032334D303039373039            
16/10/23 07:11:46 0109 1                  44.981593 8.816535 00 00 31383032334D303037333730            
16/10/23 07:11:49 0110 1                  44.981593 8.816532 00 00 31383032334D303037323930            
16/10/23 07:12:08 0111 1                  44.981597 8.816518 00 00 31383032334D303132333830            
16/10/23 07:12:54 0112 1                  44.981830 8.816592 00 00 31383032334D303031363331            
16/10/23 07:13:33 0113 1                  44.981968 8.816645 00 00 31383032334D303032373331            
16/10/23 07:14:23 0114 1                  44.982070 8.816712 00 00 31383032334D303132313534            
16/10/23 07:14:33 0115 1                  44.982063 8.816713 00 00 3232303032334D3031353034            
16/10/23 07:15:03 0116 1                  44.982060 8.816702 00 00 3231303032334D3031393137            
16/10/23 07:18:14 0117 1                  44.980708 8.814670 00 00 31383032334D303032343130            
16/10/23 07:18:44 0118 1                  44.980502 8.814723 00 00 323030323545303031353332            
16/10/23 07:19:02 0119 1                  44.980490 8.814730 00 00 31383032334D303031393130            
16/10/23 07:19:08 0120 1                  44.980490 8.814708 00 00 3232303032334D3031313933            
16/10/23 07:20:03 0121 1                  44.980472 8.814687 00 00 3231303032334D3032313736            
16/10/23 07:20:28 0122 1                  44.980480 8.814683 00 00 31383032334D303132333734            
16/10/23 07:22:02 0123 1                  44.980448 8.815403 00 00 31383032334D303035323935            
16/10/23 07:22:18 0124 1                  44.980452 8.815420 00 00 31383032334D303035343431            
16/10/23 07:24:02 0125 1                  44.979817 8.814913 00 00 31383032334D303136393537            
16/10/23 07:24:50 0126 1                  44.979907 8.814225 00 00 31383032334D303139363134            
16/10/23 07:24:52 0127 1                  44.979918 8.814225 00 00 3231303032334D3031393533            
16/10/23 07:25:00 0128 1                  44.979935 8.814227 00 00 3231303032334D3031333033            
16/10/23 07:25:01 0129 1                  44.979942 8.814227 00 00 31383032334D303037343731            
16/10/23 07:25:21 0130 1                  44.980005 8.814218 00 00 31383032334D303132333939            
16/10/23 07:25:37 0131 1                  44.980025 8.814218 00 00 3231303032334D3030333732            
16/10/23 07:26:54 0132 1                  44.979838 8.812545 00 00 31383032334D303032353033            
16/10/23 07:27:40 0133 1                  44.979935 8.812370 00 00 31383032334D303132323535            
16/10/23 07:27:57 0134 1                  44.979960 8.812350 00 00 31383032334D303032343031            
16/10/23 07:28:53 0135 1                  44.979962 8.811552 00 00 323032343055303030313337            
16/10/23 07:31:10 0136 1                  44.980192 8.810965 00 00 31383032334D303132303331            
16/10/23 07:32:10 0137 1                  44.979773 8.811185 00 00 31383032334D303030303237            
16/10/23 07:32:25 0138 1                  44.979767 8.811185 00 00 31383032334D303030303934            
16/10/23 07:32:44 0139 1                  44.979773 8.811202 00 00 31383032334D303032343339            
16/10/23 07:33:42 0140 1                  44.979360 8.811415 00 00 3231303032334D3033353837            
16/10/23 07:33:45 0141 1                  44.979358 8.811417 00 00 31383032334D303030303234            
16/10/23 07:34:34 0142 1                  44.979262 8.811977 00 00 31383032334D303030303235            
16/10/23 07:34:38 0143 1                  44.979258 8.811978 00 00 31383032334D303136343734            
16/10/23 07:34:49 0144 1                  44.979253 8.811977 00 00 31383032334D303030333037            
16/10/23 07:35:28 0145 1                  44.979252 8.812272 00 00 31383032334D303030333038            
16/10/23 07:38:28 0146 1                  44.983788 8.811603 00 00 323032343055303030303338            
16/10/23 07:38:56 0147 1                  44.983853 8.811492 00 00 323032343055303030303339            
16/10/23 07:41:53 0148 1                  44.983997 8.811120 00 00 31383032334D303030323732            
16/10/23 07:41:56 0149 1                  44.983998 8.811118 00 00 31383032334D303136353931            
16/10/23 07:43:02 0150 1                  44.983995 8.811145 00 00 3231303032334D3030353038            
16/10/23 07:43:10 0151 1                  44.983992 8.811148 00 00 323030323545303030323339            
16/10/23 07:43:13 0152 1                  44.983990 8.811150 00 00 300ED89F3350005FE2D3C429            
16/10/23 07:44:11 0153 1                  44.984068 8.811035 00 00 31383032334D303030313235            
16/10/23 07:46:16 0154 1                  44.984318 8.810463 00 00 31383032334D303132303439            
16/10/23 07:46:50 0155 1                  44.984348 8.810420 00 00 3231303132304A3035323135            
16/10/23 07:47:06 0156 1                  44.984353 8.810420 00 00 3231303132304A3035323134            
16/10/23 07:49:38 0157 1                  44.984385 8.810360 00 00 3231303132304A3037373036            
16/10/23 07:53:33 0158 1                  44.984508 8.810162 00 00 31383032334D303032343435            
16/10/23 07:58:43 0159 1                  44.985643 8.807252 00 00 3231303234304A3032373631            
16/10/23 07:59:11 0160 1                  44.985647 8.807215 00 00 3231303234304A3032373632            
16/10/23 07:59:58 0161 1                  44.985647 8.807228 00 00 3231303234304A3034323237            
16/10/23 08:06:14 0162 1                  44.985335 8.808535 00 00 31383032334D303135303135            
16/10/23 08:07:52 0163 1                  44.984705 8.810687 00 00 31383032334D303032353235            
16/10/23 08:08:42 0164 1                  44.984697 8.810923 00 00 31383032334D303032363179            
16/10/23 08:09:23 0165 1                  44.984695 8.811080 00 00 31383032334D303032373530            
16/10/23 08:09:23 0166 1                  44.984695 8.811080 00 00 31383032334D303032353334            
16/10/23 08:09:48 0167 1                  44.984695 8.811077 00 00 31383032334D303032353339            
16/10/23 08:10:48 0168 1                  44.984680 8.811638 00 00 3232303032334D3030333737            
16/10/23 08:10:48 0169 1                  44.984680 8.811638 00 00 3232303032334D3030333737            
16/10/23 08:11:19 0170 1                  44.984667 8.811652 00 00 3232303032334D3030343335            
16/10/23 08:11:19 0171 1                  44.984667 8.811652 00 00 31383032334D303032343431            
16/10/23 08:12:26 0172 1                  44.984622 8.811910 00 00 31383032334D303032353330            
16/10/23 08:12:46 0173 1                  44.984623 8.811907 00 00 31383032334D303032343434            
16/10/23 08:13:07 0174 1                  44.984625 8.811895 00 00 3231303032334D3030343133            
16/10/23 08:13:09 0175 1                  44.984625 8.811897 00 00 300ED89F3350005FE2D3C429            
16/10/23 08:13:45 0176 1                  44.984623 8.812218 00 00 31383032334D303032363130            
16/10/23 08:14:09 0177 1                  44.984638 8.812232 00 00 31383032334D30303236313600000000    
16/10/23 08:14:10 0178 1                  44.984638 8.812232 00 00 31383032334D303032363136            
16/10/23 08:15:38 0179 1                  44.983580 8.812943 00 00 31383032334D303030323231            
16/10/23 08:16:31 0180 1                  44.983528 8.813543 00 00 31383032334D303032353036            
16/10/23 08:16:44 0181 1                  44.983528 8.813535 00 00 3231303032334D3033363234            
16/10/23 08:16:47 0182 1                  44.983528 8.813535 00 00 323030323545303031343739            
16/10/23 08:17:33 0183 1                  44.983482 8.813933 00 00 31383032334D303030303135            
16/10/23 08:17:55 0184 1                  44.983472 8.813940 00 00 31383032334D303030303136            
16/10/23 08:19:48 0185 1                  44.982670 8.814072 00 00 323032343055303030343436            
16/10/23 08:21:10 0186 1                  44.982880 8.814122 00 00 31383032334D303031303732            
16/10/23 08:21:49 0187 1                  44.983083 8.814157 00 00 31383032334D303030313238            
16/10/23 08:21:53 0188 1                  44.983085 8.814153 00 00 31383032334D303030313232            
16/10/23 08:22:40 0189 1                  44.983223 8.814152 00 00 31383032334D303030303033            
16/10/23 08:22:54 0190 1                  44.983223 8.814150 00 00 31383032334D303030313234            
16/10/23 08:23:55 0191 1                  44.984292 8.814332 00 00 31383032334D303136363238            
16/10/23 08:24:37 0192 1                  44.984575 8.814353 00 00 31383032334D303031303834            
16/10/23 08:25:51 0193 1                  44.984012 8.814097 00 00 31383032334D303032373032            
16/10/23 08:26:30 0194 1                  44.984058 8.813885 00 00 31383032334D303032343230            
16/10/23 08:27:11 0195 1                  44.984065 8.813877 00 00 31383032334D303031303733            
16/10/23 08:27:16 0196 1                  44.984063 8.813875 00 00 31383032334D303031303832            
16/10/23 08:28:24 0197 1                  44.984075 8.813402 00 00 31383032334D303030313939            
16/10/23 08:28:29 0198 1                  44.984072 8.813402 00 00 31383032334D303032373831            
16/10/23 08:29:17 0199 1                  44.984120 8.813113 00 00 31383032334D303030313737            
16/10/23 08:29:29 0200 1                  44.984125 8.813100 00 00 31383032334D303032343633            
16/10/23 08:30:45 0201 1                  44.984782 8.812852 00 00 3232303032334D3031373433            
16/10/23 08:30:57 0202 1                  44.984783 8.812848 00 00 3232303032334D3030383734            
16/10/23 08:31:32 0203 1                  44.985027 8.812690 00 00 31383032334D303131393834            
16/10/23 08:32:16 0204 1                  44.985093 8.812590 00 00 31383032334D303136363231            
16/10/23 08:32:45 0205 1                  44.985157 8.812477 00 00 323030323545303038333438            
16/10/23 08:33:03 0206 1                  44.985243 8.812483 00 00 3231303032334D3034313439            
16/10/23 08:33:46 0207 1                  44.985347 8.812373 00 00 31383032334D303135353436            
16/10/23 08:33:46 0208 1                  44.985347 8.812373 00 00 31383032334D303935353436            
16/10/23 08:33:57 0209 1                  44.985358 8.812328 00 00 3232303032334D3031333530            
16/10/23 08:34:41 0210 1                  44.985533 8.812212 00 00 31383032334D303031383330            
16/10/23 08:34:54 0211 1                  44.985562 8.812208 00 00 31383032334D303032343436            
16/10/23 08:34:54 0212 1                  44.985562 8.812208 00 00 300ED89F3350005FE2D3C429            
16/10/23 08:34:59 0213 1                  44.985568 8.812210 00 00 31383032334D303032373439            
16/10/23 08:35:03 0214 1                  44.985577 8.812212 00 00 31383032334D303032373239            
16/10/23 08:36:00 0215 1                  44.985675 8.812070 00 00 31383032334D303032343532            
16/10/23 08:36:51 0216 1                  44.985765 8.812060 00 00 31383032334D303035353131            
16/10/23 08:37:06 0217 1                  44.985765 8.812065 00 00 31383032334D303037343538            
16/10/23 08:38:37 0218 1                  44.985767 8.811980 00 00 313931323050303034313830            
16/10/23 08:39:29 0219 1                  44.986005 8.811767 00 00 31383032334D303032353736            
16/10/23 08:41:23 0220 1                  44.986942 8.812615 00 00 31383032334D303136363737            
16/10/23 08:41:25 0221 1                  44.986947 8.812617 00 00 31383032334D303030323937            
16/10/23 08:42:13 0222 1                  44.986897 8.812458 00 00 31383032334D303030303539            
16/10/23 08:43:54 0223 1                  44.986672 8.811360 00 00 31383032334D303030333133            
16/10/23 08:44:28 0224 1                  44.986812 8.811387 00 00 31383032334D303032363330            
16/10/23 08:49:06 0225 1                  44.986905 8.811395 00 00 31383032334D303035333035            
16/10/23 08:50:01 0226 1                  44.987498 8.811420 00 00 31383032334D303035353138            
16/10/23 08:50:02 0227 1                  44.987498 8.811420 00 00 300ED89F3350005FE2D3C429            
16/10/23 08:50:24 0228 1                  44.987487 8.811403 00 00 31383032334D303032363734            
16/10/23 08:57:05 0229 1                  44.995695 8.812648 00 00 31383032334D303035333834            
16/10/23 08:58:25 0230 1                  44.998573 8.813973 00 00 31383032334D303132303037            
16/10/23 08:59:43 0231 1                  45.001745 8.817530 00 00 31383032334D303039393238            
16/10/23 09:01:38 0232 1                  45.003352 8.817075 00 00 31383032334D303138373938            
16/10/23 09:03:04 0233 1                  45.004637 8.817715 00 00 3232303032334D3030333433            
16/10/23 09:04:35 0234 1                  45.008032 8.820600 00 00 31383032334D303039393433            
16/10/23 09:05:18 0235 1                  45.008320 8.820722 00 00 31383032334D303039373030            
16/10/23 09:05:19 0236 1                  45.008320 8.820722 00 00 300ED89F3350005FE2D3C429            
16/10/23 09:12:44 0237 1                  44.986412 8.810958 00 00 323030323545303034393030            
16/10/23 09:12:45 0238 1                  44.986412 8.810958 00 00 3231303032334D3031303239            
16/10/23 09:13:02 0239 1                  44.986418 8.810965 00 00 31383032334D303030313935            
16/10/23 09:13:33 0240 1                  44.986280 8.810877 00 00 31383032334D303032373532            
16/10/23 09:13:44 0241 1                  44.986255 8.810838 00 00 31383032334D303032373533            
16/10/23 09:14:40 0242 1                  44.986055 8.810675 00 00 31383032334D303031373837            
16/10/23 09:15:45 0243 1                  44.985680 8.810518 00 00 31383032334D303032373531            
16/10/23 09:16:26 0244 1                  44.985553 8.810408 00 00 31383032334D303032363333            
16/10/23 09:16:35 0245 1                  44.985563 8.810388 00 00 31383032334D303132303636            
16/10/23 09:16:56 0246 1                  44.985498 8.810298 00 00 31383032334D303132303633            
16/10/23 09:17:15 0247 1                  44.985415 8.810238 00 00 31383032334D303139313932            
16/10/23 09:17:20 0248 1                  44.985410 8.810237 00 00 31383032334D303132303731            
16/10/23 09:17:42 0249 1                  44.985315 8.810147 00 00 31383032334D303030313036            
16/10/23 09:26:22 0250 1                  44.985812 8.808718 00 00 31383032334D303030303731            
16/10/23 09:27:14 0251 1                  44.986078 8.808622 00 00 31383032334D303030313730            
16/10/23 09:27:16 0252 1                  44.986078 8.808622 00 00 3231303032334D3035363333            
16/10/23 09:27:42 0253 1                  44.986083 8.808632 00 00 31383032334D303030323839            
16/10/23 09:27:44 0254 1                  44.986085 8.808633 00 00 323030323545303039343538            
16/10/23 09:28:03 0255 1                  44.986078 8.808623 00 00 31383032334D303030323930            
16/10/23 09:28:23 0256 1                  44.986060 8.808623 00 00 31383032334D303030323032            
16/10/23 09:28:25 0257 1                  44.986058 8.808623 00 00 31383032334D303030313832            
16/10/23 09:28:38 0258 1                  44.986062 8.808623 00 00 31383032334D303030303935            
16/10/23 09:28:40 0259 1                  44.986062 8.808622 00 00 31383032334D303136363234            
16/10/23 09:29:57 0260 1                  44.986405 8.808997 00 00 31383032334D303032343637            
16/10/23 09:29:58 0261 1                  44.986405 8.808997 00 00 300ED89F3350005FE2D3C429            
16/10/23 09:30:07 0262 1                  44.986405 8.808998 00 00 31383032334D303130373038            
16/10/23 09:30:14 0263 1                  44.986403 8.808997 00 00 31383032334D303132303738            
16/10/23 09:30:26 0264 1                  44.986407 8.808993 00 00 31383032334D303030313030            
16/10/23 09:30:30 0265 1                  44.986412 8.808995 00 00 31383032334D303032343634            
16/10/23 09:30:44 0266 1                  44.986425 8.809007 00 00 3232303032334D3030313238            
16/10/23 09:30:57 0267 1                  44.986430 8.809007 00 00 3231303032334D3031363831            
16/10/23 09:31:20 0268 1                  44.986427 8.808997 00 00 313831323045303139383838            
16/10/23 09:32:46 0269 1                  44.986472 8.808598 00 00 31383032334D303032373536            
16/10/23 09:33:14 0270 1                  44.986442 8.808592 00 00 31383032334D303030323835            
16/10/23 09:34:03 0271 1                  44.986622 8.808600 00 00 31383032334D303030323831            
16/10/23 09:34:58 0272 1                  44.986837 8.808582 00 00 31383032334D303030303939            
16/10/23 09:35:00 0273 1                  44.986840 8.808578 00 00 31383032334D303032303937            
16/10/23 09:35:32 0274 1                  44.986860 8.808560 00 00 31383032334D303030323934            
16/10/23 09:35:35 0275 1                  44.986860 8.808560 00 00 31383032334D303031373436            
16/10/23 09:38:11 0276 1                  44.986047 8.798555 00 00 31383032334D303132323232            
16/10/23 09:38:32 0277 1                  44.986052 8.798553 00 00 31383032334D303132323134            
16/10/23 09:39:28 0278 1                  44.985593 8.796858 00 00 31383032334D303132333836            
16/10/23 09:44:29 0279 1                  44.988542 8.806467 00 00 31383032334D303030303430            
16/10/23 09:45:06 0280 1                  44.988542 8.806237 00 00 31383032334D303032343731            
16/10/23 09:45:46 0281 1                  44.988505 8.805793 00 00 31383032334D303132323334            
16/10/23 09:46:20 0282 1                  44.988542 8.804783 00 00 31383032334D303132333934            
16/10/23 09:47:09 0283 1                  44.988490 8.804215 00 00 31383032334D303132333938            
16/10/23 09:48:26 0284 1                  44.988345 8.802703 00 00 31383032334D303032343737            
16/10/23 09:49:36 0285 1                  44.988183 8.799205 00 00 31383032334D303030313835            
16/10/23 09:53:14 0286 1                  44.989230 8.806527 00 00 31383032334D303035333639            
16/10/23 09:53:56 0287 1                  44.989927 8.805920 00 00 31383032334D303035333632            
16/10/23 09:57:46 0288 1                  44.991120 8.803885 00 00 3232303032334D3031363437            
16/10/23 10:00:32 0289 1                  44.998723 8.797643 00 00 31383032334D303035333736            
16/10/23 10:03:22 0290 1                  44.994902 8.790802 00 00 3232303032334D3030343731            
16/10/23 10:03:59 0291 1                  44.994765 8.790518 00 00 31383032334D303039393335            
16/10/23 10:15:22 0292 1                  44.994540 8.790015 00 00 31383032334D303039363833            
16/10/23 10:15:49 0293 1                  44.994530 8.789983 00 00 3231303032334D3035343139            
16/10/23 10:17:01 0294 1                  44.994128 8.789363 00 00 31383032334D303039393334            
16/10/23 10:17:18 0295 1                  44.994133 8.789373 00 00 313832343045303034333035            
16/10/23 10:19:16 0296 1                  44.995835 8.792960 00 00 31383032334D303035353038            
16/10/23 10:19:16 0297 1                  44.995835 8.792960 00 00 300ED89F3350005FE2D3C429            
16/10/23 10:22:24 0298 1                  44.986795 8.809357 00 00 31383032334D303030303439            
16/10/23 10:22:53 0299 1                  44.986727 8.809562 00 00 31383032334D303030323938            
16/10/23 10:23:49 0300 1                  44.986715 8.810183 00 00 323030323545303039303134            
16/10/23 10:24:30 0301 1                  44.986723 8.810405 00 00 3232303032334D3031353130            
16/10/23 10:24:44 0302 1                  44.986740 8.810408 00 00 31383032334D303035353031            
16/10/23 11:10:42 0303 1                  44.882443 8.860302 00 00 300ED89F3350005FE2D3C429            
16/10/23 11:22:02 0000 s 01886ver01 44.882282 8.860175 00 00
16/10/23 12:08:17 0000 s 01886ver01 44.882310 8.859973 00 00
16/10/23 12:09:19 0000 s 01886ver01 44.882470 8.859937 00 00
16/10/23 12:09:49 0000 s 01886ver01 44.882460 8.859925 00 00
16/10/23 12:09:52 0000 s 01886ver01 44.882477 8.859928 00 00
