26/10/23 05:07:31 0000 s 01492ver01 44.882462 8.859783 00 00
26/10/23 05:34:49 0001 1                  44.849732 8.816190 00 00 30395DFA82D8D1000015DED8            
26/10/23 05:34:50 0002 1                  44.849732 8.816192 00 00 3231313130304A3032343838            
26/10/23 05:38:11 0003 1                  44.850883 8.815347 00 00 313931323043303130393834            
26/10/23 05:41:19 0004 1                  44.848665 8.815670 00 00 3232313130304A3030363035            
26/10/23 05:41:19 0005 1                  44.848665 8.815670 00 00 30396061C00AE840001184AC            
26/10/23 05:42:08 0006 1                  44.848645 8.815623 00 00 313931323043303038383630            
26/10/23 05:43:29 0007 1                  44.848440 8.815702 00 00 313931323043303130383735            
26/10/23 05:44:58 0008 1                  44.848270 8.815765 00 00 313931323043303037393136            
26/10/23 05:46:16 0009 1                  44.847917 8.815832 00 00 313931323043303038343639            
26/10/23 05:48:48 0010 1                  44.848033 8.817368 00 00 083862F8A2C7B83F2E7C2679            
26/10/23 05:48:48 0011 1                  44.848033 8.817368 00 00 313931323043303130363734            
26/10/23 05:48:48 0012 1                  44.848033 8.817368 00 00 083862F9517E513F2EC4C0EB            
26/10/23 05:48:50 0013 1                  44.848033 8.817367 00 00 313931323043303130363736            
26/10/23 05:48:50 0014 1                  44.848033 8.817367 00 00 303ACA498392E3DC5DCCE8A9            
26/10/23 05:48:51 0015 1                  44.848033 8.817367 00 00 313931323043303130363733            
26/10/23 05:50:31 0016 1                  44.847970 8.817120 00 00 313931323043303130363732            
26/10/23 05:50:32 0017 1                  44.847970 8.817118 00 00 313931323043303038323039            
26/10/23 05:52:07 0018 1                  44.847915 8.816618 00 00 313931323043303038323037            
26/10/23 05:53:28 0019 1                  44.847627 8.815943 00 00 313931323043303130383736            
26/10/23 05:55:16 0020 1                  44.847587 8.817347 00 00 313931323043303130383733            
26/10/23 05:55:17 0021 1                  44.847588 8.817347 00 00 313931323043303130383734            
26/10/23 05:57:43 0022 1                  44.847367 8.815907 00 00 313931323043303130363631            
26/10/23 06:01:06 0023 1                  44.846707 8.816570 00 00 313931323043303038303937            
26/10/23 06:01:08 0024 1                  44.846702 8.816572 00 00 30340BDF1454F7CE98B14404            
26/10/23 06:01:08 0025 1                  44.846702 8.816572 00 00 3039612D43CD3A89502F9223            
26/10/23 06:02:53 0026 1                  44.846722 8.816875 00 00 313931323043303130393737            
26/10/23 06:02:55 0027 1                  44.846723 8.816873 00 00 30361429540238CBA8C16D5E            
26/10/23 06:02:55 0028 1                  44.846723 8.816873 00 00 313931323043303037393932            
26/10/23 06:02:56 0029 1                  44.846727 8.816875 00 00 303ACA4983808BD9D8B741D6            
26/10/23 06:05:35 0030 1                  44.848417 8.815477 00 00 313931323043303038383635            
26/10/23 06:06:56 0031 1                  44.848233 8.815228 00 00 313931323043303130393731            
26/10/23 06:07:38 0032 1                  44.848250 8.815218 00 00 3231303234304A3034393239            
26/10/23 06:07:39 0033 1                  44.848245 8.815220 00 00 3231303234304A3032333530            
26/10/23 06:09:18 0034 1                  44.847770 8.815022 00 00 313931323043303037393134            
26/10/23 06:09:19 0035 1                  44.847770 8.815022 00 00 313931323043303036373430            
26/10/23 06:11:09 0036 1                  44.847560 8.814878 00 00 313931323043303038343839            
26/10/23 06:11:10 0037 1                  44.847560 8.814878 00 00 313931323043303038343738            
26/10/23 06:12:27 0038 1                  44.847520 8.814903 00 00 313931323043303130313730            
26/10/23 06:12:29 0039 1                  44.847522 8.814907 00 00 313931323043303038353232            
26/10/23 06:16:05 0040 1                  44.847768 8.814223 00 00 313931323043303130313538            
26/10/23 06:16:05 0041 1                  44.847768 8.814223 00 00 313931323043303038303630            
26/10/23 06:16:06 0042 1                  44.847768 8.814223 00 00 313931323043303130393835            
26/10/23 06:16:07 0043 1                  44.847770 8.814223 00 00 30340BEA9403181ADEDD9806            
26/10/23 06:17:25 0044 1                  44.847775 8.814242 00 00 313931323043303038383731            
26/10/23 06:20:05 0045 1                  44.846635 8.813887 00 00 313931323043303130393836            
26/10/23 06:21:06 0046 1                  44.846423 8.813852 00 00 313931323043303130393837            
26/10/23 06:22:41 0047 1                  44.846047 8.813412 00 00 313931323043303038303938            
26/10/23 06:23:45 0048 1                  44.846037 8.813102 00 00 313931323043303038303831            
26/10/23 06:25:20 0049 1                  44.846088 8.812800 00 00 313931323043303038333738            
26/10/23 06:25:21 0050 1                  44.846088 8.812800 00 00 313931323043303038323035            
26/10/23 06:28:31 0051 1                  44.846840 8.814312 00 00 313931323043303038343736            
26/10/23 06:30:22 0052 1                  44.844597 8.813180 00 00 313931323043303038303832            
26/10/23 06:32:08 0053 1                  44.841813 8.811568 00 00 313931323043303034303339            
26/10/23 06:35:00 0054 1                  44.841478 8.810455 00 00 313931323043303030383634            
26/10/23 06:37:01 0055 1                  44.841378 8.811063 00 00 313931323043303038303835            
26/10/23 06:37:01 0056 1                  44.841378 8.811063 00 00 313931323043303038303834            
26/10/23 06:37:03 0057 1                  44.841380 8.811062 00 00 3035EA594418F787FE00074B            
26/10/23 06:39:17 0058 1                  44.841105 8.811103 00 00 313931323043303030383633            
26/10/23 06:39:19 0059 1                  44.841107 8.811100 00 00 313931323043303037343130            
26/10/23 06:39:19 0060 1                  44.841107 8.811100 00 00 30343604A0103E49502FA853            
26/10/23 06:39:20 0061 1                  44.841107 8.811100 00 00 3036144410515E8BA8577CA4            
26/10/23 06:39:21 0062 1                  44.841107 8.811100 00 00 3036144414347C4BA8C2736E            
26/10/23 06:40:40 0063 1                  44.840473 8.810735 00 00 313931323043303038303838            
26/10/23 06:41:54 0064 1                  44.839668 8.810263 00 00 313931323043303030383632            
26/10/23 06:45:02 0065 1                  44.836440 8.807080 00 00 313931323043303130363938            
26/10/23 06:48:38 0066 1                  44.836088 8.806620 00 00 313931323043303130363930            
26/10/23 06:51:46 0067 1                  44.835472 8.805037 00 00 313931323043303130363535            
26/10/23 06:54:29 0068 1                  44.835578 8.804230 00 00 313931323043303130363536            
26/10/23 06:57:29 0069 1                  44.837885 8.809513 00 00 313931323043303030383539            
26/10/23 06:59:15 0070 1                  44.839567 8.810578 00 00 30395DFA8009A7817546E991            
26/10/23 06:59:15 0071 1                  44.839567 8.810578 00 00 30395DFA80BB49822F77A553            
26/10/23 06:59:24 0072 1                  44.839562 8.810572 00 00 30395DFA80BB49822F77A73B            
26/10/23 06:59:43 0073 1                  44.839558 8.810543 00 00 313931323043303038343830            
26/10/23 06:59:45 0074 1                  44.839560 8.810538 00 00 3231303234304A3034393634            
26/10/23 07:01:28 0075 1                  44.840737 8.811155 00 00 313931323043303030383630            
26/10/23 07:02:38 0076 1                  44.843480 8.812798 00 00 181232302000094900000000            
26/10/23 07:02:39 0077 1                  44.843480 8.812798 00 00 181012301000109550154180            
26/10/23 07:03:15 0078 1                  44.843492 8.812795 00 00 313931323043303038343737            
26/10/23 07:05:32 0079 1                  44.844130 8.809552 00 00 313931323043303038323430            
26/10/23 07:07:02 0080 1                  44.844240 8.808805 00 00 313931323043303037323833            
26/10/23 07:08:55 0081 1                  44.844285 8.808435 00 00 313931323043303130373637            
26/10/23 07:08:56 0082 1                  44.844283 8.808433 00 00 3034F837002E0ACAB41DDC0C            
26/10/23 07:08:58 0083 1                  44.844280 8.808430 00 00 3034F80CB01B9B0AB41E2257            
26/10/23 07:14:10 0084 1                  44.840305 8.806877 00 00 313931323043303038333433            
26/10/23 07:15:23 0085 1                  44.840160 8.807753 00 00 313931323043303038333431            
26/10/23 07:16:52 0086 1                  44.839577 8.809368 00 00 313931323043303038333730            
26/10/23 07:18:08 0087 1                  44.839520 8.809858 00 00 313931323043303038333638            
26/10/23 07:18:10 0088 1                  44.839518 8.809862 00 00 303ACA49839ABB59D8B667A9            
26/10/23 07:18:22 0089 1                  44.839522 8.809867 00 00 30340BEA9403181ADEDD9806            
26/10/23 07:22:20 0090 1                  44.843805 8.813612 00 00 3231303234304A3032343032            
26/10/23 07:22:21 0091 1                  44.843805 8.813612 00 00 3231303234304A3032343033            
26/10/23 07:22:57 0092 1                  44.843805 8.813610 00 00 313931323043303130373537            
26/10/23 07:22:57 0093 1                  44.843805 8.813610 00 00 3036143DD42ABE8000006004            
26/10/23 07:25:53 0094 1                  44.842838 8.817968 00 00 313931323043303039303132            
26/10/23 07:28:19 0095 1                  44.840090 8.817917 00 00 313931323043303030383639            
26/10/23 07:28:20 0096 1                  44.840090 8.817917 00 00 30343614B42B64C460607804            
26/10/23 07:28:22 0097 1                  44.840092 8.817917 00 00 30340BFFFC21DE233AE87404            
26/10/23 07:32:20 0098 1                  44.841517 8.818318 00 00 313931323043303130363534            
26/10/23 07:35:09 0099 1                  44.840307 8.817172 00 00 313931323043303130383738            
26/10/23 07:37:44 0100 1                  44.840708 8.816327 00 00 313931323043303038353236            
26/10/23 07:37:45 0101 1                  44.840708 8.816327 00 00 313931323043303038353235            
26/10/23 07:40:25 0102 1                  44.839232 8.812748 00 00 313931323043303130333532            
26/10/23 07:41:41 0103 1                  44.839313 8.812168 00 00 313931323043303130333633            
26/10/23 07:41:44 0104 1                  44.839313 8.812168 00 00 313931323043303130313631            
26/10/23 07:43:12 0105 1                  44.839455 8.811078 00 00 313931323043303130333630            
26/10/23 07:47:46 0106 1                  44.844267 8.813237 00 00 313931323043303038313232            
26/10/23 07:51:20 0107 1                  44.846862 8.814762 00 00 313931323043303039383034            
26/10/23 07:51:21 0108 1                  44.846863 8.814762 00 00 313931323043303038343838            
26/10/23 07:52:55 0109 1                  44.847452 8.815095 00 00 3231303234304A3034393832            
26/10/23 07:52:56 0110 1                  44.847452 8.815093 00 00 313931323043303130343532            
26/10/23 07:53:42 0111 1                  44.847445 8.815093 00 00 3231303234304A3034393831            
26/10/23 07:58:28 0112 1                  44.849113 8.816083 00 00 313931323043303034303738            
26/10/23 07:58:28 0113 1                  44.849113 8.816083 00 00 30340BDF44599D000000D746            
26/10/23 07:59:39 0114 1                  44.849990 8.816645 00 00 313931323043303037393935            
26/10/23 08:02:46 0115 1                  44.854965 8.825738 00 00 313931323043303038303930            
26/10/23 08:02:48 0116 1                  44.854965 8.825738 00 00 313931323043303038343739            
26/10/23 08:02:49 0117 1                  44.854965 8.825738 00 00 303ACA49835AEDDAC68940D5            
26/10/23 08:04:05 0118 1                  44.854908 8.826105 00 00 313931323043303038323033            
26/10/23 08:05:24 0119 1                  44.855107 8.826947 00 00 313931323043303038323234            
26/10/23 08:09:45 0120 1                  44.853172 8.817937 00 00 313931323043303130343531            
26/10/23 08:10:57 0121 1                  44.853228 8.817348 00 00 313931323043303130343533            
26/10/23 08:12:31 0122 1                  44.853172 8.817010 00 00 313931323043303038303632            
26/10/23 08:16:11 0123 1                  44.855645 8.795673 00 00 313931323043303130343435            
26/10/23 08:16:12 0124 1                  44.855647 8.795673 00 00 313931323043303130343436            
26/10/23 08:16:14 0125 1                  44.855645 8.795672 00 00 30395DFA81A49540000BA36A            
26/10/23 08:16:14 0126 1                  44.855645 8.795672 00 00 3039606283C14E0000664A64            
26/10/23 08:17:19 0127 1                  44.855580 8.795277 00 00 313931323043303130343434            
26/10/23 08:17:21 0128 1                  44.855580 8.795277 00 00 313931323043303038333634            
26/10/23 08:24:59 0129 1                  44.855868 8.798015 00 00 313931323043303130363830            
26/10/23 08:28:43 0130 1                  44.847858 8.801547 00 00 3231303234304A3034393733            
26/10/23 08:28:57 0131 1                  44.847848 8.801552 00 00 30354A84B05B17CBA43B99E9            
26/10/23 08:31:07 0132 1                  44.841285 8.794963 00 00 313931323043303038323034            
26/10/23 08:31:27 0133 1                  44.841278 8.794953 00 00 303ACA49835AEDDAC68940D5            
26/10/23 08:32:15 0134 1                  44.840907 8.794520 00 00 313931323043303130363831            
26/10/23 08:35:11 0135 1                  44.841122 8.801515 00 00 313931323043303130353135            
26/10/23 08:37:52 0136 1                  44.840905 8.802735 00 00 313931323043303130393732            
26/10/23 08:37:54 0137 1                  44.840903 8.802735 00 00 313931323043303037393938            
26/10/23 08:48:48 0138 1                  44.847093 8.810278 00 00 3035EB76A01120EA6DB0F3E7            
26/10/23 08:48:48 0139 1                  44.847093 8.810278 00 00 313931323043303038323330            
26/10/23 08:48:50 0140 1                  44.847090 8.810280 00 00 30D5EB76A01120EA6DB0FBEA            
26/10/23 08:53:52 0141 1                  44.847602 8.810955 00 00 313931323043303038323435            
26/10/23 08:53:53 0142 1                  44.847602 8.810955 00 00 313931323043303038323031            
26/10/23 08:53:54 0143 1                  44.847600 8.810950 00 00 30343614AC215D8F33C0D404            
26/10/23 08:57:04 0144 1                  44.846968 8.812182 00 00 313931323043303038323437            
26/10/23 08:59:13 0145 1                  44.846893 8.813675 00 00 313931323043303038333836            
26/10/23 08:59:15 0146 1                  44.846893 8.813675 00 00 30340BBFC810C9F8638F2406            
26/10/23 08:59:15 0147 1                  44.846893 8.813675 00 00 313931323043303038323134            
26/10/23 08:59:17 0148 1                  44.846893 8.813675 00 00 313931323043303038333835            
26/10/23 08:59:38 0149 1                  44.846893 8.813675 00 00 3231303033304D3032323132            
26/10/23 09:00:05 0150 1                  44.846902 8.813663 00 00 313931323043303038323131            
26/10/23 09:00:08 0151 1                  44.846903 8.813662 00 00 313931323043303038323132            
26/10/23 09:05:41 0152 1                  44.834610 8.810155 00 00 313931323043303130383832            
26/10/23 09:05:42 0153 1                  44.834610 8.810155 00 00 313931323043303130383831            
26/10/23 09:05:44 0154 1                  44.834608 8.810155 00 00 313931323043303130363739            
26/10/23 09:06:25 0155 1                  44.834617 8.810178 00 00 3231303032334D3035333631            
26/10/23 09:08:00 0156 1                  44.837115 8.814118 00 00 313931323043303038353234            
26/10/23 09:09:27 0157 1                  44.837917 8.815287 00 00 313931323043303130393733            
26/10/23 09:22:23 0158 1                  44.817845 8.821850 00 00 313931323043303038383631            
26/10/23 09:23:52 0159 1                  44.816008 8.821437 00 00 313931323043303038383632            
26/10/23 09:25:36 0160 1                  44.812837 8.820540 00 00 313931323043303038383730            
26/10/23 09:25:57 0161 1                  44.812835 8.820523 00 00 30395DFA8009A7817546E991            
26/10/23 09:26:52 0162 1                  44.812275 8.820398 00 00 313931323043303038383638            
26/10/23 09:26:53 0163 1                  44.812275 8.820397 00 00 313931323043303038383636            
26/10/23 09:26:55 0164 1                  44.812277 8.820393 00 00 303ACA4983822819D8B6A664            
26/10/23 09:29:33 0165 1                  44.814835 8.826807 00 00 313931323043303038303837            
26/10/23 09:29:34 0166 1                  44.814835 8.826807 00 00 313931323043303039383031            
26/10/23 09:32:18 0167 1                  44.817473 8.831265 00 00 3233303132304A3030343539            
26/10/23 09:32:18 0168 1                  44.817473 8.831265 00 00 313931323043303130313736            
26/10/23 09:32:18 0169 1                  44.817473 8.831265 00 00 313931323043303132343833            
26/10/23 09:34:40 0170 1                  44.817910 8.833200 00 00 313931323043303038343832            
26/10/23 09:34:42 0171 1                  44.817910 8.833200 00 00 313931323043303130313639            
26/10/23 09:36:14 0172 1                  44.818000 8.833467 00 00 313931323043303130353137            
26/10/23 09:36:16 0173 1                  44.818000 8.833467 00 00 313931323043303130353136            
26/10/23 09:36:18 0174 1                  44.818002 8.833467 00 00 303436270044787CF0B32005            
26/10/23 09:36:18 0175 1                  44.818002 8.833467 00 00 303ACB034043195AC688C096            
26/10/23 09:36:18 0176 1                  44.818002 8.833467 00 00 30340BEAAC316838F4BD4403            
26/10/23 09:37:41 0177 1                  44.818203 8.833752 00 00 313931323043303130353038            
26/10/23 09:37:44 0178 1                  44.818203 8.833753 00 00 313931323043303130373237            
26/10/23 09:37:46 0179 1                  44.818203 8.833755 00 00 313931323043303130363531            
26/10/23 09:38:39 0180 1                  44.818182 8.833775 00 00 313931323043303038333536            
26/10/23 09:38:41 0181 1                  44.818182 8.833775 00 00 313931323043303038333631            
26/10/23 09:38:42 0182 1                  44.818182 8.833775 00 00 3034F8370002B58AB41E6462            
26/10/23 09:40:50 0183 1                  44.818810 8.834855 00 00 313931323043303038333539            
26/10/23 09:42:32 0184 1                  44.818775 8.834267 00 00 313931323043303130353134            
26/10/23 09:42:34 0185 1                  44.818773 8.834265 00 00 313931323043303130353132            
26/10/23 09:44:40 0186 1                  44.817530 8.830930 00 00 313931323043303038313932            
26/10/23 09:47:12 0187 1                  44.821063 8.826163 00 00 313931323043303038303936            
26/10/23 09:47:13 0188 1                  44.821063 8.826163 00 00 30340BC9FC32DED3178EFC03            
26/10/23 09:48:55 0189 1                  44.823565 8.824732 00 00 313931323043303038313436            
26/10/23 09:48:58 0190 1                  44.823567 8.824733 00 00 313931323043303037393931            
26/10/23 09:50:38 0191 1                  44.825107 8.823973 00 00 313931323043303037353434            
26/10/23 09:50:38 0192 1                  44.825107 8.823973 00 00 313931323043303030383637            
26/10/23 09:50:39 0193 1                  44.825107 8.823973 00 00 313931323043303030383638            
26/10/23 09:50:59 0194 1                  44.825105 8.823990 00 00 303ACB034043195AC688C096            
26/10/23 09:53:26 0195 1                  44.829030 8.825297 00 00 313931323043303038323336            
26/10/23 09:56:50 0196 1                  44.832197 8.824735 00 00 313931323043303130393636            
26/10/23 09:58:03 0197 1                  44.831943 8.826308 00 00 313931323043303130343438            
26/10/23 09:59:46 0198 1                  44.832845 8.830118 00 00 313931323043303038343937            
26/10/23 10:01:38 0199 1                  44.831125 8.831520 00 00 313931323043303130373636            
26/10/23 10:03:37 0200 1                  44.824050 8.832322 00 00 313931323043303038303939            
26/10/23 10:05:36 0201 1                  44.819542 8.832375 00 00 313931323043303038333430            
26/10/23 10:05:44 0202 1                  44.819538 8.832370 00 00 303ACB034043195AC688C096            
26/10/23 10:07:10 0203 1                  44.818755 8.832450 00 00 313931323043303130363639            
26/10/23 10:09:25 0204 1                  44.818188 8.832600 00 00 313931323043303130363731            
26/10/23 10:09:27 0205 1                  44.818188 8.832600 00 00 313931323043303038333438            
26/10/23 10:11:19 0206 1                  44.819002 8.832472 00 00 313931323043303130363638            
26/10/23 10:11:21 0207 1                  44.819007 8.832480 00 00 313931323043303038333437            
26/10/23 10:16:27 0208 1                  44.838045 8.831785 00 00 313931323043303038323338            
26/10/23 11:23:30 0209 1                  44.916220 8.886455 00 00 3233303132304A3030333434            
26/10/23 11:25:24 0210 1                  44.912908 8.883043 00 00 323031313030433030333833            
26/10/23 11:29:00 0211 1                  44.912125 8.882273 00 00 323031313030433030333834            
26/10/23 11:29:34 0212 1                  44.912112 8.882280 00 00 313931323043303032313833            
26/10/23 11:30:50 0213 1                  44.911840 8.882080 00 00 323031313030433030333730            
26/10/23 11:31:52 0214 1                  44.911627 8.881820 00 00 313831323045303136353038            
26/10/23 11:33:19 0215 1                  44.911083 8.881380 00 00 313932343043303030363030            
26/10/23 11:35:10 0216 1                  44.910698 8.880967 00 00 323031313030433030343934            
26/10/23 11:36:06 0217 1                  44.910557 8.880842 00 00 313931323043303036343837            
26/10/23 11:38:05 0218 1                  44.910173 8.879118 00 00 323031313030433030333835            
26/10/23 11:39:58 0219 1                  44.911047 8.878738 00 00 9903074E6084A19000000324            
26/10/23 11:40:06 0220 1                  44.911042 8.878752 00 00 323031313030433030333535            
26/10/23 11:42:35 0221 1                  44.911978 8.879748 00 00 323031313030433030343033            
26/10/23 11:44:52 0222 1                  44.912287 8.880230 00 00 323031313030433030333732            
26/10/23 11:46:34 0223 1                  44.914837 8.882672 00 00 3232313130304A3030323636            
26/10/23 11:46:35 0224 1                  44.914837 8.882675 00 00 474C53323032333336333733            
26/10/23 11:46:35 0225 1                  44.914837 8.882675 00 00 474C53323032333336303536            
26/10/23 11:50:29 0226 1                  44.916535 8.885715 00 00 313932343045303030353036            
26/10/23 11:50:30 0227 1                  44.916535 8.885715 00 00 3231303234304A3034393638            
26/10/23 11:53:46 0228 1                  44.916207 8.885292 00 00 30340C05A457A6F47064CC06            
26/10/23 11:53:46 0229 1                  44.916207 8.885292 00 00 32303131303043303035373B            
26/10/23 11:55:41 0230 1                  44.914742 8.884047 00 00 323031313030433030333638            
26/10/23 11:59:17 0231 1                  44.909542 8.881338 00 00 3230313130304A3030313235            
26/10/23 11:59:50 0232 1                  44.909492 8.881298 00 00 3230313130304A3030303039            
26/10/23 12:02:49 0233 1                  44.909548 8.879807 00 00 323031313030433030343637            
26/10/23 12:04:00 0234 1                  44.909158 8.879518 00 00 313931323045303330303730            
26/10/23 12:05:35 0235 1                  44.909487 8.879495 00 00 313931323045303330333836            
26/10/23 12:07:37 0236 1                  44.909818 8.879250 00 00 323031313030433030343638            
26/10/23 12:10:10 0237 1                  44.910223 8.877932 00 00 313831323045303136343839            
26/10/23 12:12:05 0238 1                  44.910062 8.877788 00 00 313831323045303136343931            
26/10/23 12:12:05 0239 1                  44.910062 8.877788 00 00 313831323045303132383831            
26/10/23 12:12:05 0240 1                  44.910062 8.877788 00 00 752A42C83A703160A1900028            
26/10/23 12:12:06 0241 1                  44.910062 8.877788 00 00 313831323045303136393232            
26/10/23 12:13:45 0242 1                  44.909882 8.878050 00 00 313931323045303330323134            
26/10/23 12:13:45 0243 1                  44.909882 8.878050 00 00 313931323045303330323131            
26/10/23 12:13:47 0244 1                  44.909880 8.878053 00 00 3035EBBC54078D8005233235            
26/10/23 12:15:25 0245 1                  44.910068 8.878298 00 00 3036037D7C47A0040400137B            
26/10/23 12:17:19 0246 1                  44.909070 8.878362 00 00 323031313030433030333237            
26/10/23 12:18:05 0247 1                  44.909070 8.878350 00 00 3034F722D405D54260A49206            
26/10/23 12:18:05 0248 1                  44.909070 8.878350 00 00 303ACB0340353F5C670D1E79            
26/10/23 12:18:06 0249 1                  44.909070 8.878350 00 00 303ACB034054EC1C63BA1E84            
26/10/23 12:18:06 0250 1                  44.909070 8.878350 00 00 303ACB03403AA2DC65D56608            
26/10/23 12:18:07 0251 1                  44.909070 8.878350 00 00 323031313030433030333234            
26/10/23 12:18:56 0252 1                  44.909082 8.878365 00 00 323031313030433030333232            
26/10/23 12:18:57 0253 1                  44.909082 8.878367 00 00 0828A30E1B857480001156F8            
26/10/23 12:18:57 0254 1                  44.909082 8.878367 00 00 3039606243BE274229CEC864            
26/10/23 12:20:52 0255 1                  44.909185 8.877955 00 00 313831323045303039353933            
26/10/23 12:20:52 0256 1                  44.909185 8.877955 00 00 313831323045303039353932            
26/10/23 12:20:54 0257 1                  44.909185 8.877957 00 00 313931323045303330313635            
26/10/23 12:22:31 0258 1                  44.909180 8.877792 00 00 313831323045303136303032            
26/10/23 12:22:32 0259 1                  44.909180 8.877792 00 00 313831323045303135393939            
26/10/23 12:22:34 0260 1                  44.909178 8.877792 00 00 313831323045303136303033            
26/10/23 12:23:51 0261 1                  44.909173 8.877795 00 00 30340BDF181BE55823513803            
26/10/23 12:23:51 0262 1                  44.909173 8.877795 00 00 313931323045303330323631            
26/10/23 12:23:51 0263 1                  44.909173 8.877795 00 00 313931323045303330323634            
26/10/23 12:23:55 0264 1                  44.909175 8.877795 00 00 313931323045303330333338            
26/10/23 12:25:45 0265 1                  44.909390 8.877317 00 00 313931323045303330323630            
26/10/23 12:28:12 0266 1                  44.909388 8.876850 00 00 313831323045303136323636            
26/10/23 12:28:12 0267 1                  44.909388 8.876850 00 00 313931323045303330333838            
26/10/23 12:28:14 0268 1                  44.909390 8.876852 00 00 313831323045303136323634            
26/10/23 12:30:14 0269 1                  44.909063 8.876767 00 00 313831323045303136323637            
26/10/23 12:31:39 0270 1                  44.908898 8.876695 00 00 313831323045303136343033            
26/10/23 12:31:41 0271 1                  44.908898 8.876692 00 00 313831323045303136313934            
26/10/23 12:33:14 0272 1                  44.908677 8.876523 00 00 313831323045303136343032            
26/10/23 12:33:14 0273 1                  44.908677 8.876525 00 00 313931323043303133373932            
26/10/23 12:33:16 0274 1                  44.908677 8.876525 00 00 313931323045303330333236            
26/10/23 12:34:44 0275 1                  44.908390 8.876430 00 00 313831323045303130313835            
26/10/23 12:36:10 0276 1                  44.908170 8.876268 00 00 313931323043303034333435            
26/10/23 12:36:10 0277 1                  44.908170 8.876268 00 00 313931323045303330333930            
26/10/23 12:36:12 0278 1                  44.908172 8.876270 00 00 3034F822545CCA8AB41DBB16            
26/10/23 12:36:52 0279 1                  44.908173 8.876275 00 00 313831323045303136333938            
26/10/23 12:36:54 0280 1                  44.908173 8.876277 00 00 313931323045303330333839            
26/10/23 12:38:12 0281 1                  44.907972 8.876110 00 00 313831323045303136363133            
26/10/23 12:41:00 0282 1                  44.907858 8.875215 00 00 3231313130304A3030303431            
26/10/23 12:43:48 0283 1                  44.908188 8.875363 00 00 30395DFA819D0040000EAD4F            
26/10/23 12:43:48 0284 1                  44.908188 8.875363 00 00 0828250EAD2C21800AE8E878            
26/10/23 12:43:49 0285 1                  44.908187 8.875370 00 00 323031313030433030343336            
26/10/23 12:43:50 0286 1                  44.908187 8.875370 00 00 303ACA4981BDE1DC467DB1A7            
26/10/23 12:45:31 0287 1                  44.908470 8.875665 00 00 323031313030433030343532            
26/10/23 12:45:33 0288 1                  44.908468 8.875658 00 00 303ACA4983C0DB59D8B646EC            
26/10/23 12:45:33 0289 1                  44.908468 8.875658 00 00 303ACB034026019C5F7B3E3A            
26/10/23 12:46:20 0290 1                  44.908468 8.875575 00 00 30395DFA82D7BD00002240F8            
26/10/23 12:46:22 0291 1                  44.908470 8.875572 00 00 30395DFA82D7BD0000232875            
26/10/23 12:46:23 0292 1                  44.908470 8.875572 00 00 323031313030433030343537            
26/10/23 12:46:23 0293 1                  44.908470 8.875572 00 00 30395DFA83333A80001F4FC5            
26/10/23 12:46:25 0294 1                  44.908472 8.875565 00 00 3035EBC09044A457488AC736            
26/10/23 12:46:25 0295 1                  44.908472 8.875565 00 00 303436395C16D723423C7805            
26/10/23 12:48:27 0296 1                  44.908455 8.875587 00 00 313931323043303036373531            
26/10/23 12:50:00 0297 1                  44.908398 8.876245 00 00 313831323045303136343031            
26/10/23 12:51:27 0298 1                  44.908578 8.876625 00 00 313931323043303037393636            
26/10/23 12:54:04 0299 1                  44.908670 8.878480 00 00 313931323043303038373336            
26/10/23 12:54:06 0300 1                  44.908670 8.878482 00 00 313931323043303033313531            
26/10/23 12:54:08 0301 1                  44.908672 8.878483 00 00 303549A8A01C1236331F0421            
26/10/23 13:03:02 0302 1                  44.933842 8.884698 00 00 313932343043303030323430            
26/10/23 13:03:03 0303 1                  44.933840 8.884697 00 00 313932343043303030323339            
26/10/23 13:08:52 0304 1                  44.928320 8.871235 00 00 313831323045303039353732            
26/10/23 13:08:54 0305 1                  44.928322 8.871233 00 00 313831323045303039353731            
26/10/23 13:12:02 0306 1                  44.931380 8.874298 00 00 313831323045303039333031            
26/10/23 13:12:04 0307 1                  44.931380 8.874298 00 00 3036037F8841B2C4020004B7            
26/10/23 13:14:39 0308 1                  44.938510 8.878423 00 00 313831323045303039353736            
26/10/23 13:20:48 0309 1                  44.935693 8.893107 00 00 313931323043303038303639            
26/10/23 13:25:57 0310 1                  44.922912 8.889613 00 00 313831323045303136303030            
26/10/23 13:28:56 0311 1                  44.923508 8.884795 00 00 313931323043303034383032            
26/10/23 13:32:47 0312 1                  44.926927 8.885242 00 00 313931323043303033353139            
26/10/23 13:32:48 0313 1                  44.926927 8.885243 00 00 30396061C3BF960000276B58            
26/10/23 13:50:26 0314 1                  44.911590 8.878635 00 00 313931323043303034373238            
26/10/23 13:50:27 0315 1                  44.911590 8.878635 00 00 313931323043303034373237            
26/10/23 13:50:31 0316 1                  44.911585 8.878638 00 00 313931323043303034373236            
26/10/23 13:54:54 0317 1                  44.912278 8.875307 00 00 313831323045303136363238            
26/10/23 14:01:04 0318 1                  44.905793 8.871280 00 00 313931323045303330323239            
26/10/23 14:02:28 0319 1                  44.906003 8.871292 00 00 313931323045303330323333            
26/10/23 14:03:46 0320 1                  44.906247 8.871205 00 00 313931323045303330323334            
26/10/23 14:05:14 0321 1                  44.906977 8.870698 00 00 323031313030433030343636            
26/10/23 14:15:39 0322 1                  44.933388 8.903147 00 00 313831323045303136383632            
26/10/23 14:15:41 0323 1                  44.933388 8.903147 00 00 313931323045303330333737            
26/10/23 14:19:49 0324 1                  44.925238 8.896645 00 00 313831323045303039353931            
26/10/23 14:26:13 0325 1                  44.907060 8.864842 00 00 313831323045303039353333            
26/10/23 14:29:18 0326 1                  44.904242 8.866100 00 00 313932343043303030353330            
26/10/23 14:29:59 0327 1                  44.904220 8.866132 00 00 3230303033304D3037323530            
26/10/23 14:31:44 0328 1                  44.904125 8.866888 00 00 3233303132304A3030333936            
26/10/23 14:31:50 0329 1                  44.904118 8.866898 00 00 313931323043303034353835            
26/10/23 14:33:11 0330 1                  44.904048 8.867403 00 00 313931323043303030383238            
26/10/23 14:36:34 0331 1                  44.904265 8.867340 00 00 313931323043303033333833            
26/10/23 14:38:51 0332 1                  44.903767 8.872918 00 00 000000000000000009220774            
26/10/23 14:42:58 0333 1                  44.906903 8.880692 00 00 3231313130304A3030303434            
26/10/23 14:44:08 0334 1                  44.906808 8.880730 00 00 3231313130304A3031363131            
26/10/23 14:44:43 0335 1                  44.906805 8.880730 00 00 3231313130304A3030303537            
26/10/23 14:44:43 0336 1                  44.906805 8.880730 00 00 3231313130304A3030303537            
26/10/23 14:47:24 0337 1                  44.906257 8.876793 00 00 313931323043303131353633            
26/10/23 14:47:26 0338 1                  44.906257 8.876795 00 00 313931323043303131373134            
26/10/23 14:47:27 0339 1                  44.906257 8.876795 00 00 08505BE17EE05600FFBF8155            
26/10/23 14:52:38 0340 1                  44.907360 8.878162 00 00 313931323043303131313738            
26/10/23 14:53:40 0341 1                  44.906995 8.877735 00 00 313931323047303132363330            
26/10/23 14:55:18 0342 1                  44.905802 8.876627 00 00 313931323043303031313030            
26/10/23 14:56:48 0343 1                  44.904843 8.875740 00 00 313931323043303031313239            
26/10/23 14:56:48 0344 1                  44.904843 8.875740 00 00 313931323043303031313238            
26/10/23 14:56:48 0345 1                  44.904843 8.875740 00 00 313931323043303031313330            
26/10/23 14:56:50 0346 1                  44.904843 8.875737 00 00 30395DFA82D7DE40001CDDF1            
26/10/23 14:58:17 0347 1                  44.904640 8.875502 00 00 313931323043303036323433            
26/10/23 14:58:21 0348 1                  44.904638 8.875500 00 00 313931323043303036323430            
26/10/23 14:59:50 0349 1                  44.903510 8.874527 00 00 313931323043303132303733            
26/10/23 15:00:52 0350 1                  44.903335 8.874435 00 00 3039612A41B41689502F98E3            
26/10/23 15:00:52 0351 1                  44.903335 8.874435 00 00 313931323043303035373437            
26/10/23 15:00:54 0352 1                  44.903333 8.874435 00 00 303B104D41EB9F8000008365            
26/10/23 15:01:11 0353 1                  44.903320 8.874433 00 00 3231303033304D3031393836            
26/10/23 15:01:44 0354 1                  44.903278 8.874467 00 00 31383033304D303032363337            
26/10/23 15:01:51 0355 1                  44.903275 8.874493 00 00 3230303033304D3031333030            
26/10/23 15:03:16 0356 1                  44.903142 8.874167 00 00 313931323043303131363736            
26/10/23 15:03:17 0357 1                  44.903142 8.874165 00 00 313931323043303035373436            
26/10/23 15:07:22 0358 1                  44.904463 8.868218 00 00 313931323043303033313830            
26/10/23 15:07:22 0359 1                  44.904463 8.868218 00 00 313931323043303036333831            
26/10/23 15:07:25 0360 1                  44.904465 8.868213 00 00 30340BE6304DDD1CF54E2003            
26/10/23 15:08:06 0361 1                  44.904490 8.868213 00 00 3233303132304A3030343836            
26/10/23 15:08:07 0362 1                  44.904490 8.868215 00 00 313931323043303035333831            
26/10/23 15:09:52 0363 1                  44.905087 8.868175 00 00 313831323045303136343838            
26/10/23 15:09:53 0364 1                  44.905087 8.868177 00 00 313831323045303136353532            
26/10/23 15:11:51 0365 1                  44.905418 8.868707 00 00 313831323045303131393636            
26/10/23 15:55:19 0000 s 01492ver01 44.905598 8.869087 00 00
26/10/23 15:58:32 0366 1                  44.905833 8.869363 00 00 323031313030433030343138            
26/10/23 16:32:27 0000 s 01492ver01 44.882413 8.860267 00 00
