24/10/23 05:16:15 0001 1                  44.735590 8.832082 00 00 31383032334D303132393630            
24/10/23 05:22:52 0002 1                  44.730865 8.842003 00 00 3231303234304A3034333631            
24/10/23 05:24:04 0003 1                  44.730893 8.842303 00 00 3231303132304A3037343133            
24/10/23 05:25:40 0004 1                  44.730885 8.843618 00 00 30340BF8D41492EF33DD0406            
24/10/23 05:25:56 0005 1                  44.730863 8.843588 00 00 313831323045303039303235            
24/10/23 05:26:20 0006 1                  44.730845 8.843573 00 00 31383132304A303039323138            
24/10/23 05:26:26 0007 1                  44.730843 8.843577 00 00 31383132304A303039303235            
24/10/23 05:31:21 0008 1                  44.732035 8.841885 00 00 3231303132304A3037363231            
24/10/23 05:35:27 0009 1                  44.732478 8.841007 00 00 323032343055303030313135            
24/10/23 05:38:38 0010 1                  44.732083 8.840763 00 00 31383032334D303139373035            
24/10/23 05:40:32 0011 1                  44.732028 8.839767 00 00 31383032334D303039343438            
24/10/23 05:41:09 0012 1                  44.731920 8.839463 00 00 31383032334D303039343437            
24/10/23 05:46:02 0013 1                  44.729552 8.850812 00 00 31383234304A303030333134            
24/10/23 06:05:48 0014 1                  44.709783 8.861135 00 00 31383032334D303038303839            
24/10/23 06:05:49 0015 1                  44.709783 8.861135 00 00 31383032334D303038303930            
24/10/23 06:06:41 0016 1                  44.709633 8.861297 00 00 3231303132304A3037363232            
24/10/23 06:07:25 0017 1                  44.709588 8.861252 00 00 31383032334D303139333939            
24/10/23 06:08:16 0018 1                  44.708960 8.861533 00 00 31383032334D303038313835            
24/10/23 06:12:14 0019 1                  44.708420 8.862033 00 00 31383032334D303038313933            
