07/11/23 04:48:50 0000 s 01884ver01 44.882477 8.860035 00 00
07/11/23 04:56:58 0000 s 01884ver01 44.882188 8.860068 00 00
07/11/23 04:58:27 0001 1                  44.882185 8.860132 00 00 300ED89F3350005FE2D3C975            
07/11/23 04:58:27 0002 1                  44.882185 8.860132 00 00 3231303234304A3032373534            
07/11/23 05:24:16 0003 1                  45.008302 8.841860 00 00 31383032334D303033313639            
07/11/23 05:24:17 0004 1                  45.008302 8.841858 00 00 300ED89F3350005FE2D3C975            
07/11/23 05:26:48 0005 1                  45.010798 8.842498 00 00 31383032334D303033313937            
07/11/23 05:30:17 0006 1                  45.011903 8.843258 00 00 31383032334D303033313136            
07/11/23 05:30:34 0007 1                  45.011927 8.843203 00 00 323030323545303031323835            
07/11/23 05:31:26 0008 1                  45.012247 8.843350 00 00 31383032334D303130363338            
07/11/23 05:32:48 0009 1                  45.012645 8.843505 00 00 31383032334D303130363337            
07/11/23 05:34:11 0010 1                  45.013158 8.843917 00 00 31383032334D303033303731            
07/11/23 05:34:44 0011 1                  45.013452 8.843733 00 00 313831323045303132313833            
07/11/23 05:35:42 0012 1                  45.013540 8.843568 00 00 31383032334D303031373438            
07/11/23 05:36:41 0013 1                  45.013615 8.842967 00 00 3232303032334D3031313537            
07/11/23 05:40:18 0014 1                  45.016517 8.843370 00 00 31383032334D303130353531            
07/11/23 05:40:38 0015 1                  45.016437 8.843413 00 00 31383032334D303130353530            
07/11/23 05:41:25 0016 1                  45.015687 8.844058 00 00 31383032334D303130353438            
07/11/23 05:41:55 0017 1                  45.015440 8.844332 00 00 31383032334D303130353532            
07/11/23 05:42:48 0018 1                  45.014982 8.844603 00 00 31383032334D303030353230            
07/11/23 05:43:58 0019 1                  45.013347 8.844367 00 00 31383032334D303030343736            
07/11/23 05:44:33 0020 1                  45.013365 8.844410 00 00 31383032334D303133363139            
07/11/23 05:45:11 0021 1                  45.013305 8.844775 00 00 31383032334D303030363133            
07/11/23 05:46:26 0022 1                  45.013208 8.845017 00 00 31383032334D303030363039            
07/11/23 05:46:31 0023 1                  45.013202 8.845013 00 00 31383032334D303030353732            
07/11/23 05:47:27 0024 1                  45.013260 8.845332 00 00 323030323545303036383439            
07/11/23 05:49:47 0025 1                  45.013435 8.845523 00 00 31383032334D303030373230            
07/11/23 05:50:00 0026 1                  45.013443 8.845560 00 00 31383032334D303130353431            
07/11/23 05:50:49 0027 1                  45.013705 8.845608 00 00 31383032334D303030373136            
07/11/23 05:52:06 0028 1                  45.013723 8.846680 00 00 31383032334D303130373838            
07/11/23 05:53:15 0029 1                  45.013678 8.847192 00 00 31383032334D303030363936            
07/11/23 05:54:15 0030 1                  45.013533 8.848523 00 00 31783032334D303030343635            
07/11/23 05:55:40 0031 1                  45.013350 8.849757 00 00 323032343055303030313037            
07/11/23 05:59:05 0032 1                  45.013322 8.851450 00 00 313831323045303039323230            
07/11/23 06:01:17 0033 1                  45.013360 8.852273 00 00 31383032334D303030353738            
07/11/23 06:01:20 0034 1                  45.013360 8.852275 00 00 31383032334D303430373636            
07/11/23 06:01:21 0035 1                  45.013360 8.852275 00 00 31383032334D303030373636            
07/11/23 06:01:27 0036 1                  45.013360 8.852275 00 00 31383032334D303033313735            
07/11/23 06:03:25 0037 1                  45.013405 8.855155 00 00 3231303234304A3032383732            
07/11/23 06:04:44 0038 1                  45.013417 8.855155 00 00 31383032334D303130363732            
07/11/23 06:06:21 0039 1                  45.013448 8.855022 00 00 31383032334D303130343637            
07/11/23 06:06:27 0040 1                  45.013452 8.855020 00 00 31383032334D303033313833            
07/11/23 06:08:25 0041 1                  45.014142 8.853060 00 00 3231303032334D3033323839            
07/11/23 06:08:58 0042 1                  45.015023 8.853205 00 00 31383032334D303030363333            
07/11/23 06:09:55 0043 1                  45.015503 8.853328 00 00 3232303032334D3031363934            
07/11/23 06:10:39 0044 1                  45.015970 8.853415 00 00 31383032334D303030373231            
07/11/23 06:11:29 0045 1                  45.016250 8.853327 00 00 31383032334D303030363335            
07/11/23 06:13:54 0046 1                  45.016462 8.853388 00 00 31383032334D303030363430            
07/11/23 06:15:09 0047 1                  45.016958 8.852983 00 00 3138B032334D303030353734            
07/11/23 06:20:16 0048 1                  45.015255 8.853108 00 00 31383032334D303030363333            
07/11/23 06:22:58 0049 1                  45.016095 8.847147 00 00 31383032334D303030353232            
07/11/23 06:25:14 0050 1                  45.015335 8.846363 00 00 31383032334D303138323831            
07/11/23 06:25:58 0051 1                  45.015083 8.846193 00 00 31383032334D303030373737            
07/11/23 06:26:07 0052 1                  45.015098 8.846110 00 00 300ED89F3350005FE2D3C975            
07/11/23 06:27:53 0053 1                  45.014860 8.845932 00 00 31383032334D303030373735            
07/11/23 06:29:41 0054 1                  45.014468 8.845613 00 00 31383032334D303138353536            
07/11/23 06:31:10 0055 1                  45.016073 8.845307 00 00 31383032334D303130353439            
07/11/23 06:34:29 0056 1                  45.024095 8.848622 00 00 31383032334D303133373730            
07/11/23 06:36:13 0057 1                  45.024553 8.848852 00 00 31383032334D303137363475            
07/11/23 06:36:59 0058 1                  45.024850 8.849007 00 00 31383032334D303033333336            
07/11/23 06:37:50 0059 1                  45.025215 8.849075 00 00 31383032334D303137363436            
07/11/23 06:38:45 0060 1                  45.026323 8.849533 00 00 31383032334D303031333239            
07/11/23 06:39:12 0061 1                  45.026330 8.849515 00 00 31383032334D303031333331            
07/11/23 06:39:42 0062 1                  45.026362 8.849515 00 00 31383032334D303031353936            
07/11/23 06:40:52 0063 1                  45.026602 8.849637 00 00 31383234304A303030333437            
07/11/23 06:43:16 0064 1                  45.027332 8.849802 00 00 31383032334D303033333338            
07/11/23 06:44:15 0065 1                  45.027727 8.849918 00 00 31383032334D303136353239            
07/11/23 06:45:22 0066 1                  45.028617 8.849995 00 00 31383032334D303136353330            
07/11/23 06:46:06 0067 1                  45.028632 8.849993 00 00 31383032334D303137363130            
07/11/23 06:46:07 0068 1                  45.028632 8.849995 00 00 31383132304A303039313034            
07/11/23 06:50:15 0069 1                  45.029727 8.850043 00 00 31383032334D303133373236            
07/11/23 06:50:37 0070 1                  45.029740 8.850032 00 00 3232303032334D3030363032            
07/11/23 06:52:04 0071 1                  45.030290 8.850150 00 00 31383032334D303133393037            
07/11/23 06:54:58 0072 1                  45.030970 8.850360 00 00 31383032334D303133373330            
07/11/23 06:55:57 0073 1                  45.031260 8.850402 00 00 31383032334D303133383130            
07/11/23 06:57:16 0074 1                  45.031577 8.850613 00 00 31383032334D303133363239            
07/11/23 06:57:51 0075 1                  45.031698 8.850690 00 00 31383032334D303133373233            
07/11/23 06:58:25 0076 1                  45.032030 8.850808 00 00 31383032334D303133383432            
07/11/23 06:59:12 0077 1                  45.033638 8.851008 00 00 31383032334D303138303736            
07/11/23 07:00:38 0078 1                  45.031345 8.850405 00 00 31383032334D303133373238            
07/11/23 07:10:24 0079 1                  45.031757 8.851182 00 00 3231303032334D3031383438            
07/11/23 07:11:16 0080 1                  45.031557 8.851043 00 00 31383032334D303137383036            
07/11/23 07:11:17 0081 1                  45.031557 8.851043 00 00 300ED89F3350005FE2D3C975            
07/11/23 07:11:47 0082 1                  45.031528 8.850993 00 00 31383032334D303137363539            
07/11/23 07:14:21 0083 1                  45.030890 8.850813 00 00 31383032334D303137373839            
07/11/23 07:14:43 0084 1                  45.030858 8.850885 00 00 31383032334D303133363738            
07/11/23 07:15:31 0085 1                  45.030233 8.851082 00 00 31383032334D303133363930            
07/11/23 07:16:24 0086 1                  45.030187 8.851202 00 00 31383032334D303136393538            
07/11/23 07:17:48 0087 1                  45.030698 8.851678 00 00 31383032334D303133383731            
07/11/23 07:18:57 0088 1                  45.030808 8.851648 00 00 31383032334D303133383839            
07/11/23 07:20:47 0089 1                  45.029987 8.851698 00 00 323030323545303030383636            
07/11/23 07:21:07 0090 1                  45.029992 8.851728 00 00 31383032334D303133373735            
07/11/23 07:22:50 0091 1                  45.029445 8.851155 00 00 31383032334D303133393331            
07/11/23 07:23:32 0092 1                  45.029150 8.850820 00 00 31383032334D303133393234            
07/11/23 07:23:50 0093 1                  45.029123 8.850802 00 00 3233303032334D3030333135            
07/11/23 07:23:55 0094 1                  45.029120 8.850800 00 00 3233303032334D3030333134            
07/11/23 07:24:54 0095 1                  45.028557 8.850527 00 00 31383032334D303133373532            
07/11/23 07:25:44 0096 1                  45.028365 8.850803 00 00 31383032334D303133393235            
07/11/23 07:26:30 0097 1                  45.028290 8.851253 00 00 31383032334D303133383033            
07/11/23 07:26:41 0098 1                  45.028298 8.851293 00 00 31383032334D303133393335            
07/11/23 07:27:28 0099 1                  45.028287 8.851397 00 00 3231303032334D3031393139            
07/11/23 07:30:24 0000 s 01884ver01 0 0 00 00
07/11/23 07:30:56 0100 1                  45.027968 8.854235 00 00 3231303234304A3032373534            
07/11/23 07:30:56 0101 1                  45.027968 8.854235 00 00 3231303234304A3032373534            
07/11/23 07:32:23 0102 1                  45.028335 8.851372 00 00 31383032334D303133393335            
07/11/23 07:32:56 0103 1                  45.028072 8.850518 00 00 300ED89F3350005FE2D3C975            
07/11/23 07:32:56 0104 1                  45.028072 8.850518 00 00 31383032334D303133383239            
07/11/23 07:35:55 0000 s 01884ver01 0 0 00 00
07/11/23 07:36:27 0105 1                  45.026615 8.850135 00 00 31383032334D303137363332            
07/11/23 07:36:27 0106 1                  45.026615 8.850135 00 00 31383032334D303137393232            
07/11/23 07:36:27 0107 1                  45.026615 8.850135 00 00 3231303234304A3032373534            
07/11/23 07:36:28 0108 1                  45.026615 8.850135 00 00 3231303234304A3032373534            
07/11/23 07:38:08 0109 1                  45.024620 8.850570 00 00 31383032334D303133373933            
07/11/23 07:38:12 0110 1                  45.024623 8.850575 00 00 31383032334D303133363736            
07/11/23 07:40:37 0111 1                  45.024327 8.856320 00 00 31383032334D30B036323638            
07/11/23 07:40:37 0112 1                  45.024327 8.856320 00 00 31383032334D303036323638            
07/11/23 07:41:38 0113 1                  45.024353 8.857537 00 00 31383032334D303137363338            
07/11/23 07:43:12 0114 1                  45.024530 8.858715 00 00 3231303032334D3031393230            
07/11/23 07:43:13 0115 1                  45.024533 8.858718 00 00 300ED89F3350005FE2D3C975            
07/11/23 07:44:53 0116 1                  45.026147 8.861008 00 00 31383032334D303137313635            
07/11/23 07:53:57 0117 1                  45.031608 8.860445 00 00 31383032334D303031333236            
07/11/23 07:54:12 0118 1                  45.031620 8.860447 00 00 31383032334D303031333333            
07/11/23 07:55:39 0119 1                  45.029730 8.856930 00 00 31383032334D303031333039            
07/11/23 07:56:26 0120 1                  45.029588 8.856308 00 00 31383032334D303031333434            
07/11/23 07:57:21 0121 1                  45.029170 8.857023 00 00 31383032334D303031333136            
07/11/23 07:58:10 0122 1                  45.029203 8.857650 00 00 31383032334D303031323935            
07/11/23 07:59:23 0123 1                  45.028747 8.857728 00 00 31383032334D303031323933            
07/11/23 07:59:23 0124 1                  45.028747 8.857728 00 00 31383032334D303031333134            
07/11/23 08:00:06 0125 1                  45.028538 8.858070 00 00 31383032334D303031333035            
07/11/23 08:02:28 0126 1                  45.028310 8.858743 00 00 31383032334D303031323937            
07/11/23 08:06:10 0127 1                  45.032758 8.854927 00 00 31383032334D303135343838            
07/11/23 08:09:26 0128 1                  45.029918 8.853832 00 00 31383032334D303132323132            
07/11/23 08:10:34 0129 1                  45.030070 8.852235 00 00 31383032334D303137363334            
07/11/23 08:11:18 0130 1                  45.029530 8.851228 00 00 31383032334D303133393331            
07/11/23 08:13:38 0131 1                  45.030780 8.849798 00 00 31383032334D303031343039            
07/11/23 08:13:38 0132 1                  45.030780 8.849798 00 00 300ED89F3350005FE2D3C975            
07/11/23 08:14:36 0133 1                  45.030910 8.849220 00 00 31383132304A303039303432            
07/11/23 08:16:07 0134 1                  45.031088 8.848560 00 00 31383032334D303133373833            
07/11/23 08:16:49 0135 1                  45.031633 8.848600 00 00 31383032334D303031333933            
07/11/23 08:17:04 0136 1                  45.031640 8.848592 00 00 3231303032334D3030373736            
07/11/23 08:18:45 0137 1                  45.030948 8.848477 00 00 31383032334D303031343036            
07/11/23 08:20:05 0138 1                  45.032262 8.847807 00 00 31383032334D303031323339            
07/11/23 08:20:47 0139 1                  45.032322 8.847335 00 00 31383032334D303031333838            
07/11/23 08:21:32 0140 1                  45.032260 8.846510 00 00 31383032334D303031333935            
07/11/23 08:22:19 0141 1                  45.032232 8.846242 00 00 31383032334D303031323632            
07/11/23 08:22:54 0142 1                  45.032203 8.845955 00 00 31383032334D303031333930            
07/11/23 08:29:48 0143 1                  45.035588 8.825268 00 00 31383234304A303030333937            
07/11/23 08:30:12 0144 1                  45.035562 8.825257 00 00 31383234304A303030333938            
07/11/23 08:41:49 0145 1                  45.026078 8.828217 00 00 31383032334D303133393532            
07/11/23 08:42:04 0146 1                  45.026037 8.828267 00 00 300ED89F3350005FE2D3C975            
07/11/23 08:43:18 0147 1                  45.026223 8.828032 00 00 31383032334D303137393239            
07/11/23 08:44:05 0148 1                  45.026538 8.827682 00 00 31383032334D303136383432            
07/11/23 08:44:45 0149 1                  45.026723 8.827505 00 00 31383032334D303133363830            
07/11/23 08:44:57 0150 1                  45.026730 8.827487 00 00 3231303032334D3032343330            
07/11/23 08:46:03 0151 1                  45.027347 8.828410 00 00 31383032334D303133383035            
07/11/23 08:46:58 0152 1                  45.027632 8.828873 00 00 31383032334D303031333638            
07/11/23 08:47:53 0153 1                  45.027915 8.829358 00 00 31383032334D303133373832            
07/11/23 08:48:35 0154 1                  45.028005 8.829592 00 00 3231303032334D3035313230            
07/11/23 08:53:09 0155 1                  45.017025 8.833773 00 00 3232303032334D3031303338            
07/11/23 08:57:08 0156 1                  45.018360 8.833517 00 00 31383032334D303133383236            
07/11/23 09:02:11 0157 1                  45.016165 8.823922 00 00 3231303132304A3037343530            
07/11/23 09:07:22 0158 1                  45.016958 8.822202 00 00 31383032334D303031313030            
07/11/23 09:08:04 0159 1                  45.016943 8.822257 00 00 3231303234304A3034333535            
07/11/23 09:12:24 0160 1                  45.016782 8.825762 00 00 3231303234304A3034333638            
07/11/23 09:14:12 0000 s 01884ver01 45.016802 8.825800 00 00
07/11/23 09:14:26 0161 1                  45.016802 8.825802 00 00 3231303234304A3032373534            
07/11/23 09:14:39 0162 1                  45.016805 8.825800 00 00 300ED89F3350005FE2D3C975            
07/11/23 09:14:41 0163 1                  45.016805 8.825802 00 00 3231303234304A3034333638            
07/11/23 09:17:09 0164 1                  45.016472 8.825978 00 00 3231303234304A3034343535            
07/11/23 09:28:56 0165 1                  45.015955 8.825828 00 00 300ED89F3350005FE2D3C975            
07/11/23 10:04:14 0166 1                  44.920767 8.853133 00 00 300ED89F3350005FE2D3C975            
07/11/23 10:21:00 0167 1                  44.882500 8.860152 00 00 300ED89F3350005FE2D3C975            
