14/10/23 05:40:39 0000 s 01888ver01 44.882478 8.860083 00 00
14/10/23 06:10:12 0001 1                  44.862633 8.888400 00 00 313931323050303130353831            
14/10/23 06:11:33 0002 1                  44.862427 8.887920 00 00 313931323050303130353835            
14/10/23 06:12:53 0003 1                  44.862390 8.887568 00 00 313931323050303036363831            
14/10/23 06:14:50 0004 1                  44.862260 8.887348 00 00 313931323050303036363739            
14/10/23 06:15:51 0005 1                  44.862175 8.886995 00 00 313931323050303037323132            
14/10/23 06:15:59 0006 1                  44.862172 8.886987 00 00 313931323050303036363738            
14/10/23 06:17:27 0007 1                  44.862115 8.886573 00 00 313931323050303039313435            
14/10/23 06:19:10 0008 1                  44.861113 8.885398 00 00 313931323050303130383237            
14/10/23 06:20:28 0009 1                  44.860963 8.885258 00 00 313931323050303130383239            
14/10/23 06:22:41 0010 1                  44.860742 8.884883 00 00 313931323050303033353230            
14/10/23 06:26:03 0011 1                  44.861435 8.885177 00 00 313931323050303039383435            
14/10/23 06:26:26 0012 1                  44.861440 8.885190 00 00 313931323050303039323739            
14/10/23 06:27:16 0013 1                  44.861448 8.885127 00 00 313931323050303033323130            
14/10/23 06:27:35 0014 1                  44.861453 8.885152 00 00 313931323050303037393433            
14/10/23 06:28:24 0015 1                  44.861465 8.885162 00 00 313931323050303035373633            
14/10/23 06:32:16 0016 1                  44.862482 8.880093 00 00 313931323050303036383633            
14/10/23 06:34:22 0017 1                  44.862130 8.879263 00 00 313931323050303037393036            
14/10/23 06:34:35 0018 1                  44.862125 8.879258 00 00 313931323050303039313336            
14/10/23 06:36:16 0019 1                  44.861680 8.878880 00 00 313931323050303035373536            
14/10/23 06:42:02 0020 1                  44.867822 8.872827 00 00 313931323050303039383539            
14/10/23 06:43:58 0021 1                  44.867640 8.871865 00 00 313931323050303039383632            
14/10/23 06:55:10 0022 1                  44.870853 8.877462 00 00 313931323050303039333433            
14/10/23 06:57:09 0023 1                  44.870842 8.877668 00 00 313931323050303039343633            
14/10/23 07:03:32 0024 1                  44.870495 8.886850 00 00 313931323050303039303333            
14/10/23 07:05:33 0025 1                  44.871292 8.887205 00 00 313931323050303037383033            
14/10/23 07:11:36 0026 1                  44.869037 8.898027 00 00 313931323050303039393436            
14/10/23 07:20:48 0027 1                  44.877910 8.889032 00 00 313931323050303039333234            
14/10/23 07:22:06 0028 1                  44.877608 8.889253 00 00 313931323050303132333735            
14/10/23 07:22:19 0029 1                  44.877595 8.889267 00 00 313931323050303039333233            
14/10/23 07:24:58 0030 1                  44.877080 8.889018 00 00 313931323050303039323034            
14/10/23 07:26:05 0031 1                  44.877003 8.889040 00 00 313931323050303039343438            
14/10/23 07:29:01 0032 1                  44.876922 8.889155 00 00 313931323050303039313338            
14/10/23 07:30:16 0033 1                  44.876680 8.889283 00 00 313931323050303039383732            
14/10/23 07:33:35 0034 1                  44.876090 8.888575 00 00 313931323050303131303535            
14/10/23 07:35:53 0035 1                  44.876435 8.888375 00 00 313931323050303039353238            
14/10/23 07:37:37 0036 1                  44.876750 8.888168 00 00 313931323050303039333136            
14/10/23 07:37:39 0037 1                  44.876755 8.888168 00 00 313931323050303132333932            
14/10/23 07:39:00 0038 1                  44.877037 8.888343 00 00 313931323050303039323330            
14/10/23 07:39:10 0039 1                  44.877040 8.888333 00 00 313931323050303039353331            
14/10/23 07:40:59 0040 1                  44.877102 8.888418 00 00 313931323050303039353332            
14/10/23 07:42:45 0041 1                  44.877347 8.889393 00 00 313931323050303132363639            
14/10/23 07:42:56 0042 1                  44.877357 8.889412 00 00 313931323050303039373335            
14/10/23 07:44:48 0043 1                  44.877335 8.889548 00 00 313931323050303033383736            
14/10/23 07:46:09 0044 1                  44.877455 8.889783 00 00 313931323050303039373332            
14/10/23 07:50:18 0045 1                  44.877580 8.888482 00 00 313931323050303039343238            
14/10/23 07:54:49 0046 1                  44.875512 8.883343 00 00 313931323050303130303332            
14/10/23 07:56:54 0047 1                  44.875042 8.881775 00 00 313931323050303036313535            
14/10/23 07:57:04 0048 1                  44.875068 8.881765 00 00 31383132304A303237333230            
14/10/23 07:57:14 0049 1                  44.875083 8.881753 00 00 313931323050303130393734            
14/10/23 08:04:31 0050 1                  44.872997 8.866003 00 00 313931323050303035353136            
14/10/23 08:05:57 0051 1                  44.873230 8.866202 00 00 313931323050303036363837            
14/10/23 08:07:23 0052 1                  44.873368 8.866328 00 00 313931323050303039343538            
14/10/23 08:31:14 0000 s 01888ver01 44.882418 8.860120 00 00
14/10/23 09:05:45 0053 1                  44.862405 8.889250 00 00 3231303132304A3130303036            
14/10/23 09:20:34 0054 1                  44.860652 8.884915 00 00 3231303132304A3039383933            
14/10/23 09:23:28 0055 1                  44.861458 8.884970 00 00 3231303132304A3038363838            
14/10/23 09:27:17 0056 1                  44.861397 8.878788 00 00 3231303132304A3130303831            
14/10/23 09:32:10 0057 1                  44.867863 8.872867 00 00 3231303132304A3038353036            
14/10/23 09:36:26 0058 1                  44.869588 8.873643 00 00 3231303132304A3039323731            
14/10/23 09:43:11 0059 1                  44.875412 8.883268 00 00 3231303132304A3039333033            
14/10/23 09:47:46 0060 1                  44.877668 8.888480 00 00 3231303033304D3034383030            
14/10/23 09:51:27 0061 1                  44.877048 8.889030 00 00 3231303132304A3038343234            
14/10/23 09:54:20 0062 1                  44.876705 8.889207 00 00 3231303132304A3130303232            
14/10/23 09:56:02 0063 1                  44.876510 8.889010 00 00 3231303132304A3130303438            
14/10/23 09:57:33 0064 1                  44.876140 8.888600 00 00 3232303132304A3030313433            
14/10/23 10:00:01 0065 1                  44.876760 8.888152 00 00 3231303132304A3130343031            
14/10/23 10:00:09 0066 1                  44.876760 8.888150 00 00 3231303132304A3038363431            
14/10/23 10:02:13 0067 1                  44.877060 8.888355 00 00 3231303132304A3130333937            
14/10/23 10:03:52 0068 1                  44.877317 8.889408 00 00 3231303132304A3039343136            
14/10/23 10:05:28 0069 1                  44.877583 8.889982 00 00 3231303132304A3130303834            
14/10/23 10:11:01 0070 1                  44.870775 8.877622 00 00 3231303132304A3039363734            
