20/10/23 04:26:51 0000 s 01506ver01 44.792698 8.739455 00 00
20/10/23 05:18:56 0001 1                  44.735523 8.832167 00 00 31383032334D303132393630            
20/10/23 05:21:38 0002 1                  44.730972 8.841830 00 00 3233313130304A3030313035            
20/10/23 05:26:07 0003 1                  44.730945 8.841987 00 00 3231303234304A3034333631            
20/10/23 05:27:17 0004 1                  44.730962 8.842367 00 00 3231303132304A3037343133            
20/10/23 05:29:08 0005 1                  44.730840 8.843650 00 00 313831323045303039303235            
20/10/23 05:34:16 0006 1                  44.732010 8.841877 00 00 3231303132304A3037363231            
20/10/23 05:39:03 0007 1                  44.732473 8.841005 00 00 323032343055303030313135            
20/10/23 05:41:05 0008 1                  44.732078 8.840743 00 00 31383032334D303139373035            
20/10/23 05:42:10 0009 1                  44.732487 8.840808 00 00 31383032334D303139303938            
20/10/23 05:42:55 0010 1                  44.732498 8.840795 00 00 323031323055303030303831            
20/10/23 05:45:31 0011 1                  44.731830 8.840012 00 00 31383032334D303131313835            
20/10/23 05:50:41 0012 1                  44.729555 8.850815 00 00 31383234304A303030333134            
20/10/23 05:52:47 0013 1                  44.729038 8.851602 00 00 31383032334D303134383332            
20/10/23 05:55:27 0014 1                  44.729078 8.852062 00 00 3231303132304A3037373739            
20/10/23 05:56:52 0015 1                  44.728893 8.852342 00 00 31383032334D303139373534            
20/10/23 05:56:55 0016 1                  44.728887 8.852333 00 00 3231303032334D3032383234            
20/10/23 05:57:25 0017 1                  44.728878 8.852305 00 00 31383032334D303139353739            
20/10/23 05:57:28 0018 1                  44.728880 8.852305 00 00 31383032334D303139313036            
20/10/23 05:58:57 0019 1                  44.728265 8.852857 00 00 3231303234304A3034323637            
20/10/23 05:58:57 0020 1                  44.728265 8.852857 00 00 3231303234304A3034353834            
20/10/23 06:00:01 0021 1                  44.728317 8.852777 00 00 31383234304A303030323033            
20/10/23 06:01:09 0022 1                  44.728345 8.852793 00 00 323031323055303030303637            
20/10/23 06:01:09 0023 1                  44.728345 8.852793 00 00 323031323055303030303931            
20/10/23 06:03:20 0024 1                  44.727993 8.852507 00 00 3231303234304A3034333639            
20/10/23 06:03:26 0025 1                  44.727978 8.852512 00 00 31383234304A303030323836            
20/10/23 06:06:44 0026 1                  44.731628 8.844008 00 00 31383032334D303039323332            
20/10/23 06:06:50 0027 1                  44.731623 8.844010 00 00 31383032334D303131313832            
20/10/23 06:09:10 0028 1                  44.729815 8.843798 00 00 31383032334D303134353438            
20/10/23 06:09:45 0029 1                  44.729845 8.843858 00 00 3232303032334D3030353030            
20/10/23 06:12:49 0030 1                  44.730127 8.842347 00 00 31383032334D303037373630            
20/10/23 06:12:57 0031 1                  44.730135 8.842352 00 00 31383032334D303139333538            
20/10/23 06:13:04 0032 1                  44.730142 8.842367 00 00 323030323545303038303733            
20/10/23 06:13:12 0033 1                  44.730150 8.842380 00 00 31383032334D303033383135            
20/10/23 06:13:20 0034 1                  44.730150 8.842382 00 00 3232303032334D3031303830            
20/10/23 06:15:34 0035 1                  44.730070 8.844262 00 00 31383032334D303130333537            
20/10/23 06:15:38 0036 1                  44.730070 8.844260 00 00 31383032334D303130333538            
20/10/23 06:15:50 0037 1                  44.730068 8.844253 00 00 31383032334D303038323536            
20/10/23 06:16:08 0038 1                  44.730063 8.844252 00 00 31383032334D303134363738            
20/10/23 06:18:25 0039 1                  44.729420 8.845338 00 00 31383032334D303139333537            
20/10/23 06:19:19 0040 1                  44.729197 8.845785 00 00 323031323055303030313135            
20/10/23 06:20:58 0041 1                  44.728645 8.845907 00 00 31383032334D303134353434            
20/10/23 06:21:25 0042 1                  44.728600 8.845920 00 00 3233303032334D3030343134            
20/10/23 06:22:16 0043 1                  44.728848 8.846328 00 00 31383032334D303037383237            
20/10/23 06:23:25 0044 1                  44.728600 8.846672 00 00 3232303032334D3031353932            
20/10/23 06:23:30 0045 1                  44.728600 8.846673 00 00 31383032334D303037363339            
20/10/23 06:23:34 0046 1                  44.728600 8.846675 00 00 31383032334D303037363635            
20/10/23 06:24:27 0047 1                  44.728612 8.846643 00 00 3231303132304A3037353439            
20/10/23 06:25:39 0048 1                  44.728615 8.847385 00 00 31383032334D303037363330            
20/10/23 06:25:39 0049 1                  44.728615 8.847385 00 00 31383032334D303139323637            
20/10/23 06:25:55 0050 1                  44.728628 8.847383 00 00 31383032334D303031373935            
20/10/23 06:26:01 0051 1                  44.728630 8.847383 00 00 3232303032334D3031343234            
20/10/23 06:26:13 0052 1                  44.728623 8.847375 00 00 31383032334D303131313433            
20/10/23 06:27:13 0053 1                  44.728008 8.847677 00 00 31383032334D303130313835            
20/10/23 06:27:30 0054 1                  44.728005 8.847703 00 00 3232303032334D3030323733            
20/10/23 06:28:24 0055 1                  44.727937 8.847893 00 00 31383032334D303535313131            
20/10/23 06:28:44 0056 1                  44.727937 8.847908 00 00 31383032334D303037383139            
20/10/23 06:30:38 0057 1                  44.727642 8.848270 00 00 3232303032334D3031343338            
20/10/23 06:30:47 0058 1                  44.727640 8.848267 00 00 31383032334D303130303532            
20/10/23 06:30:56 0059 1                  44.727640 8.848272 00 00 31383032334D303130313638            
20/10/23 06:30:56 0060 1                  44.727640 8.848272 00 00 31383032334D303130313633            
20/10/23 06:33:39 0061 1                  44.728035 8.847032 00 00 31383032334D303134363137            
20/10/23 06:34:32 0062 1                  44.728047 8.846710 00 00 31383032334D303038323131            
20/10/23 06:37:10 0063 1                  44.727057 8.849975 00 00 3231303032334D3031333230            
20/10/23 06:39:01 0064 1                  44.726782 8.850002 00 00 31383032334D303134373538            
20/10/23 06:39:09 0065 1                  44.726778 8.850000 00 00 31383032334D303134363135            
20/10/23 06:42:19 0066 1                  44.727402 8.849432 00 00 31383032334D303130303338            
20/10/23 06:42:27 0067 1                  44.727403 8.849428 00 00 31383032334D303130323732            
20/10/23 06:42:34 0068 1                  44.727405 8.849427 00 00 31383032334D303130323939            
20/10/23 06:44:56 0069 1                  44.728987 8.850507 00 00 31383234304A303030333933            
20/10/23 06:45:15 0070 1                  44.728958 8.850528 00 00 31383032334D303039323334            
20/10/23 06:45:31 0071 1                  44.728948 8.850533 00 00 3231303032334D3031383736            
20/10/23 06:45:36 0072 1                  44.728945 8.850530 00 00 31383032334D303033393931            
20/10/23 06:46:59 0073 1                  44.729268 8.850183 00 00 31383032334D303134373630            
20/10/23 06:47:13 0074 1                  44.729290 8.850158 00 00 31383032334D303039343530            
20/10/23 06:48:29 0075 1                  44.729310 8.850238 00 00 31383234304A303030333936            
20/10/23 06:50:03 0076 1                  44.728630 8.850443 00 00 31383032334D303130393933            
20/10/23 06:52:08 0077 1                  44.728440 8.848583 00 00 31383032334D303037363132            
20/10/23 06:52:49 0078 1                  44.728673 8.848188 00 00 31383032334D303037363934            
20/10/23 06:52:55 0079 1                  44.728680 8.848190 00 00 31383032334D303037363935            
20/10/23 06:53:03 0080 1                  44.728688 8.848195 00 00 31383032334D303037363933            
20/10/23 06:54:09 0081 1                  44.728900 8.848480 00 00 31383032334D303134373939            
20/10/23 06:55:38 0082 1                  44.728792 8.848015 00 00 3232303032334D3031303839            
20/10/23 06:56:47 0083 1                  44.728803 8.848000 00 00 31383032334D303037363932            
20/10/23 06:57:35 0084 1                  44.728905 8.847780 00 00 31383032334D303036343032            
20/10/23 06:57:36 0085 1                  44.728905 8.847780 00 00 31383032B34D303037393236            
20/10/23 06:59:19 0086 1                  44.729787 8.847778 00 00 31383032334D303038313834            
20/10/23 07:00:17 0087 1                  44.729958 8.847455 00 00 31383032334D303038303535            
20/10/23 07:02:45 0088 1                  44.730135 8.847092 00 00 31383032334D303038323135            
20/10/23 07:03:44 0089 1                  44.730162 8.847080 00 00 31383032334D303134343032            
20/10/23 07:03:49 0090 1                  44.730160 8.847077 00 00 31383032334D303036343436            
20/10/23 07:05:17 0091 1                  44.730493 8.846600 00 00 31383032334D303038303933            
20/10/23 07:06:15 0092 1                  44.730702 8.846277 00 00 31383032334D303038313030            
20/10/23 07:12:08 0093 1                  44.729500 8.846823 00 00 31383032334D303134343137            
20/10/23 07:13:03 0094 1                  44.729797 8.846362 00 00 31383032334D303134353430            
20/10/23 07:13:36 0095 1                  44.729802 8.846358 00 00 31383032334D303131303938            
20/10/23 07:17:24 0096 1                  44.730208 8.845758 00 00 31383032334D303033393439            
20/10/23 07:17:31 0097 1                  44.730213 8.845753 00 00 31383032334D303033363635            
20/10/23 07:17:38 0098 1                  44.730213 8.845753 00 00 31383032334D303033393435            
20/10/23 07:17:42 0099 1                  44.730212 8.845752 00 00 31383032334D303037373238            
20/10/23 07:17:51 0100 1                  44.730207 8.845755 00 00 3232303032334D3031373534            
20/10/23 07:18:04 0101 1                  44.730197 8.845763 00 00 31383032334D303033393434            
20/10/23 07:18:14 0102 1                  44.730190 8.845767 00 00 31383032334D303033373438            
20/10/23 07:18:17 0103 1                  44.730188 8.845768 00 00 31383032334D303033363634            
20/10/23 07:18:55 0104 1                  44.730192 8.845788 00 00 31383032334D303037393839            
20/10/23 07:20:45 0105 1                  44.730573 8.844985 00 00 31383032334D303033383637            
20/10/23 07:21:19 0106 1                  44.730582 8.844987 00 00 31383032334D303134363431            
20/10/23 07:21:23 0107 1                  44.730585 8.844987 00 00 31383032334D303033383636            
20/10/23 07:21:39 0108 1                  44.730588 8.844982 00 00 31383032334D303134343930            
20/10/23 07:22:59 0109 1                  44.730657 8.844238 00 00 31383032334D303139373433            
20/10/23 07:23:00 0110 1                  44.730657 8.844238 00 00 31383032334D303135313434            
20/10/23 07:27:05 0111 1                  44.729400 8.844112 00 00 31383032334D303134363739            
20/10/23 07:27:28 0112 1                  44.729383 8.844107 00 00 31383032334D303130333034            
20/10/23 07:27:28 0113 1                  44.729383 8.844107 00 00 31383032334D303134373432            
20/10/23 07:28:50 0114 1                  44.729192 8.844340 00 00 31383032334D303036343437            
20/10/23 07:28:53 0115 1                  44.729192 8.844340 00 00 31383032334D303130383136            
20/10/23 07:29:47 0116 1                  44.728930 8.844855 00 00 31383032334D303133303834            
20/10/23 07:30:59 0117 1                  44.729032 8.843873 00 00 31383032334D303130303539            
20/10/23 07:33:59 0118 1                  44.728577 8.843807 00 00 31383032334D303130383138            
20/10/23 07:36:08 0119 1                  44.727682 8.843505 00 00 31383032334D303134343732            
20/10/23 07:37:02 0120 1                  44.727407 8.842792 00 00 31383032334D303134343639            
20/10/23 07:37:10 0121 1                  44.727405 8.842797 00 00 31383032334D303134343730            
20/10/23 07:38:20 0122 1                  44.726758 8.843032 00 00 31383032334D303134343636            
20/10/23 07:38:26 0123 1                  44.726757 8.843035 00 00 31383032334D303134343738            
20/10/23 07:38:32 0124 1                  44.726760 8.843038 00 00 31383032334D303134383030            
20/10/23 07:40:34 0125 1                  44.727965 8.842905 00 00 3232303032334D3031343336            
20/10/23 07:42:46 0126 1                  44.727245 8.844220 00 00 31383032334D303134363438            
20/10/23 07:43:39 0127 1                  44.726503 8.844223 00 00 323030323545303032363033            
20/10/23 07:43:50 0128 1                  44.726490 8.844233 00 00 31383032334D303134343835            
20/10/23 07:45:03 0129 1                  44.726200 8.844205 00 00 31383032334D303134343833            
20/10/23 07:45:41 0130 1                  44.726628 8.844432 00 00 31383032334D303134343837            
20/10/23 07:47:04 0131 1                  44.727190 8.844728 00 00 31383032334D303134363532            
20/10/23 07:47:04 0132 1                  44.727190 8.844728 00 00 31383032334D303134363236            
20/10/23 07:48:03 0133 1                  44.726453 8.845312 00 00 31383032334D303134363939            
20/10/23 07:48:37 0134 1                  44.726008 8.845128 00 00 31383032334D303134363937            
20/10/23 07:49:37 0135 1                  44.725565 8.844935 00 00 31383032334D303134363439            
20/10/23 07:52:40 0136 1                  44.725653 8.845557 00 00 31383032334D303134363032            
20/10/23 07:52:40 0137 1                  44.725653 8.845557 00 00 31383032334D303134373633            
20/10/23 07:54:27 0138 1                  44.726300 8.846537 00 00 31383032334D303134363133            
20/10/23 07:59:01 0139 1                  44.727278 8.845243 00 00 31383032334D303134363237            
20/10/23 08:01:24 0140 1                  44.728265 8.845158 00 00 31383032334D303134343438            
20/10/23 08:01:46 0141 1                  44.728263 8.845163 00 00 31383032334D303134343530            
20/10/23 08:05:10 0142 1                  44.727772 8.845720 00 00 31383032334D303038303536            
20/10/23 08:06:17 0143 1                  44.727605 8.846008 00 00 31383032334D303038303736            
20/10/23 08:07:06 0144 1                  44.727403 8.846302 00 00 31383032334D303037363336            
20/10/23 08:07:15 0145 1                  44.727393 8.846303 00 00 313532384D3138374C423130            
20/10/23 08:07:58 0146 1                  44.727012 8.846918 00 00 31383032334D303134353439            
20/10/23 08:08:17 0147 1                  44.727017 8.846927 00 00 31383032334D303038323439            
20/10/23 08:10:11 0148 1                  44.726842 8.847238 00 00 31383032334D303134373937            
20/10/23 08:11:19 0149 1                  44.726653 8.847550 00 00 31383032334D303134363733            
20/10/23 08:12:40 0150 1                  44.727052 8.848577 00 00 31383032334D303131303039            
20/10/23 08:14:09 0151 1                  44.726845 8.848247 00 00 31383032334D303131303036            
20/10/23 08:14:53 0152 1                  44.727062 8.848032 00 00 31383032334D303131303035            
20/10/23 08:15:10 0153 1                  44.727072 8.848042 00 00 31383032334D303134363737            
20/10/23 08:15:22 0154 1                  44.727073 8.848045 00 00 31383032334D303131303033            
20/10/23 08:15:30 0155 1                  44.727077 8.848050 00 00 31383032334D303130383339            
20/10/23 08:40:09 0156 1                  44.725430 8.836455 00 00 323032343055303030313635            
20/10/23 08:54:54 0157 1                  44.732633 8.832142 00 00 3231303234304A3034333330            
20/10/23 09:00:28 0158 1                  44.735792 8.830612 00 00 3231303234304A3031303837            
20/10/23 09:01:28 0159 1                  44.735807 8.830615 00 00 3231303132304A3037363137            
20/10/23 09:15:08 0000 s 01506ver01 44.735237 8.829957 00 00
20/10/23 09:27:49 0000 s 01506ver01 44.755920 8.799373 00 00
20/10/23 09:29:28 0160 1                  44.758858 8.793425 00 00 000000000000000004329317            
20/10/23 10:05:16 0000 s 01506ver01 44.792873 8.739610 00 00
20/10/23 10:05:51 0161 1                  44.792775 8.739718 00 00 31383032334D303135373439            
20/10/23 10:16:32 0000 s 01506ver01 44.792827 8.739773 00 00
20/10/23 10:21:02 0162 1                  44.792807 8.739783 00 00 31383032334D303135373439            
20/10/23 10:21:03 0163 1                  44.792807 8.739783 00 00 3231303132304A3032313235            
20/10/23 10:21:03 0164 1                  44.792807 8.739783 00 00 31383032334D303039303638            
20/10/23 10:37:23 0165 1                  44.776527 8.649268 00 00 000000000000000016458792            
20/10/23 10:54:27 0166 1                  44.839222 8.579613 00 00 313832343045303032393139            
20/10/23 10:55:35 0167 1                  44.839220 8.580145 00 00 3231303234304A3031353139            
20/10/23 10:57:09 0168 1                  44.838697 8.579783 00 00 E2000016590A01361050B094            
20/10/23 11:01:17 0169 1                  44.839905 8.579725 00 00 31383234304A303032343631            
20/10/23 11:03:37 0170 1                  44.841020 8.575185 00 00 313832343045303030363737            
20/10/23 11:04:00 0171 1                  44.841088 8.575578 00 00 000000000000000013568278            
20/10/23 11:05:37 0172 1                  44.841815 8.576012 00 00 313832343045303032303131            
20/10/23 11:15:34 0173 1                  44.841678 8.585637 00 00 313832343045303030353030            
20/10/23 11:15:47 0174 1                  44.841697 8.585625 00 00 313832343045303031323230            
20/10/23 11:20:22 0175 1                  44.841622 8.583687 00 00 313832343045303031383235            
20/10/23 11:24:39 0176 1                  44.844002 8.581668 00 00 313832343045303031303436            
20/10/23 11:27:20 0177 1                  44.844997 8.579543 00 00 313832343045303032383230            
20/10/23 11:29:36 0178 1                  44.845608 8.580127 00 00 313832343045303031333436            
20/10/23 11:30:35 0179 1                  44.845967 8.580550 00 00 313832343045303032383739            
20/10/23 11:33:12 0000 s 01506ver01 44.846105 8.580105 00 00
20/10/23 11:35:28 0180 1                  44.846462 8.580170 00 00 313832343045303032343934            
20/10/23 11:38:38 0181 1                  44.847178 8.579428 00 00 3232303234304A3030313631            
20/10/23 11:41:56 0182 1                  44.847890 8.578433 00 00 313832343045303031383634            
20/10/23 11:42:03 0183 1                  44.847895 8.578433 00 00 3230303234304A3030333335            
20/10/23 11:44:26 0184 1                  44.850293 8.579173 00 00 3230303234304A3030363739            
20/10/23 11:50:03 0185 1                  44.845390 8.577925 00 00 3231303234304A3030383337            
20/10/23 11:51:33 0186 1                  44.843835 8.577678 00 00 313832343045303033313439            
20/10/23 11:53:43 0187 1                  44.843608 8.576495 00 00 313832343045303032353234            
20/10/23 11:57:39 0188 1                  44.844498 8.576947 00 00 313832343045303033323238            
20/10/23 12:00:49 0189 1                  44.842828 8.574753 00 00 313832343045303030373038            
20/10/23 12:09:56 0190 1                  44.843908 8.574260 00 00 313832343045303032393135            
20/10/23 12:11:52 0191 1                  44.843842 8.575367 00 00 31383234304A303032323538            
20/10/23 12:13:14 0192 1                  44.844097 8.575508 00 00 313832343045303031353335            
20/10/23 12:15:19 0193 1                  44.845178 8.575852 00 00 313832343045303031323436            
20/10/23 12:18:16 0194 1                  44.845133 8.574535 00 00 313832343045303033313531            
20/10/23 12:23:14 0195 1                  44.845488 8.574383 00 00 313832343045303032373734            
20/10/23 12:23:39 0196 1                  44.845488 8.574373 00 00 313832343045303033313533            
20/10/23 12:28:19 0197 1                  44.844325 8.573738 00 00 313832343045303031383136            
20/10/23 12:31:44 0198 1                  44.843708 8.573397 00 00 313832343045303031303931            
20/10/23 12:35:02 0199 1                  44.843408 8.572418 00 00 313832343045303031383431            
20/10/23 12:41:57 0200 1                  44.845845 8.571352 00 00 323032343056303030353437            
20/10/23 12:45:06 0201 1                  44.844490 8.570443 00 00 313832343045303031373734            
20/10/23 12:50:26 0202 1                  44.842047 8.573010 00 00 313832343045303032343736            
20/10/23 12:55:45 0203 1                  44.849277 8.574812 00 00 323032343056303030383138            
20/10/23 12:56:38 0204 1                  44.850103 8.573407 00 00 31383032334D303132363136            
20/10/23 12:59:05 0205 1                  44.849215 8.576045 00 00 313832343045303033333732            
20/10/23 13:00:26 0206 1                  44.849510 8.575667 00 00 313832343045303031323537            
20/10/23 13:08:25 0207 1                  44.860043 8.551922 00 00 3231303234304A3033303135            
20/10/23 13:08:52 0208 1                  44.860058 8.551933 00 00 3231303234304A3033383235            
20/10/23 13:12:37 0209 1                  44.861178 8.546850 00 00 313832343045303030383338            
20/10/23 13:43:10 0210 1                  44.849027 8.572897 00 00 3233303234304A3030333536            
20/10/23 13:46:28 0211 1                  44.848853 8.575357 00 00 313832343045303031373437            
20/10/23 13:47:04 0212 1                  44.848870 8.575343 00 00 3231303234304A3030363330            
20/10/23 13:47:58 0213 1                  44.848848 8.575335 00 00 3231303234304A3030363137            
20/10/23 13:51:25 0214 1                  44.846425 8.573885 00 00 313832343045303031383932            
20/10/23 13:55:14 0215 1                  44.844810 8.572145 00 00 000000000000000009646381            
20/10/23 14:38:08 0000 s 01506ver01 44.846377 8.577963 00 00
