07/11/23 04:35:12 0000 s 01502ver01 44.882233 8.859812 00 00
07/11/23 05:20:00 0001 1                  44.968172 8.879320 00 00 313931323050303130313731            
07/11/23 05:21:25 0002 1                  44.969257 8.879662 00 00 313931323050303130303433            
07/11/23 05:22:23 0003 1                  44.969718 8.879485 00 00 3230313130304A3031313138            
07/11/23 05:23:34 0004 1                  44.969817 8.879497 00 00 3230313130304A3030363238            
07/11/23 05:26:01 0005 1                  44.969973 8.880997 00 00 3230313130304A3030333735            
07/11/23 05:27:07 0006 1                  44.970457 8.881377 00 00 3230313130304A3030333736            
07/11/23 05:28:17 0007 1                  44.971435 8.881665 00 00 313931323050303038323735            
07/11/23 05:29:59 0008 1                  44.969087 8.882320 00 00 3232313130304A3030303731            
07/11/23 05:31:27 0009 1                  44.970205 8.882772 00 00 3230313130304A3030343135            
07/11/23 05:33:50 0010 1                  44.971952 8.881108 00 00 313931323050303133353330            
07/11/23 05:34:46 0011 1                  44.972470 8.881328 00 00 313931323050303133313531            
07/11/23 05:35:29 0012 1                  44.972700 8.881438 00 00 313931323050303130363430            
07/11/23 05:36:14 0013 1                  44.972828 8.881495 00 00 313931323050303133353332            
07/11/23 05:37:04 0014 1                  44.973002 8.881553 00 00 313931323050303039343130            
07/11/23 05:37:13 0015 1                  44.973010 8.881550 00 00 313931323050303034363936            
07/11/23 05:37:15 0016 1                  44.973013 8.881550 00 00 313931323050303133353238            
07/11/23 05:39:16 0017 1                  44.973412 8.881625 00 00 3230313130304A3030323530            
07/11/23 05:39:43 0018 1                  44.973423 8.881588 00 00 3230313130304A3030323339            
07/11/23 05:39:47 0019 1                  44.973423 8.881583 00 00 3035EBA1BC591D801E00F599            
07/11/23 05:39:47 0020 1                  44.973423 8.881583 00 00 3035EBB320017487FE002ABC            
07/11/23 05:39:48 0021 1                  44.973423 8.881583 00 00 3035EBE3145E52401E0DBDDE            
07/11/23 05:40:34 0022 1                  44.973668 8.881645 00 00 313931323050303130343230            
07/11/23 05:41:35 0023 1                  44.973768 8.881718 00 00 313931323050303130363431            
07/11/23 05:41:43 0024 1                  44.973768 8.881718 00 00 313931323050303130313031            
07/11/23 05:41:49 0025 1                  44.973767 8.881718 00 00 313931323050313130313031            
07/11/23 05:42:16 0026 1                  44.973775 8.881737 00 00 300ED89F335000B9B778B90E            
07/11/23 05:42:39 0027 1                  44.974025 8.881820 00 00 313931323050303130343231            
07/11/23 05:43:10 0028 1                  44.974135 8.881855 00 00 313931323050303133303532            
07/11/23 05:43:33 0029 1                  44.974137 8.881835 00 00 313931323050303133303530            
07/11/23 05:43:37 0030 1                  44.974133 8.881835 00 00 313931323050303133303532            
07/11/23 05:44:41 0031 1                  44.974765 8.881953 00 00 313931323050303130363433            
07/11/23 05:45:23 0032 1                  44.975040 8.881978 00 00 313931323050303032363434            
07/11/23 05:46:03 0033 1                  44.975517 8.882105 00 00 313931323050303130393234            
07/11/23 05:47:03 0034 1                  44.975852 8.882243 00 00 313931323050303130393335            
07/11/23 05:48:05 0035 1                  44.976167 8.882350 00 00 313931323050303130393336            
07/11/23 05:49:13 0036 1                  44.976397 8.882345 00 00 3230313130304A3031303836            
07/11/23 05:49:52 0037 1                  44.976592 8.882413 00 00 313931323050303133313036            
07/11/23 05:50:42 0038 1                  44.976818 8.882513 00 00 313931323050303133313037            
07/11/23 05:51:36 0039 1                  44.976932 8.882475 00 00 3230313130304A3030363837            
07/11/23 05:52:00 0040 1                  44.976937 8.882458 00 00 313931323050303133313039            
07/11/23 05:52:11 0041 1                  44.976940 8.882453 00 00 300ED89F335001551DD15259            
07/11/23 05:53:39 0042 1                  44.977267 8.883078 00 00 313931323050303133373331            
07/11/23 05:54:48 0043 1                  44.977818 8.884392 00 00 313931323050303130303436            
07/11/23 05:54:50 0044 1                  44.977820 8.884398 00 00 313931323050303133323034            
07/11/23 05:55:56 0045 1                  44.978088 8.884915 00 00 313931323050303132353232            
07/11/23 05:57:04 0046 1                  44.978445 8.885042 00 00 313931323050303133373237            
07/11/23 05:58:58 0047 1                  44.979315 8.885110 00 00 3231313130304A3030313933            
07/11/23 06:02:29 0048 1                  44.979933 8.885665 00 00 313931323050303133313638            
07/11/23 06:03:44 0049 1                  44.980660 8.885390 00 00 313931323050303133333431            
07/11/23 06:04:26 0050 1                  44.980885 8.885395 00 00 313931323050303130353839            
07/11/23 06:04:26 0051 1                  44.980885 8.885395 00 00 313931323050303130353839            
07/11/23 06:05:14 0052 1                  44.981037 8.885382 00 00 313931323050303133313537            
07/11/23 06:05:41 0053 1                  44.981333 8.885463 00 00 313931323050303133323739            
07/11/23 06:05:58 0054 1                  44.981357 8.885460 00 00 313931323050303133323830            
07/11/23 06:06:09 0055 1                  44.981360 8.885447 00 00 313931323050303133323738            
07/11/23 06:06:22 0056 1                  44.981370 8.885442 00 00 313931323050303039303339            
07/11/23 06:08:13 0057 1                  44.982860 8.884977 00 00 313931323050303133353532            
07/11/23 06:09:36 0058 1                  44.983102 8.884590 00 00 313931323050303133303732            
07/11/23 06:10:15 0059 1                  44.983265 8.884445 00 00 313931323050303133393737            
07/11/23 06:11:47 0060 1                  44.984192 8.883095 00 00 313931323050303038333236            
07/11/23 06:14:18 0061 1                  44.986345 8.879968 00 00 313931323050303133353838            
07/11/23 06:14:20 0062 1                  44.986342 8.879967 00 00 313931323050303133353932            
07/11/23 06:15:53 0063 1                  44.985880 8.879553 00 00 313931323050303038353132            
07/11/23 06:17:38 0064 1                  44.985503 8.879277 00 00 313931323050303133393839            
07/11/23 06:18:26 0065 1                  44.985442 8.878782 00 00 313931323050303133323133            
07/11/23 06:18:27 0066 1                  44.985442 8.878782 00 00 313931323050303133343839            
07/11/23 06:19:44 0067 1                  44.985558 8.878467 00 00 313931323050303133313937            
07/11/23 06:21:01 0068 1                  44.985722 8.878155 00 00 3231313130304A3032363138            
07/11/23 06:21:17 0069 1                  44.985730 8.878172 00 00 3230313130304A3031313039            
07/11/23 06:24:30 0070 1                  44.986488 8.880372 00 00 313931323050303038393732            
07/11/23 06:25:13 0071 1                  44.986422 8.880772 00 00 313931323050303131323832            
07/11/23 06:26:01 0072 1                  44.986257 8.880917 00 00 313931323050303131323833            
07/11/23 06:26:39 0073 1                  44.986093 8.880832 00 00 313931323050303133333637            
07/11/23 06:27:55 0074 1                  44.985848 8.880763 00 00 313931323050303133323533            
07/11/23 06:27:56 0075 1                  44.985848 8.880763 00 00 313931323050303131323835            
07/11/23 06:28:54 0076 1                  44.985492 8.880650 00 00 313931323050303133353631            
07/11/23 06:29:30 0077 1                  44.984847 8.880407 00 00 313931323050303133333535            
07/11/23 06:29:36 0078 1                  44.984830 8.880392 00 00 313931323050303133343634            
07/11/23 06:30:23 0079 1                  44.984802 8.880353 00 00 313931323050303133343635            
07/11/23 06:30:23 0080 1                  44.984802 8.880353 00 00 313931323050303133343633            
07/11/23 06:31:18 0081 1                  44.984582 8.880290 00 00 313931323050303133313836            
07/11/23 06:32:25 0082 1                  44.984040 8.880153 00 00 313931323050303130343930            
07/11/23 06:32:26 0083 1                  44.984040 8.880153 00 00 313931323050303130343932            
07/11/23 06:33:22 0084 1                  44.983398 8.880052 00 00 313931323050303130393537            
07/11/23 06:34:16 0085 1                  44.983062 8.879985 00 00 313931323050303133353535            
07/11/23 06:34:57 0086 1                  44.982613 8.879982 00 00 313931323050303131333735            
07/11/23 06:35:16 0087 1                  44.982582 8.880033 00 00 313931323050303132393235            
07/11/23 06:35:47 0088 1                  44.982585 8.880113 00 00 313931323050303332393239            
07/11/23 06:38:05 0089 1                  44.982680 8.880078 00 00 313931323050303133333739            
07/11/23 06:38:06 0090 1                  44.982680 8.880078 00 00 313931323050303133363732            
07/11/23 06:38:58 0091 1                  44.982888 8.880030 00 00 313931323050303133333930            
07/11/23 06:39:03 0092 1                  44.982900 8.880032 00 00 313931323050303133333838            
07/11/23 06:40:01 0093 1                  44.983453 8.880143 00 00 313931323050303132373538            
07/11/23 06:40:35 0094 1                  44.983608 8.880173 00 00 313931323050303133353130            
07/11/23 06:40:41 0095 1                  44.983617 8.880170 00 00 313931323050303132333536            
07/11/23 06:41:49 0096 1                  44.983953 8.880332 00 00 313931323050303030323831            
07/11/23 06:42:01 0097 1                  44.983968 8.880348 00 00 313931323050303038313132            
07/11/23 06:42:30 0098 1                  44.983998 8.880315 00 00 313931323050303030363032            
07/11/23 06:43:35 0099 1                  44.984297 8.880392 00 00 313931323050303133313838            
07/11/23 06:44:02 0100 1                  44.984320 8.880382 00 00 25705569A687671341C38C38            
07/11/23 06:44:06 0101 1                  44.984382 8.880400 00 00 313931323050303133313835            
07/11/23 06:45:13 0102 1                  44.984872 8.880518 00 00 313931323050303133343530            
07/11/23 06:46:08 0103 1                  44.985208 8.880630 00 00 313931323050303133353636            
07/11/23 06:46:51 0104 1                  44.985342 8.880713 00 00 313931323050303131353637            
07/11/23 06:47:48 0105 1                  44.985883 8.880863 00 00 313931323050303133323531            
07/11/23 06:48:52 0106 1                  44.986317 8.881597 00 00 3231313130304A3031363137            
07/11/23 06:49:58 0107 1                  44.986010 8.881853 00 00 313931323050303131323836            
07/11/23 06:50:34 0108 1                  44.985733 8.881900 00 00 313931323050303133393636            
07/11/23 06:51:26 0109 1                  44.985452 8.882022 00 00 313931323050303034393939            
07/11/23 06:52:27 0110 1                  44.984938 8.882250 00 00 313931323050303133373137            
07/11/23 06:53:32 0111 1                  44.984230 8.882913 00 00 313931323050303133353735            
07/11/23 06:53:44 0112 1                  44.984238 8.882948 00 00 317931323050303036313239            
07/11/23 06:54:27 0113 1                  44.983747 8.883540 00 00 313931323050303034393937            
07/11/23 06:55:45 0114 1                  44.983120 8.884462 00 00 313931323050303133303639            
07/11/23 06:56:58 0115 1                  44.982780 8.884928 00 00 313931323050303133303730            
07/11/23 06:57:51 0116 1                  44.982592 8.885127 00 00 313931323050303133383433            
07/11/23 06:57:52 0117 1                  44.982592 8.885127 00 00 3139313230503031323530B0            
07/11/23 06:58:46 0118 1                  44.982450 8.885347 00 00 313931323050303133353439            
07/11/23 06:59:30 0119 1                  44.982423 8.885448 00 00 313931323050303030353835            
07/11/23 07:00:43 0120 1                  44.981290 8.885305 00 00 313931323050303133343432            
07/11/23 07:01:25 0121 1                  44.980515 8.885192 00 00 313931323050303133333432            
07/11/23 07:02:28 0122 1                  44.980057 8.885118 00 00 313931323050303133373235            
07/11/23 07:02:40 0123 1                  44.980057 8.885130 00 00 30396062C38A8000001D573B            
07/11/23 07:04:05 0124 1                  44.979125 8.884958 00 00 313931323050303132373430            
07/11/23 07:04:43 0125 1                  44.979083 8.884968 00 00 313931323050303039373039            
07/11/23 07:05:08 0126 1                  44.978913 8.884972 00 00 313931323050303133343335            
07/11/23 07:05:18 0127 1                  44.978912 8.884988 00 00 313931323050303133343333            
07/11/23 07:06:12 0128 1                  44.978788 8.884968 00 00 313931323050303133373034            
07/11/23 07:06:41 0129 1                  44.978677 8.884950 00 00 313931323050303133353234            
07/11/23 07:07:36 0130 1                  44.977917 8.884207 00 00 313931323050303133313639            
07/11/23 07:08:18 0131 1                  44.977775 8.883863 00 00 313931323050303133323832            
07/11/23 07:09:30 0132 1                  44.977235 8.882137 00 00 313931323050303130383636            
07/11/23 07:11:52 0133 1                  44.979015 8.875415 00 00 000000000451977500000000            
07/11/23 07:12:30 0134 1                  44.979117 8.875475 00 00 313931323050303130303031            
07/11/23 07:14:06 0135 1                  44.979398 8.875578 00 00 3230313130304A3030363435            
07/11/23 07:14:42 0136 1                  44.979395 8.875587 00 00 30396062437F1AC2055136C0            
07/11/23 07:16:10 0137 1                  44.981185 8.875880 00 00 313931323050303033323439            
07/11/23 07:16:55 0138 1                  44.981558 8.875845 00 00 3230313130304A3030363236            
07/11/23 07:18:28 0139 1                  44.982455 8.876340 00 00 3230313130304A3030353936            
07/11/23 07:20:01 0140 1                  44.983010 8.877102 00 00 3231303234304A3032313433            
07/11/23 07:20:51 0141 1                  44.983210 8.876932 00 00 313931323050303038313938            
07/11/23 07:22:05 0142 1                  44.983380 8.876533 00 00 30395DFA82E34B800024AC38            
07/11/23 07:22:16 0143 1                  44.983390 8.876517 00 00 313931323050303132333234            
07/11/23 07:23:39 0144 1                  44.984032 8.874950 00 00 3231313130304A3030363137            
07/11/23 07:27:28 0145 1                  44.980357 8.875723 00 00 313931323050303133393538            
07/11/23 07:28:03 0146 1                  44.980348 8.875740 00 00 111902000000000054714595            
07/11/23 07:28:36 0147 1                  44.979883 8.875602 00 00 313931323050303133373234            
07/11/23 07:28:52 0148 1                  44.979867 8.875532 00 00 313931323050303133373233            
07/11/23 07:29:41 0149 1                  44.979572 8.875392 00 00 313931323050303130313331            
07/11/23 07:31:06 0150 1                  44.977407 8.876662 00 00 313931323050303133393632            
07/11/23 07:31:57 0151 1                  44.976768 8.877845 00 00 313931323050303130383336            
07/11/23 07:35:40 0152 1                  44.982533 8.885697 00 00 25705569A686D30201C35D76            
07/11/23 07:39:00 0153 1                  44.990035 8.891568 00 00 313931323050303130383030            
07/11/23 07:44:03 0154 1                  44.984117 8.887610 00 00 313931323050303133353438            
07/11/23 07:46:40 0155 1                  44.983495 8.886443 00 00 313931323050303131323830            
07/11/23 07:47:47 0156 1                  44.983267 8.885273 00 00 313931323050303131323738            
07/11/23 07:49:45 0157 1                  44.984333 8.885358 00 00 313931323050303131323737            
07/11/23 07:49:46 0158 1                  44.984332 8.885355 00 00 313931323050303131323735            
07/11/23 07:51:18 0159 1                  44.982750 8.885563 00 00 313931323050303133353832            
07/11/23 07:51:35 0160 1                  44.982738 8.885575 00 00 313931323050303036313736            
07/11/23 07:54:51 0161 1                  44.985040 8.878957 00 00 313931323050303133303331            
07/11/23 07:55:40 0162 1                  44.984855 8.878778 00 00 313931323050303134303030            
07/11/23 07:56:03 0163 1                  44.984857 8.878758 00 00 313931323050303133363235            
07/11/23 07:56:49 0164 1                  44.984655 8.878575 00 00 313931323050303130393530            
07/11/23 07:56:55 0165 1                  44.984653 8.878557 00 00 313931323050303130393539            
07/11/23 07:56:56 0166 1                  44.984653 8.878557 00 00 313931323050303130393630            
07/11/23 07:57:47 0167 1                  44.984468 8.878423 00 00 313931323050303132333533            
07/11/23 07:58:10 0168 1                  44.983962 8.878033 00 00 185309790501520007010000            
07/11/23 07:58:35 0169 1                  44.983370 8.877462 00 00 3231303033304D3032363338            
07/11/23 07:58:49 0170 1                  44.983348 8.877462 00 00 31383132304A303232313438            
07/11/23 08:19:43 0000 s 01502ver01 44.982280 8.875077 00 00
07/11/23 08:23:26 0171 1                  44.982988 8.874350 00 00 414C54303039353330353031            
07/11/23 08:23:27 0172 1                  44.982988 8.874350 00 00 088831D888DAEC8001725826            
07/11/23 08:24:15 0173 1                  44.982893 8.874450 00 00 302EFE0FC920E2C000013B4C            
07/11/23 08:24:38 0174 1                  44.982993 8.874413 00 00 3034F8372434C54AB41DBAC5            
07/11/23 08:24:40 0175 1                  44.982990 8.874415 00 00 303ACA4981A46F1C4AA2E583            
07/11/23 08:24:41 0176 1                  44.982988 8.874415 00 00 3034F8372435248AB41DBBB2            
07/11/23 08:24:53 0177 1                  44.982980 8.874410 00 00 3039612D40B152C9502F90DD            
07/11/23 08:26:21 0178 1                  44.982963 8.874437 00 00 3035EBC0806081C012021DB1            
07/11/23 08:27:03 0179 1                  44.982997 8.874375 00 00 3035EBC0806083C00801028F            
07/11/23 08:31:12 0180 1                  44.984188 8.878385 00 00 313931323050303130393531            
07/11/23 08:32:21 0181 1                  44.984737 8.878157 00 00 313931323050303131343636            
07/11/23 08:32:30 0182 1                  44.984750 8.878160 00 00 313931323050303131343635            
07/11/23 08:33:29 0183 1                  44.984795 8.878075 00 00 313931323050303132363031            
07/11/23 08:33:30 0184 1                  44.984795 8.878075 00 00 30396062438388000033752B            
07/11/23 08:33:32 0185 1                  44.984795 8.878077 00 00 30396062436E1D80003C3794            
07/11/23 08:34:39 0186 1                  44.985240 8.878430 00 00 313931323050303133323131            
07/11/23 08:34:39 0187 1                  44.985240 8.878430 00 00 313931323050303133303637            
07/11/23 08:35:06 0188 1                  44.985238 8.878433 00 00 313931323050303133393034            
07/11/23 08:36:03 0189 1                  44.985628 8.878860 00 00 313931323050303133323030            
07/11/23 08:36:42 0190 1                  44.985838 8.879013 00 00 313931323050303133313939            
07/11/23 08:37:04 0191 1                  44.985885 8.879020 00 00 313931323050303133373238            
07/11/23 08:38:10 0192 1                  44.985998 8.879122 00 00 313931323050303132333532            
07/11/23 08:39:41 0193 1                  44.986380 8.879388 00 00 313931323050303133303937            
07/11/23 08:40:00 0194 1                  44.986377 8.879410 00 00 313931323050303133303238            
07/11/23 08:40:03 0195 1                  44.986378 8.879412 00 00 313931323050303133363830            
07/11/23 08:41:37 0196 1                  44.986503 8.880008 00 00 313931323050303034393938            
07/11/23 08:45:11 0197 1                  44.979715 8.875975 00 00 313931323050303130313432            
07/11/23 08:47:15 0198 1                  44.979563 8.876263 00 00 313931323050303130393435            
07/11/23 08:48:24 0199 1                  44.979415 8.876505 00 00 313931323050303133343838            
07/11/23 08:48:27 0200 1                  44.979413 8.876505 00 00 313931323050303130373735            
07/11/23 08:49:27 0201 1                  44.979580 8.877155 00 00 313931323050303130363337            
07/11/23 08:50:27 0202 1                  44.979715 8.877380 00 00 313931323050303130363235            
07/11/23 08:51:22 0203 1                  44.980237 8.877720 00 00 313931323050303032393930            
07/11/23 08:52:03 0204 1                  44.980458 8.877933 00 00 313931323050303032393931            
07/11/23 08:53:29 0205 1                  44.980475 8.876740 00 00 313931323050303133323634            
07/11/23 08:54:57 0206 1                  44.980185 8.876428 00 00 3230313130304A3030363736            
07/11/23 08:54:59 0207 1                  44.980185 8.876428 00 00 30396061C3C3A280003C65A2            
07/11/23 08:55:53 0208 1                  44.980025 8.876537 00 00 3230313130304A3030363639            
07/11/23 08:56:14 0209 1                  44.979992 8.876572 00 00 313931323050303133323636            
07/11/23 08:56:20 0210 1                  44.979987 8.876573 00 00 870718AB4A7E00D9953594EE            
07/11/23 08:56:57 0211 1                  44.979953 8.876732 00 00 3230313130304A3030363733            
07/11/23 08:58:24 0212 1                  44.979297 8.876825 00 00 313931323050303130363335            
07/11/23 08:59:22 0213 1                  44.979017 8.876632 00 00 313931323050303030363931            
07/11/23 09:00:00 0214 1                  44.978825 8.876465 00 00 313931323050303130313337            
07/11/23 09:01:22 0215 1                  44.978532 8.876297 00 00 313931323050303130373135            
07/11/23 09:01:25 0216 1                  44.978532 8.876295 00 00 313931323050303038303930            
07/11/23 09:02:27 0217 1                  44.978322 8.876117 00 00 313931323050303038323639            
07/11/23 09:03:50 0218 1                  44.977987 8.876882 00 00 313931323050303132333438            
07/11/23 09:04:25 0219 1                  44.977988 8.876930 00 00 3230313130304A3030323537            
07/11/23 09:04:34 0220 1                  44.977980 8.876923 00 00 313931323050303038323538            
07/11/23 09:06:25 0221 1                  44.978312 8.877412 00 00 313931323050303130363436            
07/11/23 09:06:26 0222 1                  44.978312 8.877412 00 00 313931323050303130303936            
07/11/23 09:07:08 0223 1                  44.978407 8.877217 00 00 313931323050303036383436            
07/11/23 09:08:09 0224 1                  44.978488 8.877038 00 00 313931323050303133373431            
07/11/23 09:08:11 0225 1                  44.978488 8.877038 00 00 313931323050303130703331            
07/11/23 09:09:20 0226 1                  44.978543 8.876857 00 00 3230313130304A3030363136            
07/11/23 09:09:54 0227 1                  44.978615 8.876642 00 00 313931323050303130353037            
07/11/23 09:11:45 0228 1                  44.979213 8.877247 00 00 313931323050303133393330            
07/11/23 09:11:47 0229 1                  44.979212 8.877245 00 00 3035EB7F18145D00260031F4            
07/11/23 09:11:47 0230 1                  44.979212 8.877245 00 00 3035EBC080606FC008085064            
07/11/23 09:11:48 0231 1                  44.979212 8.877245 00 00 3035EBC080606FC008085051            
07/11/23 09:11:49 0232 1                  44.979208 8.877242 00 00 3035EBC080606EC00402CCCB            
07/11/23 09:12:37 0233 1                  44.979093 8.877498 00 00 313931323050303130303530            
07/11/23 09:13:54 0234 1                  44.979037 8.877653 00 00 313931323050303133363231            
07/11/23 09:15:07 0235 1                  44.978910 8.877930 00 00 3035EBC080606FC008084FFC            
07/11/23 09:15:10 0236 1                  44.978910 8.877928 00 00 313931323050303133363233            
07/11/23 09:15:12 0237 1                  44.978910 8.877928 00 00 313931323050303133363232            
07/11/23 09:15:50 0238 1                  44.978807 8.877787 00 00 313931323050303133363139            
07/11/23 09:17:23 0239 1                  44.977817 8.877583 00 00 313931323050303130393330            
07/11/23 09:17:56 0240 1                  44.977807 8.877692 00 00 313931323050303133353433            
07/11/23 09:18:30 0241 1                  44.977845 8.877978 00 00 313931323050303133353435            
07/11/23 09:19:40 0242 1                  44.977865 8.878265 00 00 313931323050303133353334            
07/11/23 09:20:33 0243 1                  44.977955 8.878738 00 00 313931323050303133353434            
07/11/23 09:21:09 0244 1                  44.977975 8.878847 00 00 313931323050303130363236            
07/11/23 09:21:40 0245 1                  44.977990 8.878870 00 00 313931323050303130303434            
07/11/23 09:22:43 0246 1                  44.978047 8.879110 00 00 313931323050303033313830            
07/11/23 09:23:44 0247 1                  44.978190 8.879878 00 00 313931323050303033333438            
07/11/23 09:23:58 0248 1                  44.978198 8.879875 00 00 313931323050303130383139            
07/11/23 09:25:07 0249 1                  44.978263 8.880312 00 00 313931323050303034373537            
07/11/23 09:25:39 0250 1                  44.978095 8.880383 00 00 313931323050303130383435            
07/11/23 09:26:01 0251 1                  44.978050 8.880375 00 00 313931323050303130383137            
07/11/23 09:26:09 0252 1                  44.978040 8.880380 00 00 313931323050303036383030            
07/11/23 09:26:27 0253 1                  44.978028 8.880398 00 00 300ED89F3350005FE29A5F69            
07/11/23 09:27:26 0254 1                  44.977798 8.880505 00 00 313931323050303130383333            
07/11/23 09:28:11 0255 1                  44.977562 8.880630 00 00 313931323050303130383433            
07/11/23 09:28:26 0256 1                  44.977563 8.880645 00 00 313931323050303130383432            
07/11/23 09:31:42 0257 1                  44.977488 8.879060 00 00 313931323050303130363239            
07/11/23 09:32:03 0258 1                  44.977542 8.879287 00 00 313931323050303130313938            
07/11/23 09:32:09 0259 1                  44.977543 8.879283 00 00 313931323050303130313937            
07/11/23 09:33:06 0260 1                  44.977578 8.879565 00 00 313931323050303130323637            
07/11/23 09:33:52 0261 1                  44.977590 8.879690 00 00 313931323050303130323032            
07/11/23 09:34:37 0262 1                  44.977668 8.880225 00 00 313931323050303130313037            
07/11/23 09:51:15 0263 1                  44.970930 8.880042 00 00 313931323050303130353038            
07/11/23 09:53:33 0264 1                  44.970120 8.880352 00 00 000000000713513528181006            
07/11/23 09:53:33 0265 1                  44.970120 8.880352 00 00 000000000715853458040967            
07/11/23 09:53:33 0266 1                  44.970120 8.880352 00 00 000000000712623528181141            
07/11/23 09:53:34 0267 1                  44.970120 8.880350 00 00 000000000712533528181167            
07/11/23 09:53:34 0268 1                  44.970120 8.880350 00 00 000000000716453458040891            
07/11/23 09:53:35 0269 1                  44.970120 8.880350 00 00 000000000711953528181124            
07/11/23 09:53:35 0270 1                  44.970120 8.880350 00 00 000000000715593447191186            
07/11/23 09:53:35 0271 1                  44.970120 8.880350 00 00 000000000718563528181138            
07/11/23 09:53:36 0272 1                  44.970120 8.880350 00 00 000000000709563458041032            
07/11/23 09:53:36 0273 1                  44.970118 8.880350 00 00 000000000712933528181212            
07/11/23 09:53:36 0274 1                  44.970118 8.880350 00 00 000000000713203528181086            
07/11/23 09:53:46 0275 1                  44.970113 8.880347 00 00 000000000715543458041080            
07/11/23 09:53:59 0276 1                  44.970107 8.880350 00 00 000000000717213458040875            
07/11/23 09:53:59 0277 1                  44.970107 8.880350 00 00 000000000718413458041123            
07/11/23 09:54:00 0278 1                  44.970105 8.880350 00 00 000000000711403528181186            
07/11/23 09:54:02 0279 1                  44.970105 8.880350 00 00 3232313130304A3030333239            
07/11/23 09:54:02 0280 1                  44.970105 8.880350 00 00 000000000712053528181161            
07/11/23 09:54:03 0281 1                  44.970105 8.880350 00 00 000000000702053447191226            
07/11/23 10:06:50 0282 1                  44.912957 8.871217 00 00 000000000713513528181006            
07/11/23 10:06:50 0283 1                  44.912957 8.871217 00 00 000000000718563528181138            
07/11/23 10:06:51 0284 1                  44.912957 8.871217 00 00 000000000711403528181186            
07/11/23 10:06:51 0285 1                  44.912957 8.871217 00 00 000000000715593447191186            
07/11/23 10:06:51 0286 1                  44.912957 8.871217 00 00 000000000712623528181141            
07/11/23 10:06:52 0287 1                  44.912957 8.871217 00 00 000000000715543458041080            
07/11/23 10:06:52 0288 1                  44.912962 8.871217 00 00 000000000718413458041123            
07/11/23 10:06:52 0289 1                  44.912962 8.871217 00 00 000000000712533528181167            
07/11/23 10:07:00 0290 1                  44.912977 8.871218 00 00 000000000715853458040967            
07/11/23 10:07:08 0291 1                  44.912983 8.871220 00 00 000000000702053447191226            
07/11/23 10:07:11 0292 1                  44.912983 8.871220 00 00 000000000717213458040875            
07/11/23 10:22:08 0000 s 01502ver01 44.882223 8.860287 00 00
07/11/23 10:24:44 0000 s 01502ver01 44.882308 8.859597 00 00
07/11/23 10:25:48 0000 s 01502ver01 44.882285 8.859655 00 00
07/11/23 10:43:57 0000 s 01502ver01 44.882318 8.859697 00 00
