16/10/23 05:22:31 0000 s 01877ver01 44.882432 8.860218 00 00
16/10/23 05:25:57 0000 s 01877ver01 0 0 00 00
16/10/23 05:43:48 0001 1                  0 0 00 00 3231303032334D3031333137            
16/10/23 05:44:58 0002 1                  0 0 00 00 3232303032334D3030343830            
16/10/23 05:47:48 0003 1                  0 0 00 00 3232303032334D3030353637            
16/10/23 05:49:25 0004 1                  0 0 00 00 3231303032334D3035333439            
16/10/23 05:50:21 0005 1                  0 0 00 00 3231303032334D3031353036            
16/10/23 05:51:11 0006 1                  0 0 00 00 3231303032334D3031333038            
16/10/23 05:52:34 0007 1                  0 0 00 00 3231303032334D3035333332            
16/10/23 05:52:45 0008 1                  0 0 00 00 3231303032334D3031373532            
16/10/23 05:53:43 0009 1                  0 0 00 00 3231303032334D3031333133            
16/10/23 05:55:24 0010 1                  0 0 00 00 3231303032334D3031333938            
16/10/23 05:56:43 0011 1                  44.847785 8.814322 00 00 3231303032334D3035333934            
16/10/23 05:56:46 0012 1                  44.847765 8.814312 00 00 3231303032334D3035333935            
16/10/23 05:57:15 0013 1                  44.847778 8.814178 00 00 3231303032334D3031343833            
16/10/23 05:58:18 0014 1                  44.848077 8.814358 00 00 3231303032334D3035333533            
16/10/23 05:58:21 0015 1                  44.848077 8.814345 00 00 3231303032334D3031343934            
16/10/23 06:00:35 0016 1                  44.846733 8.813825 00 00 3231303032334D3035313737            
16/10/23 06:01:42 0017 1                  44.846520 8.813913 00 00 3231303032334D3035313736            
16/10/23 06:03:08 0018 1                  44.845983 8.813590 00 00 3233303032334D3030333339            
16/10/23 06:03:20 0019 1                  44.845982 8.813602 00 00 3231303032334D3035333334            
16/10/23 06:04:33 0020 1                  44.845967 8.813138 00 00 3231303032334D3031353037            
16/10/23 06:05:28 0021 1                  44.846005 8.812818 00 00 3231303032334D3031333735            
16/10/23 06:05:36 0022 1                  44.846005 8.812810 00 00 3231303032334D3031343738            
16/10/23 06:07:52 0023 1                  44.846833 8.814340 00 00 3231303032334D3031333634            
16/10/23 06:09:44 0024 1                  44.846572 8.816353 00 00 3231303032334D3031343030            
16/10/23 06:10:52 0025 1                  44.846603 8.816768 00 00 3231303032334D3035333832            
16/10/23 06:10:58 0026 1                  44.846607 8.816768 00 00 3231303032334D3031353032            
16/10/23 06:12:07 0027 1                  44.847448 8.816237 00 00 3231303032334D3035333939            
16/10/23 06:13:08 0028 1                  44.847158 8.817165 00 00 3231303032334D3035333537            
16/10/23 06:13:22 0029 1                  44.847257 8.817215 00 00 3231303032334D3031333939            
16/10/23 06:15:09 0030 1                  44.847655 8.816102 00 00 3231303032334D3035313830            
16/10/23 06:16:43 0031 1                  44.847950 8.817385 00 00 3231303032334D3035303834            
16/10/23 06:16:53 0032 1                  44.847940 8.817390 00 00 3231303032334D3035343836            
16/10/23 06:17:08 0033 1                  44.847933 8.817400 00 00 3231303032334D3035343835            
16/10/23 06:17:31 0034 1                  44.847925 8.817392 00 00 3231303032334D3035343838            
16/10/23 06:19:12 0035 1                  44.847898 8.817163 00 00 3231303032334D3035303835            
16/10/23 06:19:18 0036 1                  44.847900 8.817162 00 00 3231303032334D3035303433            
16/10/23 06:20:12 0037 1                  44.847798 8.816885 00 00 3231303032334D3035343837            
16/10/23 06:20:53 0038 1                  44.847818 8.816612 00 00 3231303032334D3035303132            
16/10/23 06:22:01 0039 1                  44.848293 8.815980 00 00 3232303032334D3030353938            
16/10/23 06:22:43 0040 1                  44.848490 8.815937 00 00 3231303032334D3035333431            
16/10/23 06:23:32 0041 1                  44.848687 8.815912 00 00 31383032334D303035333133            
16/10/23 06:31:14 0042 1                  44.842165 8.811753 00 00 3231303032334D3030363035            
16/10/23 06:31:23 0043 1                  44.842162 8.811748 00 00 3232303032334D3030343738            
16/10/23 06:33:46 0044 1                  44.841517 8.810078 00 00 3231303032334D3031343332            
16/10/23 06:35:35 0045 1                  44.841510 8.810465 00 00 3231303032334D3031353230            
16/10/23 06:36:33 0046 1                  44.841477 8.810683 00 00 3231303032334D3031353135            
16/10/23 06:37:02 0047 1                  44.841462 8.810777 00 00 313931323050303039333932            
16/10/23 06:37:51 0048 1                  44.841390 8.810970 00 00 3231303032334D3031353134            
16/10/23 06:38:00 0049 1                  44.841382 8.810945 00 00 3231303032334D3031353131            
16/10/23 06:40:00 0050 1                  44.841145 8.811147 00 00 3231303032334D3031343334            
16/10/23 06:41:01 0051 1                  44.840522 8.810772 00 00 3231303032334D3031333830            
16/10/23 06:42:10 0052 1                  44.839738 8.810328 00 00 3231303032334D3031343333            
16/10/23 06:43:01 0053 1                  44.838997 8.809858 00 00 3231303032334D3035333837            
16/10/23 06:45:46 0054 1                  44.836550 8.807217 00 00 3231303032334D3031343339            
16/10/23 06:45:54 0055 1                  44.836555 8.807192 00 00 3231303032334D3035303434            
16/10/23 06:46:11 0056 1                  44.836515 8.807117 00 00 3231303032334D3035303031            
16/10/23 06:49:57 0057 1                  44.836073 8.806700 00 00 3231303032334D3031343939            
16/10/23 06:51:28 0058 1                  44.835437 8.804927 00 00 3231303032334D3031343034            
16/10/23 06:52:21 0059 1                  44.835555 8.804277 00 00 3231303032334D3031333739            
16/10/23 06:57:22 0060 1                  44.837845 8.809428 00 00 3231303032334D3031343336            
16/10/23 06:59:03 0061 1                  44.839550 8.810518 00 00 3231303032334D3031343634            
16/10/23 06:59:12 0062 1                  44.839558 8.810518 00 00 3232303032334D3030313431            
16/10/23 07:00:38 0063 1                  44.840655 8.811175 00 00 3231303032334D3031343337            
16/10/23 07:02:44 0064 1                  44.843517 8.812760 00 00 3231303132304A3037353333            
16/10/23 07:05:20 0065 1                  44.843765 8.813557 00 00 3231303032334D3035313935            
16/10/23 07:05:26 0066 1                  44.843763 8.813553 00 00 3231303032334D3035313936            
16/10/23 07:06:11 0067 1                  44.843793 8.813515 00 00 3231303132304A3037363839            
16/10/23 07:08:21 0068 1                  44.843710 8.814347 00 00 3231303032334D3030373932            
16/10/23 07:08:32 0069 1                  44.843722 8.814378 00 00 3231303032334D3035333834            
16/10/23 07:10:08 0070 1                  44.843495 8.816675 00 00 3231303032334D3031333930            
16/10/23 07:11:15 0071 1                  44.842875 8.817912 00 00 3231303032334D3035313237            
16/10/23 07:14:17 0072 1                  44.840098 8.817785 00 00 3231303032334D3031333635            
16/10/23 07:14:20 0073 1                  44.840118 8.817832 00 00 3231303032334D3035313430            
16/10/23 07:17:23 0074 1                  44.840308 8.817170 00 00 3231303032334D3035333735            
16/10/23 07:17:38 0075 1                  44.840335 8.817157 00 00 3231303032334D3035313739            
16/10/23 07:19:14 0076 1                  44.840730 8.816358 00 00 3231303032334D3031353337            
16/10/23 07:20:11 0077 1                  44.840182 8.815997 00 00 3231303032334D3031343233            
16/10/23 07:21:48 0078 1                  44.839232 8.813445 00 00 3231303032334D3031343235            
16/10/23 07:21:58 0079 1                  44.839208 8.813447 00 00 3231303032334D3035303330            
16/10/23 07:23:39 0080 1                  44.839457 8.811258 00 00 3231303032334D3035313432            
16/10/23 07:23:46 0081 1                  44.839455 8.811255 00 00 3232303032334D3031313133            
16/10/23 07:23:49 0082 1                  44.839448 8.811253 00 00 3231303032334D3035313031            
16/10/23 07:26:44 0083 1                  44.840333 8.807133 00 00 3231303032334D3035333337            
16/10/23 07:26:53 0084 1                  44.840320 8.807118 00 00 3231303032334D3035333338            
16/10/23 07:29:12 0085 1                  44.844053 8.808987 00 00 3231303032334D3035313933            
16/10/23 07:29:54 0086 1                  44.844013 8.809427 00 00 3231303032334D3035303136            
16/10/23 07:31:07 0087 1                  44.843882 8.812335 00 00 3231303032334D3035313332            
16/10/23 07:32:31 0088 1                  44.844157 8.813060 00 00 3231303032334D3035313635            
16/10/23 07:33:54 0089 1                  44.845743 8.814060 00 00 3231303032334D3035323030            
16/10/23 07:33:57 0090 1                  44.845742 8.814040 00 00 3232303032334D3031353630            
16/10/23 07:35:20 0091 1                  44.846197 8.814265 00 00 3231303032334D3035333530            
16/10/23 07:36:04 0092 1                  44.846728 8.814642 00 00 3231303032334D3031343232            
16/10/23 07:36:15 0093 1                  44.846725 8.814647 00 00 3231303032334D3031333836            
16/10/23 07:37:39 0094 1                  44.847420 8.815145 00 00 3231303132304A3037353336            
16/10/23 07:40:51 0000 s 01877ver01 44.847398 8.815168 00 00
16/10/23 07:42:50 0095 1                  44.849238 8.816177 00 00 3231303032334D3035313638            
16/10/23 07:43:29 0096 1                  44.849568 8.816347 00 00 3231303032334D3035313637            
16/10/23 07:44:12 0097 1                  44.849945 8.816610 00 00 3231303032334D3035333331            
16/10/23 07:52:48 0098 1                  44.855017 8.825637 00 00 3231303032334D3031333633            
16/10/23 07:56:27 0099 1                  44.853185 8.818065 00 00 3231303032334D3035313639            
16/10/23 07:57:12 0100 1                  44.853195 8.817400 00 00 3231303032334D3035313730            
16/10/23 07:57:57 0101 1                  44.853163 8.817057 00 00 3231303032334D3031343737            
16/10/23 08:01:21 0102 1                  44.855715 8.795578 00 00 3231303032334D3035303533            
16/10/23 08:02:03 0103 1                  44.855598 8.795427 00 00 3231303032334D3035303535            
16/10/23 08:02:49 0104 1                  44.855438 8.794522 00 00 3231303032334D3035303532            
16/10/23 08:07:01 0105 1                  44.847838 8.801537 00 00 3231303234304A3034323037            
16/10/23 08:10:04 0106 1                  44.840828 8.794565 00 00 3231303032334D3035303138            
16/10/23 08:12:23 0107 1                  44.841053 8.801228 00 00 3231303032334D3035303736            
16/10/23 08:13:50 0108 1                  44.840745 8.803013 00 00 3231303032334D3035333534            
16/10/23 08:14:41 0109 1                  44.840845 8.802840 00 00 3231303032334D3035303730            
16/10/23 08:14:48 0110 1                  44.840808 8.802823 00 00 3231303032334D3031353237            
16/10/23 08:15:32 0111 1                  44.840978 8.802310 00 00 3231303032334D3035333630            
16/10/23 08:29:15 0112 1                  44.847050 8.810202 00 00 3231303032334D3031343832            
16/10/23 08:30:03 0113 1                  44.847050 8.810983 00 00 3231303032334D3031343836            
16/10/23 08:30:52 0114 1                  44.846993 8.812243 00 00 3231303032334D3031343834            
16/10/23 08:32:04 0115 1                  44.846848 8.813400 00 00 3231303032334D3031363136            
16/10/23 08:32:07 0116 1                  44.846850 8.813407 00 00 3231303032334D3035303738            
16/10/23 08:32:17 0117 1                  44.846852 8.813417 00 00 3231303032334D3035313633            
16/10/23 08:32:24 0118 1                  44.846853 8.813425 00 00 3231303032334D3031343731            
16/10/23 08:35:40 0119 1                  44.834898 8.808137 00 00 31383032334D303035343437            
16/10/23 08:36:46 0120 1                  44.834660 8.809535 00 00 3231303032334D3035303039            
16/10/23 08:36:53 0121 1                  44.834653 8.809533 00 00 3231303032334D3035333936            
16/10/23 08:37:48 0122 1                  44.834610 8.810163 00 00 3231303032334D3035333631            
16/10/23 08:39:44 0123 1                  44.837887 8.815202 00 00 3231303032334D3031333039            
16/10/23 08:44:27 0124 1                  44.832805 8.821915 00 00 31383032334D303037323030            
16/10/23 08:51:23 0125 1                  44.822460 8.825200 00 00 3231303032334D3035313333            
16/10/23 08:54:01 0126 1                  44.821423 8.821710 00 00 3231303032334D3035303633            
16/10/23 08:55:14 0127 1                  44.817918 8.821813 00 00 3231303032334D3035303431            
16/10/23 08:56:49 0128 1                  44.816202 8.821445 00 00 3231303032334D3035323738            
16/10/23 08:58:08 0129 1                  44.813010 8.820582 00 00 3231303032334D3035333438            
16/10/23 08:58:47 0130 1                  44.812495 8.820442 00 00 3231303032334D3031343839            
16/10/23 09:02:34 0131 1                  44.814758 8.826825 00 00 3231303032334D3031333738            
16/10/23 09:02:39 0132 1                  44.814753 8.826827 00 00 3231303032334D3031333838            
16/10/23 09:03:32 0133 1                  44.814967 8.827390 00 00 3231303032334D3030373638            
16/10/23 09:06:56 0134 1                  44.817420 8.831027 00 00 3231303032334D3035313738            
16/10/23 09:07:37 0135 1                  44.817598 8.830557 00 00 3231303032334D3035303036            
16/10/23 09:09:56 0136 1                  44.817468 8.831205 00 00 3233303032334D3030333237            
16/10/23 09:10:11 0137 1                  44.817458 8.831207 00 00 3232303032334D3030303432            
16/10/23 09:11:26 0138 1                  44.817985 8.833473 00 00 3231303032334D3035333736            
16/10/23 09:11:32 0139 1                  44.818035 8.833523 00 00 3231303032334D3033333938            
16/10/23 09:12:21 0140 1                  44.818567 8.834537 00 00 3231303032334D3031323439            
16/10/23 09:12:34 0141 1                  44.818600 8.834545 00 00 3231303032334D3035333835            
16/10/23 09:13:13 0142 1                  44.818768 8.834747 00 00 3231303032334D3032373830            
16/10/23 09:16:13 0143 1                  44.818797 8.834283 00 00 3231303032334D3033333939            
16/10/23 09:17:43 0144 1                  44.818165 8.833572 00 00 3231303032334D3031343932            
16/10/23 09:17:51 0145 1                  44.818173 8.833555 00 00 3231303032334D3035333235            
16/10/23 09:17:58 0146 1                  44.818165 8.833552 00 00 3231303032334D3035333232            
16/10/23 09:18:49 0147 1                  44.817995 8.833170 00 00 3231303032334D3031333131            
16/10/23 09:22:17 0148 1                  44.821038 8.826107 00 00 3231303032334D3031343031            
16/10/23 09:23:40 0149 1                  44.824795 8.824088 00 00 3231303032334D3030363039            
16/10/23 09:24:17 0150 1                  44.825018 8.824060 00 00 3232303032334D3030323034            
16/10/23 09:26:39 0151 1                  44.832232 8.824757 00 00 3231303032334D3031343238            
16/10/23 09:28:01 0152 1                  44.832763 8.830162 00 00 3232303032334D3031323530            
16/10/23 09:29:20 0153 1                  44.831167 8.831535 00 00 3231303032334D3035303439            
16/10/23 09:30:53 0154 1                  44.824030 8.832340 00 00 3231303032334D3031333937            
16/10/23 09:32:00 0155 1                  44.820365 8.832357 00 00 3231303032334D3035333434            
16/10/23 09:32:58 0156 1                  44.818727 8.832332 00 00 3231303032334D3035333734            
16/10/23 09:34:00 0157 1                  44.818432 8.832355 00 00 3231303032334D3035333637            
16/10/23 09:34:17 0158 1                  44.818427 8.832333 00 00 3231303032334D3035333633            
16/10/23 09:35:03 0159 1                  44.818285 8.832498 00 00 3231303032334D3035333435            
16/10/23 09:35:22 0160 1                  44.818247 8.832507 00 00 3231303032334D3035333333            
16/10/23 09:38:32 0161 1                  44.832933 8.831513 00 00 3231303032334D3031333435            
16/10/23 09:39:54 0162 1                  44.837818 8.831937 00 00 3231303032334D3035303230            
16/10/23 10:26:26 0000 s 01877ver01 44.905880 8.868835 00 00
16/10/23 11:00:48 0000 s 01877ver01 44.882217 8.860137 00 00
