21/10/23 05:07:06 0000 s 01486ver01 44.882497 8.859990 00 00
21/10/23 05:24:57 0001 1                  44.977258 8.882133 00 00 323030323545303036353635            
21/10/23 05:25:29 0002 1                  44.977258 8.881905 00 00 323030323545303036353636            
21/10/23 05:26:06 0003 1                  44.977133 8.881292 00 00 323030323545303036353536            
21/10/23 05:27:02 0004 1                  44.976632 8.881167 00 00 3232303032334D3030323339            
21/10/23 05:28:01 0005 1                  44.976405 8.881567 00 00 323030323545303035393435            
21/10/23 05:29:17 0006 1                  44.977373 8.881750 00 00 323030323545303032333339            
21/10/23 05:29:48 0007 1                  44.977513 8.881735 00 00 323030323545303036313238            
21/10/23 05:30:49 0008 1                  44.977662 8.881742 00 00 323030323545303032333137            
21/10/23 05:32:46 0009 1                  44.978342 8.881643 00 00 323030323545303030313730            
21/10/23 05:33:14 0010 1                  44.978368 8.881658 00 00 3232303032334D3030353237            
21/10/23 05:33:59 0011 1                  44.978478 8.881532 00 00 323030323545303036343831            
21/10/23 05:34:40 0012 1                  44.978405 8.880907 00 00 323030323545303036353732            
21/10/23 05:35:12 0013 1                  44.978390 8.880690 00 00 3231303032334D3031323831            
21/10/23 05:36:22 0014 1                  44.978583 8.881298 00 00 323030323545303033313733            
21/10/23 05:36:28 0015 1                  44.978593 8.881307 00 00 3232303032334D3031343539            
21/10/23 05:37:06 0016 1                  44.979132 8.880903 00 00 323030323545303036323038            
21/10/23 05:37:34 0017 1                  44.979452 8.880865 00 00 323030323545303038343031            
21/10/23 05:37:42 0018 1                  44.979477 8.880887 00 00 323030323545303036333736            
21/10/23 05:38:23 0019 1                  44.979505 8.880773 00 00 323030323545303036333430            
21/10/23 05:39:03 0020 1                  44.979602 8.880297 00 00 323030323545303035363635            
21/10/23 05:39:48 0021 1                  44.979677 8.880053 00 00 323030323545303039303933            
21/10/23 05:39:53 0022 1                  44.979677 8.880047 00 00 323030323545303039303239            
21/10/23 05:40:03 0023 1                  44.979692 8.880047 00 00 323030323545303033373237            
21/10/23 05:40:46 0024 1                  44.979807 8.879870 00 00 323030323545303036323832            
21/10/23 05:40:51 0025 1                  44.979817 8.879875 00 00 323030323545303036323639            
21/10/23 05:41:36 0026 1                  44.979817 8.879670 00 00 323030323545303036323730            
21/10/23 05:43:02 0027 1                  44.979428 8.879215 00 00 323030323545303030353232            
21/10/23 05:43:07 0028 1                  44.979422 8.879228 00 00 323030323545303030353737            
21/10/23 05:43:12 0029 1                  44.979413 8.879237 00 00 323030323545303030363132            
21/10/23 05:43:50 0030 1                  44.979285 8.878732 00 00 323030323545303036303231            
21/10/23 05:45:23 0031 1                  44.979253 8.879983 00 00 323030323545303036323133            
21/10/23 05:45:35 0032 1                  44.979295 8.880043 00 00 3233303032334D3030313936            
21/10/23 05:46:12 0033 1                  44.979390 8.880403 00 00 323030323545303036333730            
21/10/23 05:46:59 0034 1                  44.979560 8.880778 00 00 323030323545303035373333            
21/10/23 05:49:17 0035 1                  44.976865 8.877947 00 00 323030323545303036343233            
21/10/23 05:50:06 0036 1                  44.977050 8.877400 00 00 323030323545303036353936            
21/10/23 05:50:46 0037 1                  44.977275 8.876903 00 00 323030323545303035383435            
21/10/23 05:51:47 0038 1                  44.977573 8.876378 00 00 3231303032334D3035343339            
21/10/23 05:52:48 0039 1                  44.979178 8.875452 00 00 323030323545303036303535            
21/10/23 05:53:57 0040 1                  44.979365 8.875550 00 00 323030323545303037383135            
21/10/23 05:54:01 0041 1                  44.979367 8.875553 00 00 323030323545303030353133            
21/10/23 05:54:07 0042 1                  44.979365 8.875557 00 00 323030323545303030353132            
21/10/23 05:54:58 0043 1                  44.979508 8.875640 00 00 323030323545303036303433            
21/10/23 05:56:08 0044 1                  44.980347 8.875925 00 00 323030323545303035373833            
21/10/23 05:56:44 0045 1                  44.980670 8.875978 00 00 323030323545303033363233            
21/10/23 05:57:40 0046 1                  44.981555 8.875792 00 00 323032343055303030343233            
21/10/23 05:59:29 0047 1                  44.981742 8.876327 00 00 323030323545303036323238            
21/10/23 05:59:31 0048 1                  44.981742 8.876328 00 00 323030323545303036323231            
21/10/23 06:00:19 0049 1                  44.981800 8.876675 00 00 323030323545303039303234            
21/10/23 06:00:27 0050 1                  44.981808 8.876682 00 00 3233303032334D3030333336            
21/10/23 06:00:34 0051 1                  44.981795 8.876687 00 00 3231303032334D3034343334            
21/10/23 06:00:38 0052 1                  44.981792 8.876695 00 00 3233303032334D3030333136            
21/10/23 06:01:05 0053 1                  44.981812 8.876717 00 00 323030323545303032373830            
21/10/23 06:01:11 0054 1                  44.981820 8.876723 00 00 323030323545303036393630            
21/10/23 06:01:19 0055 1                  44.981830 8.876737 00 00 323030323545303038373435            
21/10/23 06:02:22 0056 1                  44.981348 8.876643 00 00 323030323545303035353430            
21/10/23 06:02:59 0057 1                  44.981505 8.876685 00 00 323030323545303036303531            
21/10/23 06:04:23 0058 1                  44.981543 8.877162 00 00 323030323545303036333837            
21/10/23 06:04:25 0059 1                  44.981537 8.877150 00 00 323030323545303030353637            
21/10/23 06:04:27 0060 1                  44.981537 8.877148 00 00 323030323545303035363231            
21/10/23 06:05:10 0061 1                  44.981475 8.877653 00 00 3232303032334D3031343136            
21/10/23 06:05:45 0062 1                  44.981393 8.877853 00 00 323030323545303030343639            
21/10/23 06:06:31 0063 1                  44.981308 8.878547 00 00 323030323545303030363031            
21/10/23 06:06:36 0064 1                  44.981322 8.878570 00 00 323030323545303037333430            
21/10/23 06:06:54 0065 1                  44.981325 8.878590 00 00 3231303032334D3030393836            
21/10/23 06:06:58 0066 1                  44.981322 8.878592 00 00 3232303032334D3031353637            
21/10/23 06:08:27 0067 1                  44.981503 8.879352 00 00 323030323545303036353535            
21/10/23 06:09:21 0068 1                  44.981697 8.879295 00 00 323030323545303036333135            
21/10/23 06:09:26 0069 1                  44.981700 8.879325 00 00 323030323545303036333131            
21/10/23 06:10:22 0070 1                  44.981467 8.879348 00 00 323030323545303032313535            
21/10/23 06:10:28 0071 1                  44.981432 8.879342 00 00 323030323545303036323537            
21/10/23 06:11:15 0072 1                  44.981138 8.879428 00 00 323030323545303038313136            
21/10/23 06:12:01 0073 1                  44.981070 8.880015 00 00 323030323545303033333935            
21/10/23 06:12:39 0074 1                  44.981037 8.880248 00 00 323030323545303033333937            
21/10/23 06:13:13 0075 1                  44.980852 8.880423 00 00 323030323545303038353834            
21/10/23 06:14:38 0076 1                  44.981245 8.881205 00 00 323030323545303033343136            
21/10/23 06:15:12 0077 1                  0 0 00 00 323031323055303030333430            
21/10/23 06:17:02 0078 1                  44.981395 8.881092 00 00 323030323545303031333132            
21/10/23 06:17:07 0079 1                  44.981427 8.881130 00 00 3232303032334D3031373130            
21/10/23 06:17:24 0080 1                  44.981468 8.881152 00 00 323030323545303033343231            
21/10/23 06:17:31 0081 1                  44.981468 8.881130 00 00 323032343055303030353832            
21/10/23 06:19:54 0082 1                  44.981642 8.881167 00 00 323031323055303030333231            
21/10/23 06:20:00 0083 1                  44.981678 8.881162 00 00 323030323545303034323137            
21/10/23 06:20:06 0084 1                  44.981680 8.881162 00 00 323030323545303034313833            
21/10/23 06:21:37 0085 1                  44.981665 8.881082 00 00 323032343055303030343137            
21/10/23 06:21:48 0086 1                  44.981667 8.881008 00 00 323030323545303035373230            
21/10/23 06:22:07 0087 1                  44.981690 8.880803 00 00 323030323545303035373131            
21/10/23 06:24:00 0088 1                  44.981637 8.881338 00 00 323030323545303033373034            
21/10/23 06:24:31 0089 1                  44.981847 8.881497 00 00 323030323545303034323530            
21/10/23 06:25:05 0090 1                  44.981920 8.881570 00 00 323030323545303033343630            
21/10/23 06:25:41 0091 1                  44.982062 8.881528 00 00 323030323545303033343539            
21/10/23 06:26:21 0092 1                  44.982165 8.881577 00 00 323030323545303033333635            
21/10/23 06:27:03 0093 1                  44.982462 8.881722 00 00 3231303032334D3030373437            
21/10/23 06:27:34 0094 1                  44.982652 8.881768 00 00 323030323545303033333730            
21/10/23 06:28:14 0095 1                  44.983502 8.882175 00 00 323030323545303033323433            
21/10/23 06:28:53 0096 1                  44.983657 8.882287 00 00 3231303032334D3030383733            
21/10/23 06:28:58 0097 1                  44.983662 8.882280 00 00 323030323545303036333931            
21/10/23 06:30:14 0098 1                  44.983147 8.881590 00 00 323030323545303033323539            
21/10/23 06:30:19 0099 1                  44.983168 8.881560 00 00 323030323545303033323630            
21/10/23 06:30:24 0100 1                  44.983192 8.881527 00 00 3232303032334D3031313638            
21/10/23 06:31:28 0101 1                  44.982800 8.881610 00 00 323032343055303030343134            
21/10/23 06:33:03 0102 1                  44.983217 8.881258 00 00 323030323545303032323635            
21/10/23 06:33:08 0103 1                  44.983212 8.881250 00 00 3232303032334D3030333338            
21/10/23 06:34:02 0104 1                  44.983270 8.880893 00 00 323030323545303032313839            
21/10/23 06:34:02 0105 1                  44.983270 8.880893 00 00 323030323545303032323638            
21/10/23 06:34:47 0106 1                  44.983357 8.880580 00 00 323030323545303032313539            
21/10/23 06:34:54 0107 1                  44.983360 8.880557 00 00 323030323545303032323738            
21/10/23 06:36:59 0108 1                  44.982000 8.880320 00 00 31383032334D303030323632            
21/10/23 06:37:03 0109 1                  44.981975 8.880310 00 00 323030323545303035363435            
21/10/23 06:37:51 0110 1                  44.981987 8.879987 00 00 323030323545303032333632            
21/10/23 06:37:57 0111 1                  44.981978 8.879993 00 00 323030323545303038303037            
21/10/23 06:38:55 0112 1                  44.981960 8.879593 00 00 323030323545303036333838            
21/10/23 06:39:25 0113 1                  44.982030 8.879147 00 00 323030323545303036323736            
21/10/23 06:40:06 0114 1                  44.982068 8.878780 00 00 323030323545303036323739            
21/10/23 06:40:11 0115 1                  44.982045 8.878793 00 00 3232303032334D3031343435            
21/10/23 06:42:26 0116 1                  44.983115 8.878442 00 00 323030323545303035363439            
21/10/23 06:42:30 0117 1                  44.983117 8.878435 00 00 323030323545303035363634            
21/10/23 06:42:50 0118 1                  44.983063 8.878412 00 00 323030323545303035363531            
21/10/23 06:43:55 0119 1                  44.982920 8.878650 00 00 323030323545303035363733            
21/10/23 06:44:02 0120 1                  44.982918 8.878660 00 00 323030323545303035373038            
21/10/23 06:44:46 0121 1                  44.982783 8.878648 00 00 323030323545303035363737            
21/10/23 06:44:51 0122 1                  44.982773 8.878662 00 00 323030323545303035363539            
21/10/23 06:47:45 0123 1                  44.982458 8.878137 00 00 323030323545303035373132            
21/10/23 06:47:53 0124 1                  44.982468 8.878147 00 00 323030323545303035363936            
21/10/23 06:47:57 0125 1                  44.982472 8.878153 00 00 323030323545303034393932            
21/10/23 06:48:10 0126 1                  44.982455 8.878138 00 00 323030323545303035373134            
21/10/23 06:48:15 0127 1                  44.982457 8.878157 00 00 323030323545303035373133            
21/10/23 06:49:11 0128 1                  44.982708 8.877655 00 00 323030323545303032353330            
21/10/23 06:49:14 0129 1                  44.982718 8.877652 00 00 323030323545303032353439            
21/10/23 06:50:29 0130 1                  44.982107 8.878642 00 00 323030323545303030343831            
21/10/23 06:50:32 0131 1                  44.982100 8.878633 00 00 323030323545303030353031            
21/10/23 06:50:36 0132 1                  44.982075 8.878618 00 00 323030323545303030353033            
21/10/23 06:51:12 0133 1                  44.981975 8.878445 00 00 323030323545303030353032            
21/10/23 06:51:18 0134 1                  44.981950 8.878437 00 00 3231303032334D3031363438            
21/10/23 06:51:21 0135 1                  44.981947 8.878437 00 00 323030323545303030343833            
21/10/23 06:52:00 0136 1                  44.981642 8.878520 00 00 323030323545303036323633            
21/10/23 06:52:42 0137 1                  44.981628 8.878367 00 00 323030323545303030363137            
21/10/23 06:52:46 0138 1                  44.981625 8.878365 00 00 323030323545303035363736            
21/10/23 06:52:52 0139 1                  44.981617 8.878358 00 00 323030323545303032333437            
21/10/23 06:53:02 0140 1                  44.981605 8.878352 00 00 323030323545303037333837            
21/10/23 06:53:07 0141 1                  44.981597 8.878353 00 00 323030323545303036323239            
21/10/23 06:55:03 0142 1                  44.981330 8.880367 00 00 323030323545303033343238            
21/10/23 06:55:09 0143 1                  44.981332 8.880370 00 00 323030323545303035373237            
21/10/23 06:55:43 0144 1                  44.981345 8.880327 00 00 323030323545303035363631            
21/10/23 06:55:51 0145 1                  44.981320 8.880360 00 00 323030323545303036333234            
21/10/23 06:55:55 0146 1                  44.981313 8.880370 00 00 323030323545303036333235            
21/10/23 06:56:36 0147 1                  44.981368 8.880098 00 00 323030323545303035373235            
21/10/23 06:59:46 0148 1                  44.980635 8.880545 00 00 323030323545303032393330            
21/10/23 07:00:26 0149 1                  44.980635 8.880413 00 00 323030323545303030343834            
21/10/23 07:00:33 0150 1                  44.980637 8.880412 00 00 323030323545303030353931            
21/10/23 07:01:05 0151 1                  44.980615 8.880233 00 00 323030323545303033343139            
21/10/23 07:01:11 0152 1                  44.980612 8.880233 00 00 323030323545303033343135            
21/10/23 07:01:56 0153 1                  44.980537 8.879973 00 00 323030323545303032383835            
21/10/23 07:02:01 0154 1                  44.980532 8.879970 00 00 323030323545303032393431            
21/10/23 07:02:09 0155 1                  44.980530 8.879975 00 00 323030323545303035373238            
21/10/23 07:02:50 0156 1                  44.980478 8.879818 00 00 323030323545303032333838            
21/10/23 07:02:55 0157 1                  44.980477 8.879825 00 00 323030323545303032333931            
21/10/23 07:03:52 0158 1                  44.980778 8.879552 00 00 323030323545303032393131            
21/10/23 07:03:58 0159 1                  44.980788 8.879542 00 00 3232303032334D3030303133            
21/10/23 07:04:03 0160 1                  44.980797 8.879532 00 00 323030323545303033343337            
21/10/23 07:04:42 0161 1                  44.980595 8.879497 00 00 323030323545303033343430            
21/10/23 07:04:47 0162 1                  44.980565 8.879495 00 00 323030323545303033353237            
21/10/23 07:04:55 0163 1                  44.980530 8.879485 00 00 323030323545303033353835            
21/10/23 07:05:31 0164 1                  44.980475 8.879463 00 00 323030323545303033353836            
21/10/23 07:06:29 0165 1                  44.980192 8.879270 00 00 323030323545303033313432            
21/10/23 07:07:12 0166 1                  44.980268 8.878938 00 00 323030323545303036353036            
21/10/23 07:07:58 0167 1                  44.980362 8.878587 00 00 323030323545303036353134            
21/10/23 07:08:12 0168 1                  44.980372 8.878567 00 00 323030323545303037393635            
21/10/23 07:08:15 0169 1                  44.980370 8.878563 00 00 323030323545303034323437            
21/10/23 07:08:19 0170 1                  44.980367 8.878557 00 00 3232303032334D3031363438            
21/10/23 07:09:00 0171 1                  44.980430 8.878458 00 00 323030323545303033313530            
21/10/23 07:09:29 0172 1                  44.980525 8.878278 00 00 323030323545303033313931            
21/10/23 07:09:59 0173 1                  44.980655 8.878050 00 00 323030323545303033313532            
21/10/23 07:10:45 0174 1                  44.980948 8.877427 00 00 323030323545303036303239            
21/10/23 07:10:52 0175 1                  44.980948 8.877403 00 00 323030323545303036303030            
21/10/23 07:11:44 0176 1                  44.981032 8.877130 00 00 323030323545303034313832            
21/10/23 07:11:49 0177 1                  44.981033 8.877133 00 00 323030323545303036303234            
21/10/23 07:12:54 0178 1                  44.981232 8.878073 00 00 323030323545303036333032            
21/10/23 07:13:24 0179 1                  44.981072 8.878037 00 00 323030323545303030353734            
21/10/23 07:13:37 0180 1                  44.981053 8.878020 00 00 323030323545303030363033            
21/10/23 07:13:42 0181 1                  44.981045 8.878013 00 00 323030323545303030363131            
21/10/23 07:13:49 0182 1                  44.981040 8.878008 00 00 323030323545303030363034            
21/10/23 07:14:25 0183 1                  44.980813 8.877922 00 00 323030323545303037363235            
21/10/23 07:15:47 0184 1                  44.981090 8.878573 00 00 323030323545303032383935            
21/10/23 07:16:26 0185 1                  44.980908 8.878735 00 00 323030323545303032323435            
21/10/23 07:16:31 0186 1                  44.980905 8.878745 00 00 323030323545303032353032            
21/10/23 07:16:35 0187 1                  44.980905 8.878743 00 00 323030323545303032343433            
21/10/23 07:17:13 0188 1                  44.980760 8.878942 00 00 323030323545303033343235            
21/10/23 07:17:20 0189 1                  44.980760 8.878953 00 00 323030323545303036333733            
21/10/23 07:17:24 0190 1                  44.980763 8.878960 00 00 323030323545303036363933            
21/10/23 07:19:50 0191 1                  44.981702 8.877393 00 00 323030323545303038333931            
21/10/23 07:19:55 0192 1                  44.981708 8.877395 00 00 323030323545303032393632            
21/10/23 07:20:03 0193 1                  44.981713 8.877398 00 00 323030323545303036333439            
21/10/23 07:20:56 0194 1                  44.981932 8.877365 00 00 323030323545303036333130            
21/10/23 07:21:12 0195 1                  44.981920 8.877308 00 00 323030323545303032343031            
21/10/23 07:21:18 0196 1                  44.981913 8.877302 00 00 323030323545303032313437            
21/10/23 07:21:25 0197 1                  44.981913 8.877302 00 00 323030323545303035393430            
21/10/23 07:22:12 0198 1                  44.982102 8.877397 00 00 323030323545303032333639            
21/10/23 07:22:18 0199 1                  44.982115 8.877402 00 00 323030323545303032333531            
21/10/23 07:22:23 0200 1                  44.982123 8.877400 00 00 323030323545303032333630            
21/10/23 07:22:52 0201 1                  44.982343 8.877400 00 00 323030323545303035363934            
21/10/23 07:22:57 0202 1                  44.982372 8.877422 00 00 323030323545303035363933            
21/10/23 07:23:25 0203 1                  44.982375 8.877567 00 00 323030323545303035353435            
21/10/23 07:23:35 0204 1                  44.982337 8.877595 00 00 31383032334D303036343936            
21/10/23 07:25:03 0205 1                  44.983857 8.878445 00 00 323030323545303036343331            
21/10/23 07:26:02 0206 1                  44.983965 8.878945 00 00 323030323545303032323535            
21/10/23 07:26:37 0207 1                  44.984043 8.879108 00 00 323030323545303032323438            
21/10/23 07:26:53 0208 1                  44.984048 8.879143 00 00 323030323545303036333936            
21/10/23 07:27:30 0209 1                  44.983938 8.879360 00 00 323030323545303032323436            
21/10/23 07:27:40 0210 1                  44.983915 8.879348 00 00 323030323545303032323434            
21/10/23 07:28:25 0211 1                  44.983842 8.879747 00 00 3232303032334D3031333837            
21/10/23 07:28:28 0212 1                  44.983830 8.879745 00 00 323030323545303036323230            
21/10/23 07:30:04 0213 1                  44.985048 8.880735 00 00 323030323545303032323537            
21/10/23 07:30:37 0214 1                  44.985083 8.881060 00 00 323030323545303032373937            
21/10/23 07:32:48 0215 1                  44.984853 8.881752 00 00 323030323545303035373538            
21/10/23 07:32:57 0216 1                  44.984870 8.881737 00 00 323030323545303035383739            
21/10/23 07:34:47 0217 1                  44.985060 8.881682 00 00 323030323545303035393333            
21/10/23 07:34:55 0218 1                  44.985078 8.881677 00 00 323030323545303032323639            
21/10/23 07:36:57 0219 1                  44.986222 8.881017 00 00 323030323545303033313639            
21/10/23 07:36:58 0220 1                  44.986222 8.881017 00 00 323030323545303033363931            
21/10/23 07:37:39 0221 1                  44.986060 8.880873 00 00 323030323545303033313638            
21/10/23 07:39:42 0222 1                  44.985615 8.880133 00 00 323030323545303032333032            
21/10/23 07:40:24 0223 1                  44.985607 8.880100 00 00 323030323545303032333132            
21/10/23 07:41:59 0224 1                  44.985690 8.880463 00 00 323030323545303032333033            
21/10/23 07:42:07 0225 1                  44.985710 8.880455 00 00 323030323545303038363438            
21/10/23 07:42:54 0226 1                  44.985535 8.880655 00 00 323030323545303033313636            
21/10/23 07:43:58 0227 1                  44.985308 8.879987 00 00 323030323545303032313732            
21/10/23 07:44:02 0228 1                  44.985307 8.879982 00 00 323030323545303032313731            
21/10/23 07:45:08 0229 1                  44.984618 8.880515 00 00 323030323545303033303238            
21/10/23 07:45:13 0230 1                  44.984612 8.880527 00 00 323030323545303033303138            
21/10/23 07:46:15 0231 1                  44.984248 8.879645 00 00 323030323545303033313031            
21/10/23 07:47:03 0232 1                  44.984362 8.879562 00 00 323030323545303030363136            
21/10/23 07:47:30 0233 1                  44.984355 8.879942 00 00 323030323545303033313436            
21/10/23 07:47:37 0234 1                  44.984332 8.879950 00 00 323030323545303032323932            
21/10/23 07:48:31 0235 1                  44.984047 8.880325 00 00 323030323545303032323836            
21/10/23 07:49:17 0236 1                  44.983257 8.880185 00 00 323030323545303033313137            
21/10/23 07:50:18 0237 1                  44.982913 8.880090 00 00 323030323545303032323734            
21/10/23 07:50:22 0238 1                  44.982907 8.880088 00 00 323030323545303032313631            
21/10/23 07:55:23 0239 1                  44.979712 8.875863 00 00 3231303032334D3032323632            
21/10/23 07:55:49 0240 1                  44.979628 8.876052 00 00 323030323545303030323038            
21/10/23 07:55:54 0241 1                  44.979653 8.876052 00 00 323030323545303035383630            
21/10/23 07:56:28 0242 1                  44.979465 8.876503 00 00 323030323545303036313635            
21/10/23 07:56:58 0243 1                  44.979400 8.876677 00 00 323030323545303032323033            
21/10/23 07:57:45 0244 1                  44.979620 8.877205 00 00 3232303032334D3030393531            
21/10/23 07:57:49 0245 1                  44.979618 8.877207 00 00 323030323545303038393531            
21/10/23 07:58:26 0246 1                  44.979765 8.877360 00 00 323030323545303036303236            
21/10/23 08:00:18 0247 1                  44.980305 8.876678 00 00 323030323545303030343732            
21/10/23 08:00:19 0248 1                  44.980305 8.876678 00 00 323030323545303030343734            
21/10/23 08:00:28 0249 1                  44.980287 8.876663 00 00 323030323545303030353431            
21/10/23 08:01:11 0250 1                  44.980133 8.876497 00 00 323030323545303032333533            
21/10/23 08:01:11 0251 1                  44.980133 8.876497 00 00 323030323545303032373837            
21/10/23 08:01:16 0252 1                  44.980120 8.876498 00 00 323030323545303038303635            
21/10/23 08:01:20 0253 1                  44.980108 8.876490 00 00 323030323545303032333739            
21/10/23 08:01:41 0254 1                  44.980068 8.876427 00 00 323030323545303032383230            
21/10/23 08:01:45 0255 1                  44.980068 8.876412 00 00 323030323545303032373831            
21/10/23 08:01:50 0256 1                  44.980068 8.876387 00 00 323030323545303032383033            
21/10/23 08:02:33 0257 1                  44.980020 8.876535 00 00 323030323545303036303334            
21/10/23 08:03:14 0258 1                  44.979943 8.876697 00 00 323030323545303032383332            
21/10/23 08:03:21 0259 1                  44.979943 8.876705 00 00 323030323545303032333832            
21/10/23 08:03:26 0260 1                  44.979942 8.876708 00 00 323030323545303032333833            
21/10/23 08:04:09 0261 1                  44.979888 8.876845 00 00 323031323055303030323733            
21/10/23 08:07:01 0262 1                  44.981215 8.875135 00 00 3231303234304A3034343632            
21/10/23 08:41:43 0000 s 01486ver01 44.982398 8.875725 00 00
21/10/23 08:46:26 0263 1                  45.004412 8.850603 00 00 323030323545303030313939            
21/10/23 08:51:42 0264 1                  44.982485 8.866707 00 00 323030323545303032373730            
21/10/23 08:52:59 0265 1                  44.982780 8.866060 00 00 323030323545303036333036            
21/10/23 08:58:27 0266 1                  44.980462 8.874787 00 00 323032343055303030353338            
21/10/23 09:01:22 0267 1                  44.977557 8.879213 00 00 323030323545303035393339            
21/10/23 09:01:28 0268 1                  44.977558 8.879223 00 00 323030323545303035393234            
21/10/23 09:02:01 0269 1                  44.977568 8.879395 00 00 323030323545303035393233            
21/10/23 09:02:38 0270 1                  44.977595 8.879568 00 00 323030323545303035373739            
21/10/23 09:02:44 0271 1                  44.977600 8.879572 00 00 323030323545303035373737            
21/10/23 09:03:24 0272 1                  44.977683 8.880068 00 00 323030323545303035373738            
21/10/23 09:03:30 0273 1                  44.977687 8.880078 00 00 323030323545303035393335            
21/10/23 09:04:25 0274 1                  44.977725 8.880575 00 00 323030323545303036303038            
