07/11/23 04:48:11 0000 s 01492ver01 44.882233 8.859977 00 00
07/11/23 05:17:12 0001 1                  44.982398 8.874975 00 00 3231313130304A3030373833            
07/11/23 05:17:50 0002 1                  44.982433 8.874955 00 00 313931323050303133353638            
07/11/23 05:19:26 0003 1                  44.982518 8.874298 00 00 313931323050303130343238            
07/11/23 05:24:00 0004 1                  44.989637 8.864748 00 00 313931323050303133393130            
07/11/23 05:28:16 0005 1                  45.003652 8.850813 00 00 313931323050303130333038            
07/11/23 05:29:10 0006 1                  45.004413 8.850698 00 00 313931323050303034393936            
07/11/23 05:29:11 0007 1                  45.004413 8.850698 00 00 313931323050303034393934            
07/11/23 05:31:08 0008 1                  45.005497 8.850343 00 00 313931323050303133383436            
07/11/23 05:31:09 0009 1                  45.005500 8.850345 00 00 313931323050303133383536            
07/11/23 05:32:13 0010 1                  45.005542 8.850433 00 00 313931323050303133383537            
07/11/23 05:32:13 0011 1                  45.005542 8.850433 00 00 3034F80B64078042000003C5            
07/11/23 05:32:13 0012 1                  45.005542 8.850433 00 00 313931323050303133383538            
07/11/23 05:40:17 0013 1                  45.006777 8.855478 00 00 313931323050303037333532            
07/11/23 05:40:17 0014 1                  45.006777 8.855478 00 00 313931323050303133383337            
07/11/23 05:43:29 0015 1                  45.013300 8.852728 00 00 313931323050303130303939            
07/11/23 05:45:04 0016 1                  45.013363 8.855317 00 00 313931323050303133393037            
07/11/23 05:45:23 0017 1                  45.013373 8.855323 00 00 3034F80B64078042000003C5            
07/11/23 05:46:31 0018 1                  45.013438 8.856070 00 00 313931323050303133393035            
07/11/23 05:46:33 0019 1                  45.013440 8.856070 00 00 313931323050303133393036            
07/11/23 05:47:58 0020 1                  45.013308 8.856665 00 00 313931323050303133353437            
07/11/23 05:50:23 0021 1                  45.011483 8.863520 00 00 313931323050303133353537            
07/11/23 05:50:25 0022 1                  45.011483 8.863522 00 00 313931323050303133353538            
07/11/23 05:50:25 0023 1                  45.011483 8.863522 00 00 3034F82248171C82EE000DA9            
07/11/23 05:50:26 0024 1                  45.011483 8.863522 00 00 303ACA49827CE3D9D8B65339            
07/11/23 05:50:29 0025 1                  45.011483 8.863525 00 00 313931323050303133353539            
07/11/23 05:53:30 0026 1                  45.008405 8.862347 00 00 313931323050303038363933            
07/11/23 06:06:03 0027 1                  44.998585 8.862412 00 00 313931323050303133363730            
07/11/23 06:06:06 0028 1                  44.998583 8.862410 00 00 313931323050303133363639            
07/11/23 06:09:35 0029 1                  44.994812 8.856488 00 00 313931323050303038313534            
07/11/23 06:09:50 0030 1                  44.994815 8.856488 00 00 303ACA49827CE3D9D8B65339            
07/11/23 06:10:54 0031 1                  44.994858 8.856193 00 00 313931323050303130373235            
07/11/23 06:13:48 0032 1                  44.995480 8.845217 00 00 313931323050303130353230            
07/11/23 06:20:19 0033 1                  44.986142 8.844977 00 00 313931323050303130313237            
07/11/23 06:22:57 0034 1                  44.983107 8.840807 00 00 313931323050303034353535            
07/11/23 06:25:01 0035 1                  44.981272 8.842465 00 00 313931323050303130393137            
07/11/23 06:26:56 0036 1                  44.979705 8.844452 00 00 313931323050303130303431            
07/11/23 06:32:02 0037 1                  44.981663 8.858383 00 00 313931323050303034353538            
07/11/23 06:33:59 0038 1                  44.981802 8.863510 00 00 313931323050303036383732            
07/11/23 06:36:13 0039 1                  44.982465 8.866628 00 00 313931323050303132353731            
07/11/23 06:36:15 0040 1                  44.982465 8.866627 00 00 313931323050303038363932            
07/11/23 06:36:16 0041 1                  44.982463 8.866625 00 00 30396062436AF0000024F12E            
07/11/23 06:36:17 0042 1                  44.982463 8.866625 00 00 30396062436EEF800029AF0C            
07/11/23 06:37:06 0043 1                  44.982332 8.866155 00 00 30396062436EEF80002A1931            
07/11/23 06:38:06 0044 1                  44.982747 8.866213 00 00 313931323050303130393132            
07/11/23 06:38:08 0045 1                  44.982747 8.866215 00 00 313931323050303130393133            
07/11/23 06:41:16 0046 1                  44.981800 8.859852 00 00 313931323050303130393136            
07/11/23 06:41:18 0047 1                  44.981802 8.859850 00 00 313931323050303130393135            
07/11/23 06:44:30 0048 1                  44.982167 8.844918 00 00 313931323050303130313238            
07/11/23 06:46:31 0049 1                  44.986157 8.845117 00 00 313931323050303130313237            
07/11/23 06:55:03 0050 1                  44.992808 8.853137 00 00 313932343050303030303033            
07/11/23 06:55:06 0051 1                  44.992808 8.853138 00 00 313931323050303032363435            
07/11/23 07:23:17 0000 s 01492ver01 44.981152 8.881430 00 00
07/11/23 07:29:10 0052 1                  44.979762 8.851727 00 00 313931323050303133363635            
07/11/23 07:31:04 0053 1                  44.978965 8.851313 00 00 313931323050303133363636            
07/11/23 07:33:30 0054 1                  44.977725 8.850702 00 00 313931323050303133343439            
07/11/23 07:33:31 0055 1                  44.977725 8.850702 00 00 313931323050303038363531            
07/11/23 07:37:00 0056 1                  44.974037 8.852330 00 00 313931323050303133313430            
07/11/23 07:37:02 0057 1                  44.974035 8.852332 00 00 991300BB0EA2C6F300000D1D            
07/11/23 07:41:38 0058 1                  44.972545 8.843417 00 00 313931323050303038393339            
07/11/23 07:43:03 0059 1                  44.972442 8.842927 00 00 313931323050303038313632            
07/11/23 07:46:12 0060 1                  44.970280 8.845898 00 00 313931323050303133343436            
07/11/23 07:47:44 0061 1                  44.969790 8.846128 00 00 313931323050303133343434            
07/11/23 07:47:48 0062 1                  44.969787 8.846132 00 00 313931323050303133343437            
07/11/23 07:51:42 0063 1                  44.965385 8.857725 00 00 313932343050303030313037            
07/11/23 07:51:42 0064 1                  44.965385 8.857725 00 00 313931323050303036363137            
07/11/23 07:53:57 0065 1                  44.962368 8.857785 00 00 313931323050303133353534            
07/11/23 07:54:00 0066 1                  44.962368 8.857782 00 00 313931323050303130393536            
07/11/23 07:55:49 0067 1                  44.962005 8.857648 00 00 313931323050303130333037            
07/11/23 07:55:52 0068 1                  44.962003 8.857647 00 00 434C30303135383339353838            
07/11/23 07:56:45 0069 1                  44.961770 8.857728 00 00 31383033304D303036323439            
07/11/23 07:59:56 0070 1                  44.958782 8.856637 00 00 3231303234304A3034373731            
07/11/23 08:05:09 0071 1                  44.946237 8.850008 00 00 313931323050303133333737            
07/11/23 08:06:58 0072 1                  44.945165 8.850223 00 00 313931323050303032363339            
07/11/23 08:07:00 0073 1                  44.945167 8.850223 00 00 313931323050303133333736            
07/11/23 08:08:44 0074 1                  44.944958 8.851902 00 00 313931323050303130353731            
07/11/23 08:11:56 0075 1                  44.944378 8.857775 00 00 313931323050303131343634            
07/11/23 08:17:31 0076 1                  44.940458 8.854887 00 00 313931323050303130333039            
07/11/23 08:24:20 0077 1                  44.945520 8.850198 00 00 313931323050303133333734            
07/11/23 08:24:20 0078 1                  44.945520 8.850198 00 00 3035EBE3145E52001E06E470            
07/11/23 08:30:40 0079 1                  44.951282 8.836748 00 00 313931323050303133373635            
07/11/23 08:34:07 0080 1                  44.953872 8.834427 00 00 313931323050303132353437            
07/11/23 08:41:18 0081 1                  44.945578 8.838715 00 00 313931323050303034353630            
07/11/23 08:46:33 0082 1                  44.941318 8.843420 00 00 313931323050303133373535            
07/11/23 09:10:01 0000 s 01492ver01 44.941293 8.843433 00 00
07/11/23 09:15:05 0083 1                  44.955737 8.849312 00 00 313931323050303133333733            
07/11/23 09:15:07 0084 1                  44.955737 8.849312 00 00 313931323050303133353132            
07/11/23 09:18:55 0085 1                  44.969365 8.842980 00 00 313931323050303130303137            
07/11/23 09:20:47 0086 1                  44.969887 8.839028 00 00 313931323050303131383139            
07/11/23 09:20:49 0087 1                  44.969888 8.839027 00 00 313931323050303133363638            
07/11/23 09:22:18 0088 1                  44.970023 8.838498 00 00 313931323050303133383430            
07/11/23 09:24:25 0089 1                  44.970272 8.838940 00 00 313931323050303130353433            
07/11/23 09:26:14 0090 1                  44.970983 8.839790 00 00 313931323050303130353334            
07/11/23 09:26:17 0091 1                  44.970983 8.839788 00 00 313931323050303130353434            
07/11/23 09:28:32 0092 1                  44.973998 8.840282 00 00 313931323050303130333132            
07/11/23 09:28:37 0093 1                  44.974000 8.840277 00 00 313931323050303130303138            
07/11/23 09:29:21 0094 1                  44.973993 8.840302 00 00 313931323050303130333030            
07/11/23 09:29:23 0095 1                  44.973995 8.840300 00 00 313931323050303130333131            
07/11/23 09:31:48 0096 1                  44.976627 8.841050 00 00 313931323050303132363035            
07/11/23 09:31:51 0097 1                  44.976628 8.841042 00 00 313931323050303132363037            
07/11/23 09:33:56 0098 1                  44.976603 8.840462 00 00 313931323050303132363038            
07/11/23 09:33:58 0099 1                  44.976602 8.840462 00 00 313931323050303132363130            
07/11/23 09:34:02 0100 1                  44.976597 8.840458 00 00 313931323050303132363039            
07/11/23 09:36:07 0101 1                  44.976538 8.841533 00 00 313931323050303033303537            
07/11/23 09:37:11 0102 1                  44.976530 8.841752 00 00 313931323050303133333830            
07/11/23 09:39:53 0103 1                  44.979108 8.842630 00 00 313931323050303130333130            
07/11/23 09:39:56 0104 1                  44.979107 8.842637 00 00 313931323050303038323736            
07/11/23 09:41:35 0105 1                  44.979732 8.842638 00 00 313931323050303130313239            
07/11/23 09:50:16 0106 1                  44.987223 8.881380 00 00 313931323050303133343930            
07/11/23 09:52:05 0107 1                  44.990337 8.882390 00 00 313931323050303133303232            
07/11/23 09:53:25 0108 1                  44.991588 8.882822 00 00 313931323050303133353039            
07/11/23 09:55:12 0109 1                  44.992797 8.883142 00 00 313931323050303133343931            
07/11/23 09:56:25 0110 1                  44.993845 8.883433 00 00 313931323050303132333134            
07/11/23 10:00:52 0111 1                  45.013737 8.890355 00 00 3230313130304A3030363239            
07/11/23 10:00:57 0112 1                  45.013738 8.890355 00 00 991300BB0EA2C6F300000D1D            
07/11/23 10:07:04 0113 1                  45.009985 8.896562 00 00 3230313130304A3030367730            
07/11/23 10:07:35 0114 1                  45.009975 8.896550 00 00 3230313130304A3031313435            
07/11/23 10:11:44 0115 1                  45.009230 8.897002 00 00 E200001B2101015926500E89            
07/11/23 10:12:10 0116 1                  45.009162 8.896892 00 00 313932343050303030313435            
07/11/23 10:14:02 0117 1                  45.009808 8.897318 00 00 313932343050303030313032            
07/11/23 10:21:12 0118 1                  44.992075 8.882695 00 00 313931323050303036393036            
07/11/23 10:22:15 0119 1                  44.991818 8.882565 00 00 313931323050303133343934            
07/11/23 10:23:22 0120 1                  44.991205 8.882443 00 00 313931323050303133353931            
07/11/23 10:24:44 0121 1                  44.990243 8.882110 00 00 313931323050303132333133            
07/11/23 10:26:47 0122 1                  44.989833 8.881973 00 00 3230313130304A3031313738            
07/11/23 10:43:13 0123 1                  44.912928 8.871118 00 00 991300BB0EA2C6F300000D1D            
07/11/23 10:44:10 0124 1                  44.912983 8.871133 00 00 3034F80B64078042000003C5            
07/11/23 11:00:28 0000 s 01492ver01 44.882295 8.859600 00 00
07/11/23 11:17:03 0000 s 01492ver01 44.882290 8.859637 00 00
