21/10/23 05:39:49 0000 s 01487ver01 44.882452 8.860285 00 00
21/10/23 05:56:31 0001 1                  44.959202 8.928810 00 00 31383032334D303133353439            
21/10/23 05:56:40 0002 1                  44.959198 8.928803 00 00 31383032334D303137353839            
21/10/23 05:57:15 0003 1                  44.959513 8.929115 00 00 31383032334D303133353637            
21/10/23 05:57:50 0004 1                  44.959768 8.929417 00 00 31383032334D303137333230            
21/10/23 05:58:31 0005 1                  44.960055 8.929702 00 00 31383032334D303138393931            
21/10/23 05:58:45 0006 1                  44.960062 8.929670 00 00 31383032334D303138393933            
21/10/23 05:59:24 0007 1                  44.960343 8.929972 00 00 31383032334D303137333137            
21/10/23 05:59:56 0008 1                  44.960495 8.930117 00 00 31383032334D303138393636            
21/10/23 06:00:31 0009 1                  44.960643 8.930307 00 00 31383032334D303137343134            
21/10/23 06:01:06 0010 1                  44.960978 8.930667 00 00 31383032334D303137343931            
21/10/23 06:01:38 0011 1                  44.961213 8.930888 00 00 31383032334D303030323238            
21/10/23 06:01:43 0012 1                  44.961223 8.930887 00 00 31383032334D303131373035            
21/10/23 06:01:49 0013 1                  44.961235 8.930882 00 00 31383032334D303131363634            
21/10/23 06:01:53 0014 1                  44.961240 8.930882 00 00 31383032334D303131373036            
21/10/23 06:01:58 0015 1                  44.961247 8.930883 00 00 31383032334D303134333037            
21/10/23 06:02:04 0016 1                  44.961253 8.930887 00 00 31383032334D303131363935            
21/10/23 06:02:10 0017 1                  44.961260 8.930890 00 00 31383032334D303037353630            
21/10/23 06:02:14 0018 1                  44.961265 8.930893 00 00 31383032334D303131363937            
21/10/23 06:02:59 0019 1                  44.961558 8.931235 00 00 31383032334D303133323834            
21/10/23 06:03:00 0020 1                  44.961558 8.931235 00 00 3232303032334D3030363134            
21/10/23 06:03:34 0021 1                  44.961622 8.931357 00 00 31383032334D303133353437            
21/10/23 06:04:06 0022 1                  44.961755 8.931553 00 00 31383032334D303133353730            
21/10/23 06:04:48 0023 1                  44.961832 8.931633 00 00 31383032334D303133353938            
21/10/23 06:04:59 0024 1                  44.961855 8.931618 00 00 31383032334D303038343032            
21/10/23 06:06:00 0025 1                  44.962085 8.931908 00 00 31383032334D303138383031            
21/10/23 06:07:35 0026 1                  44.963227 8.933070 00 00 31383032334D303038363730            
21/10/23 06:07:36 0027 1                  44.963225 8.933068 00 00 31383032334D303138383236            
21/10/23 06:07:46 0028 1                  44.963223 8.933065 00 00 3231303032334D3035353534            
21/10/23 06:08:18 0029 1                  44.963342 8.933168 00 00 31383032334D303137353935            
21/10/23 06:08:48 0030 1                  44.963470 8.933313 00 00 31383032334D303173333530            
21/10/23 06:08:49 0031 1                  44.963468 8.933318 00 00 31383032334D303133333530            
21/10/23 06:08:54 0032 1                  44.963467 8.933322 00 00 31383032334D303138383633            
21/10/23 06:08:59 0033 1                  44.963467 8.933323 00 00 31383032334D303138383631            
21/10/23 06:09:33 0034 1                  44.963705 8.933542 00 00 31383032334D303138393037            
21/10/23 06:09:43 0035 1                  44.963698 8.933532 00 00 31383032334D303138393138            
21/10/23 06:10:39 0036 1                  44.963163 8.933633 00 00 31383032334D303133343433            
21/10/23 06:10:44 0037 1                  44.963167 8.933630 00 00 31383032334D303133343438            
21/10/23 06:11:21 0038 1                  44.962977 8.933348 00 00 31383032334D303137343335            
21/10/23 06:11:31 0039 1                  44.962973 8.933350 00 00 31383032334D303137353938            
21/10/23 06:12:38 0040 1                  44.962400 8.932810 00 00 31383032334D303138353832            
21/10/23 06:13:06 0041 1                  44.962280 8.932720 00 00 31383032334D303133343436            
21/10/23 06:13:16 0042 1                  44.962283 8.932723 00 00 31383032334D303134323237            
21/10/23 06:13:53 0043 1                  44.962092 8.932477 00 00 31383032334D303131383831            
21/10/23 06:14:32 0044 1                  44.961838 8.932170 00 00 31383032334D303137323937            
21/10/23 06:15:23 0045 1                  44.961457 8.931770 00 00 31383032334D303137323837            
21/10/23 06:16:32 0046 1                  44.960998 8.931308 00 00 31383032334D303134313733            
21/10/23 06:16:55 0047 1                  44.960712 8.931030 00 00 31383132304A303039313830            
21/10/23 06:17:19 0048 1                  44.960588 8.930943 00 00 31383032334D303137323930            
21/10/23 06:17:36 0049 1                  44.960590 8.930915 00 00 31383132304A303039313832            
21/10/23 06:19:06 0050 1                  44.960390 8.930695 00 00 31383032334D303137333936            
21/10/23 06:19:34 0051 1                  44.960243 8.930507 00 00 31383032334D303137343338            
21/10/23 06:19:50 0052 1                  44.960238 8.930512 00 00 31383032334D303137333031            
21/10/23 06:20:46 0053 1                  44.959953 8.930170 00 00 31383032334D303137323838            
21/10/23 06:20:59 0054 1                  44.959948 8.930168 00 00 31383032334D303034343732            
21/10/23 06:21:32 0055 1                  44.959833 8.930042 00 00 31383032334D303137333933            
21/10/23 06:21:41 0056 1                  44.959815 8.930050 00 00 31383032334D303137323731            
21/10/23 06:22:38 0057 1                  44.959707 8.929923 00 00 31383032334D303034373836            
21/10/23 06:23:24 0058 1                  44.959520 8.929735 00 00 31383032334D303138363636            
21/10/23 06:23:59 0059 1                  44.959430 8.929655 00 00 31383032334D303137323738            
21/10/23 06:24:40 0060 1                  44.959332 8.929552 00 00 3231303032334D3035363935            
21/10/23 06:24:40 0061 1                  44.959332 8.929552 00 00 3231303032334D3035363935            
21/10/23 06:25:15 0062 1                  44.959167 8.929392 00 00 31383032334D303137323631            
21/10/23 06:25:33 0063 1                  44.959147 8.929410 00 00 31383032334D303131393235            
21/10/23 06:25:34 0064 1                  44.959147 8.929408 00 00 31383032334D303137323739            
21/10/23 06:25:37 0065 1                  44.959150 8.929403 00 00 30395DFA82E0740000190EAA            
21/10/23 06:25:52 0066 1                  44.959148 8.929407 00 00 31383032334D303137333932            
21/10/23 06:25:52 0067 1                  44.959148 8.929407 00 00 31383032334D303137323737            
21/10/23 06:26:49 0068 1                  44.959008 8.929293 00 00 31383032334D303137353833            
21/10/23 06:26:59 0069 1                  44.958997 8.929292 00 00 31383032334D303137353937            
21/10/23 06:28:01 0070 1                  44.958613 8.930015 00 00 323030323545303036393631            
21/10/23 06:29:21 0071 1                  44.959038 8.930532 00 00 3232303032334D3030303031            
21/10/23 06:30:21 0072 1                  44.959583 8.931135 00 00 25705569A686CF03B1C70CB5            
21/10/23 06:30:25 0073 1                  44.959608 8.931158 00 00 534D5004E700010137303036            
21/10/23 06:30:41 0074 1                  44.959722 8.931237 00 00 31383032334D303133323136            
21/10/23 06:30:55 0075 1                  44.959723 8.931232 00 00 31383032334D303133313039            
21/10/23 06:31:12 0076 1                  44.959783 8.931273 00 00 534D5004E700010137303034            
21/10/23 06:31:23 0077 1                  44.959815 8.931252 00 00 3232303032334D3031373233            
21/10/23 06:32:16 0078 1                  44.960372 8.931977 00 00 3231303032334D3031363630            
21/10/23 06:32:25 0079 1                  44.960417 8.932027 00 00 31383032334D303134333430            
21/10/23 06:32:32 0080 1                  44.960428 8.932032 00 00 31383032334D303137343739            
21/10/23 06:32:34 0081 1                  44.960433 8.932033 00 00 3233303032334D3030333230            
21/10/23 06:32:46 0082 1                  44.960462 8.932005 00 00 31383032334D303034343032            
21/10/23 06:32:48 0083 1                  44.960465 8.932012 00 00 31383032334D303034343032            
21/10/23 06:33:04 0084 1                  44.960473 8.931973 00 00 3232303032334D3031313033            
21/10/23 06:34:12 0085 1                  44.960940 8.932533 00 00 31383032334D303133323237            
21/10/23 06:34:21 0086 1                  44.960953 8.932542 00 00 31383032334D303138353731            
21/10/23 06:34:31 0087 1                  44.960958 8.932557 00 00 31383032334D303133333533            
21/10/23 06:35:06 0088 1                  44.961047 8.932587 00 00 31383032334D303133353130            
21/10/23 06:35:18 0089 1                  44.961052 8.932587 00 00 3232303032334D3031353439            
21/10/23 06:35:56 0090 1                  44.961315 8.932893 00 00 31383032334D303134323338            
21/10/23 06:36:02 0091 1                  44.961318 8.932910 00 00 31383032334D303133333531            
21/10/23 06:36:32 0092 1                  44.961563 8.933212 00 00 31383032334D303137343638            
21/10/23 06:36:59 0093 1                  44.961622 8.933238 00 00 31383032334D303136343334            
21/10/23 06:38:38 0094 1                  44.962570 8.934353 00 00 31383032334D303133343933            
21/10/23 06:38:50 0095 1                  44.962578 8.934343 00 00 31383032334D303037383539            
21/10/23 06:39:37 0096 1                  44.962583 8.934338 00 00 31383032334D303137353731            
21/10/23 06:39:41 0097 1                  44.962580 8.934338 00 00 31383032334D303137353034            
21/10/23 06:40:24 0098 1                  44.962720 8.934575 00 00 31383032334D303136333338            
21/10/23 06:40:31 0099 1                  44.962722 8.934580 00 00 31383032334D303038363236            
21/10/23 06:40:43 0100 1                  44.962718 8.934583 00 00 31383032334D303133343432            
21/10/23 06:41:59 0101 1                  44.962073 8.935530 00 00 31383032334D303138393231            
21/10/23 06:42:50 0102 1                  44.961437 8.934940 00 00 31383032334D303138383039            
21/10/23 06:43:09 0103 1                  44.961425 8.934923 00 00 3232303032334D3030323137            
21/10/23 06:43:51 0104 1                  44.961290 8.934808 00 00 31383032334D303138393039            
21/10/23 06:44:31 0105 1                  44.961117 8.934617 00 00 31383032334D303034373735            
21/10/23 06:45:16 0106 1                  44.960765 8.934145 00 00 31383032334D303133333430            
21/10/23 06:45:43 0107 1                  44.960593 8.934063 00 00 31383032334D303133323835            
21/10/23 06:45:53 0108 1                  44.960585 8.934052 00 00 31383032334D303133333333            
21/10/23 06:46:31 0109 1                  44.960473 8.933888 00 00 31383032334D303133353830            
21/10/23 06:47:18 0110 1                  44.960297 8.933707 00 00 31383132304A303039303131            
21/10/23 06:48:29 0111 1                  44.960127 8.933673 00 00 3232303032334D3030373638            
21/10/23 06:48:36 0112 1                  44.960120 8.933662 00 00 31383032334D303136303431            
21/10/23 06:48:42 0113 1                  44.960118 8.933640 00 00 31383032334D303133353330            
21/10/23 06:49:25 0114 1                  44.959937 8.933342 00 00 31383032334D303136323235            
21/10/23 06:50:02 0115 1                  44.959772 8.933103 00 00 31383076334D303136323830            
21/10/23 06:50:47 0116 1                  44.959637 8.932978 00 00 31383032334D303133333933            
21/10/23 06:50:56 0117 1                  44.959647 8.932968 00 00 31383032334D303136303238            
21/10/23 06:51:01 0118 1                  44.959652 8.932965 00 00 31383032334D303138363734            
21/10/23 06:51:18 0119 1                  44.959672 8.932970 00 00 31383032334D303038363330            
21/10/23 06:52:06 0120 1                  44.959610 8.932885 00 00 31383032334D303133343233            
21/10/23 06:52:15 0121 1                  44.959585 8.932870 00 00 31383032334D303133333032            
21/10/23 06:52:37 0122 1                  44.959407 8.932715 00 00 31383032334D303133323531            
21/10/23 06:53:10 0123 1                  44.959342 8.932755 00 00 31383032334D303133353135            
21/10/23 06:54:09 0124 1                  44.958768 8.932103 00 00 31383032334D303133323532            
21/10/23 06:54:44 0125 1                  44.958578 8.931923 00 00 31383032334D303133333034            
21/10/23 06:55:22 0126 1                  44.958397 8.931652 00 00 3232303032334D3030333337            
21/10/23 06:56:08 0127 1                  44.958090 8.931338 00 00 3231303032334D3035343732            
21/10/23 06:57:10 0128 1                  44.957533 8.931987 00 00 31383032334D303136303338            
21/10/23 06:57:15 0129 1                  44.957532 8.931988 00 00 31383032334D303133343831            
21/10/23 06:58:07 0130 1                  44.957703 8.932127 00 00 31383032334D303136323038            
21/10/23 06:58:17 0131 1                  44.957722 8.932145 00 00 31383032334D303136333133            
21/10/23 06:58:38 0132 1                  44.957842 8.932267 00 00 3232303032334D3030363133            
21/10/23 06:59:07 0133 1                  44.957852 8.932268 00 00 31383032334D303136313833            
21/10/23 06:59:28 0134 1                  44.957918 8.932350 00 00 31383032334D303136323130            
21/10/23 07:00:28 0135 1                  44.957948 8.932963 00 00 31383032334D303136333635            
21/10/23 07:01:01 0136 1                  44.957813 8.933035 00 00 31383032334D303133353534            
21/10/23 07:01:39 0137 1                  44.957443 8.932667 00 00 31383032334D303133353138            
21/10/23 07:02:14 0138 1                  44.957225 8.932493 00 00 31383032334D303133353137            
21/10/23 07:02:27 0139 1                  44.957207 8.932495 00 00 31383032334D303133333035            
21/10/23 07:03:04 0140 1                  44.957112 8.932370 00 00 31383032334D303135353638            
21/10/23 07:03:49 0141 1                  44.956890 8.932128 00 00 31383032334D303133323535            
21/10/23 07:04:37 0142 1                  44.956778 8.931987 00 00 31383032334D303133323534            
21/10/23 07:05:08 0143 1                  44.956622 8.931782 00 00 31383032334D303133333033            
21/10/23 07:06:13 0144 1                  44.956730 8.931145 00 00 31383032334D303133353134            
21/10/23 07:06:32 0145 1                  44.956720 8.931120 00 00 31383032334D303031313630            
21/10/23 07:06:54 0146 1                  44.956750 8.931178 00 00 31383032334D303133353133            
21/10/23 07:07:13 0147 1                  44.956880 8.931220 00 00 31383032334D303136303436            
21/10/23 07:07:57 0148 1                  44.957093 8.931557 00 00 323030323545303031323038            
21/10/23 07:08:34 0149 1                  44.957198 8.931685 00 00 31383032334D303136333030            
21/10/23 07:09:18 0150 1                  44.957362 8.931887 00 00 31383032334D303338393934            
21/10/23 07:09:20 0151 1                  44.957363 8.931885 00 00 31383032334D303138393934            
21/10/23 07:09:39 0152 1                  44.957445 8.931987 00 00 31383032334D303133343831            
21/10/23 07:09:50 0153 1                  44.957763 8.932298 00 00 3232303032334D3030363133            
21/10/23 07:10:27 0154 1                  44.958262 8.932778 00 00 31383032334D303136323137            
21/10/23 07:10:46 0155 1                  44.958275 8.932818 00 00 31383032334D303133323637            
21/10/23 07:11:48 0156 1                  44.958487 8.932992 00 00 31383032334D303136303233            
21/10/23 07:12:19 0157 1                  44.958607 8.933110 00 00 31383032334D303036353338            
21/10/23 07:12:32 0158 1                  44.958608 8.933120 00 00 31383032334D303133343539            
21/10/23 07:16:48 0159 1                  44.958733 8.933248 00 00 31383032334D303136323138            
21/10/23 07:17:07 0160 1                  44.958690 8.933243 00 00 31383032334D303136323832            
21/10/23 07:18:11 0161 1                  44.958908 8.933482 00 00 31383032334D303136333935            
21/10/23 07:18:20 0162 1                  44.958917 8.933485 00 00 31383032334D303136323533            
21/10/23 07:18:38 0163 1                  44.958920 8.933507 00 00 31383032334D303136323237            
21/10/23 07:19:29 0164 1                  44.959142 8.933772 00 00 3231303032334D3035383238            
21/10/23 07:20:13 0165 1                  44.959302 8.933907 00 00 31383032334D303033373538            
21/10/23 07:20:32 0166 1                  44.959280 8.933897 00 00 31383032334D303136303532            
21/10/23 07:21:48 0167 1                  44.959622 8.934387 00 00 31383032334D303136333639            
21/10/23 07:22:44 0168 1                  44.959905 8.934657 00 00 3231303032334D3031393031            
21/10/23 07:22:48 0169 1                  44.959915 8.934652 00 00 3231303032334D3030373431            
21/10/23 07:22:55 0170 1                  44.959920 8.934648 00 00 31383032334D303133333739            
21/10/23 07:23:01 0171 1                  44.959918 8.934648 00 00 3231303032334D3031323236            
21/10/23 07:23:39 0172 1                  44.960052 8.934768 00 00 31383032334D303133333931            
21/10/23 07:23:48 0173 1                  44.960058 8.934752 00 00 31383032334D303133353334            
21/10/23 07:25:01 0174 1                  44.960167 8.934727 00 00 31383032334D303133333037            
21/10/23 07:26:31 0175 1                  44.960252 8.934803 00 00 31383032334D303133343139            
21/10/23 07:27:02 0176 1                  44.960332 8.934930 00 00 31383032334D303133343230            
21/10/23 07:27:13 0177 1                  44.960330 8.934925 00 00 31383032334D303130333136            
21/10/23 07:27:14 0178 1                  44.960330 8.934925 00 00 3232303032334D3030393434            
21/10/23 07:27:58 0179 1                  44.960405 8.935085 00 00 31383032334D303133353430            
21/10/23 07:28:46 0180 1                  44.960473 8.935327 00 00 3231303032334D3034383437            
21/10/23 07:29:25 0181 1                  44.960600 8.935532 00 00 31383032334D303038363035            
21/10/23 07:29:35 0182 1                  44.960617 8.935515 00 00 3232303032334D3031353337            
21/10/23 07:29:40 0183 1                  44.960622 8.935508 00 00 31383032334D303136303937            
21/10/23 07:30:00 0184 1                  44.960743 8.935585 00 00 31383032334D303133333830            
21/10/23 07:30:19 0185 1                  44.960887 8.935715 00 00 31383032334D303133323936            
21/10/23 07:30:31 0186 1                  44.960897 8.935710 00 00 31383032334D303133323937            
21/10/23 07:30:39 0187 1                  44.960875 8.935768 00 00 31383032334D303133323233            
21/10/23 07:32:14 0188 1                  44.961315 8.936135 00 00 31383032334D303038383134            
21/10/23 07:33:06 0189 1                  44.961477 8.936415 00 00 31383032334D303137323232            
21/10/23 07:33:16 0190 1                  44.961498 8.936407 00 00 31383032334D303133323734            
21/10/23 07:33:50 0191 1                  44.961673 8.936418 00 00 31383032334D303137323234            
21/10/23 07:34:35 0192 1                  44.961952 8.936835 00 00 31383032334D303137343237            
21/10/23 07:34:44 0193 1                  44.961947 8.936853 00 00 31383032334D303137343937            
21/10/23 07:35:55 0194 1                  44.963052 8.935712 00 00 31383032334D303137353738            
21/10/23 07:36:01 0195 1                  44.963052 8.935705 00 00 31383032334D303137353739            
21/10/23 07:36:45 0196 1                  44.963425 8.936108 00 00 31383032334D303137323437            
21/10/23 07:37:45 0197 1                  44.963633 8.936295 00 00 31383032334D303137323438            
21/10/23 07:39:35 0198 1                  44.963720 8.937025 00 00 31383032334D303137323534            
21/10/23 07:40:30 0199 1                  44.963632 8.937385 00 00 31383032334D303035323633            
21/10/23 07:41:19 0200 1                  44.963378 8.938022 00 00 31383032334D303138383531            
21/10/23 07:42:03 0201 1                  44.962905 8.937648 00 00 31383032334D303138393330            
21/10/23 07:42:17 0202 1                  44.962882 8.937635 00 00 31383032334D303138343130            
21/10/23 07:42:55 0203 1                  44.962650 8.937392 00 00 31383032334D303138343039            
21/10/23 07:43:05 0204 1                  44.962645 8.937393 00 00 31383032334D303138353732            
21/10/23 07:43:40 0205 1                  44.962487 8.937200 00 00 31383032334D303136323037            
21/10/23 07:43:50 0206 1                  44.962500 8.937177 00 00 31383032334D303136333334            
21/10/23 07:44:02 0207 1                  44.962503 8.937162 00 00 31383032334D303138353938            
21/10/23 07:45:33 0208 1                  44.963413 8.936342 00 00 31383032334D303138383336            
21/10/23 07:46:02 0209 1                  44.963287 8.936690 00 00 31383032334D303138383338            
21/10/23 07:46:33 0210 1                  44.963197 8.936918 00 00 3232303032334D3030343636            
21/10/23 07:46:45 0211 1                  44.963207 8.936928 00 00 31383032334D303138393833            
21/10/23 07:47:02 0212 1                  44.963202 8.936943 00 00 31383032334D303137353239            
21/10/23 07:47:37 0213 1                  44.963138 8.937278 00 00 31383032334D303139303836            
21/10/23 07:47:46 0214 1                  44.963127 8.937288 00 00 31383032334D303137353238            
21/10/23 07:48:18 0215 1                  44.963042 8.937470 00 00 31383032334D303138393739            
21/10/23 07:48:38 0216 1                  44.963107 8.937445 00 00 31383032334D303138393834            
21/10/23 07:49:17 0217 1                  44.962853 8.937973 00 00 3232303032334D3031303930            
21/10/23 07:50:28 0218 1                  44.963227 8.938912 00 00 31383234304A303030333834            
21/10/23 07:54:35 0219 1                  44.964983 8.937737 00 00 31383032334D303137323236            
21/10/23 08:27:10 0220 1                  44.961305 8.938535 00 00 3231303032334D3031373533            
21/10/23 08:27:20 0221 1                  44.961298 8.938535 00 00 31383032334D303138383038            
21/10/23 08:27:53 0222 1                  44.961173 8.938825 00 00 31383032334D303138363433            
21/10/23 08:27:59 0223 1                  44.961178 8.938828 00 00 31383032334D303138343231            
21/10/23 08:28:29 0224 1                  44.961085 8.939137 00 00 31383032334D303138383733            
21/10/23 08:28:33 0225 1                  44.961078 8.939135 00 00 31383032334D303138383634            
21/10/23 08:28:38 0226 1                  44.961070 8.939133 00 00 31383032334D303138383636            
21/10/23 08:28:54 0227 1                  44.961067 8.939128 00 00 31383032334D303033353135            
21/10/23 08:28:56 0228 1                  44.961065 8.939127 00 00 31383032334D303033353135            
21/10/23 08:29:28 0229 1                  44.960993 8.939375 00 00 31383032334D303032333337            
21/10/23 08:29:32 0230 1                  44.960997 8.939383 00 00 31383032334D303138343536            
21/10/23 08:30:14 0231 1                  44.960990 8.939607 00 00 31383032334D303038343135            
21/10/23 08:30:18 0232 1                  44.960992 8.939612 00 00 31383032334D303038343036            
21/10/23 08:30:35 0233 1                  44.960998 8.939643 00 00 31383032334D303038343133            
21/10/23 08:30:39 0234 1                  44.960997 8.939640 00 00 31383032334D303038343136            
21/10/23 08:30:59 0235 1                  44.961007 8.939653 00 00 3232303032334D3030333432            
21/10/23 08:31:00 0236 1                  44.961007 8.939653 00 00 31383032334D303131363238            
21/10/23 08:31:01 0237 1                  44.961007 8.939653 00 00 31383032334D303131363236            
21/10/23 08:31:55 0238 1                  44.960747 8.940262 00 00 31383032334D303138343032            
21/10/23 08:32:49 0239 1                  44.960328 8.940065 00 00 31383032334D303138353936            
21/10/23 08:33:24 0240 1                  44.960570 8.940232 00 00 31383032334D303138343635            
21/10/23 08:34:26 0241 1                  44.961393 8.938837 00 00 31383032334D303138363233            
21/10/23 08:34:58 0242 1                  44.961658 8.938998 00 00 31383032334D303037373934            
21/10/23 08:35:04 0243 1                  44.961657 8.938992 00 00 3231303032334D3031353939            
21/10/23 08:35:23 0244 1                  44.961900 8.939182 00 00 01FF00000000006D3F470000            
21/10/23 08:35:36 0245 1                  44.962038 8.939313 00 00 31383032334D303138393032            
21/10/23 08:35:41 0246 1                  44.962045 8.939310 00 00 3231303032334D3035363630            
21/10/23 08:35:47 0247 1                  44.962058 8.939293 00 00 31383032334D303038353534            
21/10/23 08:35:57 0248 1                  44.962070 8.939273 00 00 31383032334D303038363139            
21/10/23 08:36:02 0249 1                  44.962078 8.939262 00 00 31383032334D303038343638            
21/10/23 08:36:08 0250 1                  44.962080 8.939257 00 00 31383032334D303038343636            
21/10/23 08:36:32 0251 1                  44.962218 8.939063 00 00 31383032334D303138353934            
21/10/23 08:38:14 0252 1                  44.962258 8.938815 00 00 31383032334D303138393035            
21/10/23 08:38:45 0253 1                  44.962178 8.938528 00 00 323030323545303038353433            
21/10/23 08:38:58 0254 1                  44.962168 8.938507 00 00 3232303032334D3031393530            
21/10/23 08:39:31 0255 1                  44.962113 8.938303 00 00 31383032334D303138393031            
21/10/23 08:39:48 0256 1                  44.962098 8.938162 00 00 25705569A686CF33B1C39E77            
21/10/23 08:40:05 0257 1                  44.962088 8.937833 00 00 31383032334D303138393437            
21/10/23 08:40:21 0258 1                  44.962095 8.937858 00 00 31383032334D303138343338            
21/10/23 08:40:58 0259 1                  44.962018 8.937643 00 00 3231303032334D3033353432            
21/10/23 08:47:42 0260 1                  44.959812 8.937477 00 00 31383032334D303136343434            
21/10/23 08:48:04 0261 1                  44.959802 8.937457 00 00 31383032334D303031313338            
21/10/23 08:56:07 0262 1                  44.959630 8.937763 00 00 31383032334D303138363731            
21/10/23 08:56:45 0263 1                  44.959452 8.938047 00 00 31383032334D303138343237            
21/10/23 08:56:51 0264 1                  44.959455 8.938047 00 00 323030323545303033333234            
21/10/23 08:57:21 0265 1                  44.959352 8.938185 00 00 31383032334D303138343236            
21/10/23 08:57:47 0266 1                  44.959292 8.938370 00 00 31383032334D303138343233            
21/10/23 08:58:27 0267 1                  44.959347 8.938628 00 00 323030323545303030363330            
21/10/23 08:58:41 0268 1                  44.959345 8.938660 00 00 31383032334D303138383734            
21/10/23 08:58:42 0269 1                  44.959347 8.938665 00 00 31383032334D303138343235            
21/10/23 08:58:49 0270 1                  44.959347 8.938693 00 00 31383032334D303138383536            
21/10/23 08:59:44 0271 1                  44.959637 8.938360 00 00 31383032334D303138353933            
21/10/23 08:59:59 0272 1                  44.959633 8.938360 00 00 3232303032334D3031313935            
21/10/23 09:00:42 0273 1                  44.959750 8.938495 00 00 31383032334D303135313630            
21/10/23 09:01:02 0274 1                  44.959745 8.938493 00 00 31383032334D303138343538            
21/10/23 09:01:34 0275 1                  44.959990 8.938652 00 00 31383032334D303138363737            
21/10/23 09:01:54 0276 1                  44.959960 8.938678 00 00 31383032334D303138363637            
21/10/23 09:03:09 0277 1                  44.960030 8.939155 00 00 31383032334D303138343330            
21/10/23 09:03:16 0278 1                  44.960043 8.939160 00 00 31383032334D303138343238            
21/10/23 09:03:32 0279 1                  44.960060 8.939167 00 00 31383032334D303138363231            
21/10/23 09:04:22 0280 1                  44.959908 8.939572 00 00 31383032334D303138343332            
21/10/23 09:05:03 0281 1                  44.959848 8.939745 00 00 31383032334D303138353935            
21/10/23 09:06:24 0282 1                  44.960345 8.939143 00 00 31383032334D303138343730            
21/10/23 09:06:34 0283 1                  44.960347 8.939142 00 00 31383032334D303034343130            
21/10/23 09:07:32 0284 1                  44.960440 8.938995 00 00 31383032334D303138363438            
21/10/23 09:07:41 0285 1                  44.960442 8.938995 00 00 31383032334D303138363236            
21/10/23 09:08:12 0286 1                  44.960450 8.939018 00 00 31383032334D303137353237            
21/10/23 09:08:59 0287 1                  44.960510 8.938848 00 00 31383032334D303138363436            
21/10/23 09:09:32 0288 1                  44.960632 8.938448 00 00 31383032334D303138343733            
21/10/23 09:09:45 0289 1                  44.960620 8.938438 00 00 31383032334D303137373534            
21/10/23 09:10:28 0290 1                  44.960650 8.937947 00 00 31383032334D303138343232            
21/10/23 09:11:01 0291 1                  44.960438 8.937665 00 00 31383032334D303033323237            
21/10/23 09:11:29 0292 1                  44.960330 8.937553 00 00 31383032334D303034353434            
21/10/23 09:12:05 0293 1                  44.960137 8.937378 00 00 31383032334D303137373530            
21/10/23 09:20:20 0294 1                  44.927017 8.896770 00 00 E2806F120000000227C9BC5A            
21/10/23 10:00:54 0295 1                  44.920637 8.853342 00 00 30395DFA82E0740000190EAA            
21/10/23 10:14:36 0296 1                  44.882480 8.860148 00 00 3231303234304A3032373630            
21/10/23 10:20:22 0000 s 01487ver01 44.882282 8.860233 00 00
