12/10/23 05:05:05 0000 s 01509ver01 44.792592 8.739343 00 00
12/10/23 05:24:15 0001 1                  44.836658 8.610802 00 00 3138313130304A3030303237            
12/10/23 05:25:57 0002 1                  44.836200 8.609137 00 00 313831323045303132363131            
12/10/23 05:25:57 0003 1                  44.836200 8.609137 00 00 303614440421B780037F2815            
12/10/23 05:27:11 0004 1                  44.836850 8.606528 00 00 313831323045303134343935            
12/10/23 05:28:13 0005 1                  44.837117 8.606263 00 00 313831323045303134303738            
12/10/23 05:31:41 0006 1                  44.841343 8.591398 00 00 940100116001546000015460            
12/10/23 05:31:42 0007 1                  44.841342 8.591397 00 00 3231313130304A3031353531            
12/10/23 05:36:05 0008 1                  44.841723 8.584383 00 00 313831323045303133323635            
12/10/23 05:37:14 0009 1                  44.841795 8.584873 00 00 313831323045303133323534            
12/10/23 05:38:15 0010 1                  44.841752 8.585833 00 00 313931323043303033393032            
12/10/23 05:38:23 0011 1                  44.841753 8.585833 00 00 313831323045303132393631            
12/10/23 05:39:30 0012 1                  44.841543 8.586338 00 00 313831323045303133323235            
12/10/23 05:40:12 0013 1                  44.841425 8.586587 00 00 313831323045303135313730            
12/10/23 05:41:03 0014 1                  44.841343 8.586968 00 00 313831323045303134353131            
12/10/23 05:42:11 0015 1                  44.841010 8.588343 00 00 313831323045303135313732            
12/10/23 05:42:18 0016 1                  44.841013 8.588340 00 00 313831323045303135323439            
12/10/23 05:43:42 0017 1                  44.841133 8.589138 00 00 313931323043303039383735            
12/10/23 05:45:11 0018 1                  44.842600 8.588430 00 00 303ACB03403B095AC688D7CC            
12/10/23 05:45:11 0019 1                  44.842600 8.588430 00 00 303ACA49837E0C209E6270FC            
12/10/23 05:45:12 0020 1                  44.842600 8.588430 00 00 313831323045303131313732            
12/10/23 05:45:12 0021 1                  44.842602 8.588428 00 00 313831323045303132373936            
12/10/23 05:45:12 0022 1                  44.842602 8.588428 00 00 303ACA498389ECDAC68957B3            
12/10/23 05:45:13 0023 1                  44.842602 8.588428 00 00 303ACA49838267209E869997            
12/10/23 05:47:15 0024 1                  44.842450 8.586432 00 00 313831323045303134323039            
12/10/23 05:48:18 0025 1                  44.842415 8.586233 00 00 313831323045303134313334            
12/10/23 05:49:18 0026 1                  44.842360 8.585757 00 00 313831323045303131343339            
12/10/23 05:50:17 0027 1                  44.842355 8.585478 00 00 313832343045303035333035            
12/10/23 05:50:45 0028 1                  44.842292 8.585467 00 00 313831323045303132383439            
12/10/23 05:50:46 0029 1                  44.842290 8.585467 00 00 313831323045303132373634            
12/10/23 05:51:50 0030 1                  44.841982 8.584677 00 00 313831323045303133313630            
12/10/23 05:54:07 0031 1                  44.842715 8.581682 00 00 313831323045303134363335            
12/10/23 05:54:33 0032 1                  44.842693 8.581682 00 00 313831323045303132393037            
12/10/23 05:54:35 0033 1                  44.842693 8.581682 00 00 313831323045303039383331            
12/10/23 05:55:59 0034 1                  44.842515 8.581282 00 00 313831323045303136373031            
12/10/23 05:56:02 0035 1                  44.842517 8.581280 00 00 30395DFA82C041800015D489            
12/10/23 05:56:04 0036 1                  44.842518 8.581278 00 00 3035EBC53C4081C000000081            
12/10/23 05:56:53 0037 1                  44.842552 8.581070 00 00 313831323045303133333731            
12/10/23 05:56:53 0038 1                  44.842552 8.581070 00 00 3034F8371C28130076500049            
12/10/23 05:56:53 0039 1                  44.842552 8.581070 00 00 3034F8371C2813298FABE241            
12/10/23 05:58:03 0040 1                  44.842595 8.580685 00 00 313831323045303133333733            
12/10/23 05:58:57 0041 1                  44.842602 8.580445 00 00 313831323045303133333734            
12/10/23 05:58:59 0042 1                  44.842598 8.580445 00 00 30396061C3C5B682542294E0            
12/10/23 05:59:01 0043 1                  44.842595 8.580445 00 00 30395DFA82C42E400008F417            
12/10/23 05:59:56 0044 1                  44.842680 8.580005 00 00 313831323045303134313638            
12/10/23 05:59:58 0045 1                  44.842680 8.580005 00 00 313831323045303134313636            
12/10/23 05:59:59 0046 1                  44.842682 8.580003 00 00 3034F83728123D8AB41DC05B            
12/10/23 06:01:27 0047 1                  44.842472 8.579293 00 00 313831323045303134343334            
12/10/23 06:01:29 0048 1                  44.842472 8.579293 00 00 313831323045303039343137            
12/10/23 06:02:03 0049 1                  44.842485 8.579295 00 00 323031313030433030353738            
12/10/23 06:03:25 0050 1                  44.842667 8.578737 00 00 313831323045303134353139            
12/10/23 06:04:58 0051 1                  44.842873 8.577343 00 00 313831323045303039383234            
12/10/23 06:05:00 0052 1                  44.842875 8.577343 00 00 313831323045303133353837            
12/10/23 06:07:03 0053 1                  44.842568 8.576795 00 00 313831323045303133333034            
12/10/23 06:07:11 0054 1                  44.842570 8.576783 00 00 313831323045303131323836            
12/10/23 06:07:38 0055 1                  44.842580 8.576748 00 00 313831323045303132393430            
12/10/23 06:07:40 0056 1                  44.842580 8.576747 00 00 313831323045303131323839            
12/10/23 06:07:42 0057 1                  44.842582 8.576745 00 00 3035EBBC543D0F000BCAB00C            
12/10/23 06:07:44 0058 1                  44.842582 8.576745 00 00 30396061C3BCB3800009BE3A            
12/10/23 06:08:10 0059 1                  44.842552 8.576785 00 00 31383033304D303032323634            
12/10/23 06:09:21 0060 1                  44.842733 8.576698 00 00 313831323045303133383839            
12/10/23 06:09:47 0061 1                  44.842728 8.576697 00 00 313831323045303133383535            
12/10/23 06:11:21 0062 1                  44.842577 8.576130 00 00 313831323045303133333934            
12/10/23 06:11:21 0063 1                  44.842577 8.576130 00 00 313831323045303134333231            
12/10/23 06:11:24 0064 1                  44.842580 8.576128 00 00 303960624367B4C00022C9FE            
12/10/23 06:12:39 0065 1                  44.842392 8.575652 00 00 313831323045303135313139            
12/10/23 06:13:43 0066 1                  44.842325 8.575457 00 00 313831323045303133373534            
12/10/23 06:13:43 0067 1                  44.842325 8.575457 00 00 313831323045303134323731            
12/10/23 06:14:51 0068 1                  44.842200 8.575088 00 00 313831323045303133383136            
12/10/23 06:15:50 0069 1                  44.842097 8.574827 00 00 313831323045303133333932            
12/10/23 06:15:52 0070 1                  44.842095 8.574825 00 00 3034F722D42AC84261179F49            
12/10/23 06:15:52 0071 1                  44.842095 8.574825 00 00 313831323045303135313739            
12/10/23 06:16:35 0072 1                  44.842035 8.574687 00 00 313832343045303035303539            
12/10/23 06:16:51 0073 1                  44.842062 8.574693 00 00 313832343045303035303632            
12/10/23 06:19:14 0074 1                  44.842927 8.577630 00 00 323031313030433030333032            
12/10/23 06:19:14 0075 1                  44.842927 8.577630 00 00 323031313030433030333032            
12/10/23 06:21:14 0076 1                  44.843103 8.582297 00 00 313831323045303135313331            
12/10/23 06:21:15 0077 1                  44.843103 8.582297 00 00 313831323045303135313435            
12/10/23 06:21:47 0078 1                  44.843078 8.582290 00 00 313831323045303134343033            
12/10/23 06:21:47 0079 1                  44.843078 8.582290 00 00 313931323043303032393333            
12/10/23 06:22:58 0080 1                  44.843317 8.582437 00 00 313831323045303132393236            
12/10/23 06:22:58 0081 1                  44.843317 8.582437 00 00 313831323045303134363135            
12/10/23 06:23:29 0082 1                  44.843353 8.582423 00 00 31383033304D303032323839            
12/10/23 06:23:35 0083 1                  44.843363 8.582422 00 00 3231303033304D3031393433            
12/10/23 06:23:51 0084 1                  44.843377 8.582427 00 00 31383033304D303032333037            
12/10/23 06:23:57 0085 1                  44.843373 8.582428 00 00 31383033304D303032383437            
12/10/23 06:24:48 0086 1                  44.843477 8.582555 00 00 313831323045303133333937            
12/10/23 06:26:08 0087 1                  44.844457 8.583687 00 00 313831323045303134323534            
12/10/23 06:26:08 0088 1                  44.844457 8.583687 00 00 313831323045303134323931            
12/10/23 06:27:39 0089 1                  44.843503 8.584808 00 00 30396061C3BF95C00027AD98            
12/10/23 06:27:44 0090 1                  44.843500 8.584807 00 00 313831323045303133323436            
12/10/23 06:27:45 0091 1                  44.843500 8.584805 00 00 353831323045303134323839            
12/10/23 06:27:47 0092 1                  44.843498 8.584803 00 00 30396061C3BF95C00027AD99            
12/10/23 06:27:47 0093 1                  44.843498 8.584803 00 00 30396061C3BF95C000286E05            
12/10/23 06:28:22 0094 1                  44.843488 8.584800 00 00 313831323045303134323535            
12/10/23 06:28:22 0095 1                  44.843488 8.584800 00 00 313831323045303132343437            
12/10/23 06:28:22 0096 1                  44.843488 8.584800 00 00 30395DFA836DC7C0001F04B1            
12/10/23 06:28:58 0097 1                  44.843490 8.584795 00 00 313831323045303134323736            
12/10/23 06:30:15 0098 1                  44.843155 8.586067 00 00 313831323045303134343232            
12/10/23 06:31:22 0099 1                  44.843153 8.586608 00 00 313831323045303134343134            
12/10/23 06:31:22 0100 1                  44.843153 8.586608 00 00 3039606203C2864210925EFB            
12/10/23 06:31:25 0101 1                  44.843152 8.586607 00 00 3039606203C0B9400019B241            
12/10/23 06:31:25 0102 1                  44.843152 8.586607 00 00 3039606203C7FE4248D84A37            
12/10/23 06:31:30 0103 1                  44.843155 8.586607 00 00 313831323045303134333938            
12/10/23 06:32:24 0104 1                  44.843170 8.586895 00 00 313931323043303033363937            
12/10/23 06:33:19 0105 1                  44.843290 8.587380 00 00 313831323045303134343137            
12/10/23 06:34:14 0106 1                  44.843242 8.587820 00 00 313831323045303135303137            
12/10/23 06:36:07 0107 1                  44.843553 8.589352 00 00 313832343045303035323136            
12/10/23 06:38:35 0108 1                  44.843495 8.588708 00 00 313831323045303135333736            
12/10/23 06:39:42 0109 1                  44.843452 8.588363 00 00 313831323045303133383233            
12/10/23 06:41:09 0110 1                  44.843127 8.584947 00 00 313831323045303134343139            
12/10/23 06:42:27 0111 1                  44.843010 8.584320 00 00 313831323045303134343135            
12/10/23 06:42:27 0112 1                  44.843010 8.584320 00 00 313831323045303134363931            
12/10/23 06:44:20 0113 1                  44.843017 8.583672 00 00 313931323043303039313131            
12/10/23 06:44:32 0114 1                  44.843030 8.583665 00 00 3039606203C0C5800031927D            
12/10/23 06:44:33 0115 1                  44.843033 8.583663 00 00 3039606203C13A40001925C1            
12/10/23 06:44:33 0116 1                  44.843033 8.583663 00 00 303ACA4983B8A459D8B62D37            
12/10/23 06:46:56 0117 1                  44.845302 8.582492 00 00 313831323045303134313631            
12/10/23 06:48:12 0118 1                  44.845418 8.582255 00 00 313831323045303134313537            
12/10/23 06:49:19 0119 1                  44.845572 8.581898 00 00 313831323045303134323031            
12/10/23 06:50:31 0120 1                  44.845773 8.581475 00 00 313831323045303131303637            
12/10/23 06:50:34 0121 1                  44.845773 8.581473 00 00 30340BC9E852A2415877A804            
12/10/23 06:51:24 0122 1                  44.845903 8.581227 00 00 313831323045303134323539            
12/10/23 06:51:37 0123 1                  44.845915 8.581233 00 00 313831323045303133323632            
12/10/23 06:53:01 0124 1                  44.846168 8.580863 00 00 313831323045303134313736            
12/10/23 06:54:23 0125 1                  44.845913 8.580783 00 00 313831323045303135333735            
12/10/23 06:54:23 0126 1                  44.845913 8.580783 00 00 313831323045303135303134            
12/10/23 06:56:01 0127 1                  44.845713 8.580787 00 00 313831323045303135323839            
12/10/23 06:56:01 0128 1                  44.845713 8.580787 00 00 3034F836F04B6C0095B00082            
12/10/23 06:56:02 0129 1                  44.845713 8.580787 00 00 30395DFA82E4E5C0001D68B1            
12/10/23 06:56:03 0130 1                  44.845717 8.580790 00 00 313831323045303131303635            
12/10/23 06:56:05 0131 1                  44.845718 8.580795 00 00 30395DFA82C040800016ABE3            
12/10/23 06:57:16 0132 1                  44.845495 8.580675 00 00 313831323045303135333035            
12/10/23 06:58:12 0133 1                  44.845238 8.580623 00 00 313831323045303132393932            
12/10/23 06:59:22 0134 1                  44.844848 8.580607 00 00 313931323043303133323535            
12/10/23 06:59:24 0135 1                  44.844847 8.580605 00 00 313831323045303134333732            
12/10/23 07:00:10 0136 1                  44.844848 8.580582 00 00 3138313130304A3030303435            
12/10/23 07:01:48 0137 1                  44.844742 8.580573 00 00 313831323045303134313430            
12/10/23 07:01:50 0138 1                  44.844742 8.580575 00 00 08C806A5B74C29C01D8036AC            
12/10/23 07:01:52 0139 1                  44.844742 8.580578 00 00 30396062C392AB40002D8012            
12/10/23 07:01:52 0140 1                  44.844742 8.580578 00 00 0848AF18F26269C007C0FA37            
12/10/23 07:02:43 0141 1                  44.844740 8.580628 00 00 3233313130304A3030313438            
12/10/23 07:04:15 0142 1                  44.844695 8.580593 00 00 3138313130304A3030303437            
12/10/23 07:07:00 0143 1                  44.844500 8.580552 00 00 313831323245303135313132            
12/10/23 07:07:00 0144 1                  44.844500 8.580552 00 00 313831323045303131383732            
12/10/23 07:10:07 0145 1                  44.846198 8.581090 00 00 313831323045303134373433            
12/10/23 07:10:07 0146 1                  44.846198 8.581090 00 00 313831323045303134313830            
12/10/23 07:11:31 0147 1                  44.846607 8.581060 00 00 313831323045303135323836            
12/10/23 07:11:33 0148 1                  44.846608 8.581057 00 00 313831323045303134353530            
12/10/23 07:12:07 0149 1                  44.846637 8.581035 00 00 313831323045303134363536            
12/10/23 07:13:34 0150 1                  44.846895 8.580705 00 00 313831323045303134353532            
12/10/23 07:14:54 0151 1                  44.847237 8.580298 00 00 30396061C3BF94C00023BB88            
12/10/23 07:14:54 0152 1                  44.847237 8.580298 00 00 313831323045303132373431            
12/10/23 07:14:57 0153 1                  44.847237 8.580298 00 00 30395DFA83218001DF6B5B1C            
12/10/23 07:15:14 0154 1                  44.847230 8.580322 00 00 313831323045303134353533            
12/10/23 07:16:22 0155 1                  44.847555 8.579920 00 00 313831323045303134363231            
12/10/23 07:16:26 0156 1                  44.847557 8.579920 00 00 313831323045303134373030            
12/10/23 07:17:23 0157 1                  44.847748 8.579667 00 00 313831323045303134373033            
12/10/23 07:18:23 0158 1                  44.847953 8.579348 00 00 313831323045303134373031            
12/10/23 07:20:00 0159 1                  44.848572 8.578023 00 00 313831323045303135313032            
12/10/23 07:22:54 0160 1                  44.848755 8.577853 00 00 313831323045303133383836            
12/10/23 07:22:55 0161 1                  44.848755 8.577855 00 00 313831323045303134333632            
12/10/23 07:22:57 0162 1                  44.848755 8.577857 00 00 30326279A4024040001D46B2            
12/10/23 07:24:30 0163 1                  44.848785 8.577295 00 00 313831323045303134333933            
12/10/23 07:25:42 0164 1                  44.848638 8.577125 00 00 313831323045303131343532            
12/10/23 07:25:42 0165 1                  44.848638 8.577125 00 00 313831323045303134347734            
12/10/23 07:25:43 0166 1                  44.848638 8.577125 00 00 313831323045303134343734            
12/10/23 07:25:46 0167 1                  44.848635 8.577118 00 00 31383132304530313434F734            
12/10/23 07:27:36 0168 1                  44.848280 8.576378 00 00 313831323045303039373337            
12/10/23 07:29:42 0169 1                  44.848435 8.576123 00 00 313931313030433030333535            
12/10/23 07:31:09 0170 1                  44.848425 8.576153 00 00 3138313130304A3030313337            
12/10/23 07:32:10 0171 1                  44.848430 8.576118 00 00 3138313130304A3030313338            
12/10/23 07:42:17 0172 1                  44.847340 8.577243 00 00 313831323045303134353238            
12/10/23 07:42:26 0173 1                  44.847348 8.577242 00 00 313831323045303039373334            
12/10/23 07:42:27 0174 1                  44.847348 8.577242 00 00 30396061C3BF94C00023BB88            
12/10/23 07:49:33 0000 s 01509ver01 44.847142 8.576922 00 00
12/10/23 07:50:36 0175 1                  44.847578 8.577282 00 00 313831323045303134373131            
12/10/23 07:52:17 0176 1                  44.848662 8.578702 00 00 313831323045303135313437            
12/10/23 07:53:10 0177 1                  44.848750 8.578887 00 00 313831323045303039343937            
12/10/23 07:54:00 0178 1                  44.848813 8.579080 00 00 313831323045303132393634            
12/10/23 07:55:49 0179 1                  44.849048 8.579480 00 00 313831323045303134373535            
12/10/23 07:55:49 0180 1                  44.849048 8.579480 00 00 30396062436AD7C00020AF12            
12/10/23 07:55:51 0181 1                  44.849050 8.579482 00 00 313831323045303135303132            
12/10/23 07:57:31 0182 1                  44.849723 8.580755 00 00 313831323045303130353937            
12/10/23 07:58:42 0183 1                  44.849765 8.581013 00 00 313831323045303132373933            
12/10/23 07:58:47 0184 1                  44.849767 8.581010 00 00 30396061C3BF94C00023BB88            
12/10/23 07:59:58 0185 1                  44.849828 8.581403 00 00 3138313130304A3030313330            
12/10/23 08:00:52 0186 1                  44.849788 8.581452 00 00 313831323045303132373835            
12/10/23 08:02:43 0187 1                  44.849863 8.581847 00 00 313831323045303132373837            
12/10/23 08:02:52 0188 1                  44.849865 8.581837 00 00 313831323045303132373931            
12/10/23 08:04:01 0189 1                  44.849948 8.582560 00 00 313831323045303132373738            
12/10/23 08:05:55 0190 1                  44.850588 8.588308 00 00 313831323045303132373437            
12/10/23 08:09:46 0191 1                  44.854352 8.605383 00 00 313831323045303132373836            
12/10/23 08:15:33 0192 1                  44.859917 8.605612 00 00 313831323045303135303436            
12/10/23 08:15:36 0193 1                  44.859917 8.605612 00 00 313831323045303134383637            
12/10/23 08:17:56 0194 1                  44.857542 8.608928 00 00 313831323045303132373739            
12/10/23 08:18:18 0195 1                  44.857540 8.608933 00 00 30396061C3BF95C000286E05            
12/10/23 08:23:21 0196 1                  44.850057 8.579748 00 00 313831323045303134353331            
12/10/23 08:23:33 0197 1                  44.850057 8.579745 00 00 313831323045303135303231            
12/10/23 08:25:03 0198 1                  44.850775 8.579618 00 00 313831323045303135323931            
12/10/23 08:26:12 0199 1                  44.851050 8.580138 00 00 313831323045303134393738            
12/10/23 08:27:32 0200 1                  44.851335 8.580750 00 00 313831323045303134383534            
12/10/23 08:29:10 0201 1                  44.853267 8.583048 00 00 313831323045303134363633            
12/10/23 08:29:13 0202 1                  44.853265 8.583050 00 00 30396061C3BF95C000286E05            
12/10/23 08:32:43 0203 1                  44.854112 8.583685 00 00 313831323045303134343436            
12/10/23 08:34:50 0204 1                  44.851217 8.578222 00 00 313831323045303134393734            
12/10/23 08:38:19 0205 1                  44.848942 8.576382 00 00 3138313130304A3030313334            
12/10/23 08:39:48 0206 1                  44.848917 8.576385 00 00 3138313130304A3030303338            
12/10/23 08:41:15 0207 1                  44.848915 8.576403 00 00 3138313130304A3030303335            
12/10/23 08:42:46 0208 1                  44.848912 8.576378 00 00 3138313130304A3030303336            
12/10/23 08:43:43 0209 1                  44.848922 8.576417 00 00 3138313130304A3030303234            
12/10/23 08:45:09 0210 1                  44.848928 8.576413 00 00 3138313130304A3030303334            
12/10/23 08:46:19 0211 1                  44.848903 8.576390 00 00 3138313130304A3030303134            
12/10/23 08:47:34 0212 1                  44.848907 8.576407 00 00 3138313130304A3030303332            
12/10/23 08:52:10 0213 1                  44.848992 8.575390 00 00 313831323045303134373233            
12/10/23 08:52:36 0214 1                  44.848983 8.575347 00 00 313831323045303133383333            
12/10/23 08:59:02 0215 1                  44.847685 8.575632 00 00 313831323045303134383938            
12/10/23 08:59:05 0216 1                  44.847683 8.575627 00 00 30396061C3C51701E7AF43A5            
12/10/23 09:00:05 0217 1                  44.847573 8.575808 00 00 313931323043303038363132            
12/10/23 09:01:22 0218 1                  44.847225 8.576260 00 00 31383033304D303033323239            
12/10/23 09:01:47 0219 1                  44.847248 8.576307 00 00 313831323045303134383738            
12/10/23 09:11:51 0220 1                  44.858250 8.549352 00 00 3138313130304A3030313430            
12/10/23 09:12:53 0221 1                  44.858238 8.549335 00 00 3138313130304A3030313934            
12/10/23 09:15:48 0222 1                  44.855598 8.546612 00 00 3138313130304A3030303036            
12/10/23 09:17:24 0223 1                  44.856373 8.546100 00 00 3138313130304A3030313030            
12/10/23 09:21:37 0224 1                  44.855112 8.545050 00 00 3138313130304A3030303935            
12/10/23 09:22:22 0225 1                  44.855100 8.545072 00 00 3138313130304A3030313235            
12/10/23 09:23:53 0226 1                  44.854958 8.544900 00 00 313831313030533030323536            
12/10/23 09:25:28 0227 1                  44.854645 8.544713 00 00 313831313030533030323539            
12/10/23 09:26:58 0228 1                  44.854478 8.544505 00 00 3138313130304A3030303131            
12/10/23 09:27:59 0229 1                  44.854480 8.544502 00 00 3138313130304A3030313236            
12/10/23 09:29:35 0230 1                  44.854102 8.544193 00 00 313831313030533030323533            
12/10/23 09:30:21 0231 1                  44.854037 8.544185 00 00 313831313030533030323332            
12/10/23 09:31:54 0232 1                  44.853932 8.544158 00 00 3138313130304A3030313830            
12/10/23 09:37:17 0233 1                  44.853325 8.543662 00 00 313831313030533030323534            
12/10/23 09:39:04 0234 1                  44.852958 8.543423 00 00 3138313130304A3070303132            
12/10/23 09:45:29 0235 1                  44.855292 8.546713 00 00 3231313130304A3032343930            
12/10/23 10:02:14 0236 1                  44.855948 8.547985 00 00 313831323045303132383139            
12/10/23 10:02:14 0237 1                  44.855948 8.547985 00 00 313831323045303132353533            
12/10/23 10:02:16 0238 1                  44.855952 8.547985 00 00 30395DFA82D14D40001D4907            
12/10/23 10:57:41 0000 s 01509ver01 44.792960 8.739710 00 00
