13/10/23 04:53:15 0000 s 01506ver01 44.792680 8.739357 00 00
13/10/23 05:15:35 0001 1                  44.732708 8.831605 00 00 3231303234304A3034333834            
13/10/23 05:15:35 0002 1                  44.732708 8.831605 00 00 323031323055303030303939            
13/10/23 05:15:35 0003 1                  44.732708 8.831605 00 00 300ED89F335001401DF34147            
13/10/23 05:17:13 0004 1                  44.732673 8.832123 00 00 3231303234304A3034333330            
13/10/23 05:19:25 0005 1                  44.735740 8.830748 00 00 3231303132304A3037363137            
13/10/23 05:20:04 0006 1                  44.735735 8.830720 00 00 3231303234304A3031303838            
13/10/23 05:20:13 0007 1                  44.735742 8.830708 00 00 323031323055303030303936            
13/10/23 05:25:36 0008 1                  44.730900 8.842008 00 00 3231303234304A3034333631            
13/10/23 05:26:40 0009 1                  44.730967 8.842347 00 00 3231303132304A3037343133            
13/10/23 05:28:11 0010 1                  44.729803 8.843807 00 00 31383032334D303134353438            
13/10/23 05:28:59 0011 1                  44.729877 8.843580 00 00 31383032334D303134353338            
13/10/23 05:30:30 0012 1                  44.730147 8.842417 00 00 31383032334D303037373630            
13/10/23 05:31:01 0013 1                  44.729933 8.842582 00 00 31383032334D303134373433            
13/10/23 05:32:26 0014 1                  44.730498 8.843420 00 00 31383234304A303030323039            
13/10/23 05:35:20 0015 1                  44.729542 8.850782 00 00 31383234304A303030333134            
13/10/23 05:37:05 0016 1                  44.728937 8.852300 00 00 3231303032334D3032383234            
13/10/23 05:37:09 0017 1                  44.728942 8.852297 00 00 31383032334D303139313036            
13/10/23 05:37:11 0018 1                  44.728943 8.852293 00 00 3232303032334D3030353031            
13/10/23 05:37:15 0019 1                  44.728942 8.852290 00 00 31383032334D303037393931            
13/10/23 05:37:25 0020 1                  44.728947 8.852292 00 00 31383032334D303139353739            
13/10/23 05:41:00 0021 1                  44.710213 8.861048 00 00 31383032334D303038323731            
13/10/23 05:41:58 0022 1                  44.708963 8.861520 00 00 31383032334D303038313336            
13/10/23 05:42:03 0023 1                  44.708963 8.861522 00 00 31383032334D303038313835            
13/10/23 05:42:35 0024 1                  44.708697 8.861633 00 00 31383032334D303038303334            
13/10/23 05:45:07 0025 1                  44.707640 8.862798 00 00 31383032334D303036343933            
13/10/23 05:45:53 0026 1                  44.708347 8.862113 00 00 31383032334D303038303838            
13/10/23 05:47:14 0027 1                  44.709620 8.861453 00 00 3231303132304A3037363232            
13/10/23 05:47:22 0028 1                  44.709623 8.861455 00 00 31383032334D303139333939            
13/10/23 05:59:57 0029 1                  44.731617 8.843985 00 00 31383032334D303131313832            
13/10/23 06:01:08 0030 1                  44.732013 8.841877 00 00 3231303132304A3037363231            
13/10/23 06:03:09 0031 1                  44.732437 8.840972 00 00 323032343055303030313135            
13/10/23 06:04:54 0032 1                  44.732053 8.840750 00 00 31383032334D303139373035            
13/10/23 06:04:54 0033 1                  44.732053 8.840750 00 00 300ED89F335001401DF34147            
13/10/23 06:05:52 0034 1                  44.732477 8.840713 00 00 31383032334D303139303938            
13/10/23 06:05:58 0035 1                  44.732477 8.840712 00 00 323031323055303030303831            
13/10/23 06:08:11 0036 1                  44.730085 8.844242 00 00 31383032334D303130333537            
13/10/23 06:08:15 0037 1                  44.730093 8.844247 00 00 31383032334D303130333538            
13/10/23 06:08:24 0038 1                  44.730097 8.844250 00 00 31383032334D303036373535            
13/10/23 06:09:49 0039 1                  44.729580 8.844242 00 00 31383032334D303131333536            
13/10/23 06:10:30 0040 1                  44.729407 8.844108 00 00 31383032334D303130333034            
13/10/23 06:10:30 0041 1                  44.729407 8.844108 00 00 31383032334D303134363739            
13/10/23 06:10:34 0042 1                  44.729400 8.844108 00 00 31383032334D303134373432            
13/10/23 06:11:30 0043 1                  44.729303 8.844038 00 00 31383032334D303139363239            
13/10/23 06:12:16 0044 1                  44.729060 8.843918 00 00 31383032334D303130313831            
13/10/23 06:12:20 0045 1                  44.729050 8.843912 00 00 323030323545303033363739            
13/10/23 06:13:06 0046 1                  44.729067 8.843640 00 00 31383032334D303139323234            
13/10/23 06:13:12 0047 1                  44.729065 8.843643 00 00 31383032334D303038313131            
13/10/23 06:13:53 0048 1                  44.728788 8.843918 00 00 31383032334D303130383137            
13/10/23 06:14:30 0049 1                  44.728638 8.843845 00 00 31383032334D303130383133            
13/10/23 06:14:42 0050 1                  44.728630 8.843840 00 00 31383032334D303130383138            
13/10/23 06:15:23 0051 1                  44.728473 8.843748 00 00 31383032334D303134363331            
13/10/23 06:15:55 0052 1                  44.728342 8.843740 00 00 31383032334D303130323930            
13/10/23 06:16:28 0053 1                  44.727873 8.843635 00 00 31383032334D303134363639            
13/10/23 06:16:57 0054 1                  44.727682 8.843557 00 00 31383032334D303134343732            
13/10/23 06:17:34 0055 1                  44.727402 8.843460 00 00 31383032334D303130383132            
13/10/23 06:18:10 0056 1                  44.727387 8.842858 00 00 31383032334D303134343639            
13/10/23 06:18:21 0057 1                  44.727398 8.842857 00 00 31383032334D303037383734            
13/10/23 06:20:13 0058 1                  44.727993 8.842800 00 00 3232303032334D3031343336            
13/10/23 06:21:25 0059 1                  44.726765 8.843047 00 00 31383032334D303134383030            
13/10/23 06:21:25 0060 1                  44.726765 8.843047 00 00 31383032334D303134343738            
13/10/23 06:22:37 0061 1                  44.727265 8.844242 00 00 31383032334D303134363438            
13/10/23 06:24:37 0062 1                  44.726227 8.844217 00 00 31383032334D303134343833            
13/10/23 06:25:10 0063 1                  44.726518 8.844410 00 00 31383032334D303134343835            
13/10/23 06:25:25 0064 1                  44.726520 8.844402 00 00 323030323545303032363033            
13/10/23 06:26:06 0065 1                  44.726695 8.844448 00 00 31383032334D303134343837            
13/10/23 06:26:49 0066 1                  44.727183 8.844748 00 00 31383032334D303134363532            
13/10/23 06:26:49 0067 1                  44.727183 8.844748 00 00 31383032334D303134363236            
13/10/23 06:28:41 0068 1                  44.725595 8.844978 00 00 3232303032334D3030323732            
13/10/23 06:28:47 0069 1                  44.725588 8.844982 00 00 31383032334D303134363439            
13/10/23 06:29:33 0070 1                  44.725967 8.845322 00 00 31383032334D303134363937            
13/10/23 06:30:11 0071 1                  44.726412 8.845488 00 00 31383032334D303134363939            
13/10/23 06:30:57 0072 1                  44.727297 8.845278 00 00 31383032334D303134363237            
13/10/23 06:32:03 0073 1                  44.728183 8.845050 00 00 31383032334D303134343530            
13/10/23 06:32:11 0074 1                  44.728193 8.845047 00 00 31383032334D303134343438            
13/10/23 06:33:05 0075 1                  44.728415 8.844692 00 00 31383032334D303134343436            
13/10/23 06:34:19 0076 1                  44.727790 8.845722 00 00 31383032334D303036353739            
13/10/23 06:34:50 0077 1                  44.727603 8.846033 00 00 31383032334D303134343532            
13/10/23 06:35:03 0078 1                  44.727593 8.846037 00 00 31383032334D303038303736            
13/10/23 06:36:12 0079 1                  44.727368 8.846312 00 00 31383032334D303037363336            
13/10/23 06:36:35 0080 1                  44.727127 8.846650 00 00 31383032334D303036363136            
13/10/23 06:37:15 0081 1                  44.727013 8.846973 00 00 31383032334D303134363730            
13/10/23 06:37:22 0082 1                  44.727008 8.846975 00 00 31383032334D303038323438            
13/10/23 06:38:06 0083 1                  44.726837 8.847262 00 00 31383032334D303134363732            
13/10/23 06:38:39 0084 1                  44.726743 8.847490 00 00 31383032334D303134373937            
13/10/23 06:40:49 0085 1                  44.726318 8.846532 00 00 31383032334D303134363133            
13/10/23 06:42:05 0086 1                  44.725807 8.845667 00 00 31383032334D303134373634            
13/10/23 06:42:34 0087 1                  44.725602 8.845585 00 00 31383032334D303134363032            
13/10/23 06:42:45 0088 1                  44.725545 8.845562 00 00 31383032334D303134373633            
13/10/23 06:44:13 0089 1                  44.726625 8.846010 00 00 31383032334D303134353839            
13/10/23 06:45:51 0090 1                  44.729210 8.844358 00 00 31383032334D303036343437            
13/10/23 06:45:57 0091 1                  44.729220 8.844357 00 00 31383032334D303130383136            
13/10/23 06:46:04 0092 1                  44.729225 8.844357 00 00 313C3032334D303134373436            
13/10/23 06:46:53 0093 1                  44.728982 8.844848 00 00 31383032334D303133303834            
13/10/23 06:47:58 0094 1                  44.729418 8.845325 00 00 31383032334D303139333537            
13/10/23 06:48:59 0095 1                  44.728612 8.845905 00 00 3233303032334D3030343134            
13/10/23 06:49:03 0096 1                  44.728610 8.845905 00 00 31383032334D303134353434            
13/10/23 06:50:04 0097 1                  44.728583 8.846697 00 00 31383032334D303131313831            
13/10/23 06:50:42 0098 1                  44.727987 8.847635 00 00 31383032334D303130313835            
13/10/23 06:51:21 0099 1                  44.727645 8.848248 00 00 31383032334D303130313633            
13/10/23 06:51:22 0100 1                  44.727650 8.848255 00 00 31383032334D303130313638            
13/10/23 06:51:33 0101 1                  44.727677 8.848290 00 00 31383032334D303130303532            
13/10/23 06:51:33 0102 1                  44.727677 8.848290 00 00 31383032334D303130313631            
13/10/23 06:52:35 0103 1                  44.727732 8.847555 00 00 31383032334D303134363337            
13/10/23 06:53:08 0104 1                  44.727918 8.847208 00 00 31383032334D303134363139            
13/10/23 06:53:50 0105 1                  44.728220 8.846887 00 00 31383032334D303037393934            
13/10/23 06:54:30 0106 1                  44.728033 8.846690 00 00 31383032334D303134363433            
13/10/23 06:54:40 0107 1                  44.728023 8.846678 00 00 31383032334D303038323131            
13/10/23 06:55:43 0108 1                  44.728598 8.847403 00 00 31383032334D303037363330            
13/10/23 06:55:45 0109 1                  44.728598 8.847405 00 00 31383032334D303037373736            
13/10/23 06:55:45 0110 1                  44.728598 8.847405 00 00 3232303032334D3031343234            
13/10/23 06:55:52 0111 1                  44.728600 8.847403 00 00 31383032334D303139323637            
13/10/23 06:57:16 0112 1                  44.729855 8.847605 00 00 31383032334D303134343431            
13/10/23 06:58:10 0113 1                  44.730078 8.847350 00 00 31383032334D303038303731            
13/10/23 06:58:10 0114 1                  44.730078 8.847350 00 00 31383032334D303038303730            
13/10/23 06:58:19 0115 1                  44.730085 8.847348 00 00 31383032334D303038303732            
13/10/23 06:59:46 0116 1                  44.730257 8.847028 00 00 31383032334D303033393432            
13/10/23 06:59:48 0117 1                  44.730253 8.847030 00 00 31383032334D303036343436            
13/10/23 06:59:56 0118 1                  44.730255 8.847042 00 00 31383032334D303134343032            
13/10/23 07:01:59 0119 1                  44.730477 8.846442 00 00 31383032334D303139353839            
13/10/23 07:04:01 0120 1                  44.730568 8.846247 00 00 31383032334D303038303734            
13/10/23 07:04:55 0121 1                  44.730117 8.846967 00 00 31383032334D303038323135            
13/10/23 07:05:38 0122 1                  44.730027 8.847058 00 00 31383032334D303134363837            
13/10/23 07:07:38 0123 1                  44.729787 8.846310 00 00 3232303032334D3031373234            
13/10/23 07:07:49 0124 1                  44.729785 8.846307 00 00 31383032334D303131303938            
13/10/23 07:08:41 0125 1                  44.730132 8.845757 00 00 31383032334D303131303937            
13/10/23 07:09:38 0126 1                  44.730602 8.844908 00 00 31383032334D303331303831            
13/10/23 07:10:21 0127 1                  44.730603 8.844210 00 00 3232303032334D3030373331            
13/10/23 07:10:31 0128 1                  44.730605 8.844210 00 00 31383032334D303135313434            
13/10/23 07:10:33 0129 1                  44.730607 8.844212 00 00 31383032334D303139373433            
13/10/23 07:11:56 0130 1                  44.730858 8.843678 00 00 313831323045303039303235            
13/10/23 07:12:04 0131 1                  44.730870 8.843675 00 00 31383132304A303039303235            
13/10/23 07:14:12 0132 1                  44.730518 8.844920 00 00 31383032334D303033383636            
13/10/23 07:14:16 0133 1                  44.730520 8.844923 00 00 31383032334D303134363431            
13/10/23 07:14:19 0134 1                  44.730520 8.844925 00 00 31383032334D303134343930            
13/10/23 07:14:49 0135 1                  44.730413 8.845065 00 00 31383032334D303033383935            
13/10/23 07:14:53 0136 1                  44.730403 8.845043 00 00 31383032334D303033383637            
13/10/23 07:15:26 0137 1                  44.730158 8.845460 00 00 31383032334D303037393839            
13/10/23 07:15:54 0138 1                  44.730060 8.845672 00 00 31383032334D303033373438            
13/10/23 07:15:58 0139 1                  44.730058 8.845675 00 00 31383032334D303037373238            
13/10/23 07:16:04 0140 1                  44.730062 8.845678 00 00 31383032334D303033393434            
13/10/23 07:16:34 0141 1                  44.729843 8.846078 00 00 31383032334D303134353538            
13/10/23 07:17:15 0142 1                  44.729508 8.846610 00 00 31383032334D303134343137            
13/10/23 07:17:21 0143 1                  44.729510 8.846612 00 00 31383032334D303134353832            
13/10/23 07:18:00 0144 1                  44.729390 8.846827 00 00 31383032334D303134343736            
13/10/23 07:19:02 0145 1                  44.729042 8.847355 00 00 31383032334D303037383431            
13/10/23 07:19:39 0146 1                  44.728858 8.847750 00 00 31383032B34D303037393236            
13/10/23 07:19:42 0147 1                  44.728860 8.847753 00 00 31383032334D303037393237            
13/10/23 07:20:20 0148 1                  44.728755 8.847877 00 00 31383032334D303037363932            
13/10/23 07:20:53 0149 1                  44.728615 8.848040 00 00 31383032334D303037363933            
13/10/23 07:20:56 0150 1                  44.728612 8.848028 00 00 31383032334D303037363934            
13/10/23 07:21:00 0151 1                  44.728610 8.848018 00 00 31383032334D303037363935            
13/10/23 07:22:05 0152 1                  44.728900 8.848490 00 00 31383032334D303134373939            
13/10/23 07:24:20 0153 1                  44.727165 8.848448 00 00 323030323545303030323730            
13/10/23 07:24:22 0154 1                  44.727163 8.848447 00 00 300ED89F335001401DF34147            
13/10/23 07:24:53 0155 1                  44.727038 8.848552 00 00 31383032334D303131303130            
13/10/23 07:25:52 0156 1                  44.726878 8.848308 00 00 31383032334D303131303036            
13/10/23 07:26:16 0157 1                  44.727075 8.848085 00 00 31383032334D303131303033            
13/10/23 07:26:17 0158 1                  44.727107 8.848048 00 00 31383032334D303130383339            
13/10/23 07:27:42 0159 1                  44.726757 8.849900 00 00 31383032334D303134373537            
13/10/23 07:27:47 0160 1                  44.726758 8.849900 00 00 31383032334D303134373538            
13/10/23 07:27:51 0161 1                  44.726755 8.849903 00 00 31383032334D303134363336            
13/10/23 07:27:54 0162 1                  44.726750 8.849910 00 00 3231303032334D3032363737            
13/10/23 07:28:59 0163 1                  44.726515 8.849887 00 00 31383032334D303134373535            
13/10/23 07:31:00 0164 1                  44.727383 8.849442 00 00 31383032334D303130323731            
13/10/23 07:31:13 0165 1                  44.727392 8.849397 00 00 31383032334D303130323939            
13/10/23 07:31:14 0166 1                  44.727390 8.849397 00 00 31383032334D303130303338            
13/10/23 07:31:26 0167 1                  44.727390 8.849383 00 00 31383032334D303130323732            
13/10/23 07:32:37 0168 1                  44.728590 8.850518 00 00 31383032334D303130393933            
13/10/23 07:33:18 0169 1                  44.728942 8.850412 00 00 31383234304A303030333933            
13/10/23 07:33:26 0170 1                  44.728955 8.850408 00 00 31383032334D303130393932            
13/10/23 07:33:27 0171 1                  44.728955 8.850408 00 00 31383032334D303033393931            
13/10/23 07:34:48 0172 1                  44.729232 8.850217 00 00 31383234304A303030333936            
13/10/23 07:36:11 0173 1                  44.729433 8.849962 00 00 31383032334D303130393934            
13/10/23 07:36:16 0174 1                  44.729435 8.849958 00 00 31383032334D303130393438            
13/10/23 07:37:52 0175 1                  44.729010 8.851513 00 00 31383032334D303134363437            
13/10/23 07:37:56 0176 1                  44.729007 8.851520 00 00 31383032334D303134383332            
13/10/23 07:38:46 0177 1                  44.729048 8.851918 00 00 3231303132304A3037373739            
13/10/23 07:40:24 0178 1                  44.729163 8.851465 00 00 323032343055303030303239            
13/10/23 07:42:13 0179 1                  44.728292 8.852672 00 00 31383234304A303030323033            
13/10/23 07:43:18 0180 1                  44.728290 8.852665 00 00 3231303234304A3034353834            
13/10/23 07:43:29 0181 1                  44.728295 8.852668 00 00 3231303234304A3034323637            
13/10/23 07:44:47 0182 1                  44.728203 8.852595 00 00 323031323055303030303931            
13/10/23 07:46:44 0183 1                  44.728135 8.852480 00 00 3231303234304A3034333639            
13/10/23 07:46:47 0184 1                  44.728133 8.852488 00 00 31383234304A303030323836            
13/10/23 07:53:24 0185 1                  44.729228 8.839292 00 00 31383234304A303030333330            
13/10/23 07:55:35 0186 1                  44.731827 8.840045 00 00 31383032334D303131313835            
13/10/23 07:56:05 0187 1                  44.732033 8.839797 00 00 31383032334D303039343438            
13/10/23 07:56:38 0188 1                  44.731955 8.839430 00 00 31383032334D303039343437            
13/10/23 08:01:56 0189 1                  44.725467 8.836482 00 00 323032343055303030313635            
13/10/23 08:01:57 0190 1                  44.725472 8.836478 00 00 300ED89F335001401DF34147            
13/10/23 08:02:49 0191 1                  44.725443 8.836563 00 00 31383132304A303039303536            
13/10/23 08:07:53 0192 1                  44.712853 8.840087 00 00 31383032334D303139353237            
13/10/23 08:07:56 0193 1                  44.712853 8.840085 00 00 31383032334D303134353637            
13/10/23 08:17:13 0194 1                  44.723657 8.846832 00 00 323030323545303033343734            
13/10/23 08:18:36 0195 1                  44.727623 8.848562 00 00 31383032334D303037363936            
13/10/23 08:19:16 0196 1                  44.728005 8.847917 00 00 31383032334D303037383937            
13/10/23 08:19:21 0197 1                  44.728017 8.847923 00 00 31383032334D303130303632            
13/10/23 08:19:22 0198 1                  44.728017 8.847923 00 00 300ED89F335001401DF34147            
13/10/23 08:19:25 0199 1                  44.728022 8.847928 00 00 31383032334D303535313131            
13/10/23 08:19:25 0200 1                  44.728022 8.847928 00 00 31383032334D303135313131            
13/10/23 08:19:53 0201 1                  44.728127 8.847728 00 00 31383032334D303130333635            
13/10/23 08:19:57 0202 1                  44.728120 8.847723 00 00 3232303032334D3030323733            
13/10/23 08:20:37 0203 1                  44.728665 8.846882 00 00 31383032334D303130303231            
13/10/23 08:20:40 0204 1                  44.728667 8.846887 00 00 3232303032334D3031353932            
13/10/23 08:20:44 0205 1                  44.728667 8.846885 00 00 31383032334D303130303234            
13/10/23 08:20:46 0206 1                  44.728665 8.846883 00 00 31383032334D303037363339            
13/10/23 08:20:54 0207 1                  44.728652 8.846863 00 00 31383032334D303037363635            
13/10/23 08:21:28 0208 1                  44.728955 8.846342 00 00 31383032334D303037383238            
13/10/23 08:21:32 0209 1                  44.728957 8.846337 00 00 31383032334D303037383237            
13/10/23 08:22:17 0210 1                  44.729287 8.845867 00 00 323031323055303030313135            
13/10/23 08:23:17 0211 1                  44.729742 8.845072 00 00 31383032334D303131303338            
13/10/23 08:39:47 0000 s 01506ver01 44.743718 8.836887 00 00
13/10/23 09:12:53 0000 s 01506ver01 44.743717 8.836925 00 00
13/10/23 09:44:41 0000 s 01506ver01 44.743667 8.836915 00 00
13/10/23 09:44:47 0000 s 01506ver01 44.743667 8.836915 00 00
13/10/23 10:08:40 0212 1                  44.788203 8.747598 00 00 300ED89F335001401DF34147            
13/10/23 10:53:52 0000 s 01506ver01 44.792715 8.739378 00 00
13/10/23 11:04:01 0000 s 01506ver01 44.792685 8.739877 00 00
13/10/23 11:26:45 0213 1                  44.789125 8.630165 00 00 313832343045303030393037            
13/10/23 11:46:15 0214 1                  44.841052 8.585470 00 00 313932343056303030303634            
13/10/23 11:46:44 0215 1                  44.841033 8.585497 00 00 313932343056303030303633            
13/10/23 11:47:40 0216 1                  44.841452 8.585685 00 00 313832343045303030353534            
13/10/23 11:47:59 0217 1                  44.841443 8.585678 00 00 313832343045303032393833            
13/10/23 11:49:19 0218 1                  44.841600 8.585742 00 00 313832343045303031323230            
13/10/23 11:51:35 0219 1                  44.841600 8.583683 00 00 313832343045303031383235            
13/10/23 11:52:40 0220 1                  44.841543 8.583705 00 00 300ED89F335000A000A38B29            
13/10/23 11:56:21 0221 1                  44.844212 8.582047 00 00 313832343045303033303232            
13/10/23 11:58:20 0222 1                  44.844127 8.581883 00 00 313832343045303030393034            
13/10/23 11:59:11 0223 1                  44.843998 8.581710 00 00 313832343045303031303436            
13/10/23 12:00:22 0224 1                  44.843893 8.581577 00 00 313832343045303031303336            
13/10/23 12:02:55 0225 1                  44.844180 8.578970 00 00 313832343045303033313536            
13/10/23 12:05:40 0226 1                  44.846328 8.580322 00 00 313832343045303033313637            
13/10/23 12:05:50 0227 1                  44.846352 8.580350 00 00 3231303234304A3030333430            
13/10/23 12:07:16 0228 1                  44.846668 8.580145 00 00 323032343056303030303830            
13/10/23 12:08:21 0229 1                  44.846860 8.579798 00 00 3232303234304A3030343434            
13/10/23 12:09:26 0230 1                  44.847142 8.579448 00 00 3232303234304A3030313631            
13/10/23 12:11:05 0231 1                  44.847850 8.578462 00 00 313832343045303031383634            
13/10/23 12:11:05 0232 1                  44.847850 8.578462 00 00 3230303234304A3030333335            
13/10/23 12:11:44 0233 1                  44.847835 8.578425 00 00 313832343045303032313937            
13/10/23 12:13:51 0234 1                  44.848122 8.577083 00 00 313832343045303033313339            
13/10/23 12:16:07 0235 1                  44.847328 8.578390 00 00 313832343045303030353333            
13/10/23 12:16:08 0236 1                  44.847328 8.578390 00 00 313832343045303030353333            
13/10/23 12:19:30 0237 1                  44.846197 8.579218 00 00 313832343045303032383735            
13/10/23 12:22:04 0238 1                  44.846580 8.579102 00 00 313832343045303031303933            
13/10/23 12:23:11 0239 1                  44.846455 8.578765 00 00 313832343045303032323730            
13/10/23 12:26:07 0240 1                  44.846510 8.576167 00 00 313832343045303032373338            
13/10/23 12:28:51 0241 1                  44.844740 8.575705 00 00 313832343045303033303938            
13/10/23 12:32:47 0242 1                  44.845867 8.575997 00 00 3231303234304A3031373133            
13/10/23 12:36:23 0243 1                  44.843507 8.578857 00 00 3232303234304A3030373134            
13/10/23 12:38:22 0244 1                  44.844222 8.580675 00 00 313832343045303031303838            
13/10/23 12:39:13 0245 1                  44.844320 8.580467 00 00 000000000000000004624507            
13/10/23 12:40:44 0246 1                  44.845587 8.580178 00 00 313832343045303031333436            
13/10/23 12:51:04 0247 1                  44.839908 8.579592 00 00 31383234304A303032343631            
13/10/23 12:52:32 0248 1                  44.839143 8.579527 00 00 313832343045303030383034            
13/10/23 12:55:02 0249 1                  44.839198 8.580015 00 00 313832343045303030383938            
13/10/23 12:56:35 0250 1                  44.838652 8.579818 00 00 E2000016590A01361050B094            
13/10/23 12:57:13 0251 1                  44.838642 8.579840 00 00 300ED89F335000A000A38B29            
13/10/23 12:58:22 0252 1                  44.838395 8.579548 00 00 E200001666100088148082FB            
13/10/23 13:03:08 0253 1                  44.837107 8.574045 00 00 313832343045303031383834            
13/10/23 13:06:14 0254 1                  44.842522 8.574500 00 00 313832343045303030393438            
13/10/23 13:08:13 0255 1                  44.843035 8.574285 00 00 3230303234304A3030353930            
13/10/23 13:11:49 0256 1                  44.843802 8.575297 00 00 31383234304A303032323538            
13/10/23 13:15:06 0257 1                  44.844152 8.575583 00 00 313832343045303031353335            
13/10/23 13:18:24 0258 1                  44.844272 8.573793 00 00 313832343045303031383136            
13/10/23 13:20:17 0259 1                  44.843692 8.574797 00 00 313832343045303030373733            
13/10/23 13:25:41 0260 1                  44.849302 8.574787 00 00 323032343056303030383138            
13/10/23 13:26:40 0261 1                  44.849505 8.574333 00 00 313832343045303033303937            
13/10/23 13:28:57 0262 1                  44.850185 8.573020 00 00 3232303234304A3030313031            
13/10/23 13:29:32 0263 1                  44.850080 8.573185 00 00 313832343045303031373831            
13/10/23 13:46:35 0264 1                  44.849050 8.578322 00 00 313832343045303031393335            
13/10/23 13:47:19 0265 1                  44.849073 8.578297 00 00 313832343045303032373037            
13/10/23 13:49:29 0266 1                  44.849438 8.578200 00 00 313832343045303033333735            
13/10/23 13:50:53 0267 1                  44.849130 8.578682 00 00 313832343045303031383131            
13/10/23 13:52:54 0268 1                  44.849418 8.579097 00 00 323032343056303031383038            
13/10/23 13:54:16 0269 1                  44.849387 8.579160 00 00 313832343045303030343931            
13/10/23 13:55:41 0270 1                  44.848902 8.580045 00 00 313832343045303031363936            
13/10/23 14:00:51 0271 1                  44.846577 8.575605 00 00 313832343045303030383133            
13/10/23 14:02:47 0272 1                  44.844895 8.573897 00 00 313832343045303030373533            
13/10/23 14:06:36 0273 1                  44.843702 8.573485 00 00 313832343045303031303931            
13/10/23 14:08:31 0274 1                  44.843847 8.572277 00 00 313832343045303032383439            
13/10/23 14:09:56 0275 1                  44.843570 8.572917 00 00 313832343045303031303536            
13/10/23 14:13:33 0276 1                  44.846867 8.573845 00 00 3233303234304A3030343232            
13/10/23 14:14:40 0277 1                  44.846647 8.573600 00 00 313832343045303032323339            
13/10/23 14:16:14 0278 1                  44.846838 8.573565 00 00 3231303234304A3033363534            
13/10/23 14:17:36 0279 1                  44.846453 8.573308 00 00 313832343045303031333733            
13/10/23 14:19:07 0280 1                  44.845797 8.572267 00 00 3231303234304A3031373930            
13/10/23 14:20:30 0281 1                  44.845925 8.571428 00 00 313832343045303031373937            
13/10/23 14:22:57 0282 1                  44.845025 8.570590 00 00 313832343045303032373237            
13/10/23 14:23:48 0283 1                  44.844293 8.570410 00 00 313832343045303032373931            
13/10/23 14:25:02 0284 1                  44.843667 8.570490 00 00 3233303234304A3030333534            
13/10/23 14:25:10 0285 1                  44.843665 8.570497 00 00 3233303234304A3030333535            
13/10/23 14:26:28 0286 1                  44.843350 8.570563 00 00 313832343045303033313534            
13/10/23 14:28:49 0287 1                  44.842567 8.571683 00 00 3231303234304A3030383130            
13/10/23 14:30:25 0288 1                  44.842075 8.573002 00 00 313832343045303032343736            
13/10/23 14:33:08 0289 1                  44.841187 8.572757 00 00 313832343045303032373531            
13/10/23 14:33:43 0290 1                  44.841170 8.572753 00 00 313832343045303030363539            
13/10/23 14:35:08 0291 1                  44.840205 8.572832 00 00 313832343045303031303333            
13/10/23 14:36:11 0292 1                  44.840280 8.572933 00 00 3232303234304A3030343334            
13/10/23 14:38:10 0293 1                  44.841548 8.574433 00 00 313832343045303032303432            
13/10/23 14:42:57 0000 s 01506ver01 44.841620 8.574317 00 00
13/10/23 14:47:13 0294 1                  44.848753 8.573807 00 00 313832343045303033323237            
13/10/23 14:47:22 0295 1                  44.848755 8.573802 00 00 313832343045303032393233            
13/10/23 14:51:36 0296 1                  44.860060 8.551937 00 00 3231303234304A3033383235            
13/10/23 15:00:06 0297 1                  44.859202 8.530062 00 00 313832343045303032373533            
13/10/23 15:12:46 0298 1                  44.858212 8.549555 00 00 313832343045303030383432            
13/10/23 15:13:49 0299 1                  44.858363 8.549660 00 00 313832343045303033303333            
13/10/23 15:18:03 0300 1                  44.849087 8.572805 00 00 313832343045303032393430            
13/10/23 15:21:05 0301 1                  44.844877 8.572200 00 00 000000000000000009646381            
13/10/23 15:45:35 0000 s 01506ver01 44.840188 8.578103 00 00
13/10/23 15:48:56 0000 s 01506ver01 44.840318 8.578028 00 00
13/10/23 15:56:17 0000 s 01506ver01 44.840322 8.578038 00 00
13/10/23 16:06:57 0302 1                  44.835612 8.616858 00 00 C30C30C30C30C30C30C30C30            
13/10/23 16:08:02 0303 1                  44.835297 8.624397 00 00 414D434330303430494E3030            
13/10/23 16:25:53 0000 s 01506ver01 44.792872 8.739615 00 00
13/10/23 16:28:56 0000 s 01506ver01 44.792753 8.739363 00 00
