21/10/23 05:31:47 0000 s 01877ver01 44.882432 8.860322 00 00
21/10/23 05:52:58 0001 1                  44.967955 8.879015 00 00 323030323545303034363637            
21/10/23 05:54:27 0002 1                  44.971118 8.882043 00 00 323030323545303038363033            
21/10/23 05:56:49 0003 1                  44.971453 8.881742 00 00 323030323545303039333231            
21/10/23 05:56:54 0004 1                  44.971462 8.881735 00 00 31383032334D303035393936            
21/10/23 05:57:29 0005 1                  44.971950 8.881185 00 00 3231303032334D3030343333            
21/10/23 05:58:20 0006 1                  44.972475 8.881423 00 00 323030323545303035383231            
21/10/23 05:58:24 0007 1                  44.972483 8.881423 00 00 323030323545303035383338            
21/10/23 05:58:55 0008 1                  44.973072 8.881702 00 00 3232303032334D3031333930            
21/10/23 05:58:59 0009 1                  44.973070 8.881687 00 00 3231303032334D3032303135            
21/10/23 05:59:13 0010 1                  44.973205 8.881687 00 00 323030323545303030383839            
21/10/23 05:59:15 0011 1                  44.973245 8.881695 00 00 323030323545303030383533            
21/10/23 05:59:15 0012 1                  44.973245 8.881695 00 00 323030323545303030383838            
21/10/23 05:59:47 0013 1                  44.973357 8.881915 00 00 323030323545303030393136            
21/10/23 05:59:48 0014 1                  44.973390 8.881952 00 00 323030323545303030393139            
21/10/23 05:59:48 0015 1                  44.973390 8.881952 00 00 323030323545303030383538            
21/10/23 06:00:01 0016 1                  44.973477 8.881857 00 00 323030323545303030383539            
21/10/23 06:00:05 0017 1                  44.973482 8.881772 00 00 323030323545303030383536            
21/10/23 06:00:08 0018 1                  44.973482 8.881723 00 00 323030323545303030393138            
21/10/23 06:00:12 0019 1                  44.973483 8.881697 00 00 323030323545303030383836            
21/10/23 06:00:13 0020 1                  44.973483 8.881697 00 00 323030323545303030383634            
21/10/23 06:01:22 0021 1                  44.973990 8.881887 00 00 323030323545303035393531            
21/10/23 06:01:37 0022 1                  44.974193 8.881890 00 00 323030323545303035393036            
21/10/23 06:02:03 0023 1                  44.974660 8.881875 00 00 323030323545303030363135            
21/10/23 06:02:31 0024 1                  44.975752 8.882252 00 00 323030323545303035393937            
21/10/23 06:03:44 0025 1                  44.975463 8.881490 00 00 323030323545303038303634            
21/10/23 06:03:45 0026 1                  44.975463 8.881490 00 00 323030323545303037333936            
21/10/23 06:03:45 0027 1                  44.975452 8.881485 00 00 323030323545303038303637            
21/10/23 06:03:56 0028 1                  44.975460 8.881462 00 00 323030323545303038303636            
21/10/23 06:03:57 0029 1                  44.975460 8.881462 00 00 323030323545303038303735            
21/10/23 06:05:38 0030 1                  44.976947 8.882678 00 00 323030323545303035393636            
21/10/23 06:06:28 0031 1                  44.976500 8.882410 00 00 323030323545303035393936            
21/10/23 06:06:45 0032 1                  44.976232 8.882857 00 00 323030323545303036313733            
21/10/23 06:07:00 0033 1                  44.976177 8.882958 00 00 323030323545303036313734            
21/10/23 06:07:24 0034 1                  44.975870 8.883540 00 00 323030323545303036313534            
21/10/23 06:07:46 0035 1                  44.975747 8.884675 00 00 323030323545303036313433            
21/10/23 06:09:21 0036 1                  44.969807 8.885270 00 00 323030323545303032353031            
21/10/23 06:10:13 0037 1                  44.968767 8.884987 00 00 3231303032334D3030373938            
21/10/23 06:10:17 0038 1                  44.968737 8.885023 00 00 323030323545303035383139            
21/10/23 06:12:54 0039 1                  44.975968 8.885175 00 00 323030323545303035373835            
21/10/23 06:13:15 0040 1                  44.976325 8.885263 00 00 323030323545303033303433            
21/10/23 06:13:20 0041 1                  44.976347 8.885258 00 00 323030323545303035383332            
21/10/23 06:13:46 0042 1                  44.976958 8.885457 00 00 323030323545303032353338            
21/10/23 06:14:11 0043 1                  44.977693 8.885640 00 00 323030323545303035393535            
21/10/23 06:14:30 0044 1                  44.978018 8.885307 00 00 323030323545303035383931            
21/10/23 06:14:59 0045 1                  44.977988 8.884690 00 00 323030323545303036363235            
21/10/23 06:15:15 0046 1                  44.977835 8.884425 00 00 323030323545303030353030            
21/10/23 06:15:22 0047 1                  44.977835 8.884432 00 00 323030323545303035383235            
21/10/23 06:15:45 0048 1                  44.977790 8.884173 00 00 323030323545303032323338            
21/10/23 06:17:00 0049 1                  44.977338 8.882947 00 00 323030323545303035373734            
21/10/23 06:17:11 0050 1                  44.977357 8.883033 00 00 323030323545303035383636            
21/10/23 06:17:42 0051 1                  44.977427 8.883840 00 00 323030323545303035383831            
21/10/23 06:18:01 0052 1                  44.977240 8.884070 00 00 323030323545303032323431            
21/10/23 06:18:13 0053 1                  44.977227 8.884088 00 00 323030323545303033303839            
21/10/23 06:19:18 0054 1                  44.976882 8.884425 00 00 323030323545303033303838            
21/10/23 06:19:37 0055 1                  44.976490 8.884538 00 00 323030323545303032323238            
21/10/23 06:20:46 0056 1                  44.976272 8.885910 00 00 323030323545303036303939            
21/10/23 06:20:49 0057 1                  44.976270 8.885915 00 00 323030323545303036303938            
21/10/23 06:21:06 0058 1                  44.976393 8.885965 00 00 323030323545303032373931            
21/10/23 06:21:09 0059 1                  44.976418 8.885963 00 00 323030323545303032373936            
21/10/23 06:21:09 0060 1                  44.976418 8.885963 00 00 323030323545303032373832            
21/10/23 06:21:14 0061 1                  44.976437 8.885967 00 00 323030323545303032383632            
21/10/23 06:21:35 0062 1                  44.976590 8.886003 00 00 323030323545303032383730            
21/10/23 06:21:40 0063 1                  44.976637 8.886008 00 00 323030323545303032383638            
21/10/23 06:21:40 0064 1                  44.976637 8.886008 00 00 323030323545303032383731            
21/10/23 06:22:09 0065 1                  44.976912 8.886108 00 00 323030323545303036313537            
21/10/23 06:22:13 0066 1                  44.976928 8.886102 00 00 323030323545303032383536            
21/10/23 06:22:17 0067 1                  44.976945 8.886088 00 00 323030323545303032383537            
21/10/23 06:22:20 0068 1                  44.976950 8.886085 00 00 323030323545303032383535            
21/10/23 06:22:40 0069 1                  44.977162 8.886188 00 00 3232303032334D3031363436            
21/10/23 06:22:44 0070 1                  44.977142 8.886180 00 00 323030323545303032393139            
21/10/23 06:23:38 0071 1                  44.977685 8.886703 00 00 323030323545303032393432            
21/10/23 06:23:43 0072 1                  44.977703 8.886723 00 00 323030323545303032383338            
21/10/23 06:23:43 0073 1                  44.977703 8.886723 00 00 323030323545303032393033            
21/10/23 06:23:52 0074 1                  44.977725 8.886730 00 00 3231303032334D3031373432            
21/10/23 06:24:14 0075 1                  44.977817 8.886487 00 00 323030323545303032393034            
21/10/23 06:24:18 0076 1                  44.977812 8.886475 00 00 323030323545303030323033            
21/10/23 06:25:11 0077 1                  44.978112 8.886488 00 00 323030323545303032393634            
21/10/23 06:25:15 0078 1                  44.978120 8.886487 00 00 323030323545303032393636            
21/10/23 06:25:20 0079 1                  44.978127 8.886485 00 00 323030323545303032393633            
21/10/23 06:25:22 0080 1                  44.978122 8.886487 00 00 323030323545303032393635            
21/10/23 06:26:02 0081 1                  44.978258 8.886418 00 00 323030323545303036363232            
21/10/23 06:26:16 0082 1                  44.978285 8.886403 00 00 323030323545303036363530            
21/10/23 06:26:35 0083 1                  44.978547 8.886175 00 00 323030323545303030343533            
21/10/23 06:26:39 0084 1                  44.978570 8.886098 00 00 323030323545303030343334            
21/10/23 06:26:43 0085 1                  44.978580 8.886088 00 00 323030323545303030343534            
21/10/23 06:27:02 0086 1                  44.978632 8.885858 00 00 3232303032334D3030393532            
21/10/23 06:27:12 0087 1                  44.978617 8.885838 00 00 323030323545303032383732            
21/10/23 06:27:27 0088 1                  44.978612 8.885863 00 00 323030323545303035393133            
21/10/23 06:27:29 0089 1                  44.978618 8.885875 00 00 323030323545303032393730            
21/10/23 06:27:54 0090 1                  44.978493 8.885918 00 00 323030323545303037383632            
21/10/23 06:28:45 0091 1                  44.977838 8.885985 00 00 323030323545303036363537            
21/10/23 06:29:21 0092 1                  44.978445 8.885405 00 00 323030323545303036343833            
21/10/23 06:29:33 0093 1                  44.978435 8.885123 00 00 323030323545303037323834            
21/10/23 06:29:51 0094 1                  44.978725 8.885037 00 00 323030323545303038393637            
21/10/23 06:30:08 0095 1                  44.978788 8.884752 00 00 3231303032334D3031393934            
21/10/23 06:30:48 0096 1                  44.979093 8.884632 00 00 323031323055303030313635            
21/10/23 06:31:56 0097 1                  44.979318 8.885212 00 00 323030323545303036373636            
21/10/23 06:32:00 0098 1                  44.979333 8.885268 00 00 323030323545303036373635            
21/10/23 06:32:27 0099 1                  44.979455 8.886192 00 00 323030323545303035383538            
21/10/23 06:33:14 0100 1                  44.978797 8.888668 00 00 323030323545303035383234            
21/10/23 06:33:47 0101 1                  44.978518 8.890098 00 00 323030323545303035363030            
21/10/23 06:33:51 0102 1                  44.978512 8.890155 00 00 323030323545303035363031            
21/10/23 06:36:01 0103 1                  44.976877 8.893563 00 00 323030323545303035363037            
21/10/23 06:36:20 0104 1                  44.976988 8.893678 00 00 323030323545303030353239            
21/10/23 06:36:23 0105 1                  44.976978 8.893683 00 00 323030323545303032373935            
21/10/23 06:36:40 0106 1                  44.977113 8.893733 00 00 323030323545303036333737            
21/10/23 06:36:57 0107 1                  44.977362 8.893825 00 00 323030323545303036373137            
21/10/23 06:37:12 0108 1                  44.977532 8.893840 00 00 323030323545303036363937            
21/10/23 06:38:37 0109 1                  44.976823 8.900777 00 00 323030323545303036373638            
21/10/23 06:39:58 0110 1                  44.978052 8.894352 00 00 323030323545303036363039            
21/10/23 06:40:39 0111 1                  44.978345 8.893425 00 00 323030323545303033303034            
21/10/23 06:42:14 0112 1                  44.979158 8.892950 00 00 323030323545303036373633            
21/10/23 06:43:24 0113 1                  44.978640 8.891000 00 00 323030323545303032393132            
21/10/23 06:44:09 0114 1                  44.978950 8.889840 00 00 323030323545303032323130            
21/10/23 06:44:28 0115 1                  44.979033 8.889888 00 00 323030323545303033373730            
21/10/23 06:44:28 0116 1                  44.979033 8.889888 00 00 323030323545303032323135            
21/10/23 06:45:04 0117 1                  44.979228 8.889885 00 00 323030323545303033383039            
21/10/23 06:45:09 0118 1                  44.979248 8.889857 00 00 323030323545303033383232            
21/10/23 06:45:36 0119 1                  44.979427 8.889980 00 00 323030323545303032323336            
21/10/23 06:45:52 0120 1                  44.979530 8.889935 00 00 323030323545303033383233            
21/10/23 06:45:56 0121 1                  44.979535 8.889915 00 00 323030323545303032313337            
21/10/23 06:45:57 0122 1                  44.979538 8.889910 00 00 323030323545303033383139            
21/10/23 06:46:21 0123 1                  44.979705 8.890037 00 00 323030323545303033383330            
21/10/23 06:46:25 0124 1                  44.979712 8.890065 00 00 323030323545303033383138            
21/10/23 06:46:26 0125 1                  44.979712 8.890065 00 00 323030323545303033383332            
21/10/23 06:46:30 0126 1                  44.979733 8.890077 00 00 323030323545303033383331            
21/10/23 06:46:48 0127 1                  44.979823 8.890130 00 00 323030323545303032323936            
21/10/23 06:46:52 0128 1                  44.979842 8.890112 00 00 323030323545303032323935            
21/10/23 06:49:57 0129 1                  44.978900 8.889007 00 00 323030323545303035373932            
21/10/23 06:50:26 0130 1                  44.978882 8.888678 00 00 323030323545303035373934            
21/10/23 06:50:49 0131 1                  44.978938 8.888188 00 00 323030323545303036363830            
21/10/23 06:51:31 0132 1                  44.979288 8.886498 00 00 3232303032334D3030393932            
21/10/23 06:51:48 0133 1                  44.979362 8.886118 00 00 323030323545303032333730            
21/10/23 06:51:53 0134 1                  44.979387 8.886035 00 00 323030323545303030353834            
21/10/23 06:51:55 0135 1                  44.979373 8.886022 00 00 3232303032334D3031363530            
21/10/23 06:51:59 0136 1                  44.979367 8.885987 00 00 3232303032334D3030303630            
21/10/23 06:52:08 0137 1                  44.979383 8.885925 00 00 323030323545303030353433            
21/10/23 06:52:08 0138 1                  44.979383 8.885925 00 00 323030323545303030313936            
21/10/23 06:53:17 0139 1                  44.979642 8.885495 00 00 323030323545303032333932            
21/10/23 06:53:20 0140 1                  44.979640 8.885522 00 00 323030323545303032333935            
21/10/23 06:53:27 0141 1                  44.979635 8.885513 00 00 323030323545303032333933            
21/10/23 06:53:49 0142 1                  44.979808 8.885510 00 00 323030323545303035383733            
21/10/23 06:54:14 0143 1                  44.979972 8.885263 00 00 323030323545303036353130            
21/10/23 06:54:32 0144 1                  44.980243 8.885450 00 00 323030323545303036363138            
21/10/23 06:54:49 0145 1                  44.980433 8.885427 00 00 323030323545303036363936            
21/10/23 06:55:09 0146 1                  44.980582 8.885483 00 00 323030323545303036363930            
21/10/23 06:55:37 0147 1                  44.981225 8.885588 00 00 323030323545303035383633            
21/10/23 06:55:42 0148 1                  44.981277 8.885522 00 00 323030323545303035383637            
21/10/23 06:56:10 0149 1                  44.981412 8.885378 00 00 323030323545303035383735            
21/10/23 06:56:13 0150 1                  44.981405 8.885345 00 00 3231303032334D3035333038            
21/10/23 06:56:18 0151 1                  44.981383 8.885293 00 00 323030323545303035383736            
21/10/23 06:56:36 0152 1                  44.981467 8.885300 00 00 3232303032334D3030333435            
21/10/23 06:59:15 0153 1                  44.983253 8.885483 00 00 323030323545303036343936            
21/10/23 07:00:41 0154 1                  44.982840 8.885547 00 00 323030323545303036343735            
21/10/23 07:00:56 0155 1                  44.982817 8.885577 00 00 323030323545303036343736            
21/10/23 07:01:31 0156 1                  44.982727 8.885280 00 00 323030323545303032323838            
21/10/23 07:01:33 0157 1                  44.982717 8.885273 00 00 323030323545303033303933            
21/10/23 07:01:40 0158 1                  44.982693 8.885258 00 00 323030323545303033303935            
21/10/23 07:02:02 0159 1                  44.982790 8.885127 00 00 323030323545303036343435            
21/10/23 07:02:02 0160 1                  44.982790 8.885127 00 00 323030323545303036343435            
21/10/23 07:02:09 0161 1                  44.982808 8.885133 00 00 3232303032334D3031393439            
21/10/23 07:02:48 0162 1                  44.983027 8.884660 00 00 323030323545303036343434            
21/10/23 07:02:49 0163 1                  44.983027 8.884660 00 00 323030323545303036343738            
21/10/23 07:02:53 0164 1                  44.983023 8.884618 00 00 323030323545303030343636            
21/10/23 07:03:09 0165 1                  44.983090 8.884475 00 00 323030323545303036343436            
21/10/23 07:03:27 0166 1                  44.983242 8.884282 00 00 323030323545303036343737            
21/10/23 07:03:31 0167 1                  44.983265 8.884268 00 00 323030323545303033353039            
21/10/23 07:03:58 0168 1                  44.983675 8.883803 00 00 323030323545303036343234            
21/10/23 07:04:41 0169 1                  44.984328 8.882843 00 00 3232303032334D3031313830            
21/10/23 07:04:58 0170 1                  44.984417 8.882842 00 00 323030323545303036353139            
21/10/23 07:05:25 0171 1                  44.984857 8.882913 00 00 323030323545303036353230            
21/10/23 07:05:45 0172 1                  44.985325 8.882507 00 00 3232303032334D3030383936            
21/10/23 07:06:04 0173 1                  44.985585 8.882365 00 00 323030323545303036353232            
21/10/23 07:07:21 0174 1                  44.986232 8.883302 00 00 323030323545303036353231            
21/10/23 07:09:42 0175 1                  44.987110 8.881672 00 00 323030323545303032323839            
21/10/23 07:10:57 0176 1                  44.990212 8.882400 00 00 323030323545303038363134            
21/10/23 07:11:05 0177 1                  44.990212 8.882358 00 00 323030323545303033303133            
21/10/23 07:11:28 0178 1                  44.990425 8.882455 00 00 323030323545303032333239            
21/10/23 07:13:21 0179 1                  44.992028 8.882743 00 00 3231303032334D3033363136            
21/10/23 07:13:50 0180 1                  44.991840 8.882618 00 00 323030323545303032333333            
21/10/23 07:15:16 0181 1                  44.986593 8.880983 00 00 323030323545303036333433            
21/10/23 07:15:57 0182 1                  44.986557 8.880138 00 00 323030323545303036343238            
21/10/23 07:16:24 0183 1                  44.986212 8.879873 00 00 323030323545303033313337            
21/10/23 07:16:32 0184 1                  44.986163 8.879873 00 00 323030323545303033373135            
21/10/23 07:16:48 0185 1                  44.986013 8.879733 00 00 323030323545303033313338            
21/10/23 07:17:03 0186 1                  44.985937 8.879570 00 00 323030323545303030313935            
21/10/23 07:17:06 0187 1                  44.985917 8.879575 00 00 323030323545303033313230            
21/10/23 07:17:29 0188 1                  44.985732 8.879485 00 00 323030323545303039303330            
21/10/23 07:17:47 0189 1                  44.985568 8.879312 00 00 323030323545303033313331            
21/10/23 07:18:09 0190 1                  44.985263 8.878985 00 00 323030323545303033303039            
21/10/23 07:18:23 0191 1                  44.985027 8.878832 00 00 323030323545303032323539            
21/10/23 07:18:36 0192 1                  44.985005 8.878827 00 00 323030323545303032313639            
21/10/23 07:18:58 0193 1                  44.984707 8.878640 00 00 323030323545303033313036            
21/10/23 07:19:16 0194 1                  44.984468 8.878470 00 00 323030323545303032323432            
21/10/23 07:19:34 0195 1                  44.984260 8.878287 00 00 323030323545303036343038            
21/10/23 07:20:10 0196 1                  44.983985 8.877948 00 00 323030323545303032323632            
21/10/23 07:20:30 0197 1                  44.983605 8.877670 00 00 323030323545303032323236            
21/10/23 07:20:49 0198 1                  44.983323 8.877387 00 00 323030323545303032323730            
21/10/23 07:21:12 0199 1                  44.983203 8.876960 00 00 3231303032334D3034373033            
21/10/23 07:21:28 0200 1                  44.983365 8.876645 00 00 323030323545303038393835            
21/10/23 07:22:40 0201 1                  44.982455 8.874260 00 00 323030323545303036323337            
21/10/23 07:23:35 0202 1                  44.982125 8.874712 00 00 3231303234304A3031313934            
21/10/23 07:25:12 0203 1                  44.982438 8.876248 00 00 3231303032334D3031323531            
21/10/23 07:25:14 0204 1                  44.982463 8.876245 00 00 323030323545303032333939            
21/10/23 07:25:19 0205 1                  44.982523 8.876253 00 00 3231303032334D3030393032            
21/10/23 07:25:21 0206 1                  44.982537 8.876252 00 00 323030323545303030353337            
21/10/23 07:33:38 0207 1                  44.977603 8.910085 00 00 323031323055303030323732            
21/10/23 07:34:31 0208 1                  44.977858 8.910227 00 00 323031323055303030323536            
21/10/23 07:37:11 0209 1                  44.979282 8.910223 00 00 323032343055303030323631            
21/10/23 07:42:09 0210 1                  44.982062 8.893892 00 00 3233303032334D3030333834            
21/10/23 07:43:32 0211 1                  44.981688 8.888060 00 00 323030323545303036343039            
21/10/23 07:44:48 0212 1                  44.982120 8.887523 00 00 323032343055303030353434            
21/10/23 07:45:50 0213 1                  44.981807 8.887230 00 00 323030323545303036343133            
21/10/23 07:45:57 0214 1                  44.981813 8.887298 00 00 323030323545303036353630            
21/10/23 07:46:23 0215 1                  44.981695 8.887882 00 00 323030323545303036353539            
21/10/23 07:47:36 0216 1                  44.980640 8.888817 00 00 323030323545303032383136            
21/10/23 07:47:59 0217 1                  44.980717 8.888267 00 00 323030323545303036343930            
21/10/23 07:48:10 0218 1                  44.980712 8.888183 00 00 323030323545303035383335            
21/10/23 07:48:53 0219 1                  44.980375 8.886832 00 00 323030323545303036313038            
21/10/23 07:48:57 0220 1                  44.980335 8.886830 00 00 323030323545303036313032            
21/10/23 07:49:11 0221 1                  44.980203 8.886730 00 00 323030323545303036313031            
21/10/23 07:49:39 0222 1                  44.979482 8.886597 00 00 3232303032334D3030353236            
21/10/23 07:49:43 0223 1                  44.979482 8.886605 00 00 323030323545303032393538            
21/10/23 07:49:49 0224 1                  44.979483 8.886607 00 00 3232303032334D3030353935            
21/10/23 07:49:51 0225 1                  44.979472 8.886615 00 00 323030323545303036353439            
21/10/23 07:49:54 0226 1                  44.979458 8.886622 00 00 323030323545303032313435            
21/10/23 07:51:06 0227 1                  44.979838 8.887123 00 00 323030323545303036343739            
21/10/23 07:51:45 0228 1                  44.980013 8.887290 00 00 323030323545303036343131            
21/10/23 07:52:22 0229 1                  44.981003 8.887212 00 00 323030323545303035373632            
21/10/23 07:52:37 0230 1                  44.981193 8.887202 00 00 323030323545303035383930            
21/10/23 07:53:16 0231 1                  44.981740 8.886860 00 00 323030323545303036353433            
21/10/23 07:53:37 0232 1                  44.981918 8.886298 00 00 323030323545303036353430            
21/10/23 07:53:54 0233 1                  44.981908 8.886242 00 00 323030323545303036353431            
21/10/23 07:56:27 0234 1                  44.986687 8.879437 00 00 323030323545303036353437            
21/10/23 07:57:50 0235 1                  44.986315 8.879057 00 00 323030323545303037323738            
21/10/23 07:58:52 0236 1                  44.985832 8.878695 00 00 323030323545303036353034            
21/10/23 07:59:01 0237 1                  44.985812 8.878643 00 00 3232303032334D3030353834            
21/10/23 07:59:22 0238 1                  44.985670 8.878472 00 00 323030323545303036343939            
21/10/23 08:02:26 0239 1                  44.985400 8.878287 00 00 323030323545303032333233            
21/10/23 08:02:40 0240 1                  44.985350 8.878233 00 00 323030323545303032323939            
21/10/23 08:03:03 0241 1                  44.985165 8.878168 00 00 323030323545303033383033            
21/10/23 08:03:20 0242 1                  44.985038 8.878050 00 00 3232303032334D3030363036            
21/10/23 08:03:42 0243 1                  44.984723 8.877973 00 00 323030323545303032313333            
21/10/23 08:04:00 0244 1                  44.984622 8.878058 00 00 3231303032334D3030343139            
21/10/23 08:05:14 0245 1                  44.984393 8.877583 00 00 323030323545303032323531            
21/10/23 08:05:21 0246 1                  44.984443 8.877545 00 00 323030323545303032313637            
21/10/23 08:05:37 0247 1                  44.984452 8.877602 00 00 3231303032334D3030323733            
21/10/23 08:05:40 0248 1                  44.984460 8.877597 00 00 323030323545303032323237            
21/10/23 08:06:02 0249 1                  44.984327 8.877965 00 00 323030323545303037383439            
21/10/23 08:41:46 0000 s 01877ver01 44.982340 8.875662 00 00
21/10/23 08:44:49 0250 1                  44.979342 8.876928 00 00 323030323545303036303439            
21/10/23 08:45:07 0251 1                  44.979305 8.876817 00 00 323030323545303036303836            
21/10/23 08:45:21 0252 1                  44.979170 8.876755 00 00 323030323545303036303837            
21/10/23 08:45:35 0253 1                  44.979068 8.876640 00 00 323030323545303036383135            
21/10/23 08:46:37 0254 1                  44.978700 8.875542 00 00 323030323545303039333139            
21/10/23 08:46:51 0255 1                  44.978625 8.875610 00 00 323030323545303036303532            
21/10/23 08:46:57 0256 1                  44.978617 8.875598 00 00 323030323545303035383836            
21/10/23 08:47:24 0257 1                  44.978540 8.875872 00 00 323030323545303032343830            
21/10/23 08:47:28 0258 1                  44.978537 8.875867 00 00 323030323545303032343136            
21/10/23 08:47:34 0259 1                  44.978540 8.875862 00 00 323030323545303032343431            
21/10/23 08:48:09 0260 1                  44.978395 8.876127 00 00 323030323545303036303131            
21/10/23 08:48:32 0261 1                  44.978328 8.875943 00 00 323030323545303036353532            
21/10/23 08:48:49 0262 1                  44.978168 8.876023 00 00 323030323545303036343734            
21/10/23 08:49:03 0263 1                  44.978142 8.876285 00 00 323030323545303036343135            
21/10/23 08:49:23 0264 1                  44.978017 8.876822 00 00 323030323545303032343531            
21/10/23 08:49:26 0265 1                  44.978020 8.876812 00 00 323030323545303032333834            
21/10/23 08:49:32 0266 1                  44.978015 8.876813 00 00 323030323545303033373731            
21/10/23 08:49:42 0267 1                  44.978018 8.876860 00 00 323032343055303030343035            
21/10/23 08:50:58 0268 1                  44.978210 8.877260 00 00 323030323545303032333536            
21/10/23 08:51:08 0269 1                  44.978268 8.877195 00 00 323030323545303035373933            
21/10/23 08:51:28 0270 1                  44.978395 8.876933 00 00 323030323545303035373736            
21/10/23 08:51:41 0271 1                  44.978457 8.876837 00 00 3231303032334D3033303933            
21/10/23 08:51:45 0272 1                  44.978447 8.876828 00 00 323030323545303032333631            
21/10/23 08:51:50 0273 1                  44.978447 8.876823 00 00 323030323545303030363230            
21/10/23 08:51:54 0274 1                  44.978430 8.876818 00 00 323030323545303032333535            
21/10/23 08:52:07 0275 1                  44.978428 8.876823 00 00 323030323545303035393437            
21/10/23 08:52:53 0276 1                  44.979180 8.877298 00 00 323030323545303036303238            
21/10/23 08:52:58 0277 1                  44.979177 8.877255 00 00 323030323545303036303136            
21/10/23 08:53:15 0278 1                  44.979087 8.877283 00 00 323030323545303036313538            
21/10/23 08:53:30 0279 1                  44.979028 8.877580 00 00 323030323545303035393836            
21/10/23 08:53:51 0280 1                  44.978978 8.877927 00 00 323030323545303036303530            
21/10/23 08:54:54 0281 1                  44.979723 8.878537 00 00 323030323545303036353637            
21/10/23 08:55:00 0282 1                  44.979792 8.878552 00 00 323030323545303036303032            
21/10/23 08:55:22 0283 1                  44.979738 8.878492 00 00 323030323545303036353931            
21/10/23 08:55:27 0284 1                  44.979718 8.878470 00 00 323030323545303031343737            
21/10/23 08:55:27 0285 1                  44.979718 8.878470 00 00 323030323545303030313537            
21/10/23 08:55:31 0286 1                  44.979708 8.878472 00 00 323030323545303032383432            
21/10/23 08:55:56 0287 1                  44.979543 8.878335 00 00 323030323545303035393838            
21/10/23 08:56:17 0288 1                  44.979233 8.878158 00 00 323030323545303035393737            
21/10/23 08:56:46 0289 1                  44.978917 8.877852 00 00 323030323545303035393734            
21/10/23 08:57:25 0290 1                  44.977835 8.877635 00 00 323030323545303036303033            
21/10/23 08:57:43 0291 1                  44.977863 8.877920 00 00 323030323545303036303833            
21/10/23 08:57:58 0292 1                  44.977862 8.878135 00 00 323030323545303036303338            
21/10/23 08:58:16 0293 1                  44.977940 8.878560 00 00 323030323545303036353738            
21/10/23 08:58:40 0294 1                  44.977958 8.878650 00 00 323030323545303036303834            
21/10/23 08:58:53 0295 1                  44.977955 8.878777 00 00 323030323545303032393936            
21/10/23 08:59:13 0296 1                  44.978012 8.879230 00 00 323030323545303032353433            
21/10/23 08:59:22 0297 1                  44.978020 8.879320 00 00 323030323545303033363736            
21/10/23 08:59:35 0298 1                  44.978003 8.879428 00 00 323030323545303033373133            
21/10/23 08:59:47 0299 1                  44.978022 8.879547 00 00 323030323545303033373030            
21/10/23 09:00:15 0300 1                  44.978357 8.880267 00 00 323030323545303032393137            
21/10/23 09:00:34 0301 1                  44.978482 8.880078 00 00 323030323545303033383334            
21/10/23 09:00:35 0302 1                  44.978502 8.880072 00 00 323030323545303035393935            
21/10/23 09:01:01 0303 1                  44.978698 8.879952 00 00 323030323545303032393130            
21/10/23 09:01:19 0304 1                  44.978798 8.879878 00 00 323030323545303036353839            
21/10/23 09:01:31 0305 1                  44.978860 8.879803 00 00 323030323545303036363033            
21/10/23 09:01:46 0306 1                  44.978977 8.879717 00 00 323030323545303036363031            
21/10/23 09:02:11 0307 1                  44.979208 8.879788 00 00 323030323545303036353930            
21/10/23 09:02:48 0308 1                  44.978318 8.880077 00 00 323030323545303035373236            
21/10/23 09:02:52 0309 1                  44.978295 8.880073 00 00 3232303032334D3031363832            
21/10/23 09:02:57 0310 1                  44.978282 8.880118 00 00 323030323545303035393731            
21/10/23 09:03:00 0311 1                  44.978307 8.880137 00 00 323030323545303033383238            
21/10/23 09:03:27 0312 1                  44.977898 8.880197 00 00 323030323545303035393932            
21/10/23 09:03:49 0313 1                  44.977880 8.880402 00 00 3232303032334D3031383938            
21/10/23 09:03:54 0314 1                  44.977872 8.880405 00 00 3232303032334D3030373538            
21/10/23 09:03:57 0315 1                  44.977875 8.880405 00 00 323030323545303035393637            
21/10/23 09:04:21 0316 1                  44.977765 8.880358 00 00 323030323545303035393931            
21/10/23 10:00:41 0000 s 01877ver01 44.882330 8.860018 00 00
21/10/23 10:07:50 0000 s 01877ver01 44.882643 8.860032 00 00
