07/11/23 05:22:12 0000 s 01501ver01 44.882293 8.859533 00 00
07/11/23 05:22:14 0000 s 01501ver01 44.882293 8.859533 00 00
07/11/23 05:44:16 0001 1                  44.894962 8.852347 00 00 313931323053303034393039            
07/11/23 05:45:39 0002 1                  44.894802 8.852200 00 00 313931323053303036303331            
07/11/23 05:45:41 0003 1                  44.894802 8.852197 00 00 313931323050303035373032            
07/11/23 05:46:33 0004 1                  44.894822 8.852557 00 00 3231303033304D3034363131            
07/11/23 05:47:34 0005 1                  44.895358 8.853668 00 00 313931323043303038323832            
07/11/23 05:47:35 0006 1                  44.895358 8.853668 00 00 3231303132304A3038343932            
07/11/23 05:54:29 0000 s 01501ver01 44.907548 8.865918 00 00
07/11/23 05:54:33 0000 s 01501ver01 44.907548 8.865918 00 00
07/11/23 06:02:36 0007 1                  44.888350 8.855722 00 00 1AE2AF2464D61373EF684A01            
07/11/23 06:02:36 0008 1                  44.888350 8.855722 00 00 1A257A4F0A056B5FED98C210            
07/11/23 06:03:10 0009 1                  44.888195 8.855733 00 00 313931323053303035353039            
07/11/23 06:04:27 0010 1                  44.887367 8.855022 00 00 313931313030533030333230            
07/11/23 06:05:34 0011 1                  44.887358 8.855000 00 00 313931313030533030323039            
07/11/23 06:06:00 0012 1                  44.887355 8.855008 00 00 3232313130304A3030313731            
07/11/23 06:08:43 0013 1                  44.883365 8.856858 00 00 3231313130304A3031393133            
07/11/23 06:09:07 0014 1                  44.883325 8.856877 00 00 313931313030533030323173            
07/11/23 06:09:07 0015 1                  44.883325 8.856877 00 00 313931313030533030323133            
07/11/23 06:09:37 0016 1                  44.883385 8.856968 00 00 08283723465CEF8003691E9A            
07/11/23 06:09:37 0017 1                  44.883385 8.856968 00 00 3232313130304A3030313333            
07/11/23 06:09:49 0018 1                  44.883372 8.856980 00 00 30395DFA8104B1824E61BF5C            
07/11/23 06:12:07 0019 1                  44.883642 8.857237 00 00 313931313030533030333131            
07/11/23 06:14:29 0020 1                  44.883918 8.856630 00 00 3231313130304A3030383234            
07/11/23 06:14:30 0021 1                  44.883918 8.856630 00 00 303ACB0340350319D8B68068            
07/11/23 06:15:01 0022 1                  44.883915 8.856640 00 00 303ACA4983B60D59D8BECE07            
07/11/23 06:15:37 0023 1                  44.883910 8.856630 00 00 3232313130304A3030313232            
07/11/23 06:15:42 0024 1                  44.883910 8.856632 00 00 08485B2B19CA0F801DE65851            
07/11/23 06:17:28 0025 1                  44.883910 8.856633 00 00 313932343053303030313135            
07/11/23 06:17:29 0026 1                  44.883910 8.856632 00 00 313932343053303030313136            
07/11/23 06:20:33 0027 1                  44.882668 8.858157 00 00 313931323053303030383033            
07/11/23 06:21:23 0028 1                  44.882655 8.857965 00 00 313931313030533030313836            
07/11/23 06:23:17 0029 1                  44.882622 8.857258 00 00 313931313030533030333233            
07/11/23 06:23:41 0030 1                  44.882613 8.857248 00 00 000000000000000022074081            
07/11/23 06:27:02 0031 1                  44.883357 8.854415 00 00 3230313130304A3030373139            
07/11/23 06:27:05 0032 1                  44.883360 8.854417 00 00 3230313130304A3030373139            
07/11/23 06:27:35 0033 1                  44.883432 8.854378 00 00 313932343053303030313137            
07/11/23 06:29:25 0034 1                  44.883615 8.853687 00 00 3231313130304A3031393239            
07/11/23 06:29:26 0035 1                  44.883615 8.853687 00 00 991300BB0EA3444E00008CB3            
07/11/23 06:39:32 0036 1                  44.882558 8.855118 00 00 313931323053303031313638            
07/11/23 06:39:43 0037 1                  44.882563 8.855105 00 00 313931323053303035323136            
07/11/23 06:39:44 0038 1                  44.882562 8.855103 00 00 30395DFA82D2D740001AB9AF            
07/11/23 06:40:30 0039 1                  44.882087 8.854808 00 00 313931323053303031343737            
07/11/23 06:40:43 0040 1                  44.882060 8.854812 00 00 313931323053303231343737            
07/11/23 06:41:58 0041 1                  44.879747 8.854267 00 00 313932343053303030313134            
07/11/23 06:44:09 0042 1                  44.879057 8.855140 00 00 3231303234304A3032353430            
07/11/23 06:44:13 0043 1                  44.879057 8.855140 00 00 3231303234304A3032353639            
07/11/23 06:45:05 0044 1                  44.879498 8.855620 00 00 313931323053303034303230            
07/11/23 06:46:50 0045 1                  44.878603 8.856223 00 00 313931323053303035323331            
07/11/23 06:49:37 0046 1                  44.879727 8.857012 00 00 313932343045303030333336            
07/11/23 06:50:35 0047 1                  44.879687 8.856858 00 00 313931323053303034303137            
07/11/23 06:51:27 0048 1                  44.879418 8.856900 00 00 313931323053303034303138            
07/11/23 06:52:05 0049 1                  44.879337 8.857473 00 00 313932343053303030303638            
07/11/23 06:53:19 0050 1                  44.880422 8.857437 00 00 313932343053303030323135            
07/11/23 06:53:29 0051 1                  44.880432 8.857470 00 00 30396062436EF2400048ACD5            
07/11/23 06:54:57 0052 1                  44.881103 8.856555 00 00 313931323053303035383638            
07/11/23 06:55:19 0053 1                  44.881107 8.856543 00 00 3230313130304A3030343930            
07/11/23 06:56:46 0054 1                  44.880152 8.855297 00 00 3232313130304A3030313730            
07/11/23 06:57:40 0055 1                  44.879987 8.855120 00 00 313931323053303031343739            
07/11/23 06:59:36 0056 1                  44.877105 8.855115 00 00 313931323053303031343734            
07/11/23 07:00:26 0057 1                  44.877083 8.855553 00 00 313931323053303031313636            
07/11/23 07:01:30 0058 1                  44.877325 8.856128 00 00 3232313130304A3030313332            
07/11/23 07:01:33 0059 1                  44.877328 8.856128 00 00 30355CD8B8565C8000000067            
07/11/23 07:02:44 0060 1                  44.877045 8.856163 00 00 313831323045303036343838            
07/11/23 07:04:44 0061 1                  44.876125 8.856780 00 00 313831323045303033353032            
07/11/23 07:06:04 0062 1                  44.876273 8.854707 00 00 AA0A67170000000006212387            
07/11/23 07:06:06 0063 1                  44.876273 8.854708 00 00 AA0A67170000000005802051            
07/11/23 07:06:06 0064 1                  44.876273 8.854708 00 00 AA0A67170000000006719919            
07/11/23 07:06:07 0065 1                  44.876273 8.854708 00 00 AA0A67170000000007124021            
07/11/23 07:06:10 0066 1                  44.876275 8.854708 00 00 AA0A67170000000007124022            
07/11/23 07:06:33 0067 1                  44.876638 8.854758 00 00 31383132304A303032303738            
07/11/23 07:07:38 0068 1                  44.877515 8.854877 00 00 313931313030533030333439            
07/11/23 07:14:41 0069 1                  44.895573 8.850485 00 00 323031313030533030313032            
07/11/23 07:15:09 0070 1                  44.895578 8.850475 00 00 323031313030533030313033            
07/11/23 07:17:09 0071 1                  44.895042 8.851703 00 00 313932343053303030363438            
07/11/23 07:23:04 0072 1                  44.883150 8.834668 00 00 3231303234304A3032373135            
07/11/23 07:23:15 0073 1                  44.883148 8.834673 00 00 3231303234304A3032373238            
07/11/23 07:24:45 0074 1                  44.883432 8.834142 00 00 323031313030533030303839            
07/11/23 07:26:30 0075 1                  44.882883 8.834058 00 00 313931313030533030323236            
07/11/23 07:26:49 0076 1                  44.882878 8.834067 00 00 313931313030533030323235            
07/11/23 07:35:56 0000 s 01501ver01 44.882857 8.834058 00 00
07/11/23 07:35:58 0000 s 01501ver01 44.882857 8.834058 00 00
07/11/23 07:40:11 0077 1                  44.884422 8.834223 00 00 3232313130304A3030313831            
07/11/23 07:40:37 0078 1                  44.884422 8.834217 00 00 3232313130304A3030313830            
07/11/23 07:41:09 0079 1                  44.884430 8.834225 00 00 323031313030533030303939            
07/11/23 07:41:51 0080 1                  44.884438 8.834238 00 00 3232313130304A3030313337            
07/11/23 07:44:28 0081 1                  44.881602 8.833340 00 00 3230313130304A3030363931            
07/11/23 07:46:25 0082 1                  44.880773 8.832195 00 00 313932343053303030373638            
07/11/23 07:48:54 0083 1                  44.879457 8.832147 00 00 323031313030533030313030            
07/11/23 07:49:28 0084 1                  44.879495 8.832147 00 00 323031313030533030303738            
07/11/23 07:50:13 0085 1                  44.879638 8.831820 00 00 313931313030533030323138            
07/11/23 07:50:36 0086 1                  44.879623 8.831812 00 00 313931313030533030323231            
07/11/23 07:52:47 0087 1                  44.880717 8.829243 00 00 313931313030533030323935            
07/11/23 07:53:41 0088 1                  44.880703 8.829232 00 00 323031313030533030303032            
07/11/23 07:57:24 0089 1                  44.876120 8.827280 00 00 323031313030533030303634            
07/11/23 08:03:14 0090 1                  44.883323 8.825085 00 00 3231313130304A3030333032            
07/11/23 08:05:59 0091 1                  44.881340 8.827143 00 00 3231313130304A3030393933            
07/11/23 08:06:25 0092 1                  44.881308 8.827170 00 00 3231313130304A3030393934            
07/11/23 08:06:59 0093 1                  44.881277 8.827195 00 00 323031313030533030303038            
07/11/23 08:07:37 0094 1                  44.881287 8.827197 00 00 323031313030533030303039            
07/11/23 08:10:04 0095 1                  44.882202 8.827857 00 00 3231313130304A3030383433            
07/11/23 08:10:54 0096 1                  44.882168 8.827847 00 00 313931313030533030323438            
07/11/23 08:13:17 0097 1                  44.883892 8.829022 00 00 313931313030533030323134            
07/11/23 08:15:25 0098 1                  44.885215 8.831082 00 00 323031313030533030303230            
07/11/23 08:15:53 0099 1                  44.885183 8.831118 00 00 323031313030533030303439            
07/11/23 08:16:19 0100 1                  44.885268 8.831118 00 00 323031313030533030303438            
07/11/23 08:16:58 0101 1                  44.885353 8.831110 00 00 323031313030533030313637            
07/11/23 08:17:37 0102 1                  44.885323 8.831117 00 00 323031313030533030303237            
07/11/23 08:18:14 0103 1                  44.885243 8.831148 00 00 323031313030533030313636            
07/11/23 08:19:02 0104 1                  44.885278 8.831123 00 00 323031313030533030313638            
07/11/23 08:19:58 0105 1                  44.885280 8.831147 00 00 323031313030533030303231            
07/11/23 08:22:36 0106 1                  44.883527 8.829972 00 00 313931313030533030343335            
07/11/23 08:23:15 0107 1                  44.883520 8.830000 00 00 313931313030533030343336            
07/11/23 08:23:53 0108 1                  44.883527 8.829997 00 00 323031313030533030313233            
07/11/23 08:26:36 0109 1                  44.873243 8.829787 00 00 313932343053303030333637            
07/11/23 08:27:27 0110 1                  44.872800 8.829543 00 00 31383256464C523000000000            
07/11/23 08:27:27 0111 1                  44.872800 8.829543 00 00 31383230484E463435303135            
07/11/23 08:32:23 0112 1                  44.872610 8.805293 00 00 313931313030533030343132            
07/11/23 08:32:55 0113 1                  44.872600 8.805288 00 00 313931313030533030333938            
07/11/23 08:33:18 0114 1                  44.872608 8.805275 00 00 323031313030533030313532            
07/11/23 08:33:48 0115 1                  44.872608 8.805263 00 00 323031313030533030313434            
07/11/23 08:37:17 0116 1                  44.872438 8.807573 00 00 323031313030533030313336            
07/11/23 08:37:45 0117 1                  44.872430 8.807515 00 00 323031313030533030313236            
07/11/23 08:38:11 0118 1                  44.872452 8.807523 00 00 323031313030533030313136            
07/11/23 08:38:13 0119 1                  44.872452 8.807525 00 00 30396062C38B5E40002054EE            
07/11/23 08:38:28 0120 1                  44.872445 8.807542 00 00 323031313030533030313437            
07/11/23 08:38:37 0121 1                  44.872445 8.807545 00 00 30395DFA830C5C41E1D59633            
07/11/23 08:38:56 0122 1                  44.872455 8.807533 00 00 323031313030533030313135            
07/11/23 08:41:45 0123 1                  44.871577 8.807045 00 00 3230313130304A3030373735            
07/11/23 08:43:28 0124 1                  44.871608 8.805985 00 00 3230313130304A3030373235            
07/11/23 08:43:51 0125 1                  44.871622 8.805978 00 00 3230313130304A3030373236            
07/11/23 08:49:52 0126 1                  44.871502 8.811668 00 00 3231303132304A3030333233            
07/11/23 08:51:30 0127 1                  44.872437 8.811820 00 00 323031313030533030313738            
07/11/23 08:52:12 0128 1                  44.872363 8.811362 00 00 3231303234304A3032353831            
07/11/23 08:53:18 0129 1                  44.871987 8.811418 00 00 323031313030533030313732            
07/11/23 08:54:55 0130 1                  44.873515 8.811328 00 00 313932343053303030353532            
07/11/23 08:58:22 0131 1                  44.871983 8.809690 00 00 3230313130304A3030343833            
07/11/23 08:58:49 0132 1                  44.871975 8.809703 00 00 323031313030533030313935            
07/11/23 08:59:56 0133 1                  44.872440 8.809653 00 00 313932343053303030353132            
07/11/23 09:01:54 0134 1                  44.873917 8.809687 00 00 30396062C3AAD9000009F984            
07/11/23 09:01:57 0135 1                  44.873915 8.809688 00 00 302F004109E02F8000000BDF            
07/11/23 09:04:05 0136 1                  44.871410 8.808570 00 00 313931313030533030343131            
07/11/23 09:06:41 0137 1                  44.868962 8.809340 00 00 323032343055303030353435            
07/11/23 09:07:39 0138 1                  44.868943 8.809337 00 00 30396062438455C20F9A7537            
07/11/23 09:14:23 0139 1                  44.869525 8.827758 00 00 3231303132304A3032333835            
07/11/23 09:16:13 0140 1                  44.868113 8.826298 00 00 313931313030533030343432            
07/11/23 09:17:55 0141 1                  44.867185 8.824318 00 00 3230313130304A3030343736            
07/11/23 09:18:31 0142 1                  44.867205 8.824323 00 00 313931313030533030343433            
07/11/23 09:19:35 0143 1                  44.867227 8.824318 00 00 313931313030533030343431            
07/11/23 09:21:27 0144 1                  44.868267 8.827202 00 00 313931323053303032313830            
07/11/23 09:30:33 0145 1                  44.895852 8.848753 00 00 300ED89F3350016A1DD58637            
07/11/23 09:31:00 0146 1                  44.895910 8.848745 00 00 323031313030533030313833            
07/11/23 09:36:09 0147 1                  44.893818 8.850852 00 00 313932343053303030303737            
07/11/23 09:36:35 0148 1                  44.893817 8.850845 00 00 313932343053303030343330            
07/11/23 09:38:19 0149 1                  44.893603 8.851948 00 00 3230313130304A3030343433            
07/11/23 09:38:35 0150 1                  44.893595 8.851985 00 00 323031313030533030313238            
07/11/23 09:38:46 0151 1                  44.893590 8.852002 00 00 30395DFA82CD9C00001891BB            
07/11/23 09:39:12 0152 1                  44.893585 8.852020 00 00 323031313030533030303535            
07/11/23 09:39:43 0153 1                  44.893572 8.852030 00 00 323031313030533030303536            
07/11/23 09:40:40 0154 1                  44.893563 8.852045 00 00 323031313030533030313730            
07/11/23 09:42:15 0155 1                  44.894577 8.851685 00 00 323031313030533030313435            
07/11/23 09:42:39 0156 1                  44.894622 8.851665 00 00 3230313130304A3031333835            
07/11/23 09:46:02 0157 1                  44.890133 8.850075 00 00 323031313030533030303930            
07/11/23 09:46:27 0158 1                  44.890163 8.850095 00 00 323031313030533030303931            
07/11/23 09:46:57 0159 1                  44.890170 8.850087 00 00 313931313030533030323431            
07/11/23 09:48:33 0160 1                  44.890933 8.848632 00 00 313931313030533030323530            
07/11/23 09:50:44 0161 1                  44.894460 8.847250 00 00 313931313030533030333036            
07/11/23 09:52:02 0162 1                  44.894002 8.847723 00 00 3231313130304A3031393036            
07/11/23 10:25:33 0000 s 01501ver01 44.906172 8.869535 00 00
07/11/23 10:25:36 0000 s 01501ver01 44.906172 8.869535 00 00
07/11/23 10:42:04 0000 s 01501ver01 44.882710 8.857948 00 00
07/11/23 10:42:08 0000 s 01501ver01 44.882710 8.857948 00 00
