07/11/23 05:26:15 0000 s 01877ver01 44.882740 8.860198 00 00
07/11/23 05:32:29 0001 1                  44.884835 8.858895 00 00 323030323545303031383933            
07/11/23 05:39:21 0002 1                  44.901810 8.877565 00 00 3232303032334D3031303636            
07/11/23 05:40:14 0003 1                  44.902237 8.878030 00 00 3231303032334D3030343236            
07/11/23 05:40:17 0004 1                  44.902325 8.878085 00 00 3232303032334D3030393436            
07/11/23 05:40:39 0005 1                  44.902443 8.878315 00 00 323030323545303038323730            
07/11/23 05:40:40 0006 1                  44.902430 8.878307 00 00 3232303032334D3030343634            
07/11/23 05:40:51 0007 1                  44.902405 8.878392 00 00 323030323545303033323932            
07/11/23 05:42:11 0008 1                  44.905023 8.886227 00 00 3232303032334D3031303638            
07/11/23 05:42:39 0009 1                  44.905090 8.886578 00 00 323030323545303033333334            
07/11/23 05:43:44 0010 1                  44.905715 8.891195 00 00 323030323545303033333235            
07/11/23 05:44:25 0011 1                  44.905698 8.892360 00 00 323030323545303034393934            
07/11/23 05:45:13 0012 1                  44.905445 8.893260 00 00 323030323545303033323232            
07/11/23 05:45:19 0013 1                  44.905472 8.893322 00 00 323030323545303033323231            
07/11/23 05:45:26 0014 1                  44.905483 8.893357 00 00 31383032334D303035303231            
07/11/23 05:46:42 0015 1                  44.906292 8.898255 00 00 323030323545303033333039            
07/11/23 05:47:31 0016 1                  44.906703 8.900040 00 00 323030323545303035303332            
07/11/23 05:49:02 0017 1                  44.906098 8.896922 00 00 323030323545303036393332            
07/11/23 05:49:35 0018 1                  44.906068 8.896482 00 00 3232303032334D3031373535            
07/11/23 05:50:31 0019 1                  44.905827 8.894247 00 00 323032343055303030353830            
07/11/23 05:52:01 0020 1                  44.905853 8.893467 00 00 323030323545303032353339            
07/11/23 05:52:50 0021 1                  44.906042 8.892310 00 00 323030323545303032333836            
07/11/23 05:53:35 0022 1                  44.906072 8.891702 00 00 323030323545303030333731            
07/11/23 05:54:14 0023 1                  44.906113 8.890768 00 00 323030323545303033363237            
07/11/23 05:55:46 0024 1                  44.904745 8.884883 00 00 323030323545303032333038            
07/11/23 05:55:54 0025 1                  44.904737 8.884875 00 00 3231303032334D3030353430            
07/11/23 05:57:01 0026 1                  44.904753 8.884422 00 00 323030323545303032333036            
07/11/23 05:57:07 0027 1                  44.904792 8.884432 00 00 323030323545303032333037            
07/11/23 05:57:15 0028 1                  44.904855 8.884453 00 00 323031323055303030313939            
07/11/23 05:59:17 0029 1                  44.904248 8.883773 00 00 31383032334D303034383633            
07/11/23 05:59:57 0030 1                  44.904938 8.884352 00 00 3231303032334D3031323835            
07/11/23 06:00:26 0031 1                  44.905145 8.884258 00 00 3231303032334D3034393033            
07/11/23 06:01:04 0032 1                  44.905662 8.884525 00 00 31383032334D303135363535            
07/11/23 06:01:09 0033 1                  44.905668 8.884502 00 00 31383032334D303135363534            
07/11/23 06:04:21 0034 1                  44.905845 8.882773 00 00 323032343055303030353738            
07/11/23 06:05:06 0035 1                  44.905917 8.882860 00 00 323032343055303030353932            
07/11/23 06:05:12 0036 1                  44.905923 8.882887 00 00 323032343055303030353132            
07/11/23 06:06:25 0037 1                  44.906057 8.883035 00 00 323032343055303030313139            
07/11/23 06:07:35 0038 1                  44.905890 8.883378 00 00 31383032334D303135363538            
07/11/23 06:07:42 0039 1                  44.905885 8.883385 00 00 3231303032334D3030373831            
07/11/23 06:08:20 0040 1                  44.905790 8.883528 00 00 31383032334D303034383634            
07/11/23 06:09:24 0041 1                  44.905760 8.883535 00 00 3232303032334D3031373035            
07/11/23 06:10:04 0042 1                  44.905700 8.883717 00 00 31383032334D303130313235            
07/11/23 06:10:08 0043 1                  44.905743 8.883752 00 00 31383032334D303035313734            
07/11/23 06:11:25 0044 1                  44.904513 8.883263 00 00 323032343055303030323235            
07/11/23 06:12:58 0045 1                  44.904675 8.882810 00 00 323030323545303030333331            
07/11/23 06:13:50 0046 1                  44.904663 8.882670 00 00 323032343055303030353930            
07/11/23 06:15:29 0047 1                  44.904363 8.881962 00 00 323030323545303033323831            
07/11/23 06:15:36 0048 1                  44.904345 8.881980 00 00 323030323545303033323733            
07/11/23 06:15:40 0049 1                  44.904343 8.881982 00 00 323030323545303030393430            
07/11/23 06:15:48 0050 1                  44.904337 8.881995 00 00 323030323545303033323730            
07/11/23 06:15:48 0051 1                  44.904337 8.881995 00 00 323030323545303033323337            
07/11/23 06:16:32 0052 1                  44.904565 8.881897 00 00 323030323545303033323732            
07/11/23 06:16:36 0053 1                  44.904585 8.881887 00 00 3231303032334D3031373832            
07/11/23 06:17:12 0054 1                  44.905120 8.882042 00 00 323030323545303039303433            
07/11/23 06:18:02 0055 1                  44.905272 8.882322 00 00 3231303032334D3031373531            
07/11/23 06:18:10 0056 1                  44.905292 8.882333 00 00 3231303132304A3037353934            
07/11/23 06:19:35 0057 1                  44.905603 8.881932 00 00 323032343055303030353133            
07/11/23 06:20:29 0058 1                  44.905500 8.881920 00 00 323032343055303030343434            
07/11/23 06:22:31 0059 1                  44.905328 8.880363 00 00 323032343055303030353130            
07/11/23 06:22:51 0060 1                  44.905335 8.880415 00 00 323032343055303030353131            
07/11/23 06:24:21 0061 1                  44.904573 8.881642 00 00 323031323055303030323033            
07/11/23 06:24:51 0062 1                  44.904528 8.881690 00 00 323031323055303030313932            
07/11/23 06:26:10 0063 1                  44.904340 8.881790 00 00 323032343055303030323237            
07/11/23 06:27:23 0064 1                  44.904435 8.881897 00 00 323032343055303030353939            
07/11/23 06:28:55 0065 1                  44.904383 8.880738 00 00 323032343055303030313138            
07/11/23 06:32:57 0066 1                  44.905258 8.878202 00 00 323032343055303030343336            
07/11/23 06:35:06 0067 1                  44.906695 8.880702 00 00 323032343055303030323934            
07/11/23 06:35:29 0068 1                  44.906745 8.880722 00 00 323032343055303030323935            
07/11/23 06:37:51 0069 1                  44.907788 8.882460 00 00 323032343055303030353035            
07/11/23 06:37:51 0070 1                  44.907788 8.882460 00 00 323032343055303030353037            
07/11/23 06:38:24 0071 1                  44.907827 8.882368 00 00 323032343055303030343030            
07/11/23 06:41:33 0072 1                  44.907415 8.885910 00 00 323032343055303030333938            
07/11/23 06:41:38 0073 1                  44.907402 8.885910 00 00 323032343055303030333939            
07/11/23 06:43:33 0074 1                  44.907128 8.892163 00 00 323031323055303030333630            
07/11/23 06:43:33 0075 1                  44.907128 8.892163 00 00 323031323055313030333630            
07/11/23 06:51:51 0076 1                  44.904477 8.876720 00 00 323032343055303030343331            
07/11/23 06:51:58 0077 1                  44.904503 8.876795 00 00 323032343055303030353737            
07/11/23 06:53:01 0078 1                  44.904583 8.877053 00 00 323032343055303030343332            
07/11/23 06:53:02 0079 1                  44.904582 8.877052 00 00 323032343055303030343333            
07/11/23 06:55:43 0080 1                  44.904333 8.876392 00 00 323032343055303030303731            
07/11/23 06:55:47 0081 1                  44.904330 8.876380 00 00 323032343055B03030303834            
07/11/23 06:57:54 0082 1                  44.903382 8.875325 00 00 323032343055303030323137            
07/11/23 06:58:33 0083 1                  44.903328 8.875223 00 00 323032343055303030323231            
07/11/23 06:58:42 0084 1                  44.903327 8.875207 00 00 323032343055303030323232            
07/11/23 06:59:51 0085 1                  44.902978 8.875502 00 00 323030323545303033333834            
07/11/23 06:59:56 0086 1                  44.903042 8.875667 00 00 3231303032334D3031373539            
07/11/23 07:00:01 0087 1                  44.903067 8.875710 00 00 323030323545303033333738            
07/11/23 07:00:07 0088 1                  44.903067 8.875745 00 00 3231303032334D3030343437            
07/11/23 07:00:13 0089 1                  44.903080 8.875792 00 00 323030323545303033333338            
07/11/23 07:00:37 0090 1                  44.902870 8.875915 00 00 323030323545303033323736            
07/11/23 07:00:37 0091 1                  44.902870 8.875915 00 00 323030323545303033323031            
07/11/23 07:00:37 0092 1                  44.902818 8.875938 00 00 323030323545303033323330            
07/11/23 07:00:38 0093 1                  44.902818 8.875938 00 00 323030323545303033323834            
07/11/23 07:00:49 0094 1                  44.902792 8.875965 00 00 3232303032334D3031363138            
07/11/23 07:00:58 0095 1                  44.902792 8.875983 00 00 323030323545303033323239            
07/11/23 07:01:16 0096 1                  44.902790 8.875992 00 00 323030323545303033323737            
07/11/23 07:01:23 0097 1                  44.902795 8.876030 00 00 3232303032334D3031303433            
07/11/23 07:01:29 0098 1                  44.902797 8.876045 00 00 323030323545303038303230            
07/11/23 07:01:40 0099 1                  44.902805 8.876048 00 00 323030323545303033323331            
07/11/23 07:01:45 0100 1                  44.902805 8.876050 00 00 3233303032334D3030323130            
07/11/23 07:02:20 0101 1                  44.902830 8.876273 00 00 323032343055303030343239            
07/11/23 07:03:49 0102 1                  44.903157 8.876885 00 00 323032343055303030323238            
07/11/23 07:05:16 0103 1                  44.903178 8.877775 00 00 323032343055303030343531            
07/11/23 07:07:10 0104 1                  44.903323 8.878785 00 00 3231303234304A3031313630            
07/11/23 07:07:11 0105 1                  44.903315 8.878788 00 00 3231303234304A3031313437            
07/11/23 07:07:47 0106 1                  44.903283 8.878920 00 00 3231303234304A3034343537            
07/11/23 07:09:12 0107 1                  44.903527 8.878703 00 00 323032343055303030353639            
07/11/23 07:09:12 0108 1                  44.903527 8.878703 00 00 323032343055303030353730            
07/11/23 07:10:20 0109 1                  44.903582 8.878490 00 00 3231303234304A3031313438            
07/11/23 07:11:41 0110 1                  44.903518 8.879505 00 00 323031323055303030333334            
07/11/23 07:11:43 0111 1                  44.903525 8.879508 00 00 323031323055303030333232            
07/11/23 07:12:26 0112 1                  44.903628 8.879628 00 00 323032343055303030353733            
07/11/23 07:13:44 0113 1                  44.903962 8.879927 00 00 3231303234304A3034323538            
07/11/23 07:14:25 0114 1                  44.904222 8.879973 00 00 323032343055303030303739            
07/11/23 07:14:31 0115 1                  44.904227 8.879967 00 00 323032343055303030303830            
07/11/23 07:16:24 0116 1                  44.903315 8.880072 00 00 3231303032334D3031393530            
07/11/23 07:17:19 0117 1                  44.902993 8.879838 00 00 323031323055303030333835            
07/11/23 07:18:25 0118 1                  44.902843 8.879550 00 00 323031323055303030333836            
07/11/23 07:20:28 0119 1                  44.902750 8.879223 00 00 323031323055303030333734            
07/11/23 07:23:57 0120 1                  44.900660 8.866085 00 00 25705569A6870762C1C34CB4            
07/11/23 08:01:06 0000 s 01877ver01 44.882642 8.859993 00 00
07/11/23 08:02:43 0121 1                  44.883973 8.859200 00 00 323030323545303031373631            
07/11/23 08:02:47 0122 1                  44.884050 8.859215 00 00 323030323545303031383834            
07/11/23 08:03:09 0123 1                  44.884990 8.859157 00 00 323030323545303039343233            
07/11/23 08:05:41 0124 1                  44.893932 8.862240 00 00 555338334D86801200201107            
07/11/23 08:14:06 0125 1                  44.902700 8.879722 00 00 323032343055303030353731            
07/11/23 08:16:13 0126 1                  44.901582 8.880177 00 00 323032343055303030323031            
07/11/23 08:16:19 0127 1                  44.901572 8.880188 00 00 323032343055303030343435            
07/11/23 08:19:11 0128 1                  44.901432 8.880403 00 00 323030323545303033343434            
07/11/23 08:19:27 0129 1                  44.901402 8.880637 00 00 31383032334D303135363934            
07/11/23 08:19:52 0130 1                  44.901428 8.881073 00 00 31383032334D303135363933            
07/11/23 08:20:16 0131 1                  44.901643 8.881503 00 00 3232303032334D3030383935            
07/11/23 08:20:22 0132 1                  44.901648 8.881513 00 00 31383032334D303135383335            
07/11/23 08:20:42 0133 1                  44.901760 8.881573 00 00 31383032334D303135383338            
07/11/23 08:21:10 0134 1                  44.901783 8.882063 00 00 31383032334D303135363932            
07/11/23 08:21:33 0135 1                  44.902085 8.882022 00 00 31383032334D303135383332            
07/11/23 08:21:36 0136 1                  44.902100 8.881982 00 00 3231303032334D3030373834            
07/11/23 08:21:59 0137 1                  44.902457 8.881677 00 00 31383032734D303035313632            
07/11/23 08:21:59 0138 1                  44.902455 8.881662 00 00 31383032334D303035313632            
07/11/23 08:22:12 0139 1                  44.902438 8.881485 00 00 31383032334D303035313732            
07/11/23 08:22:17 0140 1                  44.902418 8.881460 00 00 31383032334D303035313731            
07/11/23 08:22:25 0141 1                  44.902435 8.881355 00 00 31383032334D303034383131            
07/11/23 08:22:34 0142 1                  44.902380 8.881267 00 00 31383032334D303034393935            
07/11/23 08:22:48 0143 1                  44.902327 8.881095 00 00 3231303032334D3031363533            
07/11/23 08:22:54 0144 1                  44.902307 8.881033 00 00 31383032334D303034383132            
07/11/23 08:23:03 0145 1                  44.902265 8.880978 00 00 31383032334D303034393731            
07/11/23 08:23:15 0146 1                  44.902232 8.880897 00 00 323030323545303033333332            
07/11/23 08:23:30 0147 1                  44.902238 8.880725 00 00 31383032334D303034393730            
07/11/23 08:24:06 0148 1                  44.902130 8.880728 00 00 323030323545303033333335            
07/11/23 08:24:23 0149 1                  44.902190 8.880987 00 00 323030323545303033313034            
07/11/23 08:24:30 0150 1                  44.902163 8.881017 00 00 31383032334D303137333632            
07/11/23 08:24:48 0151 1                  44.902217 8.881177 00 00 35383032334D303034393732            
07/11/23 08:24:59 0152 1                  44.902232 8.881238 00 00 31383032334D303035303837            
07/11/23 08:25:14 0153 1                  44.902288 8.881478 00 00 31383032334D303035313631            
07/11/23 08:26:25 0154 1                  44.903032 8.882238 00 00 323032343055303030353232            
07/11/23 08:26:36 0155 1                  44.903100 8.882228 00 00 323032343055303030353039            
07/11/23 08:30:11 0156 1                  44.902380 8.882222 00 00 31383032334D303035303835            
07/11/23 08:30:14 0157 1                  44.902363 8.882272 00 00 31383032334D303035303833            
07/11/23 08:30:32 0158 1                  44.902393 8.882413 00 00 3231303032334D3031363232            
07/11/23 08:30:41 0159 1                  44.902423 8.882512 00 00 3231303032334D3031373234            
07/11/23 08:30:54 0160 1                  44.902482 8.882768 00 00 31383032334D303034393932            
07/11/23 08:31:10 0161 1                  44.902532 8.882997 00 00 31383032334D303034393338            
07/11/23 08:31:25 0162 1                  44.902553 8.883158 00 00 3231303032334D3030373333            
07/11/23 08:31:33 0163 1                  44.902552 8.883250 00 00 31383032334D303034393337            
07/11/23 08:31:50 0164 1                  44.902628 8.883602 00 00 31383032334D303035313039            
07/11/23 08:32:02 0165 1                  44.902657 8.883797 00 00 3232303032334D3031333234            
07/11/23 08:32:12 0166 1                  44.902700 8.883883 00 00 3231303032334D3030353234            
07/11/23 08:33:16 0167 1                  44.902650 8.883600 00 00 3231303032334D3030363533            
07/11/23 08:34:51 0168 1                  44.902275 8.882953 00 00 31383032334D303034393430            
07/11/23 08:34:51 0169 1                  44.902275 8.882953 00 00 31383032334D303434393430            
07/11/23 08:35:18 0170 1                  44.901945 8.882708 00 00 31383032334D303135383337            
07/11/23 08:37:26 0171 1                  44.902403 8.884863 00 00 3231303032334D3030373434            
07/11/23 08:37:46 0172 1                  44.902457 8.885112 00 00 31383032334D303035303734            
07/11/23 08:37:58 0173 1                  44.902465 8.885167 00 00 31383032334D303034393035            
07/11/23 08:38:13 0174 1                  44.902500 8.885395 00 00 3231303032334D3033393835            
07/11/23 08:38:47 0175 1                  44.902942 8.886230 00 00 31383032334D303037303632            
07/11/23 08:38:50 0176 1                  44.902970 8.886237 00 00 31383032334D303135373739            
07/11/23 08:38:55 0177 1                  44.903005 8.886233 00 00 3231303032334D3031373537            
07/11/23 08:39:00 0178 1                  44.903018 8.886247 00 00 323030323545303039343333            
07/11/23 08:39:35 0179 1                  44.903162 8.886792 00 00 31383032334D303038333439            
07/11/23 08:39:47 0180 1                  44.903058 8.886898 00 00 31383032334D303035313539            
07/11/23 08:39:59 0181 1                  44.903042 8.887023 00 00 31383032334D303035313630            
07/11/23 08:40:30 0182 1                  44.902940 8.887398 00 00 323030323545303035303039            
07/11/23 08:41:42 0183 1                  44.903595 8.887397 00 00 31383032334D303034393739            
07/11/23 08:41:50 0184 1                  44.903602 8.887397 00 00 3231303032334D3031383139            
07/11/23 08:42:37 0185 1                  44.903755 8.886317 00 00 3233303032334D3030323334            
07/11/23 08:42:51 0186 1                  44.903867 8.886013 00 00 31383032334D303035313633            
07/11/23 08:43:05 0187 1                  44.903843 8.885825 00 00 31383032334D303035313537            
07/11/23 08:43:24 0188 1                  44.903472 8.885487 00 00 31383032334D303035313931            
07/11/23 08:43:37 0189 1                  44.903447 8.885318 00 00 31383032334D303034393637            
07/11/23 08:43:46 0190 1                  44.903457 8.885222 00 00 31383032334D303034393636            
07/11/23 08:44:13 0191 1                  44.903380 8.884507 00 00 3232303032334D3031333832            
07/11/23 08:44:29 0192 1                  44.903328 8.884468 00 00 31383032334D303034383236            
07/11/23 08:45:08 0193 1                  44.903255 8.884153 00 00 31383032334D303034383232            
07/11/23 08:45:37 0194 1                  44.903228 8.883945 00 00 31383032334D303034383238            
07/11/23 08:45:53 0195 1                  44.903213 8.883882 00 00 31383032334D303034383237            
07/11/23 08:45:58 0196 1                  44.903223 8.883882 00 00 323030323545303030323734            
07/11/23 08:47:51 0197 1                  44.903162 8.883500 00 00 323030323545303030323739            
07/11/23 08:47:55 0198 1                  44.903143 8.883500 00 00 323030323545303030333835            
07/11/23 08:47:55 0199 1                  44.903143 8.883500 00 00 323030323545303030323832            
07/11/23 08:48:02 0200 1                  44.903118 8.883500 00 00 3231303032334D3030363036            
07/11/23 08:48:23 0201 1                  44.902997 8.883242 00 00 31383032334D303035313831            
07/11/23 08:48:31 0202 1                  44.902978 8.883178 00 00 31383032334D303035313830            
07/11/23 08:51:33 0203 1                  44.901348 8.884477 00 00 31383032334D303034393537            
07/11/23 08:51:40 0204 1                  44.901330 8.884482 00 00 31383032334D303034393539            
07/11/23 08:52:15 0205 1                  44.901117 8.884093 00 00 31383032334D303034393138            
07/11/23 08:52:27 0206 1                  44.901047 8.883972 00 00 3231303032334D3030343339            
07/11/23 08:53:11 0207 1                  44.901152 8.883350 00 00 31383032334D303035303230            
07/11/23 08:54:03 0208 1                  44.900395 8.882663 00 00 323030323545303033383132            
07/11/23 08:54:07 0209 1                  44.900382 8.882665 00 00 323030323545303033383130            
07/11/23 08:57:17 0210 1                  44.899450 8.882092 00 00 3231303234304A3034333839            
07/11/23 08:58:06 0211 1                  44.899493 8.882170 00 00 323032343055303030343637            
07/11/23 09:01:02 0212 1                  44.900990 8.878832 00 00 323032343055303030353938            
07/11/23 09:06:08 0213 1                  44.909078 8.885695 00 00 323032343055303030333937            
07/11/23 09:06:32 0214 1                  44.909130 8.885612 00 00 323032343055303030353838            
07/11/23 09:18:42 0000 s 01877ver01 44.902028 8.873028 00 00
