21/10/23 05:39:22 0000 s 01489ver01 44.882585 8.859773 00 00
21/10/23 05:39:23 0000 s 01489ver01 44.882585 8.859773 00 00
21/10/23 05:40:54 0000 s 01489ver01 0 0 00 00
21/10/23 05:40:56 0000 s 01489ver01 0 0 00 00
21/10/23 06:02:08 0001 1                  44.977420 8.882612 00 00 323030323545303036353837            
21/10/23 06:02:16 0002 1                  44.977418 8.882577 00 00 323030323545303036343230            
21/10/23 06:02:53 0003 1                  44.977612 8.882397 00 00 323030323545303034353234            
21/10/23 06:03:14 0004 1                  44.977633 8.882257 00 00 3231303032334D3032303134            
21/10/23 06:03:49 0005 1                  44.977957 8.882140 00 00 323030323545303036313434            
21/10/23 06:04:27 0006 1                  44.978462 8.881705 00 00 323030323545303039343335            
21/10/23 06:04:32 0007 1                  44.978468 8.881708 00 00 323030323545303036353138            
21/10/23 06:04:48 0008 1                  44.978515 8.881643 00 00 323030323545303033313734            
21/10/23 06:06:20 0009 1                  44.979727 8.881463 00 00 31383032334D303032393136            
21/10/23 06:06:23 0010 1                  44.979738 8.881463 00 00 323030323545303032343834            
21/10/23 06:06:57 0011 1                  44.979740 8.881855 00 00 323030323545303037303732            
21/10/23 06:07:47 0012 1                  44.980020 8.882162 00 00 300ED89F3350014A1E0B950B            
21/10/23 06:08:09 0013 1                  44.980032 8.882168 00 00 323032343055303030353438            
21/10/23 06:08:40 0014 1                  44.980043 8.882203 00 00 300ED89F3350014A1DFC748D            
21/10/23 06:09:33 0015 1                  44.980482 8.882033 00 00 323030323545303037323737            
21/10/23 06:09:49 0016 1                  44.980482 8.881770 00 00 323030323545303030323537            
21/10/23 06:10:37 0017 1                  44.980393 8.881090 00 00 323030323545303033373933            
21/10/23 06:11:19 0018 1                  44.980282 8.880980 00 00 323030323545303032393135            
21/10/23 06:11:23 0019 1                  44.980263 8.880938 00 00 323030323545303032343437            
21/10/23 06:11:30 0020 1                  44.980242 8.880902 00 00 323030323545303032393134            
21/10/23 06:11:33 0021 1                  44.980233 8.880882 00 00 3232303032334D3030373532            
21/10/23 06:11:43 0022 1                  44.980198 8.880827 00 00 323030323545303032393237            
21/10/23 06:11:47 0023 1                  44.980187 8.880813 00 00 323030323545303030303834            
21/10/23 06:11:55 0024 1                  44.980170 8.880787 00 00 3232303032334D3031333833            
21/10/23 06:12:08 0025 1                  44.980145 8.880772 00 00 323030323545303032373838            
21/10/23 06:12:35 0026 1                  44.980050 8.880787 00 00 323030323545303035363536            
21/10/23 06:13:34 0027 1                  44.979833 8.881065 00 00 323030323545303035393031            
21/10/23 06:13:56 0028 1                  44.979517 8.881222 00 00 3231303032334D3031313030            
21/10/23 06:14:27 0029 1                  44.978950 8.882802 00 00 3232303032334D3030323439            
21/10/23 06:14:52 0030 1                  44.979105 8.882887 00 00 323030323545303032323233            
21/10/23 06:14:57 0031 1                  44.979100 8.882883 00 00 323030323545303032313736            
21/10/23 06:15:03 0032 1                  44.979097 8.882887 00 00 323030323545303032343138            
21/10/23 06:15:17 0033 1                  44.979107 8.882892 00 00 313931323043303030343139            
21/10/23 06:15:24 0034 1                  44.979257 8.882788 00 00 323030323545303036323535            
21/10/23 06:16:01 0035 1                  44.979337 8.882348 00 00 323030323545303030343933            
21/10/23 06:16:59 0036 1                  44.979872 8.883132 00 00 323030323545303036323935            
21/10/23 06:17:07 0037 1                  44.979893 8.883155 00 00 323030323545303036323032            
21/10/23 06:18:19 0038 1                  44.980277 8.883707 00 00 323030323545303036323933            
21/10/23 06:18:48 0039 1                  44.980335 8.883795 00 00 323030323545303035353839            
21/10/23 06:18:56 0040 1                  44.980337 8.883798 00 00 323030323545303035353930            
21/10/23 06:19:27 0041 1                  44.980253 8.883500 00 00 323030323545303035363937            
21/10/23 06:20:32 0042 1                  44.980188 8.883060 00 00 323030323545303038393934            
21/10/23 06:21:11 0043 1                  44.980617 8.882905 00 00 323030323545303036323934            
21/10/23 06:21:25 0044 1                  44.980672 8.882907 00 00 323030323545303030323733            
21/10/23 06:21:25 0045 1                  44.980672 8.882907 00 00 323030323545303034303735            
21/10/23 06:21:26 0046 1                  44.980672 8.882907 00 00 323030323545303030343437            
21/10/23 06:21:26 0047 1                  44.980672 8.882907 00 00 323030323545303035373232            
21/10/23 06:21:26 0048 1                  44.980672 8.882907 00 00 323030323545303030353434            
21/10/23 06:21:27 0049 1                  44.980672 8.882907 00 00 323030323545303039303331            
21/10/23 06:23:32 0050 1                  44.981192 8.883762 00 00 323030323545303033343739            
21/10/23 06:24:14 0051 1                  44.981225 8.883592 00 00 323030323545303033353631            
21/10/23 06:24:16 0052 1                  44.981220 8.883600 00 00 323030323545303033323039            
21/10/23 06:24:40 0053 1                  44.981183 8.883637 00 00 323030323545303033353630            
21/10/23 06:24:47 0054 1                  44.981182 8.883632 00 00 323030323545303033343134            
21/10/23 06:25:29 0055 1                  44.981152 8.883335 00 00 323030323545303037393534            
21/10/23 06:25:30 0056 1                  44.981152 8.883335 00 00 323030323545303030343132            
21/10/23 06:25:55 0057 1                  44.981308 8.882920 00 00 323030323545303038303334            
21/10/23 06:25:56 0058 1                  44.981308 8.882920 00 00 323030323545303038303439            
21/10/23 06:26:11 0059 1                  44.981297 8.882693 00 00 3231303032334D3030333134            
21/10/23 06:26:24 0060 1                  44.981307 8.882678 00 00 323030323545303034393437            
21/10/23 06:26:32 0061 1                  44.981310 8.882677 00 00 323030323545303037343538            
21/10/23 06:26:40 0062 1                  44.981317 8.882673 00 00 323030323545303030313839            
21/10/23 06:27:07 0063 1                  44.981338 8.882665 00 00 3231303032334D3030323137            
21/10/23 06:28:38 0064 1                  44.981265 8.882925 00 00 323030323545303032383534            
21/10/23 06:28:54 0065 1                  44.981275 8.882967 00 00 323030323545303039303336            
21/10/23 06:29:14 0066 1                  44.981278 8.882982 00 00 323030323545303032383736            
21/10/23 06:30:13 0067 1                  44.981463 8.883282 00 00 323030323545303036363736            
21/10/23 06:30:21 0068 1                  44.981473 8.883305 00 00 323030323545303030353332            
21/10/23 06:30:48 0069 1                  44.981718 8.883217 00 00 323030323545303033363138            
21/10/23 06:31:40 0070 1                  44.981910 8.882812 00 00 323030323545303033343837            
21/10/23 06:32:03 0071 1                  44.981563 8.882682 00 00 323030323545303033363231            
21/10/23 06:32:21 0072 1                  44.981343 8.882597 00 00 323030323545303033343438            
21/10/23 06:32:22 0073 1                  44.981307 8.882580 00 00 323030323545303033363230            
21/10/23 06:32:38 0074 1                  44.981288 8.882472 00 00 323030323545303036303632            
21/10/23 06:32:43 0075 1                  44.981288 8.882433 00 00 323030323545303032353130            
21/10/23 06:32:49 0076 1                  44.981268 8.882422 00 00 323030323545303032353131            
21/10/23 06:32:56 0077 1                  44.981242 8.882425 00 00 323030323545303032353137            
21/10/23 06:33:17 0078 1                  44.981133 8.882463 00 00 323030323545303032313438            
21/10/23 06:34:06 0079 1                  44.981188 8.882035 00 00 3231303032334D3033323037            
21/10/23 06:34:06 0080 1                  44.981188 8.882035 00 00 323030323545303033343239            
21/10/23 06:34:06 0081 1                  44.981188 8.882035 00 00 3232303032334D3030303934            
21/10/23 06:34:19 0082 1                  44.981163 8.881983 00 00 323030323545303032343230            
21/10/23 06:34:48 0083 1                  44.981162 8.881942 00 00 323030323545303038363337            
21/10/23 06:34:52 0084 1                  44.981173 8.881937 00 00 323030323545303032343432            
21/10/23 06:35:28 0085 1                  44.981118 8.881715 00 00 323030323545303033343137            
21/10/23 06:35:56 0086 1                  44.981187 8.881327 00 00 323031323055303030333430            
21/10/23 06:36:12 0087 1                  44.981645 8.881332 00 00 323030323545303033373034            
21/10/23 06:36:33 0088 1                  44.981925 8.881492 00 00 323030323545303033343539            
21/10/23 06:37:33 0089 1                  44.982252 8.880985 00 00 323031323055303030323535            
21/10/23 06:38:59 0090 1                  44.982115 8.881418 00 00 323030323545303033303136            
21/10/23 06:39:06 0091 1                  44.982097 8.881493 00 00 323030323545303033353037            
21/10/23 06:39:25 0092 1                  44.982067 8.881770 00 00 323030323545303033353539            
21/10/23 06:39:46 0093 1                  44.982088 8.882000 00 00 323030323545303033353437            
21/10/23 06:40:14 0094 1                  44.982090 8.882187 00 00 323030323545303033353433            
21/10/23 06:40:18 0095 1                  44.982082 8.882195 00 00 323030323545303037383132            
21/10/23 06:40:33 0096 1                  44.982042 8.882322 00 00 323030323545303033353536            
21/10/23 06:40:42 0097 1                  44.982040 8.882413 00 00 323030323545303033343835            
21/10/23 06:41:45 0098 1                  44.981972 8.883413 00 00 323030323545303033353137            
21/10/23 06:42:08 0099 1                  44.982022 8.883578 00 00 323030323545303033353234            
21/10/23 06:42:23 0100 1                  44.982013 8.883615 00 00 323030323545303038363932            
21/10/23 06:42:45 0101 1                  44.982008 8.883633 00 00 323030323545303033353138            
21/10/23 06:43:38 0102 1                  44.982047 8.884027 00 00 323030323545303033303737            
21/10/23 06:43:52 0103 1                  44.982045 8.884042 00 00 323030323545303033343830            
21/10/23 06:44:37 0104 1                  44.982047 8.884338 00 00 323030323545303037333838            
21/10/23 06:44:38 0105 1                  44.982047 8.884338 00 00 323030323545303033353034            
21/10/23 06:45:28 0106 1                  44.982102 8.884713 00 00 323030323545303033343234            
21/10/23 06:46:21 0107 1                  44.982202 8.884772 00 00 323030323545303033353830            
21/10/23 06:46:38 0108 1                  44.982212 8.884775 00 00 323030323545303033353937            
21/10/23 06:47:12 0109 1                  44.982308 8.884725 00 00 3232303032334D3030313433            
21/10/23 06:47:19 0110 1                  44.982323 8.884688 00 00 323030323545303033353338            
21/10/23 06:47:54 0111 1                  44.982372 8.884363 00 00 323030323545303033353434            
21/10/23 06:48:02 0112 1                  44.982373 8.884342 00 00 323030323545303033363038            
21/10/23 06:48:42 0113 1                  44.982453 8.884282 00 00 323030323545303033353339            
21/10/23 06:48:54 0114 1                  44.982460 8.884275 00 00 323030323545303033353537            
21/10/23 06:49:07 0115 1                  44.982460 8.884270 00 00 323030323545303033353432            
21/10/23 06:49:47 0116 1                  44.982495 8.884102 00 00 323030323545303033343237            
21/10/23 06:50:57 0117 1                  44.982807 8.883715 00 00 323030323545303036303536            
21/10/23 06:51:28 0118 1                  44.982665 8.883670 00 00 323030323545303033353335            
21/10/23 06:51:53 0119 1                  44.982590 8.883610 00 00 323030323545303033353733            
21/10/23 06:53:02 0120 1                  44.982863 8.882010 00 00 323030323545303033353737            
21/10/23 06:53:15 0121 1                  44.982867 8.882103 00 00 3232303032334D3031373036            
21/10/23 06:54:00 0122 1                  44.982910 8.882478 00 00 3233303032334D3030333935            
21/10/23 06:54:24 0123 1                  44.982818 8.882773 00 00 323030323545303033353639            
21/10/23 06:54:59 0124 1                  44.982447 8.882770 00 00 323030323545303033323036            
21/10/23 06:55:18 0125 1                  44.982332 8.882797 00 00 323030323545303033303134            
21/10/23 06:55:28 0126 1                  44.982310 8.882795 00 00 323030323545303035303631            
21/10/23 06:56:03 0127 1                  44.982228 8.882767 00 00 323030323545303038333932            
21/10/23 06:56:17 0128 1                  44.982215 8.882743 00 00 323030323545303032393030            
21/10/23 06:56:22 0129 1                  44.982208 8.882737 00 00 323030323545303032393438            
21/10/23 06:56:28 0130 1                  44.982203 8.882725 00 00 323030323545303032393032            
21/10/23 06:56:33 0131 1                  44.982203 8.882712 00 00 323030323545303032343639            
21/10/23 06:56:40 0132 1                  44.982198 8.882682 00 00 323030323545303032393038            
21/10/23 06:57:16 0133 1                  44.981897 8.883388 00 00 323030323545303033353234            
21/10/23 06:57:16 0134 1                  44.981897 8.883388 00 00 323030323545303033353138            
21/10/23 06:57:22 0135 1                  44.981917 8.883745 00 00 323030323545303033303737            
21/10/23 06:57:25 0136 1                  44.982007 8.884043 00 00 323030323545303033353034            
21/10/23 06:57:59 0137 1                  44.982018 8.884863 00 00 323030323545303033323130            
21/10/23 06:58:16 0138 1                  44.982007 8.884847 00 00 323030323545303033353931            
21/10/23 06:58:45 0139 1                  44.981995 8.884863 00 00 323030323545303033343330            
21/10/23 07:00:12 0140 1                  44.981008 8.884672 00 00 323030323545303033353131            
21/10/23 07:00:51 0141 1                  44.981007 8.884498 00 00 323030323545303033333135            
21/10/23 07:01:07 0142 1                  44.981030 8.884495 00 00 323030323545303032343937            
21/10/23 07:01:32 0143 1                  44.981035 8.884455 00 00 3030353035353337323830303031        
21/10/23 07:01:45 0144 1                  44.981247 8.884398 00 00 25705569A6866702F2C37CB0            
21/10/23 07:02:41 0145 1                  44.981450 8.884033 00 00 323030323545303033343132            
21/10/23 07:03:21 0146 1                  44.981498 8.883665 00 00 323030323545303033343335            
21/10/23 07:04:08 0147 1                  44.981675 8.882935 00 00 323030323545303033363231            
21/10/23 07:04:08 0148 1                  44.981675 8.882935 00 00 3231303032334D3030323137            
21/10/23 07:04:26 0149 1                  44.981285 8.881777 00 00 323030323545303033343137            
21/10/23 07:06:13 0150 1                  44.979752 8.883252 00 00 323030323545303036323833            
21/10/23 07:06:43 0151 1                  44.979702 8.883590 00 00 323030323545303036323834            
21/10/23 07:07:26 0152 1                  44.979718 8.883813 00 00 25754169A686CF1371E70DB0            
21/10/23 07:07:47 0153 1                  44.979697 8.883995 00 00 3232303032334D3030373938            
21/10/23 07:08:03 0154 1                  44.979663 8.884010 00 00 323030323545303032373731            
21/10/23 07:08:56 0155 1                  44.979622 8.884160 00 00 323030323545303032393439            
21/10/23 07:10:08 0156 1                  44.979573 8.884490 00 00 323030323545303033303139            
21/10/23 07:10:16 0157 1                  44.979553 8.884520 00 00 323030323545303036373833            
21/10/23 07:11:05 0158 1                  44.979613 8.884762 00 00 323030323545303035383734            
21/10/23 07:12:17 0159 1                  44.979687 8.884802 00 00 313931323050303133353339            
21/10/23 07:12:51 0160 1                  44.979813 8.884905 00 00 323030323545303036363137            
21/10/23 07:13:02 0161 1                  44.979812 8.884907 00 00 323030323545303036313738            
21/10/23 07:15:02 0162 1                  44.979763 8.884820 00 00 30396062C3A4EE8210C8B64D            
21/10/23 07:17:56 0163 1                  44.978835 8.884787 00 00 323030323545303036373835            
21/10/23 07:17:56 0164 1                  44.978835 8.884787 00 00 323030323545303038363133            
21/10/23 07:17:56 0165 1                  44.978835 8.884787 00 00 323030323545303037343136            
21/10/23 07:18:27 0166 1                  44.978642 8.884713 00 00 323030323545303036373538            
21/10/23 07:19:01 0167 1                  44.978498 8.884568 00 00 323030323545303036333432            
21/10/23 07:19:01 0168 1                  44.978498 8.884568 00 00 323030323545303036323235            
21/10/23 07:19:27 0169 1                  44.978490 8.884523 00 00 323030323545303035393236            
21/10/23 07:20:16 0170 1                  44.978562 8.884295 00 00 323030323545303036373837            
21/10/23 07:20:20 0171 1                  44.978570 8.884280 00 00 323030323545303036373830            
21/10/23 07:20:37 0172 1                  44.978602 8.884222 00 00 323030323545303036373831            
21/10/23 07:21:39 0173 1                  44.978772 8.884325 00 00 323030323545303038363135            
21/10/23 07:21:39 0174 1                  44.978772 8.884325 00 00 323030323545303035383131            
21/10/23 07:22:00 0175 1                  44.978857 8.884267 00 00 323030323545303030353934            
21/10/23 07:22:20 0176 1                  44.978843 8.884185 00 00 323030323545303032393031            
21/10/23 07:22:47 0177 1                  44.979060 8.884178 00 00 323030323545303036373031            
21/10/23 07:23:06 0178 1                  44.979157 8.884268 00 00 323030323545303035393536            
21/10/23 07:25:40 0179 1                  44.978895 8.886747 00 00 323030323545303033303736            
21/10/23 07:26:13 0180 1                  44.978703 8.887080 00 00 323030323545303036313831            
21/10/23 07:26:46 0181 1                  44.978585 8.887443 00 00 323030323545303035393039            
21/10/23 07:27:47 0182 1                  44.978355 8.887388 00 00 323030323545303036363734            
21/10/23 07:28:31 0183 1                  44.978113 8.887760 00 00 3232303032334D3031363839            
21/10/23 07:29:12 0184 1                  44.977917 8.888217 00 00 323030323545303036363733            
21/10/23 07:39:30 0185 1                  44.978772 8.884938 00 00 323030323545303037343136            
21/10/23 07:39:44 0186 1                  44.978608 8.884455 00 00 323030323545303036373831            
21/10/23 07:41:13 0187 1                  44.978493 8.883455 00 00 300ED89F3350014A1E0B950B            
21/10/23 07:41:56 0188 1                  44.978487 8.883445 00 00 300ED89F3350014A1DFC748D            
21/10/23 07:44:05 0189 1                  44.978437 8.882820 00 00 323030323545303030353233            
21/10/23 07:44:48 0190 1                  44.978360 8.882577 00 00 323031323055303030323438            
21/10/23 07:45:33 0191 1                  44.978343 8.882607 00 00 3232303032334D3031313937            
21/10/23 07:47:38 0192 1                  44.981710 8.880862 00 00 323030323545303035363630            
21/10/23 07:48:23 0193 1                  44.982267 8.880332 00 00 323030323545303036313836            
21/10/23 07:49:00 0194 1                  44.982527 8.880207 00 00 323030323545303030343230            
21/10/23 07:49:11 0195 1                  44.982522 8.880198 00 00 323030323545303030343235            
21/10/23 07:49:15 0196 1                  44.982522 8.880195 00 00 323030323545303030343231            
21/10/23 07:49:54 0197 1                  44.982852 8.880158 00 00 323030323545303032323734            
21/10/23 07:50:04 0198 1                  44.983307 8.880178 00 00 323030323545303037333934            
21/10/23 07:50:51 0199 1                  44.983575 8.880215 00 00 323030323545303033313437            
21/10/23 07:51:09 0200 1                  44.983750 8.880237 00 00 25705569A686CF6331C39DF7            
21/10/23 07:51:24 0201 1                  44.983935 8.880298 00 00 323030323545303037393232            
21/10/23 07:51:28 0202 1                  44.983937 8.880292 00 00 3231303032334D3030383732            
21/10/23 07:51:37 0203 1                  44.983937 8.880295 00 00 323030323545303033303032            
21/10/23 07:52:40 0204 1                  44.984132 8.880308 00 00 323030323545303032333634            
21/10/23 07:52:48 0205 1                  44.984137 8.880317 00 00 3232303032334D3030313239            
21/10/23 07:52:52 0206 1                  44.984145 8.880320 00 00 323030323545303032343137            
21/10/23 07:53:26 0207 1                  44.984553 8.880463 00 00 323030323545303032323835            
21/10/23 07:53:54 0208 1                  44.984793 8.880552 00 00 323030323545303032313638            
21/10/23 07:54:21 0209 1                  44.985170 8.880572 00 00 323030323545303033313632            
21/10/23 07:55:06 0210 1                  44.985507 8.880795 00 00 323030323545303033313439            
21/10/23 07:55:17 0211 1                  44.985562 8.880827 00 00 323030323545303033313631            
21/10/23 07:55:43 0212 1                  44.985770 8.880883 00 00 323030323545303033313836            
21/10/23 07:55:52 0213 1                  44.985788 8.880923 00 00 323030323545303033313830            
21/10/23 07:56:32 0214 1                  44.985962 8.880927 00 00 3232303032334D3030363033            
21/10/23 07:57:35 0215 1                  44.983865 8.883188 00 00 323030323545303036313131            
21/10/23 07:57:55 0216 1                  44.983805 8.883182 00 00 323030323545303036343236            
21/10/23 07:58:29 0217 1                  44.983758 8.882903 00 00 323030323545303036343637            
21/10/23 07:58:45 0218 1                  44.983788 8.882797 00 00 323030323545303036333935            
21/10/23 07:59:19 0219 1                  44.983738 8.882583 00 00 323030323545303032373739            
21/10/23 07:59:46 0220 1                  44.983770 8.882400 00 00 323030323545303036333933            
21/10/23 08:00:11 0221 1                  44.983805 8.882150 00 00 323030323545303033313930            
21/10/23 08:00:51 0222 1                  44.983920 8.881878 00 00 323030323545303033313634            
21/10/23 08:01:10 0223 1                  44.983928 8.881715 00 00 323030323545303033313434            
21/10/23 08:01:47 0224 1                  44.984038 8.881563 00 00 323030323545303032333035            
21/10/23 08:02:04 0225 1                  44.984180 8.881655 00 00 323030323545303033313731            
21/10/23 08:02:11 0226 1                  44.984202 8.881653 00 00 323030323545303033313533            
21/10/23 08:03:09 0227 1                  44.984085 8.881307 00 00 323030323545303032333030            
21/10/23 08:03:46 0228 1                  44.984207 8.880978 00 00 323030323545303037383139            
21/10/23 08:03:53 0229 1                  44.984202 8.880975 00 00 323030323545303032323938            
21/10/23 08:04:11 0230 1                  44.984218 8.880832 00 00 323030323545303032323933            
21/10/23 08:04:28 0231 1                  44.984180 8.880745 00 00 300ED89F3350014A1E0B950B            
21/10/23 08:05:28 0232 1                  44.982285 8.880053 00 00 323030323545303036313836            
21/10/23 08:05:47 0233 1                  44.982123 8.879845 00 00 323030323545303036333838            
21/10/23 08:05:56 0234 1                  44.982122 8.879485 00 00 323030323545303036323739            
21/10/23 08:06:08 0235 1                  44.982508 8.878395 00 00 25705569A686CD84B1C32E76            
21/10/23 08:07:11 0000 s 01489ver01 44.982350 8.875617 00 00
21/10/23 08:41:52 0000 s 01489ver01 44.982377 8.875695 00 00
21/10/23 08:41:53 0000 s 01489ver01 44.982377 8.875695 00 00
21/10/23 08:47:38 0236 1                  44.977713 8.850670 00 00 323030323545303033373532            
21/10/23 08:49:33 0237 1                  44.974048 8.852317 00 00 323030323545303037313137            
21/10/23 08:55:23 0238 1                  44.969852 8.838990 00 00 323030323545303039303232            
21/10/23 08:58:31 0239 1                  44.976587 8.840560 00 00 323030323545303038393739            
21/10/23 10:02:47 0240 1                  44.920778 8.852818 00 00 300ED89F3350014A1E0B950B            
