21/10/23 05:03:28 0000 s 01890ver01 44.882173 8.860078 00 00
21/10/23 05:17:43 0001 1                  44.902392 8.868747 00 00 3231303234304A3031323033            
21/10/23 05:19:01 0002 1                  44.902390 8.868928 00 00 3231303234304A3031323136            
21/10/23 05:28:05 0000 s 01890ver01 44.895068 8.859240 00 00
21/10/23 05:43:12 0003 1                  44.900828 8.869865 00 00 31383032334D303036323634            
21/10/23 05:44:10 0004 1                  44.900760 8.870033 00 00 3231303032334D3031353933            
21/10/23 05:45:55 0005 1                  44.900577 8.870298 00 00 323031323055303030313231            
21/10/23 05:46:47 0006 1                  44.900668 8.870380 00 00 323031323055303030323632            
21/10/23 05:54:59 0007 1                  44.902085 8.873098 00 00 3232303032334D3031353137            
21/10/23 05:58:34 0008 1                  44.901592 8.872640 00 00 3231303032334D3035363038            
21/10/23 05:58:39 0009 1                  44.901590 8.872650 00 00 323030323545303031363731            
21/10/23 06:02:16 0010 1                  44.901188 8.871403 00 00 3231303032334D3030353432            
21/10/23 06:02:20 0011 1                  44.901192 8.871407 00 00 3231303032334D3031333438            
21/10/23 06:02:31 0012 1                  44.901200 8.871408 00 00 323030323545303034343230            
21/10/23 06:05:55 0013 1                  44.902222 8.872357 00 00 323032343055303030333032            
21/10/23 06:12:29 0014 1                  44.901412 8.871660 00 00 323032343055313030323936            
21/10/23 06:14:21 0015 1                  44.900932 8.870882 00 00 3231303032334D3030343534            
21/10/23 06:20:58 0016 1                  44.901410 8.868800 00 00 323030323545303031353130            
21/10/23 06:22:49 0017 1                  44.901088 8.868787 00 00 3231303234304A3031323239            
21/10/23 06:29:48 0018 1                  44.902450 8.868517 00 00 323032343055303030333636            
21/10/23 06:30:38 0019 1                  44.902477 8.868518 00 00 323032343055303030333635            
21/10/23 06:32:29 0020 1                  44.901345 8.867725 00 00 323030323545303034323038            
21/10/23 06:32:36 0021 1                  44.901342 8.867707 00 00 323030323545303034303736            
21/10/23 06:33:13 0022 1                  44.901243 8.867445 00 00 323030323545303034303934            
21/10/23 06:37:47 0023 1                  44.900812 8.866045 00 00 323032343055303030323938            
21/10/23 06:38:11 0024 1                  44.900795 8.866087 00 00 323030323545303031373733            
21/10/23 06:38:20 0025 1                  44.900797 8.866093 00 00 323030323545303031373930            
21/10/23 06:39:05 0026 1                  44.901030 8.866375 00 00 323030323545303036383738            
21/10/23 06:39:12 0027 1                  44.901052 8.866405 00 00 323030323545303036383732            
21/10/23 06:39:19 0028 1                  44.901070 8.866430 00 00 323030323545303036393031            
21/10/23 06:39:29 0029 1                  44.901085 8.866443 00 00 323030323545303036383735            
21/10/23 06:41:54 0030 1                  44.901525 8.867180 00 00 3232303032334D3030313836            
21/10/23 06:45:27 0031 1                  44.900902 8.868023 00 00 3231303032334D3030363836            
21/10/23 06:45:31 0032 1                  44.900903 8.868022 00 00 3231303032334D3030373234            
21/10/23 06:46:08 0033 1                  44.900830 8.868272 00 00 555338334D89046100230511            
21/10/23 06:47:06 0034 1                  44.900768 8.868502 00 00 323031323055303030323738            
21/10/23 06:52:47 0035 1                  44.900070 8.869558 00 00 3232303032334D3031333235            
21/10/23 06:53:21 0036 1                  44.900073 8.869582 00 00 323030323545303035323439            
21/10/23 06:57:34 0037 1                  44.899977 8.870610 00 00 31383032334D303035313735            
21/10/23 07:02:15 0038 1                  44.901643 8.868815 00 00 323031323055303030323138            
21/10/23 07:05:07 0039 1                  44.902070 8.869493 00 00 3233303032334D3030323136            
21/10/23 07:05:17 0040 1                  44.902028 8.869552 00 00 323030323545303038333734            
21/10/23 07:05:27 0041 1                  44.902007 8.869543 00 00 323030323545303038313936            
21/10/23 07:12:35 0042 1                  44.903540 8.871677 00 00 323030323545303034323132            
21/10/23 07:12:45 0043 1                  44.903535 8.871647 00 00 323030323545303039313433            
21/10/23 07:16:21 0044 1                  44.903212 8.871008 00 00 323032343055303030333436            
21/10/23 07:26:19 0045 1                  44.907095 8.877782 00 00 323030323545303031333037            
21/10/23 07:46:52 0000 s 01890ver01 44.901447 8.873172 00 00
21/10/23 07:48:54 0046 1                  44.902865 8.869810 00 00 323432343055303030333537            
21/10/23 07:48:54 0047 1                  44.902865 8.869810 00 00 323032343055303030333537            
21/10/23 07:49:43 0048 1                  44.902882 8.869798 00 00 323031323055303030313430            
21/10/23 07:51:23 0049 1                  44.903138 8.869610 00 00 3233303032334D3030333536            
21/10/23 07:55:30 0050 1                  44.905833 8.876560 00 00 323030323545303037373738            
21/10/23 07:59:07 0051 1                  44.903823 8.874167 00 00 30180011DC1C9BC0003022C7            
21/10/23 08:00:20 0052 1                  44.903452 8.874343 00 00 323030323545303031323832            
21/10/23 08:00:32 0053 1                  44.903453 8.874343 00 00 3232303032334D3031313035            
21/10/23 08:00:44 0054 1                  44.903452 8.874348 00 00 323030323545303039323939            
21/10/23 08:00:59 0055 1                  44.903437 8.874360 00 00 323030323545303039333038            
21/10/23 08:02:22 0056 1                  44.903110 8.874122 00 00 323030323545303037383734            
21/10/23 08:04:29 0057 1                  44.903877 8.871428 00 00 3231303032334D3030353538            
21/10/23 08:04:34 0058 1                  44.903865 8.871420 00 00 323030323545303038323339            
21/10/23 08:05:34 0059 1                  44.903840 8.870875 00 00 3231303032334D3031383939            
21/10/23 08:10:10 0060 1                  44.904478 8.870840 00 00 323030323545303038363239            
21/10/23 08:11:20 0061 1                  44.904218 8.870695 00 00 323030323545303037303736            
21/10/23 08:13:07 0062 1                  44.904068 8.870658 00 00 3231303032334D3030353637            
21/10/23 08:13:11 0063 1                  44.904055 8.870650 00 00 3231303032334D3030353630            
21/10/23 08:13:20 0064 1                  44.904018 8.870633 00 00 323030323545303034373639            
21/10/23 08:17:55 0065 1                  44.904213 8.870035 00 00 323030323545303035323033            
21/10/23 08:18:03 0066 1                  44.904200 8.870035 00 00 323030323545303038363330            
21/10/23 08:19:55 0067 1                  44.903995 8.870277 00 00 323031323055303030323736            
21/10/23 08:20:52 0068 1                  44.903740 8.870295 00 00 323030323545303037303735            
21/10/23 08:24:27 0069 1                  44.903480 8.869872 00 00 323032343055303030323330            
21/10/23 08:31:32 0070 1                  44.904287 8.872040 00 00 323030323545303035333535            
21/10/23 08:31:54 0071 1                  44.904280 8.872027 00 00 3231303032334D3030353737            
21/10/23 08:33:40 0072 1                  44.904573 8.871952 00 00 323030323545303037353438            
21/10/23 08:33:55 0073 1                  44.904565 8.871952 00 00 323030323545303037353835            
21/10/23 08:33:58 0074 1                  44.904565 8.871952 00 00 323030323545303037303237            
21/10/23 08:34:54 0075 1                  44.904670 8.871855 00 00 323030323545303037303433            
21/10/23 08:35:42 0076 1                  44.904857 8.871755 00 00 323030323545303037303431            
21/10/23 08:36:33 0077 1                  44.905032 8.871633 00 00 323030323545303037353933            
21/10/23 08:36:49 0078 1                  44.905043 8.871585 00 00 323030323545303037353533            
21/10/23 08:36:57 0079 1                  44.905043 8.871563 00 00 3232303032334D3030363037            
21/10/23 08:37:07 0080 1                  44.905038 8.871543 00 00 323030323545303037353737            
21/10/23 08:40:56 0081 1                  44.905442 8.871235 00 00 323030323545303037353939            
21/10/23 08:41:18 0082 1                  44.905473 8.871247 00 00 323030323545303037363136            
21/10/23 08:41:23 0083 1                  44.905482 8.871247 00 00 323030323545303037363138            
21/10/23 08:43:28 0084 1                  44.904028 8.872968 00 00 323030323545303038303939            
21/10/23 08:58:21 0000 s 01890ver01 44.903268 8.870043 00 00
21/10/23 09:02:34 0085 1                  44.904553 8.872637 00 00 323031323055303030313539            
21/10/23 09:10:20 0086 1                  44.905442 8.873242 00 00 323030323545303037383335            
21/10/23 09:12:52 0087 1                  44.905408 8.874513 00 00 323032343055303030323931            
21/10/23 09:13:00 0088 1                  44.905417 8.874512 00 00 323032343055303030323933            
21/10/23 09:13:17 0089 1                  44.905427 8.874507 00 00 323032343055303030323932            
21/10/23 09:14:38 0090 1                  44.905472 8.874540 00 00 323032343055303030323930            
21/10/23 09:31:59 0091 1                  44.906285 8.876720 00 00 323030323545303038343231            
21/10/23 09:32:18 0092 1                  44.906283 8.876713 00 00 323030323545303031383738            
21/10/23 09:34:43 0093 1                  44.906688 8.876147 00 00 323032343055303030333133            
21/10/23 09:34:55 0094 1                  44.906693 8.876127 00 00 323032343055303030323937            
21/10/23 09:37:07 0095 1                  44.906707 8.876235 00 00 323032343055303030333135            
21/10/23 09:37:16 0096 1                  44.906713 8.876232 00 00 323032343055303030333536            
21/10/23 09:37:56 0097 1                  44.906732 8.876247 00 00 323032343055303030333535            
21/10/23 09:41:41 0098 1                  44.906485 8.875235 00 00 323032343055303030333434            
21/10/23 09:45:24 0099 1                  44.906412 8.876187 00 00 323032343055303030333234            
21/10/23 09:49:17 0100 1                  44.906425 8.876195 00 00 323031323055303030313132            
21/10/23 09:57:30 0000 s 01890ver01 44.906117 8.876145 00 00
21/10/23 10:00:20 0101 1                  44.905822 8.875623 00 00 323032343055303030353531            
21/10/23 10:04:28 0102 1                  44.907215 8.877192 00 00 3231303032334D3030353830            
21/10/23 10:12:28 0103 1                  44.907293 8.875347 00 00 3231303234304A3031313338            
21/10/23 10:16:25 0104 1                  44.906352 8.873117 00 00 323032343055303030353631            
21/10/23 10:20:16 0105 1                  44.905668 8.872898 00 00 323031323055303030313431            
21/10/23 10:25:41 0106 1                  44.906513 8.873682 00 00 323030323545303037343534            
21/10/23 10:25:47 0107 1                  44.906503 8.873690 00 00 323030323545303036383639            
21/10/23 10:26:50 0108 1                  44.906928 8.874013 00 00 323030323545303034373138            
21/10/23 10:27:58 0109 1                  44.906858 8.874693 00 00 3231303032334D3030343531            
21/10/23 10:28:08 0110 1                  44.906863 8.874695 00 00 323030323545303037353033            
21/10/23 10:28:22 0111 1                  44.906883 8.874712 00 00 3232303032334D3030383931            
21/10/23 10:28:32 0112 1                  44.906883 8.874725 00 00 323030323545303037353439            
