23/10/23 05:08:30 0000 s 01504ver01 44.792855 8.739458 00 00
23/10/23 05:30:06 0001 1                  44.722617 8.858102 00 00 31383033304D303033363432            
23/10/23 05:30:24 0002 1                  44.722578 8.858132 00 00 31383033304D303034323331            
23/10/23 05:32:09 0003 1                  44.722280 8.858198 00 00 31383033304D303034373031            
23/10/23 05:32:25 0004 1                  44.722237 8.858252 00 00 31383033304D303033323635            
23/10/23 05:32:46 0005 1                  44.722177 8.858303 00 00 31383033304D303034313232            
23/10/23 05:32:56 0006 1                  44.722138 8.858323 00 00 31383033304D303034373135            
23/10/23 05:33:59 0007 1                  44.722092 8.857885 00 00 31383033304D303034323337            
23/10/23 05:34:27 0008 1                  44.722143 8.857718 00 00 31383033304D303030343637            
23/10/23 05:34:39 0009 1                  44.722117 8.857692 00 00 31383033304D303033343031            
23/10/23 05:39:15 0010 1                  44.721765 8.857695 00 00 31383033304D303036323234            
23/10/23 05:39:15 0011 1                  44.721765 8.857695 00 00 31383033304D303033333833            
23/10/23 05:39:49 0012 1                  44.721847 8.857827 00 00 31383033304D303033333830            
23/10/23 05:40:13 0013 1                  44.721908 8.857835 00 00 31383033304D303033363736            
23/10/23 05:40:28 0014 1                  44.721873 8.857810 00 00 31383033304D303033373139            
23/10/23 05:41:18 0015 1                  44.721647 8.857902 00 00 31383033304D303034313735            
23/10/23 05:42:01 0016 1                  44.721555 8.857842 00 00 31383132304A303139303136            
23/10/23 05:42:57 0017 1                  44.721493 8.857717 00 00 31383132304A303231333237            
23/10/23 05:45:21 0018 1                  44.721602 8.856085 00 00 31383132304A303236323035            
23/10/23 05:45:29 0019 1                  44.721583 8.856085 00 00 31383132304A303237313032            
23/10/23 05:46:58 0020 1                  44.720955 8.856558 00 00 31383033304D303034303735            
23/10/23 05:48:34 0021 1                  44.721238 8.856557 00 00 31383033304D303034323733            
23/10/23 05:48:34 0022 1                  44.721238 8.856557 00 00 3231303033304D3032353132            
23/10/23 05:49:46 0023 1                  44.721158 8.856603 00 00 313932343045303030373435            
23/10/23 05:50:43 0024 1                  44.720988 8.856958 00 00 31383033304D303033333334            
23/10/23 05:50:53 0025 1                  44.720983 8.856947 00 00 31383033304D303034323535            
23/10/23 05:51:44 0026 1                  44.721243 8.857672 00 00 31383132304A303138393637            
23/10/23 05:51:52 0027 1                  44.721253 8.857747 00 00 31383132304A303138393638            
23/10/23 05:52:00 0028 1                  44.721263 8.857783 00 00 31383033304D303034363133            
23/10/23 05:53:03 0029 1                  44.721228 8.857680 00 00 31383132304A303139373934            
23/10/23 05:54:28 0030 1                  44.721182 8.857642 00 00 31383132304A303139383434            
23/10/23 05:55:51 0031 1                  44.720928 8.858202 00 00 31383033304D303033333939            
23/10/23 05:55:51 0032 1                  44.720928 8.858202 00 00 3231303033304D3033303736            
23/10/23 05:56:21 0033 1                  44.720900 8.858210 00 00 31383132304A303231343931            
23/10/23 05:56:36 0034 1                  44.720927 8.858227 00 00 31383033304D303033343037            
23/10/23 05:56:36 0035 1                  44.720927 8.858227 00 00 3231303033304D3032353736            
23/10/23 05:57:24 0036 1                  44.720887 8.858205 00 00 31383033304D303033333135            
23/10/23 05:59:40 0037 1                  44.720855 8.859167 00 00 31383033304D303034363338            
23/10/23 05:59:50 0038 1                  0 0 00 00 31383033304D303033353435            
23/10/23 06:01:23 0039 1                  44.718628 8.859390 00 00 31383033304D303033343637            
23/10/23 06:02:51 0040 1                  44.718545 8.859393 00 00 3230303033304D3038343730            
23/10/23 06:04:07 0041 1                  44.718560 8.859103 00 00 313931323050303031343331            
23/10/23 06:06:03 0042 1                  44.719135 8.858523 00 00 31383132304A303230383839            
23/10/23 06:08:10 0043 1                  44.719832 8.858337 00 00 31383033304D303033343431            
23/10/23 06:08:18 0044 1                  44.719847 8.858333 00 00 31383033304D303033343639            
23/10/23 06:09:31 0045 1                  44.720023 8.858408 00 00 31383033304D303033343437            
23/10/23 06:09:38 0046 1                  44.720028 8.858395 00 00 31383033304D303033343437            
23/10/23 06:10:42 0047 1                  44.720213 8.858597 00 00 31383033304D303034313537            
23/10/23 06:10:54 0048 1                  44.720213 8.858592 00 00 313931323050303035343131            
23/10/23 06:12:19 0049 1                  44.720663 8.858402 00 00 31383132304A303139353135            
23/10/23 06:12:54 0050 1                  44.720688 8.858468 00 00 31383033304D303034313738            
23/10/23 06:13:10 0051 1                  44.720683 8.858482 00 00 3231303234304A3034373533            
23/10/23 06:15:34 0052 1                  44.720533 8.858880 00 00 31383033304D303034363331            
23/10/23 06:15:44 0053 1                  44.720538 8.858908 00 00 31383033304D303033333233            
23/10/23 06:15:54 0054 1                  44.720533 8.858927 00 00 31383033304D303034363934            
23/10/23 06:16:02 0055 1                  44.720530 8.858932 00 00 31383033304D303033343232            
23/10/23 06:20:03 0056 1                  44.711302 8.856552 00 00 31383132304A303231343732            
23/10/23 06:21:53 0057 1                  44.712668 8.856815 00 00 31383132304A303237313031            
23/10/23 06:23:14 0058 1                  44.713825 8.856982 00 00 31383132304A303230353934            
23/10/23 06:24:47 0059 1                  44.715550 8.856558 00 00 31383132304A303138383832            
23/10/23 06:25:54 0060 1                  44.715930 8.856670 00 00 31383033304D303033333338            
23/10/23 06:27:05 0061 1                  44.717095 8.857572 00 00 31383132304A303230313930            
23/10/23 06:28:06 0062 1                  44.717258 8.857682 00 00 313931323050303037343733            
23/10/23 06:29:25 0063 1                  44.718005 8.858562 00 00 31383132304A303138383834            
23/10/23 06:29:35 0064 1                  44.718012 8.858562 00 00 31383132304A303139383533            
23/10/23 06:34:51 0065 1                  44.700152 8.850480 00 00 31383132304A303138383736            
23/10/23 06:37:31 0066 1                  44.700282 8.846955 00 00 31383132304A303138383735            
23/10/23 06:37:43 0067 1                  44.700253 8.846940 00 00 31383132304A303230313234            
23/10/23 06:40:51 0068 1                  44.702968 8.851830 00 00 31383132304A303230343235            
23/10/23 06:43:21 0069 1                  44.703677 8.851683 00 00 31383132304A303230363539            
23/10/23 06:43:23 0070 1                  44.703678 8.851683 00 00 31383132304A303230363539            
23/10/23 06:43:27 0071 1                  44.703682 8.851685 00 00 31383132304A303230363631            
23/10/23 06:45:13 0072 1                  44.703780 8.851065 00 00 31383132304A303236303232            
23/10/23 06:45:17 0073 1                  44.703778 8.851052 00 00 31383132304A303236303230            
23/10/23 06:53:40 0074 1                  44.710742 8.861390 00 00 31383132304A303236303237            
23/10/23 06:54:02 0075 1                  44.710592 8.861395 00 00 31383132304A303139333731            
23/10/23 06:54:49 0076 1                  44.710427 8.861490 00 00 31383132304A303139333730            
23/10/23 07:04:07 0077 1                  44.718245 8.863267 00 00 313931323050303038383833            
23/10/23 07:04:59 0078 1                  44.718118 8.863507 00 00 31383132304A303234393637            
23/10/23 07:05:20 0079 1                  44.718122 8.863543 00 00 31383132304A303234393632            
23/10/23 07:07:11 0080 1                  44.717757 8.863458 00 00 31383132304A303237313837            
23/10/23 07:09:21 0081 1                  44.717742 8.863718 00 00 31383132304A303139383537            
23/10/23 07:15:01 0082 1                  44.720913 8.862182 00 00 31383132304A303139313838            
23/10/23 07:15:14 0083 1                  44.720950 8.862167 00 00 300ED89F33500086844FC434            
23/10/23 07:16:57 0084 1                  44.720813 8.862060 00 00 31383132304A303139353735            
23/10/23 07:23:36 0085 1                  44.719285 8.859813 00 00 31383033304D303033343033            
23/10/23 07:24:22 0086 1                  44.719322 8.859678 00 00 31383033304D303034363834            
23/10/23 07:26:10 0087 1                  44.719765 8.859463 00 00 31383033304D303034323537            
23/10/23 07:26:20 0088 1                  44.719785 8.859475 00 00 31383033304D303034373336            
23/10/23 07:28:07 0089 1                  44.721422 8.859492 00 00 31383132304A303139353230            
23/10/23 07:30:48 0090 1                  44.722028 8.859577 00 00 31383033304D303033343435            
23/10/23 07:32:13 0091 1                  44.722175 8.859758 00 00 31383132304A303230313537            
23/10/23 07:33:02 0092 1                  44.722138 8.859827 00 00 300ED89F33500086844FC434            
23/10/23 07:33:14 0093 1                  44.722117 8.859847 00 00 31383033304D303034373232            
23/10/23 07:35:58 0094 1                  44.722783 8.860265 00 00 31383033304D303033343632            
23/10/23 07:56:30 0095 1                  44.727077 8.848210 00 00 31383132304A303236393334            
23/10/23 07:56:40 0096 1                  44.727057 8.848160 00 00 31383132304A303236393335            
23/10/23 07:57:43 0097 1                  44.726848 8.848200 00 00 31383132304A303236373739            
23/10/23 07:58:58 0098 1                  44.726343 8.847677 00 00 31383132304A303236373637            
23/10/23 07:59:10 0099 1                  44.726333 8.847675 00 00 31383132304A303138353039            
23/10/23 08:05:37 0100 1                  44.712642 8.836352 00 00 31383132304A303139323735            
23/10/23 08:07:59 0101 1                  44.711092 8.831540 00 00 313931323050303035333331            
23/10/23 08:09:56 0102 1                  44.710558 8.832408 00 00 31383132304A303139343535            
23/10/23 08:10:04 0103 1                  44.710565 8.832383 00 00 313931323050303132363331            
23/10/23 08:11:23 0104 1                  44.711387 8.831548 00 00 31383132304A303138393233            
23/10/23 08:12:35 0105 1                  44.711642 8.831385 00 00 31383132304A303139323736            
23/10/23 08:15:57 0106 1                  44.718675 8.830727 00 00 31383132304A303230353032            
23/10/23 08:17:45 0107 1                  44.718297 8.832402 00 00 31383132304A303237303939            
23/10/23 08:22:37 0108 1                  44.716800 8.838063 00 00 31383132304A303230333838            
23/10/23 08:30:23 0109 1                  44.718512 8.843570 00 00 31383132304A303231393335            
23/10/23 08:32:02 0110 1                  44.716117 8.845362 00 00 31383033304D303033353937            
23/10/23 08:32:23 0111 1                  44.716127 8.845383 00 00 31383033304D303033343233            
23/10/23 08:32:39 0112 1                  44.716132 8.845398 00 00 31383033304D303033343230            
23/10/23 08:36:46 0113 1                  44.723455 8.843755 00 00 31383132304A303139383630            
23/10/23 08:39:20 0114 1                  44.723637 8.846793 00 00 31383033304D303034373532            
23/10/23 08:39:28 0115 1                  44.723638 8.846800 00 00 31383033304D303034303631            
23/10/23 08:41:28 0116 1                  44.725568 8.845523 00 00 31383132304A303236313339            
23/10/23 08:41:36 0117 1                  44.725558 8.845525 00 00 31383132304A303236313431            
23/10/23 08:42:36 0118 1                  44.725777 8.845663 00 00 31383132304A303236313338            
23/10/23 08:43:33 0119 1                  44.725923 8.846060 00 00 31383132304A303138373631            
23/10/23 08:44:50 0120 1                  44.726113 8.846408 00 00 31383132304A303138373634            
23/10/23 08:45:30 0121 1                  44.726292 8.846475 00 00 31383132304A303236363031            
23/10/23 08:46:41 0122 1                  44.726498 8.846038 00 00 31383132304A303236393435            
23/10/23 08:47:04 0123 1                  44.726507 8.846035 00 00 31383132304A303235383037            
23/10/23 08:48:37 0124 1                  44.725623 8.844887 00 00 313931323050303035353734            
23/10/23 08:49:18 0125 1                  44.725608 8.844887 00 00 31383132304A303230363036            
23/10/23 08:50:47 0126 1                  44.725813 8.845218 00 00 31383132304A303236393233            
23/10/23 08:50:53 0127 1                  44.725818 8.845218 00 00 31383132304A303236393234            
23/10/23 08:51:33 0128 1                  44.725853 8.845202 00 00 31383132304A303236393436            
23/10/23 08:53:19 0129 1                  44.727193 8.844803 00 00 31383132304A303236313236            
23/10/23 08:53:25 0130 1                  44.727193 8.844787 00 00 31383132304A303237303431            
23/10/23 08:54:40 0131 1                  44.727408 8.843335 00 00 300ED89F33500086844FC434            
23/10/23 08:54:40 0132 1                  44.727408 8.843335 00 00 31383132304A303236393339            
23/10/23 08:55:47 0133 1                  44.727350 8.842872 00 00 31383132304A303230303539            
23/10/23 08:55:49 0134 1                  44.727347 8.842868 00 00 31383132304A303230303539            
23/10/23 08:55:51 0135 1                  44.727348 8.842870 00 00 31383132304A303139343230            
23/10/23 08:57:18 0136 1                  44.726760 8.843045 00 00 31383132304A303138363130            
23/10/23 08:57:24 0137 1                  44.726758 8.843048 00 00 31383132304A303138363035            
23/10/23 08:59:38 0138 1                  44.728497 8.842912 00 00 313931323050303034323538            
23/10/23 09:00:09 0139 1                  44.728320 8.842878 00 00 31383132304A303139383733            
23/10/23 09:00:28 0140 1                  44.728328 8.842872 00 00 31383132304A303138363131            
23/10/23 09:01:44 0141 1                  44.728090 8.842832 00 00 31383132304A303231343738            
23/10/23 09:05:02 0142 1                  44.726495 8.844298 00 00 31383132304A303139323339            
23/10/23 09:06:15 0143 1                  44.726668 8.844385 00 00 31383132304A303139323430            
23/10/23 09:16:20 0000 s 01504ver01 44.729473 8.850977 00 00
23/10/23 09:26:43 0144 1                  44.730943 8.835490 00 00 991300BB0EA30F570000133B            
23/10/23 11:05:21 0000 s 01504ver01 44.792805 8.739525 00 00
23/10/23 11:25:46 0145 1                  44.786337 8.787378 00 00 303ACB0340454D59D8B62E56            
23/10/23 11:33:28 0146 1                  44.787755 8.782448 00 00 3039606243708600003B10AA            
23/10/23 11:44:01 0147 1                  44.792675 8.779963 00 00 31383032334D303030323230            
23/10/23 11:44:03 0148 1                  44.792687 8.779990 00 00 31383032334D303138323930            
23/10/23 13:05:08 0149 1                  44.791390 8.784818 00 00 300ED89F3350014A1E0BA0BD            
23/10/23 13:32:58 0150 1                  44.794282 8.784153 00 00 300ED89F3350014A1E0BA0BD            
23/10/23 13:48:40 0151 1                  44.797608 8.783717 00 00 300ED89F3350014A1E0BA0BD            
23/10/23 14:00:50 0152 1                  44.796698 8.785282 00 00 300ED89F3350014A1E0BA0BD            
23/10/23 14:01:32 0153 1                  44.796510 8.785162 00 00 31383032334D303030333736            
23/10/23 14:06:52 0154 1                  44.795665 8.782598 00 00 31383032334D303030323731            
23/10/23 14:12:19 0155 1                  44.795333 8.782483 00 00 300ED89F3350014A1E0BA0BD            
23/10/23 14:39:45 0156 1                  44.792612 8.781468 00 00 300ED89F3350014A1E0BA0BD            
23/10/23 16:00:38 0157 1                  44.787105 8.746967 00 00 300ED89F3350014A1E0BA0BD            
