21/10/23 05:33:15 0000 s 01491ver01 44.882405 8.859873 00 00
21/10/23 05:45:44 0001 1                  44.843952 8.853020 00 00 313931323050303039373536            
21/10/23 05:48:35 0002 1                  44.838003 8.853493 00 00 313931323050303039393333            
21/10/23 05:51:02 0003 1                  44.829457 8.853967 00 00 313931323050303036363430            
21/10/23 05:52:17 0004 1                  44.829198 8.854010 00 00 313931323050303035353037            
21/10/23 05:54:30 0005 1                  44.825563 8.854250 00 00 313931323050303036343238            
21/10/23 05:58:13 0006 1                  44.824285 8.854512 00 00 313931323050303039333432            
21/10/23 05:58:13 0007 1                  44.824285 8.854512 00 00 313931323050303039333432            
21/10/23 06:02:35 0008 1                  44.827303 8.855953 00 00 313931323050303131303539            
21/10/23 06:03:52 0009 1                  44.827497 8.855272 00 00 313931323050303035353038            
21/10/23 06:05:02 0010 1                  44.827992 8.854252 00 00 313931323050303039393431            
21/10/23 06:05:02 0011 1                  44.827992 8.854252 00 00 313931323050303039393532            
21/10/23 06:05:34 0012 1                  44.827993 8.854260 00 00 313931323050303039393533            
21/10/23 06:05:34 0013 1                  44.827993 8.854260 00 00 313931323050303039393530            
21/10/23 06:06:34 0014 1                  44.828427 8.854032 00 00 313931323050303039363334            
21/10/23 06:07:32 0015 1                  44.828412 8.853395 00 00 313931323050303039343733            
21/10/23 06:08:36 0016 1                  44.828415 8.852958 00 00 313931323050303039343734            
21/10/23 06:09:24 0017 1                  44.828405 8.852643 00 00 313931323050303039373232            
21/10/23 06:10:22 0018 1                  44.828427 8.852433 00 00 313931323050303039323134            
21/10/23 06:10:22 0019 1                  44.828427 8.852433 00 00 313931323050303039393339            
21/10/23 06:11:30 0020 1                  44.828322 8.851917 00 00 313931323050303039393430            
21/10/23 06:12:45 0021 1                  44.828197 8.851873 00 00 313931323050303039373737            
21/10/23 06:13:19 0022 1                  44.827842 8.851780 00 00 313931323050303039373436            
21/10/23 06:14:44 0023 1                  44.827338 8.851378 00 00 313931323050303039373434            
21/10/23 06:17:03 0024 1                  44.828600 8.852035 00 00 313931323050303035353039            
21/10/23 06:19:01 0025 1                  44.828760 8.851490 00 00 313931323050303131303537            
21/10/23 06:20:07 0026 1                  44.828660 8.851785 00 00 313931327050303039363336            
21/10/23 06:21:07 0027 1                  44.828780 8.852048 00 00 313931323050303039393839            
21/10/23 06:24:52 0028 1                  44.834693 8.850290 00 00 313931323050303130383834            
21/10/23 06:26:16 0029 1                  44.834622 8.850177 00 00 313931323050303039373933            
21/10/23 06:31:54 0030 1                  44.829687 8.850907 00 00 313931323050303130303030            
21/10/23 06:32:44 0031 1                  44.829485 8.850970 00 00 313931323050303039363235            
21/10/23 06:33:36 0032 1                  44.829297 8.851167 00 00 313931323050303039333134            
21/10/23 06:35:36 0033 1                  44.829113 8.852135 00 00 313931323050303132353337            
21/10/23 06:35:37 0034 1                  44.829113 8.852135 00 00 313931323050303035353238            
21/10/23 06:37:07 0035 1                  44.829668 8.852212 00 00 313931323050303039393332            
21/10/23 06:38:09 0036 1                  44.830257 8.852257 00 00 313931323050303039353539            
21/10/23 06:38:54 0037 1                  44.830415 8.852245 00 00 313931323050303039353538            
21/10/23 06:42:03 0038 1                  44.830007 8.851263 00 00 313931323050303039323435            
21/10/23 06:42:59 0039 1                  44.830013 8.851803 00 00 313931323050303039353430            
21/10/23 06:44:35 0040 1                  44.829088 8.852673 00 00 313931323050303037373236            
21/10/23 06:45:51 0041 1                  44.829000 8.853495 00 00 313931323050303039353532            
21/10/23 06:50:01 0042 1                  44.836258 8.853760 00 00 313931323050303039313833            
21/10/23 06:50:01 0043 1                  44.836258 8.853760 00 00 3231303234304A3034363238            
21/10/23 06:57:36 0044 1                  44.875577 8.862665 00 00 313931323050303036353733            
21/10/23 06:58:43 0045 1                  44.875617 8.863010 00 00 313931323050303037313837            
21/10/23 06:59:56 0046 1                  44.875967 8.864483 00 00 313931323050303037313838            
21/10/23 07:01:21 0047 1                  44.876060 8.864882 00 00 313931323050303036353735            
21/10/23 07:01:21 0048 1                  44.876060 8.864882 00 00 313931323050303036353736            
21/10/23 07:02:19 0049 1                  44.876117 8.865275 00 00 313931323050303036353737            
21/10/23 07:05:51 0050 1                  44.871543 8.870357 00 00 313931323050303039363038            
21/10/23 07:09:34 0051 1                  44.868977 8.867837 00 00 313931323050303039313934            
21/10/23 07:14:08 0052 1                  44.867455 8.870525 00 00 313931323050303039373231            
21/10/23 07:14:10 0053 1                  44.867455 8.870525 00 00 313931323050303039303238            
21/10/23 07:15:33 0054 1                  44.867455 8.870708 00 00 313931323050303039323036            
21/10/23 07:15:33 0055 1                  44.867455 8.870708 00 00 313931323050303039323936            
21/10/23 07:18:58 0056 1                  44.864773 8.871957 00 00 3231313130304A3032353730            
21/10/23 07:21:19 0057 1                  44.862995 8.873465 00 00 313931323050303039303636            
21/10/23 07:22:18 0058 1                  44.862662 8.873678 00 00 313931323050303039303733            
21/10/23 07:22:19 0059 1                  44.862662 8.873678 00 00 313931323050303039303931            
21/10/23 07:22:49 0060 1                  44.862642 8.873665 00 00 313931323050303037323134            
21/10/23 07:25:49 0061 1                  44.861650 8.873387 00 00 313931323050303039373439            
21/10/23 07:26:43 0062 1                  44.861720 8.873672 00 00 313931323050303039343430            
21/10/23 07:27:25 0063 1                  44.861797 8.873843 00 00 313931323050303039313337            
21/10/23 07:30:03 0064 1                  44.857897 8.876843 00 00 3231303234304A3034363536            
21/10/23 07:36:05 0065 1                  44.862083 8.875532 00 00 313931323050303039343431            
21/10/23 07:36:53 0066 1                  44.862107 8.875063 00 00 313931323050303039373531            
21/10/23 07:38:40 0067 1                  44.862890 8.873853 00 00 313931323050303039343336            
21/10/23 07:38:48 0068 1                  44.862880 8.873847 00 00 313931323050303039363036            
21/10/23 07:39:27 0069 1                  44.862882 8.873850 00 00 313931323043303036303530            
21/10/23 07:40:13 0070 1                  44.862823 8.874212 00 00 313931323050303038333533            
21/10/23 07:40:13 0071 1                  44.862823 8.874212 00 00 313931323050303039343335            
21/10/23 07:41:20 0072 1                  44.862827 8.874732 00 00 313931323050303039303638            
21/10/23 07:42:24 0073 1                  44.862873 8.874927 00 00 313931323050303039303731            
21/10/23 07:44:18 0074 1                  44.862857 8.875288 00 00 313931323050303039353636            
21/10/23 07:45:26 0075 1                  44.862793 8.876180 00 00 313931323050303132363633            
21/10/23 07:45:34 0076 1                  44.862780 8.876182 00 00 313931323043303036383039            
21/10/23 07:46:25 0077 1                  44.862493 8.876630 00 00 313931323050303039363138            
21/10/23 07:47:03 0078 1                  44.862377 8.876850 00 00 313931323050303132363732            
21/10/23 07:48:00 0079 1                  44.862265 8.876993 00 00 313931323050303132353334            
21/10/23 07:48:20 0080 1                  44.862268 8.876995 00 00 313931323050303132353335            
21/10/23 07:48:22 0081 1                  44.862267 8.876993 00 00 3035E8BF605867800002A578            
21/10/23 07:49:49 0082 1                  44.862135 8.877702 00 00 313931323050303039313333            
21/10/23 07:50:08 0083 1                  44.862140 8.877710 00 00 313931323050303039343331            
21/10/23 07:52:07 0084 1                  44.862742 8.877565 00 00 313931323050303132363735            
21/10/23 07:52:07 0085 1                  44.862742 8.877565 00 00 313931323050303132363734            
21/10/23 07:53:13 0086 1                  44.862757 8.877355 00 00 313931323050303039383633            
21/10/23 07:54:08 0087 1                  44.862770 8.876985 00 00 313931323050303132363733            
21/10/23 07:56:15 0088 1                  44.862667 8.879470 00 00 313931323050303039313931            
21/10/23 07:57:18 0089 1                  44.862752 8.879865 00 00 313931323050303036303337            
21/10/23 07:58:53 0090 1                  44.862833 8.880860 00 00 313931323050303039313932            
21/10/23 07:58:53 0091 1                  44.862833 8.880860 00 00 313931323050303033323132            
21/10/23 08:00:46 0092 1                  44.862567 8.881838 00 00 313931323050303033343038            
21/10/23 08:01:06 0093 1                  44.862568 8.881842 00 00 313931323043303130313236            
21/10/23 08:01:44 0094 1                  44.862390 8.882467 00 00 313931323050303035373631            
21/10/23 08:02:41 0095 1                  44.862127 8.883060 00 00 313931323050303039383434            
21/10/23 08:03:44 0096 1                  44.861833 8.883482 00 00 313931323050303039363234            
21/10/23 08:04:45 0097 1                  44.861450 8.883987 00 00 313931323050303035313433            
21/10/23 08:05:52 0098 1                  44.861302 8.884240 00 00 313931323050303036333831            
21/10/23 08:05:56 0099 1                  44.861302 8.884237 00 00 313931323050303036333832            
21/10/23 08:09:51 0100 1                  44.860075 8.884308 00 00 313931323050303039313334            
21/10/23 08:11:26 0101 1                  44.861173 8.885002 00 00 313931323050303039363231            
21/10/23 08:12:14 0102 1                  44.861143 8.885165 00 00 313931323050303036323434            
21/10/23 08:13:05 0103 1                  44.861145 8.885723 00 00 313931323050303130383331            
21/10/23 08:13:55 0104 1                  44.861403 8.885977 00 00 313931323050303039303831            
21/10/23 08:14:41 0105 1                  44.861570 8.886103 00 00 313931323050303035373635            
21/10/23 08:15:44 0106 1                  44.861922 8.886408 00 00 313931323050303037313934            
21/10/23 08:16:55 0107 1                  44.862153 8.885785 00 00 313931323050303030333235            
21/10/23 08:17:37 0108 1                  44.862162 8.885568 00 00 313931323050303036353739            
21/10/23 08:18:54 0109 1                  44.862170 8.883488 00 00 313931323050303039303439            
21/10/23 08:18:54 0110 1                  44.862170 8.883488 00 00 313931323050303039363233            
21/10/23 08:19:49 0111 1                  44.862127 8.883277 00 00 313931323050303037313933            
21/10/23 08:23:49 0112 1                  44.861603 8.882353 00 00 313931323050303130333732            
21/10/23 08:25:15 0113 1                  44.861547 8.879857 00 00 313931323050303039363130            
21/10/23 08:28:45 0114 1                  44.864197 8.872745 00 00 313931323050303039393935            
21/10/23 08:28:48 0115 1                  44.864197 8.872747 00 00 313931323050303039393933            
21/10/23 09:02:20 0000 s 01491ver01 44.879163 8.856250 00 00
21/10/23 09:07:37 0116 1                  44.891190 8.860940 00 00 25705569A6866752B2C32DB9            
21/10/23 09:12:50 0117 1                  44.884703 8.883895 00 00 313931323050303039343436            
21/10/23 09:14:05 0118 1                  44.884047 8.886338 00 00 313931323050303039343637            
21/10/23 09:15:37 0119 1                  44.883427 8.892565 00 00 3230303033304D3038363035            
21/10/23 09:15:53 0120 1                  44.883433 8.892563 00 00 313931323050303036353439            
21/10/23 09:17:41 0121 1                  44.883003 8.897065 00 00 313931323050303039323334            
21/10/23 09:20:33 0122 1                  44.879223 8.901337 00 00 313931323050303039373739            
21/10/23 09:21:28 0123 1                  44.878447 8.901605 00 00 313931323050303034363938            
21/10/23 09:21:28 0124 1                  44.878447 8.901605 00 00 3231303234304A3034363139            
21/10/23 09:22:28 0125 1                  44.877680 8.901890 00 00 313931323050303032393136            
21/10/23 09:23:27 0126 1                  44.875532 8.902657 00 00 313931323050303039323939            
21/10/23 09:23:45 0127 1                  44.875540 8.902667 00 00 313931323050303132303134            
21/10/23 09:27:09 0128 1                  44.879458 8.901428 00 00 313931323050303039313830            
21/10/23 09:27:48 0129 1                  44.879813 8.901285 00 00 313931323050303039373738            
21/10/23 09:28:41 0130 1                  44.880948 8.900775 00 00 313931323050303036363834            
21/10/23 09:29:48 0131 1                  44.881573 8.900498 00 00 313931323050303039353439            
21/10/23 09:30:43 0132 1                  44.881998 8.900360 00 00 313931323050303039353438            
21/10/23 09:31:31 0133 1                  44.882687 8.899597 00 00 313931323050303039383533            
21/10/23 09:31:35 0134 1                  44.882688 8.899588 00 00 303ACB034073EE609F10ECD2            
21/10/23 09:31:35 0135 1                  44.882688 8.899588 00 00 303ACA4983973519D8B65D60            
21/10/23 09:32:44 0136 1                  44.883412 8.894670 00 00 313931323050303035343538            
21/10/23 09:33:37 0137 1                  44.883488 8.893392 00 00 313931323050303032393137            
21/10/23 09:34:55 0138 1                  44.883595 8.891070 00 00 313931323050303032393138            
21/10/23 09:36:14 0139 1                  44.884187 8.886235 00 00 313931323050303039343731            
21/10/23 09:37:11 0140 1                  44.884720 8.884552 00 00 313931323050303130383737            
21/10/23 09:38:01 0141 1                  44.884852 8.883458 00 00 313931323050303039353236            
21/10/23 09:39:52 0142 1                  44.884243 8.881627 00 00 3231313130304A3032353832            
21/10/23 09:41:36 0143 1                  44.882790 8.883677 00 00 313931323050303039323033            
21/10/23 09:42:22 0144 1                  44.882673 8.883823 00 00 313931323050303130383739            
21/10/23 09:42:22 0145 1                  44.882673 8.883823 00 00 313931323050303130383735            
21/10/23 09:44:07 0146 1                  44.881308 8.883152 00 00 313931323050303035313234            
21/10/23 09:44:56 0147 1                  44.881123 8.882728 00 00 313931323050303039373031            
21/10/23 09:45:10 0148 1                  44.881122 8.882737 00 00 313931323050303132363730            
21/10/23 09:47:17 0149 1                  44.881097 8.886138 00 00 313931323050303130383734            
21/10/23 09:47:19 0150 1                  44.881095 8.886138 00 00 313931323050303035323835            
21/10/23 09:49:30 0151 1                  44.880167 8.886473 00 00 00B07A14C81A7D8F00002A09            
21/10/23 09:49:30 0152 1                  44.880167 8.886473 00 00 313931323050303039363238            
21/10/23 09:49:31 0153 1                  44.880167 8.886473 00 00 00B07A14C81A848F00000259            
21/10/23 09:51:01 0154 1                  44.879467 8.886928 00 00 3233303132304A3030363635            
21/10/23 09:53:07 0155 1                  44.878473 8.888252 00 00 313931323050303039373830            
21/10/23 09:53:41 0156 1                  44.878325 8.888458 00 00 313931323050303039303332            
21/10/23 09:54:21 0157 1                  44.878535 8.889097 00 00 313931323050303039383830            
21/10/23 09:55:04 0158 1                  44.878833 8.889317 00 00 313931323050303039303838            
21/10/23 09:56:13 0159 1                  44.879253 8.889568 00 00 313931323050303039313430            
21/10/23 09:57:31 0160 1                  44.880167 8.890462 00 00 313931323050303039383831            
21/10/23 09:59:29 0000 s 01491ver01 44.880318 8.889975 00 00
21/10/23 09:59:36 0000 s 01491ver01 44.880320 8.889965 00 00
21/10/23 10:01:01 0161 1                  44.882508 8.891305 00 00 313931323050303131303533            
21/10/23 10:03:04 0162 1                  44.882590 8.889940 00 00 00B07A14C81A848F00000259            
21/10/23 10:03:08 0163 1                  44.882587 8.889940 00 00 313931323050303033343231            
21/10/23 10:04:03 0164 1                  44.882132 8.889728 00 00 313931323050303036313533            
21/10/23 10:05:15 0165 1                  44.881012 8.889202 00 00 313931323050303033363236            
21/10/23 10:06:00 0166 1                  44.880473 8.889115 00 00 313931323050303039313433            
21/10/23 10:07:25 0167 1                  44.880363 8.888972 00 00 303ACA4983C1D5199C82CDE8            
21/10/23 10:07:25 0168 1                  44.880363 8.888972 00 00 3231313130304A3032353639            
21/10/23 10:07:41 0169 1                  44.880363 8.888975 00 00 303ACA49839DB459D8B63EA2            
21/10/23 10:10:02 0170 1                  44.880058 8.888733 00 00 313931323050303039353234            
21/10/23 10:11:07 0171 1                  44.879773 8.888570 00 00 313931323050303033323330            
21/10/23 10:11:35 0172 1                  44.879855 8.888413 00 00 313931323050303131393634            
21/10/23 10:11:35 0173 1                  44.879855 8.888413 00 00 30340BF47C0241F5C041D404            
21/10/23 10:12:28 0174 1                  44.879812 8.888015 00 00 313931323050303030353633            
21/10/23 10:12:28 0175 1                  44.879812 8.888015 00 00 313931323050303039353934            
21/10/23 10:13:50 0176 1                  44.879732 8.887735 00 00 3231303234304A3034363135            
21/10/23 10:14:12 0177 1                  44.879723 8.887748 00 00 31383132304A303230313433            
21/10/23 10:15:35 0178 1                  44.879457 8.887147 00 00 313931323050303130373033            
21/10/23 10:16:01 0179 1                  44.879467 8.887137 00 00 31383132304A303233393438            
21/10/23 10:19:53 0180 1                  44.878208 8.889677 00 00 313931323050303039373532            
21/10/23 10:20:48 0181 1                  44.877830 8.890543 00 00 313931323050303130333637            
21/10/23 10:21:04 0182 1                  44.877830 8.890558 00 00 313931323050303132363638            
21/10/23 10:21:22 0183 1                  44.877835 8.890560 00 00 3230303033304D3038363437            
21/10/23 10:21:30 0184 1                  44.877835 8.890563 00 00 3035E8BF604FF74000002D46            
21/10/23 10:21:36 0185 1                  44.877838 8.890567 00 00 313931323050303039393630            
21/10/23 10:24:11 0186 1                  44.873773 8.887975 00 00 313931323050303132393532            
21/10/23 10:26:26 0187 1                  44.872043 8.888127 00 00 323031313030503030313233            
21/10/23 10:27:04 0188 1                  44.872025 8.888142 00 00 3231313130304A3032343135            
21/10/23 10:28:01 0189 1                  44.872020 8.888163 00 00 3231313130304A3030363932            
21/10/23 10:31:17 0190 1                  44.872472 8.885292 00 00 313931323050303039363438            
21/10/23 10:32:44 0191 1                  44.872808 8.883788 00 00 313931B23050303039343634            
21/10/23 10:32:50 0192 1                  44.872812 8.883790 00 00 313931323050303039343634            
21/10/23 10:34:35 0193 1                  44.872958 8.882855 00 00 313931323050303039323635            
21/10/23 11:10:44 0194 1                  44.902427 8.870330 00 00 E2806F120000000227C9BC5A            
21/10/23 11:26:15 0000 s 01491ver01 44.882418 8.860307 00 00
