14/10/23 05:29:09 0000 s 01492ver01 44.882240 8.859483 00 00
14/10/23 05:52:02 0001 1                  44.901233 8.877333 00 00 313932343053303030333539            
14/10/23 05:52:06 0002 1                  44.901232 8.877338 00 00 3231303132304A3038393130            
14/10/23 05:52:06 0003 1                  44.901232 8.877338 00 00 31383132304A303030333237            
14/10/23 05:54:46 0004 1                  44.901133 8.877883 00 00 3231313130304A3030393433            
14/10/23 05:58:47 0005 1                  44.901330 8.877715 00 00 313931323053303038313731            
14/10/23 05:58:49 0006 1                  44.901328 8.877718 00 00 313931323053303130383132            
14/10/23 06:00:54 0007 1                  44.900908 8.876755 00 00 3230303033304D3030393430            
14/10/23 06:01:12 0008 1                  44.900952 8.876750 00 00 313931323053303131353731            
14/10/23 06:06:34 0009 1                  44.895257 8.877005 00 00 313931323053303034353834            
14/10/23 06:06:36 0010 1                  44.895257 8.877003 00 00 3035EB5C6434C88002036873            
14/10/23 06:06:36 0011 1                  44.895257 8.877003 00 00 3035EB5C641E32C01209D1B6            
14/10/23 06:10:21 0012 1                  44.899213 8.880505 00 00 313931323053303033333031            
14/10/23 06:10:23 0013 1                  44.899213 8.880505 00 00 313931323053303037393637            
14/10/23 06:12:48 0014 1                  44.898558 8.881902 00 00 313931323053303038373731            
14/10/23 06:14:21 0015 1                  44.897228 8.882040 00 00 313931323053303037393932            
14/10/23 06:16:05 0016 1                  44.896472 8.881937 00 00 313931323053303130353235            
14/10/23 06:19:47 0017 1                  44.895378 8.881772 00 00 313931323053303033333638            
14/10/23 06:19:49 0018 1                  44.895380 8.881768 00 00 313931323053303130353233            
14/10/23 06:21:16 0019 1                  44.895362 8.882180 00 00 313931323053303033353037            
14/10/23 06:22:51 0020 1                  44.895377 8.882948 00 00 3035EB5C641E32C01209D1B6            
14/10/23 06:22:51 0021 1                  44.895377 8.882948 00 00 3035EB5C6434C88002036873            
14/10/23 06:23:57 0022 1                  44.895308 8.883222 00 00 313931323053303038393132            
14/10/23 06:24:00 0023 1                  44.895307 8.883222 00 00 3035EB5FA04559800400561F            
14/10/23 06:26:53 0024 1                  44.888915 8.885757 00 00 323030323545303032343631            
14/10/23 06:28:25 0025 1                  44.892027 8.884982 00 00 313931323053303038363738            
14/10/23 06:28:25 0026 1                  44.892027 8.884982 00 00 303960624363C34000024B9C            
14/10/23 06:33:25 0027 1                  44.893837 8.888063 00 00 3231303132304A3038353231            
14/10/23 06:36:10 0028 1                  44.888030 8.886910 00 00 303ACA4982217519D8BE0D62            
14/10/23 06:36:10 0029 1                  44.888030 8.886910 00 00 313931323053303033333837            
14/10/23 06:36:10 0030 1                  44.888030 8.886910 00 00 303ACA4982217519D8BE0D5C            
14/10/23 06:37:44 0031 1                  44.887707 8.886912 00 00 313931323053303130373530            
14/10/23 06:37:45 0032 1                  44.887707 8.886912 00 00 313931323053303034343337            
14/10/23 06:43:20 0033 1                  44.887690 8.882220 00 00 3230303033304D3030363335            
14/10/23 06:43:25 0034 1                  44.887692 8.882222 00 00 3230303033304D3030363334            
14/10/23 06:43:32 0035 1                  44.887690 8.882222 00 00 3230303033304D3030313132            
14/10/23 06:48:31 0036 1                  44.889162 8.882557 00 00 313931323053303033363332            
14/10/23 06:48:32 0037 1                  44.889162 8.882557 00 00 313931323053303034343735            
14/10/23 06:50:34 0038 1                  44.890582 8.882423 00 00 313931323053303033333739            
14/10/23 06:50:36 0039 1                  44.890582 8.882425 00 00 313931323053303130343035            
14/10/23 06:50:38 0040 1                  44.890582 8.882427 00 00 3035D0AFA458FB94F4B762D4            
14/10/23 06:50:40 0041 1                  44.890582 8.882428 00 00 30395DFA82D6F5C0000C0D06            
14/10/23 06:56:32 0042 1                  44.894418 8.881973 00 00 313931323053303034373333            
14/10/23 06:56:34 0043 1                  44.894417 8.881970 00 00 313931323053303034373335            
14/10/23 06:56:45 0044 1                  44.894410 8.881963 00 00 303960624363C34000024B9C            
14/10/23 06:58:15 0045 1                  44.894440 8.882330 00 00 313931323053303039353336            
14/10/23 06:58:16 0046 1                  44.894440 8.882332 00 00 313931323053303034373332            
14/10/23 07:01:17 0047 1                  44.895183 8.881507 00 00 313931323053303038303637            
14/10/23 07:03:02 0048 1                  44.895990 8.881405 00 00 313931323053303130353237            
14/10/23 07:03:04 0049 1                  44.895990 8.881405 00 00 313931323053303033333037            
14/10/23 07:06:11 0050 1                  44.900385 8.881270 00 00 313931323053303131363431            
14/10/23 07:07:18 0051 1                  44.900477 8.880982 00 00 313931323053303131383138            
14/10/23 07:08:37 0052 1                  44.900790 8.878692 00 00 3231303132304A3039323531            
14/10/23 07:19:23 0000 s 01492ver01 44.899517 8.872228 00 00
14/10/23 07:25:53 0053 1                  44.907150 8.891595 00 00 3230313130304A3030343535            
14/10/23 07:27:20 0054 1                  44.907107 8.892157 00 00 323031313030533030713139            
14/10/23 07:35:14 0055 1                  44.900007 8.882067 00 00 313931323053303038323337            
14/10/23 07:36:40 0056 1                  44.900187 8.882695 00 00 313931323053303033323934            
14/10/23 07:36:40 0057 1                  44.900187 8.882695 00 00 991300BB0EA31C4400000643            
14/10/23 07:41:20 0058 1                  44.898705 8.890640 00 00 313931323053303038313034            
14/10/23 07:41:21 0059 1                  44.898705 8.890640 00 00 313931323053303034353337            
14/10/23 07:44:55 0060 1                  44.897893 8.892637 00 00 313931323053303034353435            
14/10/23 07:48:34 0061 1                  44.891010 8.891700 00 00 3231303132304A3030323731            
14/10/23 07:48:34 0062 1                  44.891010 8.891700 00 00 313931323053303038343635            
14/10/23 07:48:40 0063 1                  44.891010 8.891695 00 00 3039606243866981AFD63419            
14/10/23 07:49:52 0064 1                  44.890650 8.891622 00 00 313931323053303038343637            
14/10/23 07:52:28 0065 1                  44.892192 8.892603 00 00 313931323053303033383431            
14/10/23 07:54:00 0066 1                  44.892435 8.892555 00 00 313931323053303034353431            
14/10/23 07:56:54 0067 1                  44.893660 8.893827 00 00 3233303132304A3031323536            
14/10/23 07:59:52 0068 1                  44.888975 8.896390 00 00 313931323053303038393730            
14/10/23 08:04:27 0069 1                  44.884245 8.900647 00 00 313931323053303039323631            
14/10/23 08:05:54 0070 1                  44.884883 8.901815 00 00 3231303132304A3039363832            
14/10/23 08:06:03 0071 1                  44.884882 8.901805 00 00 3039606243866981AFD63419            
14/10/23 08:08:06 0072 1                  44.888167 8.904838 00 00 313931323053303039323730            
14/10/23 08:10:05 0073 1                  44.892055 8.904405 00 00 313931323053303031303733            
14/10/23 08:13:08 0074 1                  44.894898 8.903672 00 00 313931323053303037393939            
14/10/23 08:14:27 0075 1                  44.894755 8.904022 00 00 313931323053303030333231            
14/10/23 08:26:15 0076 1                  44.887168 8.902570 00 00 313931323053303033333639            
14/10/23 08:26:19 0077 1                  44.887168 8.902573 00 00 20220065584314D7E2801100            
14/10/23 08:26:19 0078 1                  44.887168 8.902573 00 00 313931323053303033333730            
14/10/23 08:30:16 0079 1                  44.884937 8.908357 00 00 31383132304A303037333633            
14/10/23 08:30:18 0080 1                  44.884937 8.908358 00 00 313931323053303130343939            
14/10/23 08:31:59 0081 1                  44.885348 8.908668 00 00 313931323053303036313835            
14/10/23 08:33:18 0082 1                  44.885763 8.908963 00 00 31383132304A303033373335            
14/10/23 08:36:21 0083 1                  44.890807 8.909392 00 00 313931323053303033373930            
14/10/23 08:39:37 0084 1                  44.897098 8.905275 00 00 3233303132304A3030373931            
14/10/23 08:53:26 0085 1                  44.902500 8.897928 00 00 313931323043303038323833            
14/10/23 08:53:30 0086 1                  44.902502 8.897928 00 00 30340BD1DC2DF47759CCB404            
14/10/23 09:11:36 0087 1                  44.904482 8.898935 00 00 3035EB5C641DA38002028453            
14/10/23 09:11:36 0088 1                  44.904482 8.898935 00 00 313931323053303036383230            
14/10/23 09:11:36 0089 1                  44.904482 8.898935 00 00 3035EB5C641DA200040168AE            
14/10/23 09:11:37 0090 1                  44.904482 8.898935 00 00 3035EB8ADC344680120003D5            
14/10/23 09:12:33 0091 1                  44.904673 8.899010 00 00 313931323053303036383233            
14/10/23 09:13:50 0092 1                  44.905355 8.899292 00 00 313931323053303036383234            
14/10/23 09:20:40 0093 1                  44.894815 8.903902 00 00 313931323053303030393430            
14/10/23 09:20:44 0094 1                  44.894817 8.903903 00 00 30355CD6986026C000000009            
14/10/23 09:26:31 0095 1                  44.905597 8.899170 00 00 313931323053303039353339            
14/10/23 10:36:17 0000 s 01492ver01 44.882600 8.860133 00 00
14/10/23 10:44:09 0000 s 01492ver01 44.882380 8.860268 00 00
14/10/23 11:16:22 0000 s 01492ver01 44.882045 8.859945 00 00
