21/10/23 05:16:28 0000 s 01494ver01 44.882203 8.859623 00 00
21/10/23 05:48:01 0001 1                  44.844027 8.853053 00 00 313931323043303130373032            
21/10/23 05:48:02 0002 1                  44.844022 8.853062 00 00 313931323043303039303034            
21/10/23 05:51:15 0003 1                  44.829605 8.854033 00 00 313931323043303130383739            
21/10/23 05:52:31 0004 1                  44.828790 8.854087 00 00 313931323043303038313434            
21/10/23 05:53:16 0005 1                  44.828510 8.854073 00 00 313931323043303036373235            
21/10/23 05:54:03 0006 1                  44.828413 8.853425 00 00 313931323043303236353332            
21/10/23 05:54:03 0007 1                  44.828413 8.853425 00 00 313931323043303036353332            
21/10/23 05:54:52 0008 1                  44.828472 8.853023 00 00 313931323043303036353331            
21/10/23 05:55:37 0009 1                  44.828445 8.852673 00 00 313931323043303036373431            
21/10/23 05:56:28 0010 1                  44.828437 8.852437 00 00 313931323043303038313535            
21/10/23 05:57:31 0011 1                  44.828212 8.851902 00 00 313931323043303036363334            
21/10/23 05:57:31 0012 1                  44.828212 8.851902 00 00 3036144404245C4BA6B27923            
21/10/23 05:57:34 0013 1                  44.828212 8.851907 00 00 3035E875702D17C0000045F0            
21/10/23 05:57:42 0014 1                  44.828207 8.851922 00 00 303614440424450BA6AC25B2            
21/10/23 05:58:20 0015 1                  44.827893 8.851842 00 00 313931323043303036363335            
21/10/23 05:59:20 0016 1                  44.827402 8.851357 00 00 313931323043303036363337            
21/10/23 06:02:19 0017 1                  44.828663 8.851750 00 00 313931323043303036373238            
21/10/23 06:03:05 0018 1                  44.828665 8.851977 00 00 313931323043303030373433            
21/10/23 06:03:49 0019 1                  44.829122 8.852077 00 00 313931323043303030373432            
21/10/23 06:07:12 0020 1                  44.834707 8.850358 00 00 313931323043303038323534            
21/10/23 06:09:06 0021 1                  44.832603 8.850320 00 00 313931323043303036363737            
21/10/23 06:12:22 0022 1                  44.830345 8.852272 00 00 313931323043303036353431            
21/10/23 06:12:22 0023 1                  44.830345 8.852272 00 00 313931323043303038323533            
21/10/23 06:12:43 0024 1                  44.830358 8.852268 00 00 313931323043303036353432            
21/10/23 06:12:45 0025 1                  44.830358 8.852267 00 00 30D5EBED002279ECD5D4C2E5            
21/10/23 06:14:18 0026 1                  44.830028 8.851193 00 00 313931323043303036363636            
21/10/23 06:14:21 0027 1                  44.830030 8.851185 00 00 313931323043303036363637            
21/10/23 06:15:38 0028 1                  44.830005 8.851800 00 00 313931323043303039303036            
21/10/23 06:17:04 0029 1                  44.829118 8.852062 00 00 313931323043303038303533            
21/10/23 06:17:05 0030 1                  44.829118 8.852062 00 00 3233303132304A3030343139            
21/10/23 06:18:07 0031 1                  44.829053 8.852648 00 00 313931323043303037373731            
21/10/23 06:19:06 0032 1                  44.829050 8.853128 00 00 313931323043303036353336            
21/10/23 06:19:57 0033 1                  44.829002 8.853497 00 00 313931323043303036353438            
21/10/23 06:21:10 0034 1                  44.828993 8.853860 00 00 313931323043303036363530            
21/10/23 06:21:11 0035 1                  44.828993 8.853860 00 00 313931323043303036353437            
21/10/23 06:22:52 0036 1                  44.825597 8.854270 00 00 313931323043303038393234            
21/10/23 06:24:07 0037 1                  44.823635 8.854360 00 00 313931323043303038303537            
21/10/23 06:37:44 0000 s 01494ver01 44.818532 8.854742 00 00
21/10/23 06:39:48 0038 1                  44.824265 8.854512 00 00 313931323043303036303330            
21/10/23 06:42:08 0039 1                  44.827337 8.855905 00 00 313931323043303030373438            
21/10/23 06:43:51 0040 1                  44.827973 8.854270 00 00 313931323043303038313533            
21/10/23 06:43:53 0041 1                  44.827972 8.854270 00 00 313931323043303038393239            
21/10/23 06:44:24 0042 1                  44.827970 8.854262 00 00 313931323043303038393238            
21/10/23 06:44:25 0043 1                  44.827970 8.854262 00 00 313931323043303039303035            
21/10/23 06:44:27 0044 1                  44.827970 8.854262 00 00 303549A62808478CCE416689            
21/10/23 06:44:51 0045 1                  44.827975 8.854267 00 00 313931323043303038393330            
21/10/23 06:46:11 0046 1                  44.829362 8.854193 00 00 30396061C01809C00006BB4F            
21/10/23 06:46:13 0047 1                  44.829362 8.854188 00 00 313931323043303039303133            
21/10/23 06:48:18 0048 1                  44.836230 8.853842 00 00 313931323043303039303039            
21/10/23 06:48:18 0049 1                  44.836230 8.853835 00 00 3231303234304A3034393334            
21/10/23 06:55:26 0050 1                  44.869005 8.867847 00 00 313931323043303038333032            
21/10/23 06:55:26 0051 1                  44.869005 8.867847 00 00 313931323043303036363433            
21/10/23 06:58:16 0052 1                  44.866918 8.870513 00 00 313931323043303036363430            
21/10/23 06:58:18 0053 1                  44.866918 8.870518 00 00 30340C05BC2ED4F9EAED5C04            
21/10/23 06:59:24 0054 1                  44.867417 8.870532 00 00 313931323043303036363431            
21/10/23 06:59:42 0055 1                  44.867413 8.870540 00 00 313931323043303038313435            
21/10/23 06:59:44 0056 1                  44.867413 8.870537 00 00 303ACB034025055AC6893B5F            
21/10/23 07:00:35 0057 1                  44.867483 8.870692 00 00 313931323043303030373738            
21/10/23 07:00:35 0058 1                  44.867483 8.870692 00 00 313931323043303038313933            
21/10/23 07:00:38 0059 1                  44.867482 8.870688 00 00 30360390E802B1440400158E            
21/10/23 07:00:38 0060 1                  44.867482 8.870688 00 00 3039606203C28702502DB59A            
21/10/23 07:03:11 0061 1                  44.864757 8.871968 00 00 3231313130304A3032353139            
21/10/23 07:03:52 0062 1                  44.864758 8.871985 00 00 313931323043303038333130            
21/10/23 07:05:59 0063 1                  44.863017 8.873477 00 00 313931323043303036373035            
21/10/23 07:06:56 0064 1                  44.862700 8.873682 00 00 313931323043303036373037            
21/10/23 07:06:56 0065 1                  44.862700 8.873682 00 00 313931323043303130343538            
21/10/23 07:06:56 0066 1                  44.862700 8.873682 00 00 30395DFA82CCEC40001933AC            
21/10/23 07:06:58 0067 1                  44.862702 8.873682 00 00 3039606303BF73C00009E15E            
21/10/23 07:06:58 0068 1                  44.862702 8.873682 00 00 30340BFFF80611FBD77AA804            
21/10/23 07:07:27 0069 1                  44.862683 8.873698 00 00 313931323043303039333433            
21/10/23 07:07:29 0070 1                  44.862682 8.873698 00 00 313931323043303036373131            
21/10/23 07:10:33 0071 1                  44.861693 8.873458 00 00 313931323043303030373734            
21/10/23 07:11:29 0072 1                  44.861740 8.873673 00 00 313931323043303036303437            
21/10/23 07:12:08 0073 1                  44.861813 8.873803 00 00 313931323043303036343436            
21/10/23 07:14:59 0074 1                  44.857935 8.876770 00 00 3231303234304A3034393337            
21/10/23 07:15:00 0075 1                  44.857937 8.876770 00 00 3231303234304A3034383432            
21/10/23 07:20:08 0076 1                  44.862062 8.875508 00 00 313931323043303036303438            
21/10/23 07:20:14 0077 1                  44.862072 8.875515 00 00 313931323043303130373134            
21/10/23 07:20:17 0078 1                  44.862095 8.875513 00 00 3035EB76A00F1D2A872BD18A            
21/10/23 07:20:19 0079 1                  44.862105 8.875513 00 00 3035EB76A0206C6B43B9F0E9            
21/10/23 07:21:25 0080 1                  44.862060 8.875045 00 00 313931323043303036353231            
21/10/23 07:22:08 0081 1                  44.862038 8.874483 00 00 313931323043303036303336            
21/10/23 07:23:54 0082 1                  44.862880 8.873815 00 00 313931323043303038323438            
21/10/23 07:23:54 0083 1                  44.862880 8.873815 00 00 313931323043303036303530            
21/10/23 07:23:55 0084 1                  44.862878 8.873815 00 00 313931323043303036303530            
21/10/23 07:25:51 0085 1                  44.862868 8.874173 00 00 991100627E51BCEE00000012            
21/10/23 07:25:52 0086 1                  44.862868 8.874173 00 00 31383132304A303132353836            
21/10/23 07:25:53 0087 1                  44.862872 8.874178 00 00 313931323043303130373034            
21/10/23 07:26:44 0088 1                  44.862853 8.874322 00 00 313931323043303130373036            
21/10/23 07:27:24 0089 1                  44.862905 8.874688 00 00 313931323043303038343235            
21/10/23 07:27:26 0090 1                  44.862908 8.874693 00 00 313931323043303038343236            
21/10/23 07:27:26 0091 1                  44.862908 8.874693 00 00 08C8EFC308C6428011C1BF1B            
21/10/23 07:28:27 0092 1                  44.862810 8.874935 00 00 313931323043303038343238            
21/10/23 07:29:04 0093 1                  44.862845 8.875095 00 00 313931323043303038343234            
21/10/23 07:29:40 0094 1                  44.862833 8.875290 00 00 313931323043303038323539            
21/10/23 07:30:36 0095 1                  44.862810 8.876168 00 00 313931323043303036383039            
21/10/23 07:31:24 0096 1                  44.862560 8.876568 00 00 313931323043303038333636            
21/10/23 07:32:01 0097 1                  44.862383 8.876822 00 00 313931323043303036383135            
21/10/23 07:32:43 0098 1                  44.862263 8.877043 00 00 3035E8BF604EA4C00001A5C4            
21/10/23 07:32:43 0099 1                  44.862263 8.877043 00 00 313931323043303039393839            
21/10/23 07:32:46 0100 1                  44.862263 8.877043 00 00 30395DFA819D0000000C8542            
21/10/23 07:34:55 0101 1                  44.861465 8.879928 00 00 313931323043303038323536            
21/10/23 07:36:01 0102 1                  44.861753 8.881043 00 00 313931323043303034303734            
21/10/23 07:37:51 0103 1                  44.861528 8.882388 00 00 313931323043303039393936            
21/10/23 07:39:55 0104 1                  44.861803 8.883482 00 00 313931323043303038333732            
21/10/23 07:40:45 0105 1                  44.861535 8.883800 00 00 313931323043303131343639            
21/10/23 07:41:41 0106 1                  44.861322 8.884200 00 00 313931323043303039363933            
21/10/23 07:41:43 0107 1                  44.861323 8.884200 00 00 313931323043303039363934            
21/10/23 07:42:53 0108 1                  44.861325 8.884273 00 00 313931323043303437343035            
21/10/23 07:43:42 0109 1                  44.861272 8.884435 00 00 313931323043303130343636            
21/10/23 07:46:20 0110 1                  44.860035 8.884263 00 00 313931323043303036343531            
21/10/23 07:48:19 0111 1                  44.860970 8.884727 00 00 313931323043303039363932            
21/10/23 07:49:28 0112 1                  44.861180 8.885002 00 00 313931323043303130373238            
21/10/23 07:49:37 0113 1                  44.861180 8.884992 00 00 313931323043303038333735            
21/10/23 07:50:41 0114 1                  44.861135 8.885098 00 00 313931323043303038363131            
21/10/23 07:50:42 0115 1                  44.861133 8.885100 00 00 3034F8224833A74097D00190            
21/10/23 07:51:40 0116 1                  44.861107 8.885320 00 00 313931323043303039383539            
21/10/23 07:51:40 0117 1                  44.861107 8.885320 00 00 313931323043303036313032            
21/10/23 07:51:45 0118 1                  44.861108 8.885322 00 00 30395DFA818BF4C00017FA56            
21/10/23 07:51:50 0119 1                  44.861108 8.885322 00 00 30395DFA818B334000398305            
21/10/23 07:52:44 0120 1                  44.861178 8.885740 00 00 313931323043303132393636            
21/10/23 07:53:35 0121 1                  44.861398 8.886012 00 00 313931323043303130393831            
21/10/23 07:54:15 0122 1                  44.861535 8.886117 00 00 313931323043303035383034            
21/10/23 07:55:32 0123 1                  44.862162 8.885810 00 00 313931323043303037373534            
21/10/23 07:56:59 0124 1                  44.862110 8.883557 00 00 313931323043303039383836            
21/10/23 07:57:37 0125 1                  44.862117 8.883262 00 00 313931323043303130313239            
21/10/23 07:57:38 0126 1                  44.862117 8.883262 00 00 30395DFA8311B6808B4FB4B7            
21/10/23 07:57:39 0127 1                  44.862120 8.883260 00 00 30395DFA81A49540000B9FE7            
21/10/23 07:57:39 0128 1                  44.862120 8.883260 00 00 30396061C3BF95C000271342            
21/10/23 07:57:39 0129 1                  44.862120 8.883260 00 00 30395DFA8311B6808B4FB424            
21/10/23 07:57:40 0130 1                  44.862120 8.883260 00 00 3034F836F0260B409B400ACE            
21/10/23 07:57:50 0131 1                  44.862110 8.883252 00 00 30395DFA82D7DDC00021592E            
21/10/23 07:58:19 0132 1                  44.862212 8.883108 00 00 313931323043303036313335            
21/10/23 07:59:14 0133 1                  44.862423 8.882485 00 00 313931323043303131353330            
21/10/23 08:00:47 0134 1                  44.862675 8.881815 00 00 313931323043303130313236            
21/10/23 08:02:03 0135 1                  44.862915 8.880965 00 00 313931323043303130303735            
21/10/23 08:02:04 0136 1                  44.862915 8.880965 00 00 313931323043303038333034            
21/10/23 08:03:42 0137 1                  44.862847 8.880425 00 00 313931323043303130303736            
21/10/23 08:03:46 0138 1                  44.862847 8.880425 00 00 313931323043303130303736            
21/10/23 08:04:37 0139 1                  44.862807 8.880060 00 00 313931323043303130323338            
21/10/23 08:05:16 0140 1                  44.862850 8.879900 00 00 313931323043303130323337            
21/10/23 08:05:17 0141 1                  44.862850 8.879900 00 00 30340BC9FC42B7232523A806            
21/10/23 08:05:59 0142 1                  44.862685 8.879415 00 00 303ACB034057489AC688E94D            
21/10/23 08:06:01 0143 1                  44.862683 8.879415 00 00 313931323043303038333035            
21/10/23 08:06:06 0144 1                  44.862677 8.879418 00 00 30395DFA818B334000398305            
21/10/23 08:06:58 0145 1                  44.862442 8.878493 00 00 313931323043303130383833            
21/10/23 08:07:45 0146 1                  44.862182 8.877728 00 00 313931323043303036343439            
21/10/23 08:07:57 0147 1                  44.862178 8.877722 00 00 313931323043303130373039            
21/10/23 08:08:00 0148 1                  44.862178 8.877722 00 00 303ACB0340318CDC64CFF185            
21/10/23 08:08:00 0149 1                  44.862178 8.877722 00 00 303ACB034097AB5C67596D00            
21/10/23 08:08:03 0150 1                  44.862178 8.877722 00 00 303ACA498393B6DAC689652D            
21/10/23 08:09:37 0151 1                  44.862723 8.877590 00 00 313931323043303036383132            
21/10/23 08:10:12 0152 1                  44.862740 8.877512 00 00 313931323043303036383131            
21/10/23 08:10:51 0153 1                  44.862765 8.877343 00 00 30340BE628166DD49FBD8806            
21/10/23 08:10:52 0154 1                  44.862765 8.877343 00 00 313931323043303130343634            
21/10/23 08:11:40 0155 1                  44.862802 8.876967 00 00 313931323043303036383133            
21/10/23 08:14:05 0156 1                  44.864160 8.872797 00 00 313931323043303036303333            
21/10/23 08:14:06 0157 1                  44.864162 8.872797 00 00 303ACA4983942719D8B65505            
21/10/23 08:14:06 0158 1                  44.864162 8.872797 00 00 313931323043303038313439            
21/10/23 08:17:09 0159 1                  44.871598 8.870447 00 00 313931323043303038323538            
21/10/23 08:20:57 0160 1                  44.876455 8.866338 00 00 313931323043303130303239            
21/10/23 08:22:11 0161 1                  44.876160 8.865175 00 00 313931323043303130303330            
21/10/23 08:23:01 0162 1                  44.876112 8.864863 00 00 313931323043303130303331            
21/10/23 08:23:01 0163 1                  44.876112 8.864863 00 00 313931323043303130303332            
21/10/23 08:23:03 0164 1                  44.876112 8.864862 00 00 30395DFA8311B6808B4FB424            
21/10/23 08:23:03 0165 1                  44.876112 8.864862 00 00 30396061C3BF95C000271342            
21/10/23 08:24:00 0166 1                  44.875980 8.864385 00 00 313931323043303038383938            
21/10/23 08:25:05 0167 1                  44.875697 8.863032 00 00 313931323043303130303333            
21/10/23 09:02:06 0000 s 01494ver01 44.879218 8.856227 00 00
21/10/23 09:12:32 0168 1                  44.884747 8.882338 00 00 313831323045303135393234            
21/10/23 09:12:51 0169 1                  44.884737 8.882363 00 00 303ACA4983942719D8B65505            
21/10/23 09:14:28 0170 1                  44.884728 8.883928 00 00 313931323043303038313931            
21/10/23 09:16:35 0171 1                  44.884065 8.886318 00 00 313931323043303036353334            
21/10/23 09:16:35 0172 1                  44.884065 8.886318 00 00 313931323043303036303432            
21/10/23 09:18:23 0173 1                  44.883493 8.889303 00 00 313931323043303038393738            
21/10/23 09:19:03 0174 1                  44.883560 8.890478 00 00 534D5005B000010135303030            
21/10/23 09:19:35 0175 1                  44.883433 8.892502 00 00 313931323043303037353839            
21/10/23 09:21:17 0176 1                  44.883057 8.896628 00 00 313931323043303036373232            
21/10/23 09:22:09 0177 1                  44.882997 8.897077 00 00 313931323043303030373737            
21/10/23 09:24:21 0178 1                  44.879232 8.901347 00 00 313931323043303038313237            
21/10/23 09:25:28 0179 1                  44.878508 8.901587 00 00 313931323043303130333436            
21/10/23 09:25:29 0180 1                  44.878508 8.901587 00 00 3231303234304A3034393335            
21/10/23 09:26:40 0181 1                  44.877692 8.901773 00 00 313931323043303030373333            
21/10/23 09:26:55 0182 1                  44.877705 8.901760 00 00 30340BFFFC052745BE75F004            
21/10/23 09:26:56 0183 1                  44.877705 8.901760 00 00 3034F8372851F80AB41DBF96            
21/10/23 09:26:56 0184 1                  44.877705 8.901760 00 00 30340BFFF85FC428CF457C04            
21/10/23 09:31:55 0185 1                  44.881972 8.900382 00 00 313931323043303036353434            
21/10/23 09:32:48 0186 1                  44.882680 8.899677 00 00 313931323043303038313138            
21/10/23 09:32:51 0187 1                  44.882688 8.899660 00 00 303ACB0340396B9C64CB4AA5            
21/10/23 09:32:51 0188 1                  44.882688 8.899660 00 00 303ACB03401DD959D8B6DB87            
21/10/23 09:32:51 0189 1                  44.882688 8.899660 00 00 303ACB03407CE01AC689C02F            
21/10/23 09:34:34 0190 1                  44.883437 8.894715 00 00 313931323043303038383432            
21/10/23 09:36:17 0191 1                  44.883505 8.893367 00 00 313931323043303030373335            
21/10/23 09:38:23 0192 1                  44.883607 8.891150 00 00 313931323043303030373334            
21/10/23 09:39:25 0193 1                  44.883642 8.890647 00 00 313931323043303038343634            
21/10/23 09:40:59 0194 1                  44.884717 8.884577 00 00 313931323043303038393638            
21/10/23 09:43:01 0195 1                  44.884212 8.881607 00 00 3034F8372803640AB41E3ECA            
21/10/23 09:43:03 0196 1                  44.884210 8.881607 00 00 083862F94F3462002D02F7F5            
21/10/23 09:43:17 0197 1                  44.884217 8.881603 00 00 3034F837243E7B4AB41DC327            
21/10/23 09:43:17 0198 1                  44.884217 8.881603 00 00 3231313130304A3032353232            
21/10/23 09:43:18 0199 1                  44.884217 8.881603 00 00 30347A21A431103657FDDCD2            
21/10/23 09:43:18 0200 1                  44.884217 8.881603 00 00 30340C05A05367B0F65CC405            
21/10/23 09:43:18 0201 1                  44.884217 8.881603 00 00 303ACB03402C401AC688CFD4            
21/10/23 09:43:19 0202 1                  44.884217 8.881603 00 00 3034F82248116C809020084B            
21/10/23 09:43:19 0203 1                  44.884217 8.881603 00 00 30340BE62C35A76DC1AE9405            
21/10/23 09:43:19 0204 1                  44.884217 8.881603 00 00 303ACB03403E001C620C6538            
21/10/23 09:43:20 0205 1                  44.884217 8.881603 00 00 303ACB0340092A59D8B6304C            
21/10/23 09:44:57 0206 1                  44.882687 8.883765 00 00 313931323043303130373831            
21/10/23 09:44:59 0207 1                  44.882685 8.883763 00 00 313931323043303038393835            
21/10/23 09:45:31 0208 1                  44.882717 8.883787 00 00 313931323043303038313930            
21/10/23 09:48:33 0209 1                  44.881340 8.883135 00 00 313931323043303037313432            
21/10/23 09:49:34 0210 1                  44.881130 8.882732 00 00 313931323043303131363236            
21/10/23 09:49:36 0211 1                  44.881130 8.882733 00 00 313931323043303038303030            
21/10/23 09:52:40 0212 1                  44.881143 8.886108 00 00 313931323043303038363237            
21/10/23 09:52:42 0213 1                  44.881147 8.886103 00 00 303ACA498290C019D8B64336            
21/10/23 09:52:43 0214 1                  44.881147 8.886103 00 00 303ACA4982C82119D8B6C615            
21/10/23 09:52:43 0215 1                  44.881147 8.886103 00 00 303ACA498288D1D9D8B64233            
21/10/23 09:54:20 0216 1                  44.880168 8.886435 00 00 08288E22A0CA9F8002DE8395            
21/10/23 09:54:23 0217 1                  44.880167 8.886437 00 00 313931323043303036373231            
21/10/23 09:55:12 0218 1                  44.879493 8.886848 00 00 313931323043303038313235            
21/10/23 09:55:15 0219 1                  44.879492 8.886852 00 00 303ACA4983266F1C5AEE1604            
21/10/23 09:55:16 0220 1                  44.879492 8.886852 00 00 0000000000000E00000265E7            
21/10/23 09:56:16 0221 1                  44.878857 8.887623 00 00 3035EBA2800172004190ABE8            
21/10/23 09:56:17 0222 1                  44.878855 8.887623 00 00 313931323043303039373434            
21/10/23 09:57:28 0223 1                  44.878433 8.888277 00 00 313931323043303038313236            
21/10/23 09:58:08 0224 1                  44.878332 8.888462 00 00 313931323043303132373233            
21/10/23 09:58:10 0225 1                  44.878332 8.888462 00 00 97001007CF400640080000FD            
21/10/23 09:58:59 0226 1                  44.878175 8.888753 00 00 313931323043303030373733            
21/10/23 09:59:37 0227 1                  44.878508 8.889085 00 00 313931323043303036363936            
21/10/23 09:59:47 0228 1                  44.878512 8.889077 00 00 313931323043303036363935            
21/10/23 10:00:35 0229 1                  44.878647 8.889205 00 00 313931323043303032313136            
21/10/23 10:01:14 0230 1                  44.878822 8.889303 00 00 313931323043303130343635            
21/10/23 10:02:06 0231 1                  44.879185 8.889642 00 00 313931323043303032313134            
21/10/23 10:03:04 0232 1                  44.879645 8.890142 00 00 313931323043303037393034            
21/10/23 10:05:11 0233 1                  44.882517 8.891405 00 00 313931323043303130373033            
21/10/23 10:07:04 0234 1                  44.882645 8.889927 00 00 313931323043303130373932            
21/10/23 10:07:51 0235 1                  44.882162 8.889717 00 00 313931323043303130343232            
21/10/23 10:09:08 0236 1                  44.881040 8.889137 00 00 313931323043303038313537            
21/10/23 10:10:35 0237 1                  44.880352 8.889055 00 00 303ACB03402BF219D8B62ED7            
21/10/23 10:10:35 0238 1                  44.880352 8.889055 00 00 3231313130304A3032353231            
21/10/23 10:10:36 0239 1                  44.880352 8.889055 00 00 303405912436F5925A2FF404            
21/10/23 10:10:36 0240 1                  44.880352 8.889055 00 00 3035EB626837D8387243BC3E            
21/10/23 10:10:56 0241 1                  44.880332 8.889077 00 00 3233313130304A3030303739            
21/10/23 10:11:54 0242 1                  44.880258 8.889018 00 00 313931323043303036383134            
21/10/23 10:12:36 0243 1                  44.880133 8.888697 00 00 313931323043303036373030            
21/10/23 10:13:40 0244 1                  44.879755 8.888603 00 00 30340BC9FC32D9E79984B006            
21/10/23 10:13:41 0245 1                  44.879755 8.888603 00 00 313931323043303130303634            
21/10/23 10:14:35 0246 1                  44.879810 8.888418 00 00 313931323043303038303037            
21/10/23 10:14:35 0247 1                  44.879810 8.888418 00 00 30340BFFF0502F9F22484004            
21/10/23 10:15:30 0248 1                  44.879885 8.888113 00 00 313931323043303130343838            
21/10/23 10:15:31 0249 1                  44.879885 8.888113 00 00 313931323043303038333538            
21/10/23 10:16:18 0250 1                  44.879792 8.887895 00 00 313931323043303030373439            
21/10/23 10:16:55 0251 1                  44.879752 8.887733 00 00 313931323043303038303033            
21/10/23 10:16:55 0252 1                  44.879752 8.887733 00 00 313931323043303038303033            
21/10/23 10:16:56 0253 1                  44.879752 8.887733 00 00 3231303234304A3034393338            
21/10/23 10:17:43 0254 1                  44.879645 8.887543 00 00 313931323043303039303130            
21/10/23 10:18:34 0255 1                  44.879487 8.887147 00 00 313931323043303038303032            
21/10/23 10:20:41 0256 1                  44.878147 8.889695 00 00 313931323043303036373334            
21/10/23 10:21:04 0257 1                  44.878123 8.889720 00 00 313931323043303036373335            
21/10/23 10:22:24 0258 1                  44.877768 8.890543 00 00 3230303033304D3037343435            
21/10/23 10:22:45 0259 1                  44.877768 8.890557 00 00 313931323043303038313834            
21/10/23 10:22:45 0260 1                  44.877768 8.890557 00 00 30340BF47C44CFCFEF975C05            
21/10/23 10:22:46 0261 1                  44.877768 8.890557 00 00 313931323043303038313835            
21/10/23 10:22:47 0262 1                  44.877768 8.890558 00 00 3035EB62683BD8BA7A34D582            
21/10/23 10:22:47 0263 1                  44.877768 8.890558 00 00 30340BFFFC0FD55D20EEC004            
21/10/23 10:23:07 0264 1                  44.877768 8.890567 00 00 313931323043303036353237            
21/10/23 10:24:11 0265 1                  44.876875 8.890920 00 00 313931323043303036353236            
21/10/23 10:26:02 0266 1                  44.873802 8.887958 00 00 313931323043303130333536            
21/10/23 10:27:48 0267 1                  44.872133 8.888113 00 00 3232313130304A3030323434            
21/10/23 10:28:08 0268 1                  44.872093 8.888133 00 00 3231313130304A3031303933            
21/10/23 10:28:34 0269 1                  44.872062 8.888127 00 00 3231313130304A3032303635            
21/10/23 10:29:11 0270 1                  44.872058 8.888135 00 00 323031313030433030303339            
21/10/23 10:29:11 0271 1                  44.872055 8.888140 00 00 30355CD79039528000000118            
21/10/23 10:30:51 0272 1                  44.872520 8.885180 00 00 313931323043303037383732            
21/10/23 10:31:48 0273 1                  44.872832 8.883872 00 00 313931323043303036303435            
21/10/23 10:31:50 0274 1                  44.872830 8.883873 00 00 303ACB0340557C59D8B6345F            
21/10/23 10:32:25 0275 1                  44.873155 8.883048 00 00 313931323043303038393334            
21/10/23 10:35:10 0276 1                  44.873360 8.873735 00 00 313931323043303036353139            
21/10/23 11:04:44 0000 s 01494ver01 44.882340 8.859742 00 00
21/10/23 11:05:21 0000 s 01494ver01 44.882372 8.859733 00 00
