12/10/23 10:38:04 0000 s 01511ver01 44.792548 8.739302 00 00
12/10/23 11:07:47 0001 1                  44.755028 8.891762 00 00 313831323045303236353538            
12/10/23 11:07:59 0002 1                  44.755013 8.891773 00 00 313831323045303236353630            
12/10/23 11:08:10 0003 1                  44.755008 8.891777 00 00 313831323045303236353537            
12/10/23 11:08:40 0004 1                  44.755002 8.891775 00 00 313831323045303235303137            
12/10/23 11:10:42 0005 1                  44.753478 8.894172 00 00 313931323050303038363937            
12/10/23 11:11:02 0006 1                  44.753480 8.894168 00 00 313831323045303235343839            
12/10/23 11:11:41 0007 1                  44.753387 8.894358 00 00 313831323045303235383232            
12/10/23 11:11:59 0008 1                  44.753392 8.894368 00 00 313831323045303234393930            
12/10/23 11:12:43 0009 1                  44.753420 8.894373 00 00 313831323045303234373039            
12/10/23 11:13:32 0010 1                  44.753088 8.894957 00 00 313831323045303235383137            
12/10/23 11:14:10 0011 1                  44.752918 8.895228 00 00 313831323045303236353533            
12/10/23 11:14:48 0012 1                  44.752595 8.895867 00 00 313831323045303236343730            
12/10/23 11:15:48 0013 1                  44.752572 8.895873 00 00 313931313030503030313830            
12/10/23 11:16:48 0014 1                  44.752660 8.896420 00 00 31383033304D303033393538            
12/10/23 11:17:20 0015 1                  44.752635 8.896460 00 00 313831323045303236323938            
12/10/23 11:18:18 0016 1                  44.752787 8.896907 00 00 313831323045303236343439            
12/10/23 11:19:03 0017 1                  44.752730 8.897428 00 00 313831323045303236333634            
12/10/23 11:20:17 0018 1                  44.753498 8.901653 00 00 313831323045303236343239            
12/10/23 11:21:27 0019 1                  44.752622 8.904152 00 00 313831323045303236333230            
12/10/23 11:22:20 0020 1                  44.752480 8.904743 00 00 313831323045303236303536            
12/10/23 11:25:51 0021 1                  44.753422 8.906973 00 00 313831323045303236333336            
12/10/23 11:28:43 0022 1                  44.754118 8.907638 00 00 313831323045303236353938            
12/10/23 11:29:53 0023 1                  44.754428 8.908210 00 00 313831323045303236303235            
12/10/23 11:31:11 0024 1                  44.755323 8.909372 00 00 313931323045303630343933            
12/10/23 11:31:26 0025 1                  44.755343 8.909362 00 00 313931323045303630353039            
12/10/23 11:31:52 0026 1                  44.755355 8.909350 00 00 313831323045303236303332            
12/10/23 11:32:35 0027 1                  44.755547 8.909590 00 00 313831323045303236303236            
12/10/23 11:33:14 0028 1                  44.755785 8.910045 00 00 313831323045303235353034            
12/10/23 11:35:36 0029 1                  44.765122 8.917213 00 00 313831323045303235313335            
12/10/23 11:37:54 0030 1                  44.766467 8.918707 00 00 313831323045303236313031            
12/10/23 11:38:48 0031 1                  44.767512 8.920615 00 00 313831323045303235323139            
12/10/23 11:50:23 0000 s 01511ver01 0 0 00 00
12/10/23 11:51:15 0032 1                  44.808263 8.886650 00 00 31383132304A303235373835            
12/10/23 11:55:57 0000 s 01511ver01 0 0 00 00
12/10/23 11:59:02 0033 1                  44.796087 8.872252 00 00 3035E84800034800000077E5            
12/10/23 11:59:03 0034 1                  44.796085 8.872250 00 00 313931313030503030303438            
12/10/23 11:59:04 0035 1                  44.796085 8.872250 00 00 30395DFA82E2C180001559CE            
12/10/23 11:59:25 0036 1                  44.796067 8.872228 00 00 30395DFA82E2C1000015DE29            
12/10/23 12:06:34 0037 1                  44.807865 8.894287 00 00 3139313130304A3032303239            
12/10/23 12:08:33 0038 1                  44.806620 8.898523 00 00 31383132304A303236313439            
12/10/23 12:09:14 0039 1                  44.806595 8.898762 00 00 31383132304A303236313530            
12/10/23 12:09:26 0040 1                  44.806600 8.898770 00 00 313931323045303630303230            
12/10/23 12:09:27 0041 1                  44.806600 8.898772 00 00 313933323045303630303230            
12/10/23 12:10:02 0042 1                  44.806518 8.898973 00 00 313831323045303235323536            
12/10/23 12:10:46 0043 1                  44.806477 8.899457 00 00 313A3132304A303235373336            
12/10/23 12:11:03 0044 1                  44.806470 8.899480 00 00 31383132304A303236373932            
12/10/23 12:11:40 0045 1                  44.806418 8.899753 00 00 31383132304A303234343830            
12/10/23 12:12:21 0046 1                  44.806658 8.900443 00 00 313931323050303037363732            
12/10/23 12:12:37 0047 1                  44.806663 8.900445 00 00 313931323050303037353132            
12/10/23 12:22:31 0048 1                  44.806952 8.900240 00 00 31383132304A303234343831            
12/10/23 12:26:07 0049 1                  44.806882 8.899778 00 00 31383132304A303234373530            
12/10/23 12:26:25 0050 1                  44.806872 8.899782 00 00 313831323045303235303337            
12/10/23 12:27:24 0051 1                  44.806648 8.899618 00 00 31383033304D303033343933            
12/10/23 12:28:42 0052 1                  44.807232 8.901662 00 00 31383132304A303236313438            
12/10/23 12:28:52 0053 1                  44.807233 8.901668 00 00 31383132304A303235363332            
12/10/23 12:29:34 0054 1                  44.807463 8.901548 00 00 313831323045303235303431            
12/10/23 12:30:56 0055 1                  44.807983 8.899880 00 00 313931313030503030313333            
12/10/23 12:32:04 0056 1                  44.807900 8.898993 00 00 31383132304A303235393538            
12/10/23 12:34:55 0057 1                  44.810488 8.885482 00 00 31383132304A303235383733            
12/10/23 12:35:32 0058 1                  44.810570 8.885262 00 00 31383132304A303232363631            
12/10/23 12:37:38 0059 1                  44.810857 8.883600 00 00 313831323045303236323138            
12/10/23 12:39:28 0060 1                  44.810517 8.876385 00 00 313831323045303234373834            
12/10/23 12:42:24 0061 1                  44.815393 8.884997 00 00 31383132304A303235383833            
12/10/23 12:45:28 0062 1                  44.813508 8.899873 00 00 31383132304A303235373438            
12/10/23 12:47:01 0063 1                  44.814023 8.900880 00 00 313831323045303236353231            
12/10/23 12:47:46 0064 1                  44.813707 8.901787 00 00 313931323050303030333730            
12/10/23 12:48:00 0065 1                  44.813708 8.901783 00 00 31383132304A303237343239            
12/10/23 12:48:35 0066 1                  44.813610 8.902053 00 00 31383132304A303236353232            
12/10/23 12:53:47 0067 1                  44.807343 8.916325 00 00 313831323045303235313931            
12/10/23 12:57:00 0068 1                  44.809983 8.904680 00 00 31383132304A303236303339            
12/10/23 12:57:57 0069 1                  44.809413 8.905042 00 00 31383132304A303236303631            
12/10/23 12:57:57 0070 1                  44.809413 8.905040 00 00 31383132304A307236303631            
12/10/23 12:58:05 0071 1                  44.809413 8.905033 00 00 313831323045303235333730            
12/10/23 13:00:08 0072 1                  44.808207 8.904173 00 00 31383132304A303236303632            
12/10/23 13:02:40 0073 1                  44.813973 8.905208 00 00 31383132304A303234363531            
12/10/23 13:09:14 0074 1                  44.834760 8.880913 00 00 313931323050303031383731            
12/10/23 13:12:07 0075 1                  44.835707 8.878278 00 00 313831323045303235343831            
12/10/23 13:12:09 0076 1                  44.835707 8.878277 00 00 313831323045303235343831            
12/10/23 13:13:20 0077 1                  44.836253 8.877687 00 00 323031313030503030343937            
12/10/23 13:14:42 0078 1                  44.836545 8.877342 00 00 313931323045303630323231            
12/10/23 13:15:19 0079 1                  44.836692 8.877197 00 00 313931323045303630323233            
12/10/23 13:16:14 0080 1                  44.837065 8.877307 00 00 313831323045303235333637            
12/10/23 13:16:57 0081 1                  44.836970 8.876950 00 00 313931323045303630323238            
12/10/23 13:18:00 0082 1                  44.837452 8.874583 00 00 313931323045303630323432            
12/10/23 13:20:11 0083 1                  44.837495 8.873310 00 00 3231303234304A3032323035            
12/10/23 13:21:50 0084 1                  44.837948 8.871843 00 00 313931323045303630323235            
12/10/23 13:22:10 0085 1                  44.837963 8.871840 00 00 313931323050303032393834            
12/10/23 13:23:02 0086 1                  44.837820 8.871545 00 00 313931323045303630323639            
12/10/23 13:24:06 0087 1                  44.837767 8.871560 00 00 31383033304D303033383339            
12/10/23 13:24:06 0088 1                  44.837767 8.871560 00 00 31383033304D303033383339            
12/10/23 13:24:58 0089 1                  44.837533 8.871493 00 00 313931323045303630343032            
12/10/23 13:25:30 0090 1                  44.837523 8.871512 00 00 313931323045303630363330            
12/10/23 13:26:20 0091 1                  44.837303 8.871555 00 00 313831323045303235333738            
12/10/23 13:26:57 0092 1                  44.837272 8.871530 00 00 313931323050303033303736            
12/10/23 13:27:46 0093 1                  44.837087 8.871925 00 00 313931323045303630333037            
12/10/23 13:27:56 0094 1                  44.837107 8.871930 00 00 313931323045303630313733            
12/10/23 13:28:14 0095 1                  44.837145 8.871943 00 00 313931323045303630313731            
12/10/23 13:29:15 0096 1                  44.836878 8.872162 00 00 313931323045303630343035            
12/10/23 13:29:22 0097 1                  44.836858 8.872172 00 00 313931323045303630313139            
12/10/23 13:29:41 0098 1                  44.836833 8.872182 00 00 313931323045303630323633            
12/10/23 13:30:05 0099 1                  44.836823 8.872190 00 00 313931323050303133383530            
12/10/23 13:30:51 0100 1                  44.836743 8.872277 00 00 313931323050303036373831            
12/10/23 13:31:27 0101 1                  44.836498 8.872307 00 00 313931323045303630313132            
12/10/23 13:32:31 0102 1                  44.836212 8.872262 00 00 313831323045303234343737            
12/10/23 13:33:28 0103 1                  44.836432 8.871795 00 00 313831323045303230343530            
12/10/23 13:34:07 0104 1                  44.836718 8.871172 00 00 31383033304D303036333036            
12/10/23 13:34:42 0105 1                  44.836962 8.870843 00 00 313931323050303032343139            
12/10/23 13:41:16 0000 s 01511ver01 0 0 00 00
12/10/23 13:41:16 0000 s 01511ver01 0 0 00 00
12/10/23 13:46:48 0000 s 01511ver01 0 0 00 00
12/10/23 13:47:22 0106 1                  44.806045 8.896535 00 00 3036143BB020CC0BA86DA032            
12/10/23 13:47:52 0107 1                  44.806043 8.896533 00 00 082901497E95FF8018A0D242            
12/10/23 13:49:21 0108 1                  44.806045 8.896518 00 00 3036143BB020CC0BA86DA032            
12/10/23 14:00:14 0109 1                  44.839110 8.871065 00 00 313931323050303033383537            
12/10/23 14:01:04 0110 1                  44.840220 8.870618 00 00 313931323050303038303732            
12/10/23 14:01:49 0111 1                  44.840588 8.870402 00 00 313931323050303035323137            
12/10/23 14:02:42 0112 1                  44.841113 8.870265 00 00 313831323045303235343834            
12/10/23 14:03:33 0113 1                  44.841923 8.869885 00 00 313931323050303031343030            
12/10/23 14:04:11 0114 1                  44.842038 8.869580 00 00 313931323050303031333939            
12/10/23 14:05:01 0115 1                  44.842180 8.869148 00 00 313831323045303235343138            
12/10/23 14:05:15 0116 1                  44.842178 8.869147 00 00 313831323045303235343231            
12/10/23 14:06:01 0117 1                  44.842082 8.869485 00 00 3036143BB020CC0BA86DA032            
12/10/23 14:08:12 0118 1                  44.841348 8.871210 00 00 313831323045303235363936            
12/10/23 14:09:05 0119 1                  44.841197 8.871282 00 00 313831323045303235363231            
12/10/23 14:09:30 0120 1                  44.841195 8.871263 00 00 313831323045303235363935            
12/10/23 14:10:04 0121 1                  44.840952 8.871425 00 00 313831323045303235363236            
12/10/23 14:10:35 0122 1                  44.840832 8.871505 00 00 313931323050303030323934            
12/10/23 14:11:06 0123 1                  44.840567 8.871667 00 00 313831323045303235353638            
12/10/23 14:11:40 0124 1                  44.840225 8.871885 00 00 313831323045303235393739            
12/10/23 14:13:16 0125 1                  44.841622 8.868790 00 00 313831323045303235363139            
12/10/23 14:13:28 0126 1                  44.841618 8.868792 00 00 313931323050303032343137            
12/10/23 14:15:18 0127 1                  44.842193 8.867393 00 00 313931323050303030313737            
12/10/23 14:15:29 0128 1                  44.842190 8.867392 00 00 313931323050303230313739            
12/10/23 14:15:40 0129 1                  44.842188 8.867392 00 00 313931323050303030313738            
12/10/23 14:15:56 0130 1                  44.842190 8.867392 00 00 313831323045303235343738            
12/10/23 14:16:58 0131 1                  44.842395 8.866980 00 00 313931323050303132313630            
12/10/23 14:17:53 0132 1                  44.842603 8.865260 00 00 313931323050303030313831            
12/10/23 15:11:12 0000 s 01511ver01 44.905683 8.869117 00 00
