07/11/23 05:33:49 0000 s 01885ver01 44.882685 8.860045 00 00
07/11/23 05:41:47 0001 1                  44.893185 8.860808 00 00 000000000000000003398434            
07/11/23 05:41:51 0002 1                  44.893143 8.860465 00 00 011551101100881921100000            
07/11/23 05:53:30 0000 s 01885ver01 44.894948 8.859287 00 00
07/11/23 05:56:18 0003 1                  44.895438 8.862022 00 00 3231303234304A3032383537            
07/11/23 05:57:00 0004 1                  44.895453 8.862045 00 00 323032343055303030333238            
07/11/23 05:57:39 0005 1                  44.895430 8.861948 00 00 323032343055303030333239            
07/11/23 06:15:25 0006 1                  44.905640 8.898512 00 00 323030323545303033373336            
07/11/23 06:17:27 0007 1                  44.904518 8.898890 00 00 323030323545303033363636            
07/11/23 06:18:01 0008 1                  44.904250 8.898793 00 00 3231303032334D3035373731            
07/11/23 06:19:06 0009 1                  44.904647 8.898947 00 00 323030323545303033363638            
07/11/23 06:20:29 0010 1                  44.905415 8.899283 00 00 323030323545303033373830            
07/11/23 06:21:28 0011 1                  44.905285 8.899760 00 00 323030323545303033363635            
07/11/23 06:21:54 0012 1                  44.905298 8.899772 00 00 3231303032334D3035363536            
07/11/23 06:22:55 0013 1                  44.904868 8.900297 00 00 323030323545303030333839            
07/11/23 06:24:51 0014 1                  44.900143 8.900487 00 00 3231303032334D3032353832            
07/11/23 06:26:03 0015 1                  44.898533 8.898980 00 00 3231303032334D3032343939            
07/11/23 06:29:48 0016 1                  44.901623 8.905370 00 00 323031323055303030333532            
07/11/23 06:32:12 0017 1                  44.898853 8.906082 00 00 323030323545303036343337            
07/11/23 06:34:00 0018 1                  44.894793 8.904100 00 00 323030323545303030333238            
07/11/23 06:34:38 0019 1                  44.894795 8.903733 00 00 323030323545303032383938            
07/11/23 06:38:57 0020 1                  44.892138 8.904332 00 00 323030323545303032343638            
07/11/23 06:43:02 0021 1                  44.884925 8.907983 00 00 323030323545303037383836            
07/11/23 06:43:59 0022 1                  44.884972 8.908362 00 00 323030323545303035343833            
07/11/23 06:45:08 0023 1                  44.885395 8.908483 00 00 3232303032334D3031363331            
07/11/23 06:49:13 0024 1                  44.883310 8.898862 00 00 3231303032334D3035333234            
07/11/23 06:50:39 0025 1                  44.878620 8.901525 00 00 3231303032334D3035303232            
07/11/23 06:51:23 0026 1                  44.877712 8.901820 00 00 3231303032334D3035373931            
07/11/23 06:56:31 0027 1                  44.879458 8.901425 00 00 3232303032334D3030343331            
07/11/23 06:57:21 0028 1                  44.879808 8.901295 00 00 3231303032334D3035303639            
07/11/23 06:58:20 0029 1                  44.880780 8.900868 00 00 3231303032334D3035353335            
07/11/23 06:59:07 0030 1                  44.881165 8.900688 00 00 3231303032334D3035363336            
07/11/23 07:00:40 0031 1                  44.881603 8.900452 00 00 3231303032334D3035353033            
07/11/23 07:02:04 0032 1                  44.883133 8.896638 00 00 3231303032334D3035323430            
07/11/23 07:05:05 0033 1                  44.883608 8.891182 00 00 3232303032334D3031363938            
07/11/23 07:06:58 0034 1                  44.882157 8.889767 00 00 3231303032334D3032343033            
07/11/23 07:07:57 0035 1                  44.880975 8.889180 00 00 3231303032334D3035393532            
07/11/23 07:08:38 0036 1                  44.880525 8.889083 00 00 3231303032334D3035343632            
07/11/23 07:09:38 0037 1                  44.880310 8.889020 00 00 3231303234304A3034323133            
07/11/23 07:12:43 0038 1                  44.879775 8.888595 00 00 3231303032334D3035393534            
07/11/23 07:13:54 0039 1                  44.879852 8.888192 00 00 3231303032334D3031343038            
07/11/23 07:15:03 0040 1                  44.879780 8.887870 00 00 3231303032334D3035313532            
07/11/23 07:15:49 0041 1                  44.879640 8.887570 00 00 3231303032334D3035303831            
07/11/23 07:16:38 0042 1                  44.879472 8.887212 00 00 3231303032334D3032353235            
07/11/23 07:18:09 0043 1                  44.880192 8.886570 00 00 3231303032334D3035323339            
07/11/23 07:18:59 0044 1                  44.881810 8.885052 00 00 3231303032334D3035333034            
07/11/23 07:20:09 0045 1                  44.882663 8.883973 00 00 3231303032334D3035333033            
07/11/23 07:22:55 0046 1                  44.884230 8.881638 00 00 3231303234304A3034323130            
07/11/23 07:25:36 0047 1                  44.881337 8.883190 00 00 3231303032334D3035393531            
07/11/23 07:26:19 0048 1                  44.881137 8.882802 00 00 3231303032334D3035313837            
07/11/23 07:29:42 0049 1                  44.878883 8.887580 00 00 3231303032334D3035303833            
07/11/23 07:31:44 0050 1                  44.878360 8.888397 00 00 3231303032334D3035363131            
07/11/23 07:32:16 0051 1                  44.878357 8.888388 00 00 3231303032334D3035303630            
07/11/23 07:33:03 0052 1                  44.878343 8.888960 00 00 3231303032334D3035343731            
07/11/23 07:34:14 0053 1                  44.878513 8.889095 00 00 3231303032334D3035343636            
07/11/23 07:34:59 0054 1                  44.878820 8.889300 00 00 3231303032334D3035313330            
07/11/23 07:35:43 0055 1                  44.879692 8.890132 00 00 3232303032334D3031363836            
07/11/23 07:36:35 0056 1                  44.880160 8.890472 00 00 3231303032334D3035343637            
07/11/23 07:39:15 0057 1                  44.882525 8.891412 00 00 3231303032334D3035353434            
07/11/23 07:43:10 0058 1                  44.884197 8.886353 00 00 3231303032334D3035373430            
07/11/23 07:43:50 0059 1                  44.884697 8.884783 00 00 3231303032334D3035333031            
07/11/23 07:44:43 0060 1                  44.884765 8.883912 00 00 25705569A686CB92CEC71C32            
07/11/23 07:45:27 0061 1                  44.884815 8.883883 00 00 3231303032334D3035353337            
07/11/23 07:47:15 0062 1                  44.884872 8.883415 00 00 3231303032334D3031343430            
07/11/23 07:47:37 0063 1                  44.884877 8.883423 00 00 3231303032334D3035353338            
07/11/23 07:49:48 0064 1                  44.885230 8.880280 00 00 3231303032334D3034333337            
07/11/23 07:50:13 0065 1                  44.885270 8.880133 00 00 31520704797216400B8C0000            
07/11/23 07:53:41 0066 1                  44.892143 8.871603 00 00 3232303032334D3030343238            
07/11/23 07:56:10 0067 1                  44.892337 8.872177 00 00 323030323545303035323837            
07/11/23 07:56:46 0068 1                  44.892593 8.872897 00 00 323030323545303034373437            
07/11/23 07:57:48 0069 1                  44.894138 8.873312 00 00 3231303032334D3034333332            
07/11/23 07:58:48 0070 1                  44.895052 8.871267 00 00 323030323545303033383339            
07/11/23 07:58:51 0071 1                  44.895055 8.871257 00 00 323030323545303033383431            
07/11/23 07:59:04 0072 1                  44.895067 8.871197 00 00 323030323545303033383430            
07/11/23 07:59:04 0073 1                  44.895067 8.871197 00 00 323030323545303031343734            
07/11/23 08:02:45 0074 1                  44.895278 8.868267 00 00 3231303132304A3035333535            
07/11/23 08:09:11 0075 1                  44.892557 8.873217 00 00 3231303032334D3030383534            
07/11/23 08:09:18 0076 1                  44.892548 8.873210 00 00 3231303032334D3030353330            
07/11/23 08:10:18 0077 1                  44.891947 8.873700 00 00 3231303032334D3031323532            
07/11/23 08:11:20 0078 1                  44.890858 8.873385 00 00 3231303032334D3033363334            
07/11/23 08:12:52 0079 1                  44.888565 8.875335 00 00 3231303032334D3033363837            
07/11/23 08:13:57 0080 1                  44.887638 8.876202 00 00 31383032334D303130383833            
07/11/23 08:15:22 0081 1                  44.887457 8.877112 00 00 323030323545303031373035            
07/11/23 08:15:22 0082 1                  44.887457 8.877112 00 00 300ED89F3350014A1E0B98AC            
07/11/23 08:16:16 0083 1                  44.887378 8.877530 00 00 3232303032334D3030383837            
07/11/23 08:18:12 0084 1                  44.886828 8.878050 00 00 3231303032334D3030363033            
07/11/23 08:19:05 0085 1                  44.886023 8.878212 00 00 323030323545303039333936            
07/11/23 08:19:39 0086 1                  44.885990 8.878223 00 00 323030323545303032363031            
07/11/23 08:21:22 0087 1                  44.884693 8.883940 00 00 3231303032334D3035353337            
07/11/23 08:24:27 0088 1                  44.888530 8.896658 00 00 323030323545303032373432            
07/11/23 08:25:16 0089 1                  44.889005 8.896515 00 00 3232303032334D3030333332            
07/11/23 08:26:14 0090 1                  44.889442 8.896445 00 00 323030323545303033363831            
07/11/23 08:28:46 0091 1                  44.891573 8.895442 00 00 323030323545303032393331            
07/11/23 08:30:23 0092 1                  44.893018 8.894375 00 00 323030323545303037363338            
07/11/23 08:34:26 0093 1                  44.895263 8.893437 00 00 323030323545303038303231            
07/11/23 08:36:15 0094 1                  44.889907 8.891532 00 00 323030323545303030313530            
07/11/23 08:37:55 0095 1                  44.892250 8.892598 00 00 3231303032334D3031353837            
07/11/23 08:38:21 0096 1                  44.892272 8.892600 00 00 323030323545303032363932            
07/11/23 08:39:07 0097 1                  44.892455 8.892583 00 00 3231303032334D3033393635            
07/11/23 08:43:31 0098 1                  44.898665 8.890745 00 00 323030323545303030313637            
07/11/23 08:44:01 0099 1                  44.898667 8.890717 00 00 323030323545303030323236            
07/11/23 08:45:21 0100 1                  44.900178 8.887683 00 00 323030323545303033393436            
07/11/23 08:47:39 0101 1                  44.899468 8.880937 00 00 31383032334D303137343736            
07/11/23 08:49:15 0102 1                  44.899387 8.880440 00 00 323030323545303030333031            
07/11/23 08:49:52 0103 1                  44.899357 8.880445 00 00 323030323545303030323931            
07/11/23 08:50:21 0104 1                  44.899542 8.880217 00 00 323030323545303038373034            
07/11/23 08:51:34 0105 1                  44.899897 8.879817 00 00 31383032334D303034393032            
07/11/23 08:53:19 0106 1                  44.895737 8.877088 00 00 323030323545303033363838            
07/11/23 08:54:38 0107 1                  44.894925 8.876435 00 00 3232303032334D3030333739            
07/11/23 08:55:08 0108 1                  44.895057 8.875853 00 00 323030323545303034313138            
07/11/23 08:58:54 0109 1                  44.890050 8.878228 00 00 3231303032334D3034333632            
07/11/23 09:00:31 0000 s 01885ver01 0 0 00 00
07/11/23 09:02:28 0110 1                  44.893050 8.876667 00 00 3231303032334D3031373730            
07/11/23 09:03:25 0111 1                  44.894197 8.876125 00 00 323030323545303038383733            
07/11/23 09:03:28 0112 1                  44.894198 8.876125 00 00 300ED89F3350014A1E0B98AC            
07/11/23 09:03:37 0113 1                  44.894207 8.876122 00 00 3231303032334D3034323230            
07/11/23 09:04:19 0114 1                  44.894605 8.875333 00 00 3231303032334D3034323337            
07/11/23 09:06:02 0000 s 01885ver01 0 0 00 00
07/11/23 09:06:39 0115 1                  44.894858 8.874795 00 00 323030323545303034383233            
07/11/23 09:07:25 0116 1                  44.895022 8.874588 00 00 323030323545303034373130            
07/11/23 09:07:52 0117 1                  44.895223 8.874425 00 00 323030323545303038373838            
07/11/23 09:08:11 0118 1                  44.895288 8.874393 00 00 323030323545303038373731            
07/11/23 09:08:17 0119 1                  44.895292 8.874398 00 00 3231303032334D3034393035            
07/11/23 09:11:15 0120 1                  44.896280 8.872313 00 00 323030323545303038393331            
07/11/23 09:19:20 0121 1                  44.898268 8.882063 00 00 323030323545303033303432            
07/11/23 09:20:18 0122 1                  44.896615 8.881737 00 00 323030323545303033373139            
07/11/23 09:21:13 0123 1                  44.896040 8.881305 00 00 323030323545303033373430            
07/11/23 09:22:04 0124 1                  44.895462 8.881702 00 00 3232303032334D3031333133            
07/11/23 09:22:38 0125 1                  44.895418 8.881938 00 00 323030323545303033373538            
07/11/23 09:23:23 0126 1                  44.895378 8.882178 00 00 323030323545303033373236            
07/11/23 09:24:32 0127 1                  44.895327 8.882852 00 00 323030323545303033303336            
07/11/23 09:25:46 0128 1                  44.895335 8.883127 00 00 323030323545303033303338            
07/11/23 09:26:54 0129 1                  44.894888 8.883605 00 00 323030323545303033303430            
07/11/23 09:27:39 0130 1                  44.894530 8.883777 00 00 323030323545303033303436            
07/11/23 09:28:39 0131 1                  44.893478 8.884262 00 00 323030323545303033363930            
07/11/23 09:31:31 0132 1                  44.891987 8.884820 00 00 323030323545303033363633            
07/11/23 09:31:45 0133 1                  44.891983 8.884817 00 00 323030323545303033363634            
07/11/23 09:33:57 0134 1                  44.888980 8.885742 00 00 323030323545303032343631            
07/11/23 09:37:39 0135 1                  44.896080 8.882857 00 00 323030323545303033303437            
07/11/23 09:38:58 0136 1                  44.896345 8.882145 00 00 3231303032334D3034363737            
07/11/23 09:40:24 0137 1                  44.897872 8.882327 00 00 323030323545303030323439            
07/11/23 09:42:39 0138 1                  44.896197 8.887635 00 00 323030323545303030333338            
07/11/23 09:43:32 0139 1                  44.895593 8.887827 00 00 3232303032334D3030363035            
07/11/23 09:44:42 0140 1                  44.893892 8.888113 00 00 323030323545303030323633            
07/11/23 09:45:31 0141 1                  44.893022 8.888042 00 00 323030323545303037393238            
07/11/23 09:47:44 0142 1                  44.888200 8.886920 00 00 323030323545303032333737            
07/11/23 09:48:35 0143 1                  44.887753 8.886892 00 00 323030323545303033383030            
07/11/23 09:52:34 0144 1                  44.888423 8.882900 00 00 3232303032334D3030313337            
07/11/23 09:52:34 0145 1                  44.888423 8.882900 00 00 3232303032334D3030313337            
07/11/23 09:55:45 0000 s 01885ver01 0 0 00 00
07/11/23 09:55:45 0000 s 01885ver01 0 0 00 00
07/11/23 09:56:42 0146 1                  44.891158 8.882522 00 00 323030323545303033373231            
07/11/23 09:56:42 0147 1                  44.891158 8.882522 00 00 323030323545303033373231            
07/11/23 09:57:30 0148 1                  44.891523 8.882522 00 00 323030323545303033373232            
07/11/23 09:57:30 0149 1                  44.891523 8.882522 00 00 323030323545303033373232            
07/11/23 09:59:06 0150 1                  44.893153 8.882173 00 00 323030323545303033373134            
07/11/23 09:59:52 0151 1                  44.893540 8.881987 00 00 323030323545303033373635            
07/11/23 10:01:19 0000 s 01885ver01 0 0 00 00
07/11/23 10:01:57 0152 1                  44.894083 8.881843 00 00 323030323545303033363738            
07/11/23 10:02:21 0153 1                  44.894083 8.881860 00 00 323030323545303033303439            
07/11/23 10:02:58 0154 1                  44.894207 8.881885 00 00 323030323545303033373931            
07/11/23 10:04:05 0155 1                  44.894447 8.881977 00 00 3233303032334D3030323331            
07/11/23 10:23:45 0156 1                  44.906380 8.877465 00 00 300ED89F3350014A1E0B98AC            
07/11/23 10:54:10 0157 1                  44.896683 8.854995 00 00 3156060527461400C5190000            
07/11/23 11:15:52 0000 s 01885ver01 44.882327 8.860107 00 00
