14/10/23 05:04:39 0000 s 01504ver01 44.792815 8.739458 00 00
14/10/23 05:06:52 0001 1                  44.792903 8.739542 00 00 300ED89F3350014A1E0BA08E            
14/10/23 05:35:50 0002 1                  44.722722 8.857953 00 00 31383033304D303033313131            
14/10/23 05:36:16 0003 1                  44.722637 8.857972 00 00 31383033304D303032363836            
14/10/23 05:36:16 0004 1                  44.722637 8.857972 00 00 31383033304D303031393931            
14/10/23 05:38:44 0005 1                  44.722668 8.858095 00 00 31383132304A303039333636            
14/10/23 05:40:53 0006 1                  44.722177 8.858037 00 00 31383033304D303032373331            
14/10/23 05:41:03 0007 1                  44.722127 8.858040 00 00 31383033304D303031373434            
14/10/23 05:43:27 0008 1                  44.722072 8.857395 00 00 3035E875702D1700000009DF            
14/10/23 05:46:05 0009 1                  44.721835 8.857650 00 00 300ED89F3350014A1E0BA08E            
14/10/23 05:46:05 0010 1                  44.721835 8.857650 00 00 31383033304D303031393434            
14/10/23 05:46:19 0011 1                  44.721812 8.857735 00 00 3230303033304D3032343735            
14/10/23 05:46:19 0012 1                  44.721812 8.857735 00 00 3035EB8ADC389907FE009A69            
14/10/23 05:46:53 0013 1                  44.721812 8.857842 00 00 31383033304D303035363634            
14/10/23 05:47:34 0014 1                  44.721752 8.858025 00 00 31383033304D303031383439            
14/10/23 05:48:57 0015 1                  44.721657 8.856178 00 00 31383132304A303138303833            
14/10/23 05:49:09 0016 1                  44.721648 8.856170 00 00 31383132304A303137313230            
14/10/23 05:49:29 0017 1                  44.721623 8.856083 00 00 31383172304A303137313230            
14/10/23 05:50:00 0018 1                  44.721627 8.856073 00 00 31383132304A303137373236            
14/10/23 05:51:29 0019 1                  44.721423 8.856462 00 00 3231303033304D3031393939            
14/10/23 05:51:31 0020 1                  44.721420 8.856463 00 00 313932343045303030353433            
14/10/23 05:51:55 0021 1                  44.721405 8.856498 00 00 31383033304D303033303137            
14/10/23 05:53:14 0022 1                  44.721212 8.856645 00 00 313932343045303030353638            
14/10/23 05:54:17 0023 1                  44.721053 8.857037 00 00 31383033304D303032373732            
14/10/23 05:54:25 0024 1                  44.721028 8.857050 00 00 31383033304D303032353136            
14/10/23 05:55:34 0025 1                  44.721078 8.858350 00 00 31383033304D303032353331            
14/10/23 05:55:40 0026 1                  44.721077 8.858357 00 00 31383033304D303031373837            
14/10/23 05:55:42 0027 1                  44.721077 8.858358 00 00 3034F836E822110AB41E34A6            
14/10/23 05:55:48 0028 1                  44.721077 8.858363 00 00 303ACA49811C7A1C3D33E3F1            
14/10/23 05:55:48 0029 1                  44.721077 8.858363 00 00 303ACA49817BE61C49CE6444            
14/10/23 05:56:35 0030 1                  44.721092 8.858392 00 00 31383033304D303031373339            
14/10/23 05:57:09 0031 1                  44.721132 8.858373 00 00 31383132304A303130353636            
14/10/23 05:58:16 0032 1                  44.721350 8.857880 00 00 31383132304A303130393430            
14/10/23 05:58:28 0033 1                  44.721350 8.857865 00 00 31383132304A303130383034            
14/10/23 05:59:17 0034 1                  44.721353 8.857808 00 00 3035EB8ADC14598014003563            
14/10/23 05:59:17 0035 1                  44.721353 8.857808 00 00 313931323043303038383231            
14/10/23 06:01:02 0036 1                  44.722385 8.856307 00 00 31383132304A303136343132            
14/10/23 06:03:20 0037 1                  44.720968 8.858868 00 00 31383033304D303031383437            
14/10/23 06:03:32 0038 1                  44.720905 8.858892 00 00 31383033304D303032353138            
14/10/23 06:04:59 0039 1                  44.720377 8.858582 00 00 31383033304D303031383530            
14/10/23 06:05:25 0040 1                  44.720280 8.858378 00 00 3231303033304D3031393737            
14/10/23 06:07:04 0041 1                  44.720028 8.858233 00 00 31383033304D303030393535            
14/10/23 06:07:55 0042 1                  44.719632 8.858567 00 00 31383033304D303032313533            
14/10/23 06:12:10 0043 1                  44.711388 8.856610 00 00 31383132304A303135363432            
14/10/23 06:13:35 0044 1                  44.712707 8.856865 00 00 31383132304A303039343931            
14/10/23 06:15:26 0045 1                  44.715602 8.856670 00 00 31383132304A303130383232            
14/10/23 06:17:12 0046 1                  44.717830 8.858440 00 00 31383132304A303130343836            
14/10/23 06:17:59 0047 1                  44.717855 8.858475 00 00 31383132304A303130383233            
14/10/23 06:19:34 0048 1                  44.718208 8.859172 00 00 31383033304D303031373430            
14/10/23 06:20:55 0049 1                  44.718558 8.859393 00 00 3230303033304D3037343639            
14/10/23 06:20:57 0050 1                  44.718560 8.859377 00 00 300ED89F3350014A1E0BA08E            
14/10/23 06:21:51 0051 1                  44.718777 8.858618 00 00 3231303033304D3032333836            
14/10/23 06:22:46 0052 1                  44.718850 8.858372 00 00 31383033304D303035373834            
14/10/23 06:24:19 0053 1                  44.719158 8.858522 00 00 31383132304A303130343139            
14/10/23 06:25:36 0054 1                  44.720198 8.858708 00 00 313931323043303038343134            
14/10/23 06:26:31 0055 1                  44.720542 8.858623 00 00 31383132304A303039373033            
14/10/23 06:27:27 0056 1                  44.720610 8.858603 00 00 31383033304D303032303734            
14/10/23 06:31:16 0057 1                  44.703910 8.855995 00 00 31383132304A303130343135            
14/10/23 06:35:25 0058 1                  44.700130 8.846875 00 00 300ED89F3350014A1E0BA08E            
14/10/23 06:35:59 0059 1                  44.700098 8.846830 00 00 31383132304A303130363938            
14/10/23 06:39:13 0060 1                  44.703692 8.851742 00 00 31383132304A303039333936            
14/10/23 06:39:48 0061 1                  44.703683 8.851727 00 00 31383132304A303039333935            
14/10/23 06:40:12 0062 1                  44.703672 8.851753 00 00 31383132304A303135353833            
14/10/23 06:40:44 0063 1                  44.703663 8.851748 00 00 31383132304A303135343935            
14/10/23 06:46:04 0064 1                  44.703688 8.851090 00 00 31383132304A303137323731            
14/10/23 06:46:24 0065 1                  44.703705 8.851052 00 00 31383132304A303137323639            
14/10/23 06:48:58 0066 1                  44.703042 8.850917 00 00 31383132304A303135323933            
14/10/23 06:53:49 0067 1                  44.700075 8.852287 00 00 31383132304A303130303230            
14/10/23 06:56:06 0068 1                  44.701872 8.853310 00 00 31383132304A303039343934            
14/10/23 06:59:45 0069 1                  44.710298 8.861680 00 00 31383132304A303136363439            
14/10/23 07:00:23 0070 1                  44.710462 8.861608 00 00 31383132304A303039373536            
14/10/23 07:00:48 0071 1                  44.710487 8.861577 00 00 31383132304A303039373535            
14/10/23 07:10:18 0072 1                  44.719788 8.859602 00 00 31383033304D303031373530            
14/10/23 07:10:26 0073 1                  44.719790 8.859585 00 00 31383033304D303031373438            
14/10/23 07:12:52 0074 1                  44.721058 8.862295 00 00 31383132304A303135373330            
14/10/23 07:14:58 0075 1                  44.720782 8.862125 00 00 31383132304A303131303934            
14/10/23 07:15:12 0076 1                  44.720770 8.862132 00 00 31383132304A303130353638            
14/10/23 07:15:36 0077 1                  44.720770 8.862105 00 00 31383132304A303135373238            
14/10/23 07:15:52 0078 1                  44.720755 8.862065 00 00 313931323043303037333836            
14/10/23 07:17:41 0079 1                  44.720268 8.862220 00 00 3230303033304D3032333536            
14/10/23 07:19:00 0080 1                  44.718263 8.863577 00 00 31383132304A303130303037            
14/10/23 07:19:19 0081 1                  44.718253 8.863585 00 00 313931323043303130343735            
14/10/23 07:20:25 0082 1                  44.718093 8.863608 00 00 31383132304A303137333839            
14/10/23 07:21:32 0083 1                  44.717872 8.863607 00 00 31383132304A303130303039            
14/10/23 07:21:32 0084 1                  44.717872 8.863607 00 00 31383132304A303130303131            
14/10/23 07:21:36 0085 1                  44.717878 8.863605 00 00 30340BF8CC06922CC9F19005            
14/10/23 07:21:38 0086 1                  44.717880 8.863607 00 00 300ED89F3350014A1E0BA08E            
14/10/23 07:22:11 0087 1                  44.717907 8.863615 00 00 31383132304A303130303130            
14/10/23 07:23:38 0088 1                  44.717562 8.863272 00 00 31383132304A303138303236            
14/10/23 07:23:48 0089 1                  44.717563 8.863260 00 00 31383132304A303138303237            
14/10/23 07:28:01 0090 1                  44.720648 8.861127 00 00 3034F836EC5A540AB41DC4B5            
14/10/23 07:28:03 0091 1                  44.720652 8.861127 00 00 31383132304A303131303935            
14/10/23 07:30:14 0092 1                  44.721125 8.859463 00 00 31383033304D303031383536            
14/10/23 07:33:47 0093 1                  44.722062 8.859683 00 00 31383033304D303032363235            
14/10/23 07:34:46 0094 1                  44.722002 8.859872 00 00 31383132304A303130333632            
14/10/23 07:34:54 0095 1                  44.721953 8.859892 00 00 31383132304A303033303733            
14/10/23 07:35:08 0096 1                  44.721995 8.859865 00 00 300ED89F3350014A1E0BA08E            
14/10/23 07:36:07 0097 1                  44.722067 8.859888 00 00 31383033304D303030323539            
14/10/23 07:38:12 0098 1                  44.722680 8.860487 00 00 31383033304D303031383336            
14/10/23 07:38:12 0099 1                  44.722680 8.860487 00 00 30340BF8E01164D1C9FF9006            
14/10/23 07:38:12 0100 1                  44.722680 8.860487 00 00 303ACA498376245C60D362CB            
14/10/23 07:40:44 0101 1                  44.723512 8.859185 00 00 31383132304A303131323430            
14/10/23 07:40:56 0102 1                  44.723525 8.859170 00 00 31383132304A303131323433            
14/10/23 07:41:16 0103 1                  44.723545 8.859142 00 00 31383132304A303131323431            
14/10/23 07:44:12 0104 1                  44.726178 8.857158 00 00 31383132304A303138303239            
14/10/23 07:45:52 0105 1                  44.729233 8.855653 00 00 313931323043303037313236            
14/10/23 07:53:29 0106 1                  44.726707 8.855843 00 00 3034361C541C1F415C322401            
14/10/23 07:53:33 0107 1                  44.726708 8.855848 00 00 3036143DD42ABDC0000110C4            
14/10/23 07:53:53 0108 1                  44.726712 8.855855 00 00 303436082C1CC424BAF03006            
14/10/23 07:54:06 0109 1                  44.726702 8.855862 00 00 3036143BB403884BA8C40BA1            
14/10/23 07:58:02 0110 1                  44.726703 8.855898 00 00 303549A05C2BFBD4F4B959B7            
14/10/23 08:06:16 0111 1                  44.722293 8.857987 00 00 3230303033304D3030393334            
14/10/23 08:06:24 0112 1                  44.722245 8.858007 00 00 31383033304D303031323530            
14/10/23 08:06:39 0113 1                  44.722177 8.858038 00 00 31383033304D303030323837            
14/10/23 08:06:47 0114 1                  44.722140 8.858050 00 00 3231303033304D3033373236            
14/10/23 08:06:57 0115 1                  44.722120 8.858040 00 00 31383033304D303030323838            
14/10/23 08:09:53 0116 1                  44.721977 8.857317 00 00 31383033304D303030343637            
14/10/23 08:09:53 0117 1                  44.721977 8.857317 00 00 300ED89F3350014A1E0BA08E            
14/10/23 08:12:37 0118 1                  44.721138 8.858180 00 00 3231303033304D3034323734            
14/10/23 08:12:43 0119 1                  44.721138 8.858203 00 00 3231303033304D3034323832            
14/10/23 08:12:55 0120 1                  44.721140 8.858240 00 00 31383033304D303030323731            
14/10/23 08:16:18 0121 1                  44.721130 8.858790 00 00 31383033304D303032343333            
14/10/23 08:16:26 0122 1                  44.721130 8.858802 00 00 31383033304D303030343630            
14/10/23 08:16:58 0123 1                  44.720967 8.858997 00 00 31383033304D303031373033            
14/10/23 08:18:35 0124 1                  44.720435 8.858953 00 00 31383033304D303031383437            
14/10/23 08:19:04 0125 1                  44.720347 8.858455 00 00 31383033304D303031303235            
14/10/23 08:21:52 0126 1                  44.719038 8.859338 00 00 313831323045307036313338            
14/10/23 08:23:32 0127 1                  44.718515 8.858853 00 00 31383033304D303031303133            
14/10/23 08:24:55 0128 1                  44.718738 8.858483 00 00 31383033304D303030353134            
14/10/23 08:25:24 0129 1                  44.718890 8.858537 00 00 31383033304D303031303038            
14/10/23 08:26:10 0130 1                  44.719093 8.858583 00 00 3231303033304D3034383131            
14/10/23 08:26:51 0131 1                  44.719235 8.858588 00 00 31383033304D303030343636            
14/10/23 08:28:20 0132 1                  44.720562 8.858237 00 00 31383033304D303030353231            
14/10/23 08:28:28 0133 1                  44.720582 8.858280 00 00 3231303033304D3031353932            
14/10/23 08:31:50 0134 1                  44.719415 8.859565 00 00 31383132304A303030353736            
14/10/23 08:37:34 0135 1                  44.723218 8.859303 00 00 313932343053303030303434            
14/10/23 08:39:52 0136 1                  44.725513 8.857587 00 00 31383132304A303030323436            
14/10/23 08:40:18 0137 1                  44.725582 8.857525 00 00 31383132304A303030303839            
14/10/23 08:46:41 0000 s 01504ver01 44.721525 8.853462 00 00
14/10/23 08:46:44 0000 s 01504ver01 44.721505 8.853468 00 00
14/10/23 09:00:13 0000 s 01504ver01 44.721283 8.853445 00 00
14/10/23 09:06:11 0138 1                  44.718177 8.859545 00 00 300ED89F3350014A1E0B933E            
14/10/23 09:18:35 0000 s 01504ver01 44.726448 8.856245 00 00
14/10/23 09:18:46 0000 s 01504ver01 44.726473 8.856212 00 00
14/10/23 09:19:05 0000 s 01504ver01 44.726518 8.856172 00 00
14/10/23 09:27:19 0000 s 01504ver01 44.723157 8.857890 00 00
14/10/23 09:51:05 0000 s 01504ver01 44.726653 8.856110 00 00
14/10/23 10:09:20 0000 s 01504ver01 44.792843 8.739732 00 00
14/10/23 10:11:57 0000 s 01504ver01 44.792887 8.739795 00 00
