23/10/23 10:17:53 0000 s 01497ver01 44.882088 8.860202 00 00
23/10/23 10:19:14 0000 s 01497ver01 0 0 00 00
23/10/23 10:42:04 0001 1                  44.890563 8.838718 00 00 313932343050303030333230            
23/10/23 10:44:04 0002 1                  44.889032 8.832565 00 00 313831323045303235333031            
23/10/23 10:44:04 0003 1                  44.889032 8.832565 00 00 313931323045303630313634            
23/10/23 10:44:55 0004 1                  44.889010 8.832503 00 00 313931323045303630313336            
23/10/23 10:44:56 0005 1                  44.889010 8.832503 00 00 313931323045303630333237            
23/10/23 10:46:00 0006 1                  44.888987 8.831947 00 00 313931323045303630303834            
23/10/23 10:46:00 0007 1                  44.888987 8.831947 00 00 313931323045303630303834            
23/10/23 10:47:16 0008 1                  44.888523 8.830343 00 00 313931323045303630313530            
23/10/23 10:47:22 0009 1                  44.888525 8.830342 00 00 313831323045303235383935            
23/10/23 10:49:06 0010 1                  44.888137 8.828533 00 00 313831323045303235363333            
23/10/23 10:53:57 0011 1                  44.883125 8.834728 00 00 3231303234304A3034353935            
23/10/23 10:54:00 0012 1                  44.883130 8.834728 00 00 3231303234304A3034353934            
23/10/23 10:56:04 0013 1                  44.883433 8.833945 00 00 08310273CAB8BF8018AC3817            
23/10/23 10:59:28 0014 1                  44.882920 8.833993 00 00 323031313030503030303039            
23/10/23 11:05:14 0015 1                  44.880660 8.831928 00 00 313932343050303030343036            
23/10/23 11:05:15 0016 1                  44.880660 8.831930 00 00 313932343050303030333733            
23/10/23 11:09:34 0017 1                  44.883610 8.829978 00 00 323031313030503030313532            
23/10/23 11:10:59 0018 1                  44.883733 8.830007 00 00 323031313030503030313531            
23/10/23 11:25:31 0019 1                  44.875323 8.832287 00 00 313931323045303630313133            
23/10/23 11:28:12 0020 1                  44.873662 8.835810 00 00 313831323045303235373539            
23/10/23 11:33:03 0021 1                  44.873750 8.829562 00 00 3231303234304A3032303932            
23/10/23 11:35:11 0022 1                  44.870198 8.828127 00 00 313931323050303131323335            
23/10/23 11:35:12 0023 1                  44.870198 8.828127 00 00 30395DFA831F6AC0001DAAE5            
23/10/23 11:35:14 0024 1                  44.870193 8.828130 00 00 313931323050303131323437            
23/10/23 11:36:16 0025 1                  44.869508 8.827712 00 00 313931323050303034353132            
23/10/23 11:39:07 0026 1                  44.869025 8.823943 00 00 313831323045303235343532            
23/10/23 11:40:03 0027 1                  44.869102 8.824132 00 00 313831323065303235343439            
23/10/23 11:43:32 0028 1                  44.867115 8.824370 00 00 323031313030503030313732            
23/10/23 11:44:13 0029 1                  44.867110 8.824372 00 00 323031313030503030313733            
23/10/23 11:52:49 0030 1                  44.876068 8.810478 00 00 3230313130304A3030363331            
23/10/23 11:56:25 0031 1                  44.872573 8.805343 00 00 3230313130304A3030323232            
23/10/23 11:57:03 0032 1                  44.872563 8.805332 00 00 3230313130304A3030323231            
23/10/23 12:00:10 0033 1                  44.872405 8.807677 00 00 3231313130304A3032363135            
23/10/23 12:02:15 0034 1                  44.873263 8.808233 00 00 323031313030503030343732            
23/10/23 12:08:29 0035 1                  44.868972 8.809340 00 00 323031313030503030343532            
23/10/23 12:09:09 0036 1                  44.868952 8.809305 00 00 323031313030503030343437            
23/10/23 12:11:50 0037 1                  44.868113 8.812292 00 00 313932343050303030303935            
23/10/23 12:17:56 0038 1                  44.872452 8.809582 00 00 313932343050303030353538            
23/10/23 12:19:36 0039 1                  44.872707 8.808860 00 00 313932343050303030353539            
23/10/23 12:23:15 0040 1                  44.873885 8.809742 00 00 3230313130304A3030333830            
23/10/23 12:25:09 0041 1                  44.871472 8.811393 00 00 313932343050303030313131            
23/10/23 12:26:34 0042 1                  44.872423 8.811807 00 00 323031313030503030343535            
23/10/23 12:28:26 0043 1                  44.872272 8.811277 00 00 3232313130304A3030303533            
23/10/23 12:30:59 0044 1                  44.871962 8.811612 00 00 3230313130304A3030323830            
23/10/23 12:33:38 0045 1                  44.873245 8.811197 00 00 313932343050303030353630            
23/10/23 12:41:48 0046 1                  44.855952 8.797912 00 00 313931323050303039373630            
23/10/23 12:43:15 0047 1                  44.855647 8.795695 00 00 313931323050303039313230            
23/10/23 12:43:18 0048 1                  44.855645 8.795695 00 00 313931323050303039313139            
23/10/23 12:44:23 0049 1                  44.855577 8.795290 00 00 313931323050303034343338            
23/10/23 12:44:23 0050 1                  44.855577 8.795290 00 00 313931323050303039383538            
23/10/23 12:49:50 0051 1                  44.870508 8.797658 00 00 313831323045303235333137            
23/10/23 12:53:10 0052 1                  44.871603 8.796417 00 00 313831323045303235343435            
23/10/23 12:54:24 0053 1                  44.871417 8.796160 00 00 313831323045303235363432            
23/10/23 12:55:32 0054 1                  44.871187 8.795740 00 00 313831323045303235343438            
23/10/23 12:58:08 0055 1                  44.872098 8.796390 00 00 313931323045303630333333            
23/10/23 12:59:28 0056 1                  44.873473 8.795772 00 00 313831323045303235343536            
23/10/23 13:03:39 0057 1                  44.872762 8.792202 00 00 313831323045303235343534            
23/10/23 13:03:40 0058 1                  44.872763 8.792203 00 00 30396062437E1D024B4AFA39            
23/10/23 13:05:25 0059 1                  44.872445 8.790982 00 00 313831323045303235353830            
23/10/23 13:06:35 0060 1                  44.872080 8.789378 00 00 313931323050303035393137            
23/10/23 13:09:29 0061 1                  44.873925 8.786480 00 00 313931323045303630363237            
23/10/23 13:10:31 0062 1                  44.874008 8.786012 00 00 313831323045303139313531            
23/10/23 13:14:08 0063 1                  44.887033 8.785840 00 00 313831323045303235393032            
23/10/23 13:15:24 0064 1                  44.887368 8.785903 00 00 313931323045303630323932            
23/10/23 13:15:27 0065 1                  44.887370 8.785888 00 00 313931323045303630333239            
23/10/23 13:16:44 0066 1                  44.889760 8.786112 00 00 313831723045303235323938            
23/10/23 13:17:50 0067 1                  44.890040 8.786168 00 00 313831323045303235333030            
23/10/23 13:17:50 0068 1                  44.890040 8.786168 00 00 313931323045303630303832            
23/10/23 13:18:24 0069 1                  44.890053 8.786185 00 00 313831323045303235373537            
23/10/23 13:24:00 0070 1                  44.894475 8.787073 00 00 313931323050303031363933            
23/10/23 13:26:31 0071 1                  44.891237 8.787807 00 00 313831323045303235373239            
23/10/23 13:30:07 0072 1                  44.888002 8.803213 00 00 313831323045303235383939            
23/10/23 13:31:10 0073 1                  44.888042 8.803592 00 00 313931323050303034363230            
23/10/23 13:32:33 0074 1                  44.888132 8.804423 00 00 313931323045303630303837            
23/10/23 13:32:35 0075 1                  44.888132 8.804423 00 00 313831323045303235393736            
23/10/23 13:36:01 0076 1                  44.885640 8.798440 00 00 323031313030503030313931            
23/10/23 13:40:44 0077 1                  44.893303 8.813617 00 00 313831323045303235363337            
23/10/23 13:41:56 0078 1                  44.891928 8.813528 00 00 313831323045303235363335            
23/10/23 13:43:07 0079 1                  44.891512 8.813510 00 00 313931323045303630313439            
23/10/23 13:43:08 0080 1                  44.891512 8.813510 00 00 313831323045303235363336            
23/10/23 13:44:42 0081 1                  44.889383 8.813082 00 00 313931323045303630303439            
23/10/23 13:47:49 0082 1                  44.887807 8.820472 00 00 3231303234304A3032303736            
23/10/23 14:00:46 0083 1                  44.888697 8.824285 00 00 313831323045303235363334            
23/10/23 14:03:41 0084 1                  44.894468 8.836712 00 00 313931323045303630333236            
23/10/23 14:03:44 0085 1                  44.894470 8.836715 00 00 313931323045303630333234            
23/10/23 14:04:19 0086 1                  44.894483 8.836737 00 00 303ACA4983BA0C9AC688EB45            
23/10/23 14:04:19 0087 1                  44.894483 8.836737 00 00 313931323050303036303730            
23/10/23 14:04:20 0088 1                  44.894483 8.836737 00 00 303ACB03401BFFDC622F4A88            
23/10/23 14:04:20 0089 1                  44.894483 8.836737 00 00 303ACA4983BA24DC600C2AEB            
23/10/23 14:04:22 0090 1                  44.894482 8.836738 00 00 3034F837001DC28AB41DC55A            
23/10/23 14:05:14 0091 1                  44.894470 8.836938 00 00 3034F8370022400AB41DE6A2            
23/10/23 14:12:39 0092 1                  44.894513 8.847257 00 00 323031313030503030303135            
23/10/23 14:14:19 0093 1                  44.894028 8.847753 00 00 323031313030503030313036            
23/10/23 14:18:51 0094 1                  44.891105 8.849048 00 00 3231313130304A3032363132            
23/10/23 14:23:58 0095 1                  44.891867 8.850443 00 00 313831323045303235363430            
23/10/23 14:41:37 0000 s 01497ver01 44.895708 8.851178 00 00
23/10/23 14:44:22 0096 1                  44.895368 8.853643 00 00 313931323050303132313034            
23/10/23 15:22:33 0000 s 01497ver01 44.905758 8.868885 00 00
23/10/23 15:35:14 0000 s 01497ver01 44.882417 8.860343 00 00
