21/10/23 05:41:11 0000 s 01488ver01 44.882102 8.860120 00 00
21/10/23 05:46:50 0001 1                  44.886163 8.858570 00 00 313931323050303033343033            
21/10/23 05:46:51 0002 1                  44.886165 8.858568 00 00 3231303234304A3031333837            
21/10/23 05:48:14 0003 1                  44.886427 8.857950 00 00 313931323050303038353434            
21/10/23 05:51:15 0004 1                  44.888420 8.858317 00 00 3231313130304A3031323633            
21/10/23 05:51:51 0005 1                  44.888430 8.858378 00 00 3231313130304A3032333930            
21/10/23 05:54:29 0006 1                  44.887442 8.857743 00 00 3232313130304A3030323833            
21/10/23 05:55:10 0007 1                  44.887473 8.857785 00 00 3232313130304A3030323831            
21/10/23 05:55:43 0008 1                  44.887430 8.857732 00 00 3231313130304A3032333838            
21/10/23 05:58:43 0009 1                  44.885725 8.857332 00 00 3231313130304A3031343832            
21/10/23 06:00:31 0010 1                  44.886047 8.857192 00 00 3231313130304A3031383333            
21/10/23 06:01:25 0011 1                  44.886048 8.857173 00 00 3231313130304A3031373131            
21/10/23 06:02:23 0012 1                  44.885992 8.857125 00 00 3231313130304A3031383233            
21/10/23 06:04:56 0013 1                  44.887432 8.856843 00 00 3231313130304A3031363636            
21/10/23 06:05:13 0014 1                  44.887407 8.856800 00 00 3231303234304A3032323530            
21/10/23 06:05:14 0015 1                  44.887403 8.856775 00 00 303ACB0340A1F45AC688BFB5            
21/10/23 06:06:26 0016 1                  44.886635 8.856867 00 00 313931323050303034353934            
21/10/23 06:06:26 0017 1                  44.886635 8.856867 00 00 313931323050303033393230            
21/10/23 06:08:49 0018 1                  44.884840 8.857648 00 00 313931323050303037313630            
21/10/23 06:08:49 0019 1                  44.884840 8.857648 00 00 313931323050303035343135            
21/10/23 06:09:23 0020 1                  44.884835 8.857623 00 00 313931323050303030363138            
21/10/23 06:09:25 0021 1                  44.884837 8.857623 00 00 313931323050303037313537            
21/10/23 06:09:59 0022 1                  44.884812 8.857572 00 00 313931323050303037313631            
21/10/23 06:09:59 0023 1                  44.884812 8.857572 00 00 313931323050303037333932            
21/10/23 06:10:25 0024 1                  44.884882 8.857620 00 00 313931323050303037313538            
21/10/23 06:10:26 0025 1                  44.884885 8.857623 00 00 313931323050303037313539            
21/10/23 06:10:47 0026 1                  44.884927 8.857692 00 00 313931323050303030373336            
21/10/23 06:12:04 0027 1                  44.885177 8.857508 00 00 3231313130304A3030363334            
21/10/23 06:14:03 0028 1                  44.886375 8.856378 00 00 313931323050303034303535            
21/10/23 06:15:20 0029 1                  44.886867 8.856138 00 00 313931323050303039323637            
21/10/23 06:16:26 0030 1                  44.887558 8.855997 00 00 3231313130304A3031363631            
21/10/23 06:18:31 0031 1                  44.890223 8.855907 00 00 3231313130304A3031363630            
21/10/23 06:19:35 0032 1                  44.890562 8.855875 00 00 3231313130304A3031363332            
21/10/23 06:20:28 0033 1                  44.890792 8.855862 00 00 3231313130304A3032343632            
21/10/23 06:21:47 0034 1                  44.891570 8.855917 00 00 3231313130304A3031353134            
21/10/23 06:22:40 0035 1                  44.891810 8.855877 00 00 313931323050303038363237            
21/10/23 06:23:10 0036 1                  44.891813 8.855892 00 00 3231313130304A3031323735            
21/10/23 06:24:31 0037 1                  44.892142 8.855833 00 00 313931323050303033323134            
21/10/23 06:27:21 0038 1                  44.892203 8.854650 00 00 313931323050303038363233            
21/10/23 06:27:21 0039 1                  44.892203 8.854650 00 00 313931323050303033323238            
21/10/23 06:28:17 0040 1                  44.892187 8.854913 00 00 313931323050303033393336            
21/10/23 06:29:04 0041 1                  44.892208 8.855262 00 00 313931323050303038363232            
21/10/23 06:29:50 0042 1                  44.892252 8.855452 00 00 313931323050303031303431            
21/10/23 06:29:56 0043 1                  44.892253 8.855445 00 00 313931323050303033353631            
21/10/23 06:33:27 0044 1                  44.894857 8.853473 00 00 3231313130304A3031383930            
21/10/23 06:34:49 0045 1                  44.894867 8.853855 00 00 313931323050303034353838            
21/10/23 06:35:56 0046 1                  44.894925 8.855248 00 00 3231313130304A3031363834            
21/10/23 06:36:27 0047 1                  44.894923 8.855257 00 00 31383132304A303230393030            
21/10/23 06:37:20 0048 1                  44.894922 8.855442 00 00 313931323050303035383736            
21/10/23 06:37:21 0049 1                  44.894922 8.855442 00 00 313931323050303036313330            
21/10/23 06:38:25 0050 1                  44.894932 8.856010 00 00 313931323050303039393233            
21/10/23 06:38:25 0051 1                  44.894932 8.856010 00 00 313931323050303135383336            
21/10/23 06:38:42 0052 1                  44.894925 8.856023 00 00 313931323050303035383337            
21/10/23 06:40:14 0053 1                  44.895123 8.856362 00 00 3233313130304A3030313932            
21/10/23 06:41:24 0054 1                  44.895142 8.856340 00 00 3231313130304A3031343736            
21/10/23 06:41:40 0055 1                  44.895168 8.856322 00 00 3231303234304A3032313836            
21/10/23 06:42:19 0056 1                  44.895357 8.856367 00 00 3230303033304D3038373134            
21/10/23 06:42:32 0057 1                  44.895477 8.856283 00 00 3230303033304D3038363438            
21/10/23 06:43:01 0058 1                  44.895522 8.856173 00 00 3231303033304D3033303536            
21/10/23 06:43:02 0059 1                  44.895522 8.856180 00 00 3231303033304D3032393231            
21/10/23 06:43:08 0060 1                  44.895522 8.856217 00 00 3231303033304D3033303539            
21/10/23 06:43:08 0061 1                  44.895522 8.856217 00 00 3231303033304D3032393138            
21/10/23 06:43:13 0062 1                  44.895523 8.856245 00 00 3231303033304D3032353735            
21/10/23 06:44:22 0063 1                  44.895643 8.856380 00 00 323031313030503030313834            
21/10/23 06:45:03 0064 1                  44.895625 8.856412 00 00 3231313130304A3031343739            
21/10/23 06:48:02 0065 1                  44.893130 8.855685 00 00 323031313030503030323031            
21/10/23 06:48:03 0066 1                  44.893130 8.855685 00 00 323031313030503030323031            
21/10/23 06:49:46 0067 1                  44.892123 8.855698 00 00 313931323050303031333337            
21/10/23 06:50:42 0068 1                  44.891408 8.855695 00 00 313931323050303034323134            
21/10/23 06:51:25 0069 1                  44.891127 8.855652 00 00 31383132304A303231343731            
21/10/23 06:52:03 0070 1                  44.890990 8.855642 00 00 3231313130304A3031343932            
21/10/23 06:52:58 0071 1                  44.890677 8.855673 00 00 313931323050303038363330            
21/10/23 06:53:16 0072 1                  44.890675 8.855683 00 00 3231313130304A3031363334            
21/10/23 06:55:11 0073 1                  44.889383 8.856560 00 00 3231313130304A3031373338            
21/10/23 06:55:45 0074 1                  44.889310 8.856557 00 00 323031313030503030333532            
21/10/23 06:58:51 0075 1                  44.891012 8.856932 00 00 3231313130304A3031353231            
21/10/23 06:59:27 0076 1                  44.891010 8.856940 00 00 3231313130304A3031353232            
21/10/23 07:01:37 0077 1                  44.889042 8.856330 00 00 31383132304A303237313334            
21/10/23 07:04:23 0078 1                  44.888013 8.856795 00 00 313931323050303035383437            
21/10/23 07:04:23 0079 1                  44.888013 8.856795 00 00 313931323050303035383438            
21/10/23 07:04:43 0080 1                  44.888017 8.856780 00 00 313931323050303034363839            
21/10/23 07:05:47 0081 1                  44.888228 8.856793 00 00 313931323050303033323139            
21/10/23 07:06:35 0082 1                  44.888600 8.856785 00 00 3231303234304A3032323230            
21/10/23 07:06:36 0083 1                  44.888603 8.856783 00 00 30396062436D1580001A24C3            
21/10/23 07:07:24 0084 1                  44.888823 8.856715 00 00 313931323050303034303730            
21/10/23 07:09:12 0085 1                  44.889040 8.856787 00 00 313931323050303033343632            
21/10/23 07:09:12 0086 1                  44.889040 8.856787 00 00 3231303234304A3032323238            
21/10/23 07:09:59 0087 1                  44.889117 8.856787 00 00 010815110501511872100000            
21/10/23 07:10:43 0088 1                  44.889278 8.857308 00 00 3231313130304A3031343931            
21/10/23 07:11:08 0089 1                  44.889288 8.857318 00 00 3231313130304A3031343838            
21/10/23 07:13:29 0090 1                  44.889422 8.857365 00 00 3231313130304A3031353135            
21/10/23 07:14:47 0091 1                  44.889417 8.857415 00 00 3231313130304A3031363832            
21/10/23 07:16:31 0092 1                  44.888805 8.857545 00 00 313931323050303033323231            
21/10/23 07:19:33 0093 1                  44.888977 8.858693 00 00 3231313130304A3031383235            
21/10/23 07:20:08 0094 1                  44.888957 8.858662 00 00 3231313130304A3031383039            
21/10/23 07:21:54 0095 1                  44.889345 8.859193 00 00 3231313130304A3031343939            
21/10/23 07:22:22 0096 1                  44.889353 8.859175 00 00 313931323050303131383939            
21/10/23 07:24:25 0097 1                  44.890488 8.859988 00 00 3231313130304A3031333139            
21/10/23 07:25:34 0098 1                  44.890530 8.860090 00 00 3231313130304A3031333230            
21/10/23 07:27:03 0099 1                  44.890827 8.859528 00 00 313931323050303037373533            
21/10/23 07:27:03 0100 1                  44.890827 8.859528 00 00 313931323050303030333136            
21/10/23 07:27:36 0101 1                  44.890843 8.859515 00 00 31383132304A303231353331            
21/10/23 07:27:36 0102 1                  44.890843 8.859515 00 00 313931323050303032363834            
21/10/23 07:28:44 0103 1                  44.890963 8.859223 00 00 31383132304A303236343837            
21/10/23 07:28:44 0104 1                  44.890963 8.859223 00 00 3231303234304A3034373331            
21/10/23 07:28:47 0105 1                  44.890950 8.859192 00 00 31383132304A303236343833            
21/10/23 07:29:14 0106 1                  44.890970 8.859182 00 00 313931323050303036323839            
21/10/23 07:29:58 0107 1                  44.890957 8.859097 00 00 31383132304A303233393338            
21/10/23 07:29:58 0108 1                  44.890957 8.859097 00 00 313931323050303034353837            
21/10/23 07:30:23 0109 1                  44.890950 8.859097 00 00 313931323050303036333532            
21/10/23 07:30:24 0110 1                  44.890950 8.859097 00 00 313931323050303035393338            
21/10/23 07:31:13 0111 1                  44.891073 8.859062 00 00 313931323050303032393739            
21/10/23 07:31:13 0112 1                  44.891073 8.859062 00 00 313931323050303033363233            
21/10/23 07:31:53 0113 1                  44.891100 8.859082 00 00 313931323050303033353732            
21/10/23 07:31:53 0114 1                  44.891100 8.859082 00 00 313931323050303033363232            
21/10/23 07:32:18 0115 1                  44.891090 8.859050 00 00 3231303033304D3032353233            
21/10/23 07:32:38 0116 1                  44.891085 8.859027 00 00 313931323050303033363231            
21/10/23 07:32:40 0117 1                  44.891085 8.859028 00 00 313931323050303036323436            
21/10/23 07:34:23 0118 1                  44.891495 8.858915 00 00 313931323050303037383931            
21/10/23 07:36:37 0119 1                  44.891827 8.859900 00 00 323031313030503030353335            
21/10/23 07:39:40 0120 1                  44.892855 8.861483 00 00 313931323050303038333432            
21/10/23 07:41:03 0121 1                  44.892057 8.860850 00 00 3231313130304A3031363632            
21/10/23 07:42:22 0122 1                  44.892355 8.860142 00 00 313931323050303037383437            
21/10/23 07:42:24 0123 1                  44.892370 8.860132 00 00 30396061C3BF95000023BA4C            
21/10/23 07:43:24 0124 1                  44.892475 8.859892 00 00 3231313130304A3030363038            
21/10/23 07:43:51 0125 1                  44.892358 8.859838 00 00 3231313130304A3030363039            
21/10/23 07:45:13 0126 1                  44.892047 8.859363 00 00 3231313130304A3031363534            
21/10/23 07:46:04 0127 1                  44.891997 8.859325 00 00 3231313130304A3031353138            
21/10/23 07:47:32 0128 1                  44.891275 8.859440 00 00 3231313130304A3031383433            
21/10/23 07:48:41 0129 1                  44.891027 8.860032 00 00 313931323050303035313731            
21/10/23 07:48:41 0130 1                  44.891027 8.860032 00 00 313931323050303035313733            
21/10/23 07:49:17 0131 1                  44.890987 8.860063 00 00 313931323050303035313732            
21/10/23 07:49:19 0132 1                  44.890995 8.860063 00 00 3231303234304A3032333033            
21/10/23 07:49:43 0133 1                  44.891020 8.860078 00 00 3231313130304A3032333738            
21/10/23 07:50:36 0134 1                  44.891003 8.860085 00 00 3231313130304A3032343139            
21/10/23 07:53:41 0135 1                  44.893550 8.860928 00 00 3231313130304A3031373139            
21/10/23 07:54:58 0136 1                  44.893453 8.860348 00 00 3231303033304D3033313931            
21/10/23 07:55:07 0137 1                  44.893458 8.860338 00 00 3230303033304D3038353933            
21/10/23 07:55:09 0138 1                  44.893458 8.860335 00 00 3230303033304D3038383530            
21/10/23 07:55:20 0139 1                  44.893442 8.860322 00 00 313931323050303039393531            
21/10/23 07:56:42 0140 1                  44.893403 8.859872 00 00 3231303234304A3032313738            
21/10/23 07:57:43 0141 1                  44.893298 8.859410 00 00 313931323050303038373931            
21/10/23 07:58:24 0142 1                  44.893267 8.859182 00 00 3231313130304A3031383939            
21/10/23 07:59:55 0143 1                  44.893352 8.858970 00 00 313931323050303038373930            
21/10/23 08:00:37 0144 1                  44.893437 8.858715 00 00 313931323050303035313937            
21/10/23 08:03:40 0145 1                  44.893180 8.857507 00 00 31383132304A303235373537            
21/10/23 08:04:59 0146 1                  44.893078 8.856805 00 00 313931323050303039343231            
21/10/23 08:04:59 0147 1                  44.893078 8.856805 00 00 313931323050303039343230            
21/10/23 08:05:19 0148 1                  44.893100 8.856823 00 00 313931323050303039343232            
21/10/23 08:06:18 0149 1                  44.893065 8.857225 00 00 313931323050303038333333            
21/10/23 08:06:18 0150 1                  44.893067 8.857223 00 00 313931323050303034333534            
21/10/23 08:07:55 0151 1                  44.892275 8.856760 00 00 313931323050303033323234            
21/10/23 08:08:27 0152 1                  44.892238 8.856763 00 00 3231313130304A3031353130            
21/10/23 08:09:02 0153 1                  44.892252 8.856795 00 00 3231313130304A3031353131            
21/10/23 08:10:08 0154 1                  44.892258 8.857077 00 00 313931323050303131313936            
21/10/23 08:10:45 0155 1                  44.892150 8.857235 00 00 313931323050303034393730            
21/10/23 08:11:44 0156 1                  44.892128 8.857408 00 00 313931323050303037313138            
21/10/23 08:12:31 0157 1                  44.892062 8.857498 00 00 313931323050303034383431            
21/10/23 08:12:51 0158 1                  44.892070 8.857500 00 00 313931323050303038313433            
21/10/23 08:12:51 0159 1                  44.892070 8.857500 00 00 313931323050303035383738            
21/10/23 08:13:43 0160 1                  44.892018 8.857830 00 00 303961354041EE49502FA248            
21/10/23 08:13:56 0161 1                  44.892017 8.857855 00 00 3232313130304A3030303839            
21/10/23 08:15:36 0162 1                  44.892010 8.858115 00 00 3231313130304A3031363830            
21/10/23 08:16:30 0163 1                  44.892037 8.858125 00 00 3231313130304A3031353033            
21/10/23 08:23:29 0000 s 01488ver01 44.901920 8.856605 00 00
21/10/23 08:38:31 0000 s 01488ver01 44.907600 8.866410 00 00
21/10/23 09:01:45 0164 1                  44.889970 8.858302 00 00 3231313130304A3031363236            
21/10/23 09:02:21 0165 1                  44.889920 8.858315 00 00 3231313130304A3031363239            
21/10/23 09:03:39 0166 1                  44.889710 8.858420 00 00 3231303234304A3032313934            
21/10/23 09:04:38 0167 1                  44.890215 8.858072 00 00 3230303033304D3038393230            
21/10/23 09:04:49 0168 1                  44.890235 8.858092 00 00 313931323050303037393430            
21/10/23 09:05:08 0169 1                  44.890248 8.858100 00 00 56494152394435464A445747            
21/10/23 09:05:12 0170 1                  44.890252 8.858097 00 00 303ACA4983A9FA19D8B63CA7            
21/10/23 09:05:13 0171 1                  44.890252 8.858097 00 00 303ACB034012FB609E0F4EB5            
21/10/23 09:05:15 0172 1                  44.890252 8.858098 00 00 3231313130304A3031353136            
21/10/23 09:06:58 0173 1                  44.890832 8.858228 00 00 3231313130304A3030363739            
21/10/23 09:07:59 0174 1                  44.890628 8.857643 00 00 3231303234304A3034363731            
21/10/23 09:10:13 0175 1                  44.889352 8.855532 00 00 31383132304A303138373031            
21/10/23 09:11:27 0176 1                  44.889607 8.853837 00 00 313931323050303038333735            
21/10/23 09:11:28 0177 1                  44.889607 8.853837 00 00 313931323050303038333734            
21/10/23 09:12:19 0178 1                  44.889705 8.853402 00 00 3231313330304A3030363537            
21/10/23 09:14:20 0179 1                  44.890138 8.853745 00 00 3231313130304A3031343730            
21/10/23 09:16:04 0180 1                  44.890577 8.853743 00 00 3231313130304A3031363532            
21/10/23 09:16:07 0181 1                  44.890577 8.853740 00 00 3039613543484EC9502F96C1            
21/10/23 09:17:40 0182 1                  44.890880 8.853328 00 00 313931323050303132393935            
21/10/23 09:17:40 0183 1                  44.890880 8.853328 00 00 313931323050303035383334            
21/10/23 09:18:16 0184 1                  44.890913 8.853325 00 00 313931323050303035383335            
21/10/23 09:18:16 0185 1                  44.890913 8.853325 00 00 313931323050303039343433            
21/10/23 09:18:46 0186 1                  44.890922 8.853323 00 00 313931323050303037313730            
21/10/23 09:18:46 0187 1                  44.890922 8.853323 00 00 313931323050303037313731            
21/10/23 09:21:16 0188 1                  44.891273 8.853358 00 00 313931323050303038373539            
21/10/23 09:21:16 0189 1                  44.891273 8.853358 00 00 313931323050303038373538            
21/10/23 09:24:19 0190 1                  44.889480 8.854147 00 00 313931323050303033383831            
21/10/23 09:24:28 0191 1                  44.889492 8.854153 00 00 313931323050303034303733            
21/10/23 09:25:26 0192 1                  44.889762 8.854252 00 00 313931323050303034303732            
21/10/23 09:26:14 0193 1                  44.890048 8.854193 00 00 313931323050303034303738            
21/10/23 09:26:14 0194 1                  44.890052 8.854195 00 00 313931323050303034303136            
21/10/23 09:27:13 0195 1                  44.890658 8.854187 00 00 313931323050303034353039            
21/10/23 09:28:00 0196 1                  44.891023 8.854150 00 00 313931323050303038313536            
21/10/23 09:28:15 0197 1                  44.891033 8.854170 00 00 3231303234304A3034373033            
21/10/23 09:28:37 0198 1                  44.891050 8.854150 00 00 313931323050303038343738            
21/10/23 09:29:38 0199 1                  44.891428 8.854120 00 00 313931323050303030353533            
21/10/23 09:29:38 0200 1                  44.891438 8.854118 00 00 313931323050303030353533            
21/10/23 09:30:49 0201 1                  44.891977 8.854117 00 00 3231313130304A3031363535            
21/10/23 09:30:53 0202 1                  44.891983 8.854113 00 00 414C54303039343831323537            
21/10/23 09:31:38 0203 1                  44.892263 8.854115 00 00 313931323050303033393333            
21/10/23 09:31:38 0204 1                  44.892263 8.854115 00 00 313931323050303033393332            
21/10/23 09:31:48 0205 1                  44.892248 8.854122 00 00 313931323050303033323233            
21/10/23 09:33:29 0206 1                  44.892603 8.854140 00 00 313931323050303033393331            
21/10/23 09:33:30 0207 1                  44.892605 8.854133 00 00 313931323050303038343739            
21/10/23 09:34:55 0208 1                  44.892468 8.853467 00 00 313931323050303033383832            
21/10/23 09:36:31 0209 1                  44.891683 8.854333 00 00 313931323050303034303435            
21/10/23 09:36:31 0210 1                  44.891683 8.854333 00 00 313931323050303034303432            
21/10/23 09:37:22 0211 1                  44.891697 8.854720 00 00 313931323050303034303433            
21/10/23 09:37:26 0212 1                  44.891697 8.854722 00 00 3035EBE314178800121018B5            
21/10/23 09:37:59 0213 1                  44.891687 8.854880 00 00 313931323050303034303539            
21/10/23 09:38:10 0214 1                  44.891687 8.854883 00 00 313931323050303033323535            
21/10/23 09:38:40 0215 1                  44.891693 8.854890 00 00 313931323050303034303534            
21/10/23 09:38:40 0216 1                  44.891693 8.854890 00 00 313931323050303034363931            
21/10/23 09:39:18 0217 1                  44.891690 8.854877 00 00 313931323050303034303538            
21/10/23 09:39:18 0218 1                  44.891690 8.854877 00 00 313931323050303035313734            
21/10/23 09:39:53 0219 1                  44.891700 8.854870 00 00 313931323050303033323237            
21/10/23 09:41:12 0000 s 01488ver01 44.891698 8.854645 00 00
21/10/23 09:41:55 0220 1                  44.891267 8.854700 00 00 313931323050303038343038            
21/10/23 09:42:30 0221 1                  44.891125 8.854695 00 00 313931323050303038343039            
21/10/23 09:43:22 0222 1                  44.890880 8.854700 00 00 3231313130304A3031353035            
21/10/23 09:44:09 0223 1                  44.890738 8.854687 00 00 313931323050303038383433            
21/10/23 09:45:11 0224 1                  44.890532 8.854685 00 00 313931323050303035383230            
21/10/23 09:45:54 0225 1                  44.890358 8.854658 00 00 313931323050303030363231            
21/10/23 09:46:47 0226 1                  44.890165 8.854695 00 00 313931323050303038343037            
21/10/23 09:48:02 0227 1                  44.889968 8.854703 00 00 3231313130304A3031343636            
21/10/23 09:48:25 0228 1                  44.889955 8.854693 00 00 3231313130304A3031363531            
21/10/23 09:52:39 0229 1                  44.889238 8.855650 00 00 534D5005B000010135303030            
21/10/23 10:08:28 0230 1                  44.912895 8.923038 00 00 313831323045303235393635            
21/10/23 10:09:20 0231 1                  44.912957 8.923382 00 00 31383132304A303330353539            
21/10/23 10:10:03 0232 1                  44.912975 8.923693 00 00 31383132304A303230353631            
21/10/23 10:41:18 0000 s 01488ver01 44.908570 8.866558 00 00
21/10/23 10:41:30 0000 s 01488ver01 44.908657 8.866683 00 00
21/10/23 10:45:30 0233 1                  44.896270 8.855252 00 00 25705569A686D32281C37C72            
