21/10/23 05:17:30 0000 s 01886ver01 44.882160 8.859718 00 00
21/10/23 05:34:37 0001 1                  44.947422 8.918922 00 00 31383032334D303036323130            
21/10/23 05:35:33 0002 1                  44.947850 8.919337 00 00 323032343055303030313934            
21/10/23 05:35:47 0003 1                  44.947843 8.919332 00 00 300ED89F3350014A1E0B9467            
21/10/23 05:39:18 0004 1                  44.953038 8.924737 00 00 31383032334D303033363032            
21/10/23 05:39:26 0005 1                  44.953033 8.924727 00 00 300ED89F3350005FE2D3CAED            
21/10/23 05:40:20 0006 1                  44.953393 8.925093 00 00 31383032334D303136383535            
21/10/23 05:42:13 0007 1                  44.953740 8.925457 00 00 31383032334D303031343438            
21/10/23 05:42:48 0008 1                  44.954385 8.926200 00 00 31383032334D303034363936            
21/10/23 05:44:30 0009 1                  44.956933 8.928962 00 00 31383032334D303138353031            
21/10/23 05:45:01 0010 1                  44.957077 8.929073 00 00 3231303032334D3033343737            
21/10/23 05:46:17 0011 1                  44.957472 8.929603 00 00 31383032334D303133363639            
21/10/23 05:46:25 0012 1                  44.957468 8.929602 00 00 31383032334D303032333030            
21/10/23 05:47:13 0013 1                  44.957662 8.929807 00 00 31383032334D303131373636            
21/10/23 05:47:15 0014 1                  44.957650 8.929787 00 00 31383032334D303131383539            
21/10/23 05:48:03 0015 1                  44.958527 8.930725 00 00 31383032334D303133333336            
21/10/23 05:48:21 0016 1                  44.958488 8.930737 00 00 31383032334D303136323639            
21/10/23 05:49:59 0017 1                  44.958973 8.931105 00 00 31383032334D303133353530            
21/10/23 05:50:14 0018 1                  44.958960 8.931072 00 00 3231303032334D3031383731            
21/10/23 05:50:16 0019 1                  44.958957 8.931067 00 00 31383032334D303133353632            
21/10/23 05:50:20 0020 1                  44.958945 8.931048 00 00 3232303032334D3030353931            
21/10/23 05:52:00 0021 1                  44.959773 8.931875 00 00 31383032334D303137323635            
21/10/23 05:52:11 0022 1                  44.959787 8.931962 00 00 31383032334D303137323732            
21/10/23 05:53:15 0023 1                  44.959967 8.932218 00 00 31383234304A303030333835            
21/10/23 05:54:01 0024 1                  44.960000 8.932213 00 00 31383032334D303134333130            
21/10/23 05:55:52 0025 1                  44.960152 8.931857 00 00 31383234304A303030333833            
21/10/23 05:57:32 0026 1                  44.960763 8.932018 00 00 31383132304A303039313831            
21/10/23 05:57:33 0027 1                  44.960763 8.932018 00 00 31383132304A303039313739            
21/10/23 05:58:50 0028 1                  44.961270 8.931337 00 00 31383032334D303133323139            
21/10/23 05:58:50 0029 1                  44.961270 8.931337 00 00 31383032334D303133333335            
21/10/23 06:00:55 0030 1                  44.962613 8.931325 00 00 31383032334D303137353730            
21/10/23 06:01:17 0031 1                  44.962818 8.931503 00 00 31383032334D303138383035            
21/10/23 06:01:59 0032 1                  44.962917 8.931640 00 00 31383032334D303138393635            
21/10/23 06:02:57 0033 1                  44.963617 8.932455 00 00 31383032334D303131393538            
21/10/23 06:02:59 0034 1                  44.963610 8.932465 00 00 323030323545303031313332            
21/10/23 06:02:59 0035 1                  44.963610 8.932465 00 00 31383832334D303131393538            
21/10/23 06:03:30 0036 1                  44.963605 8.932517 00 00 31383032334D303138383630            
21/10/23 06:04:09 0037 1                  44.963785 8.932690 00 00 3232303032334D3031393438            
21/10/23 06:04:17 0038 1                  44.963808 8.932703 00 00 31383032334D303138393835            
21/10/23 06:05:20 0039 1                  44.964278 8.932717 00 00 3231303132304A3037373130            
21/10/23 06:07:10 0040 1                  44.961678 8.930130 00 00 31383032334D303136333631            
21/10/23 06:07:39 0041 1                  44.961503 8.929993 00 00 31383032334D303137323532            
21/10/23 06:08:22 0042 1                  44.961348 8.929930 00 00 31383032334D303137343330            
21/10/23 06:08:56 0043 1                  44.960835 8.929343 00 00 31383032334D303033323635            
21/10/23 06:09:29 0044 1                  44.960673 8.929162 00 00 31383032334D303034353530            
21/10/23 06:09:34 0045 1                  44.960687 8.929187 00 00 31383032334D303033323734            
21/10/23 06:10:13 0046 1                  44.960343 8.928893 00 00 31383032334D303138343531            
21/10/23 06:10:42 0047 1                  44.959688 8.928123 00 00 31383032334D303034353335            
21/10/23 06:11:10 0048 1                  44.959617 8.928003 00 00 31383032334D303131363038            
21/10/23 06:11:12 0049 1                  44.959615 8.928002 00 00 31383032334D303034373231            
21/10/23 06:11:16 0050 1                  44.959608 8.927995 00 00 31383032334D303131363036            
21/10/23 06:11:16 0051 1                  44.959608 8.927995 00 00 31383032334D303131363034            
21/10/23 06:12:43 0052 1                  44.958967 8.928285 00 00 31383032334D303138343333            
21/10/23 06:13:13 0053 1                  44.958780 8.928652 00 00 31383032334D303136303739            
21/10/23 06:13:16 0054 1                  44.958778 8.928652 00 00 31383032334D303136333339            
21/10/23 06:13:20 0055 1                  44.958777 8.928652 00 00 31383032334D303136313730            
21/10/23 06:13:49 0056 1                  44.958640 8.928892 00 00 31383032334D303034363834            
21/10/23 06:14:29 0057 1                  44.958157 8.929767 00 00 31383032334D303137353639            
21/10/23 06:14:33 0058 1                  44.958160 8.929770 00 00 31383032334D303137323630            
21/10/23 06:15:42 0059 1                  44.956852 8.929962 00 00 31383032334D303138343133            
21/10/23 06:16:51 0060 1                  44.956342 8.931903 00 00 31383032334D303138363530            
21/10/23 06:17:15 0061 1                  44.956303 8.932175 00 00 31383032334D303138343639            
21/10/23 06:18:03 0062 1                  44.956095 8.933825 00 00 31383032334D303138383637            
21/10/23 06:18:09 0063 1                  44.956082 8.933832 00 00 31383032334D303138383635            
21/10/23 06:19:08 0064 1                  44.957530 8.935232 00 00 31383032334D303133353639            
21/10/23 06:19:13 0065 1                  44.957540 8.935248 00 00 31383032334D303138363334            
21/10/23 06:19:17 0066 1                  44.957542 8.935252 00 00 31383032334D303138363333            
21/10/23 06:20:08 0067 1                  44.958568 8.935475 00 00 3231303032334D3031373634            
21/10/23 06:20:12 0068 1                  44.958575 8.935468 00 00 31383032334D303136303637            
21/10/23 06:20:18 0069 1                  44.958577 8.935467 00 00 31383032334D303134323734            
21/10/23 06:20:23 0070 1                  44.958578 8.935463 00 00 31383032334D303134333238            
21/10/23 06:20:29 0071 1                  44.958585 8.935458 00 00 3232303032334D3030333830            
21/10/23 06:20:35 0072 1                  44.958588 8.935455 00 00 323030323545303036363236            
21/10/23 06:20:39 0073 1                  44.958590 8.935452 00 00 31383032334D303134323732            
21/10/23 06:20:44 0074 1                  44.958592 8.935452 00 00 3232303032334D3031303235            
21/10/23 06:20:52 0075 1                  44.958592 8.935455 00 00 31383032334D303134323737            
21/10/23 06:20:59 0076 1                  44.958592 8.935458 00 00 31383032334D303134333232            
21/10/23 06:20:59 0077 1                  44.958592 8.935458 00 00 3231303032334D3031373839            
21/10/23 06:21:11 0078 1                  44.958593 8.935463 00 00 31383032334D303131393832            
21/10/23 06:23:09 0079 1                  44.959448 8.934757 00 00 31383032334D303133333630            
21/10/23 06:23:58 0080 1                  44.959675 8.934237 00 00 31383032334D303131363836            
21/10/23 06:24:04 0081 1                  44.959675 8.934240 00 00 31383032334D303131363830            
21/10/23 06:25:13 0082 1                  44.959675 8.934300 00 00 31383032334D303130383131            
21/10/23 06:25:19 0083 1                  44.959675 8.934298 00 00 31383032334D303131363835            
21/10/23 06:25:47 0084 1                  44.959685 8.934282 00 00 3231303032334D3031333437            
21/10/23 06:30:32 0085 1                  44.959820 8.933915 00 00 31383032334D303131373534            
21/10/23 06:30:55 0086 1                  44.959820 8.933808 00 00 31383234304A303030333836            
21/10/23 06:32:02 0087 1                  44.959907 8.933657 00 00 31383032334D303131373535            
21/10/23 06:32:59 0088 1                  44.960067 8.933390 00 00 31383132304A303039303130            
21/10/23 06:33:49 0089 1                  44.960048 8.933352 00 00 300ED89F3350005FE2D3CAED            
21/10/23 06:34:50 0090 1                  44.960150 8.933058 00 00 31383032334D303133323336            
21/10/23 06:35:40 0091 1                  44.960685 8.933138 00 00 31383032334D303134353733            
21/10/23 06:36:00 0092 1                  44.960762 8.933302 00 00 31383032334D303136353233            
21/10/23 06:42:13 0093 1                  44.961400 8.933787 00 00 31383132304A303039303133            
21/10/23 06:42:22 0094 1                  44.961435 8.933798 00 00 31383032334D303037383032            
21/10/23 06:44:06 0095 1                  44.961558 8.933810 00 00 31383032334D303131363031            
21/10/23 06:44:19 0096 1                  44.961625 8.933870 00 00 31383032334D3031313E3733            
21/10/23 06:44:21 0097 1                  44.961627 8.933878 00 00 31383032334D303131363733            
21/10/23 06:45:19 0098 1                  44.961792 8.934532 00 00 323032343055303030343431            
21/10/23 06:45:34 0099 1                  44.961782 8.934533 00 00 3231303132304A3035333137            
21/10/23 06:46:20 0100 1                  44.961778 8.934553 00 00 3231303132304A3035333035            
21/10/23 06:48:23 0101 1                  44.961208 8.935648 00 00 31383032334D303132383835            
21/10/23 06:48:23 0102 1                  44.961208 8.935648 00 00 31383032334D303135353232            
21/10/23 06:49:06 0103 1                  44.961482 8.936222 00 00 31383032334D303137323232            
21/10/23 06:49:42 0104 1                  44.962087 8.936198 00 00 31383032334D303138393937            
21/10/23 06:49:46 0105 1                  44.962100 8.936175 00 00 31383032334D303138383532            
21/10/23 06:50:06 0106 1                  44.962178 8.936087 00 00 31383032334D303137323538            
21/10/23 06:50:10 0107 1                  44.962175 8.936085 00 00 31383032334D303137333832            
21/10/23 06:50:14 0108 1                  44.962175 8.936080 00 00 31383032334D303137353737            
21/10/23 06:50:16 0109 1                  44.962178 8.936077 00 00 31383032334D303137333733            
21/10/23 06:50:20 0110 1                  44.962177 8.936070 00 00 31383032334D303137323432            
21/10/23 06:50:28 0111 1                  44.962188 8.936053 00 00 31383032334D303137353830            
21/10/23 06:51:28 0112 1                  44.963122 8.935078 00 00 31383032334D303137343239            
21/10/23 06:52:11 0113 1                  44.963158 8.935042 00 00 323030323545303032353736            
21/10/23 06:52:11 0114 1                  44.963158 8.935042 00 00 3232303032334D3030383231            
21/10/23 06:53:04 0115 1                  44.963458 8.934500 00 00 31383234304A303030323339            
21/10/23 06:57:20 0116 1                  44.963912 8.932952 00 00 31383032334D303131393937            
21/10/23 06:57:20 0117 1                  44.963912 8.932952 00 00 31383032334D303131393836            
21/10/23 06:57:32 0118 1                  44.963928 8.932953 00 00 3232303032334D3031363930            
21/10/23 06:57:47 0119 1                  44.963880 8.932948 00 00 31383032334D303131393530            
21/10/23 06:57:51 0120 1                  44.963873 8.932947 00 00 31383032334D303131383338            
21/10/23 06:57:56 0121 1                  44.963877 8.932947 00 00 31383032334D303131393531            
21/10/23 06:58:36 0122 1                  44.963467 8.933487 00 00 31383032334D303138363239            
21/10/23 06:58:43 0123 1                  44.963450 8.933492 00 00 31383032334D303137333035            
21/10/23 06:58:48 0124 1                  44.963443 8.933495 00 00 31383032334D303131393435            
21/10/23 07:01:00 0125 1                  44.962557 8.933268 00 00 323030323545303031393333            
21/10/23 07:01:44 0126 1                  44.963037 8.932340 00 00 31383032334D303135353433            
21/10/23 07:02:53 0127 1                  44.962527 8.931338 00 00 31383032334D303033323638            
21/10/23 07:02:59 0128 1                  44.962525 8.931332 00 00 31383032334D303138383132            
21/10/23 07:03:02 0129 1                  44.962523 8.931330 00 00 31383032334D303133333030            
21/10/23 07:03:43 0130 1                  44.962348 8.931527 00 00 31383032334D303136373930            
21/10/23 07:03:44 0131 1                  44.962350 8.931533 00 00 31383032334D303138393837            
21/10/23 07:04:24 0132 1                  44.962140 8.931972 00 00 31383032334D303137343233            
21/10/23 07:04:45 0133 1                  44.962078 8.932103 00 00 31383032334D303138393134            
21/10/23 07:05:19 0134 1                  44.961787 8.932477 00 00 31383032334D303136353038            
21/10/23 07:06:00 0135 1                  44.961625 8.932712 00 00 31383032334D303137353636            
21/10/23 07:06:40 0136 1                  44.961378 8.933037 00 00 31383032334D303137343635            
21/10/23 07:07:07 0137 1                  44.961340 8.933185 00 00 3232303032334D3031303432            
21/10/23 07:09:46 0138 1                  44.961047 8.933920 00 00 31383032334D303137323530            
21/10/23 07:10:29 0139 1                  44.960540 8.934805 00 00 31383032334D303034363931            
21/10/23 07:11:39 0140 1                  44.959963 8.935832 00 00 31383032334D303137333135            
21/10/23 07:11:41 0141 1                  44.959965 8.935832 00 00 323030323545303031303530            
21/10/23 07:12:22 0142 1                  44.959823 8.936100 00 00 3232303032334D3030393438            
21/10/23 07:12:51 0143 1                  44.959977 8.936388 00 00 31383032334D303138343335            
21/10/23 07:13:10 0144 1                  44.960048 8.936493 00 00 31383032334D303138383535            
21/10/23 07:13:38 0145 1                  44.960242 8.936712 00 00 31383032334D303135353438            
21/10/23 07:14:20 0146 1                  44.960587 8.937102 00 00 31383032334D303131383938            
21/10/23 07:14:21 0147 1                  44.960587 8.937102 00 00 31383032334D303131383937            
21/10/23 07:14:46 0148 1                  44.960613 8.937092 00 00 31383032334D303138393033            
21/10/23 07:15:11 0149 1                  44.960723 8.937180 00 00 31383032334D303138393637            
21/10/23 07:15:27 0150 1                  44.960797 8.937257 00 00 31383032334D303138393432            
21/10/23 07:16:50 0151 1                  44.961688 8.937715 00 00 31383032334D303138343339            
21/10/23 07:17:13 0152 1                  44.961818 8.937492 00 00 3231303032334D3034353035            
21/10/23 07:17:45 0153 1                  44.962307 8.936703 00 00 31383032334D303138393832            
21/10/23 07:18:21 0154 1                  44.962765 8.935813 00 00 3231303234304A3034323731            
21/10/23 07:20:47 0155 1                  44.965303 8.941067 00 00 31383032334D303136323335            
21/10/23 07:21:27 0156 1                  44.965247 8.941700 00 00 31383032334D303136303639            
21/10/23 07:25:06 0157 1                  44.973368 8.957838 00 00 31383234304A303030323430            
21/10/23 07:27:45 0158 1                  44.979110 8.963075 00 00 31383032334D303133353231            
21/10/23 07:38:32 0159 1                  44.960085 8.927175 00 00 31383032334D303133353234            
21/10/23 07:38:37 0160 1                  44.960085 8.927177 00 00 31383032334D303133343739            
21/10/23 07:41:03 0161 1                  44.959755 8.926413 00 00 31383132304A303039303039            
21/10/23 07:41:33 0162 1                  44.959742 8.926392 00 00 300ED89F3350014A1E0B9467            
21/10/23 07:43:54 0163 1                  44.965567 8.932973 00 00 31383032334D303132343037            
21/10/23 07:47:09 0164 1                  44.960020 8.936130 00 00 31383032334D303131383930            
21/10/23 07:47:10 0165 1                  44.960020 8.936130 00 00 31383032334D303131383931            
21/10/23 07:47:27 0166 1                  44.959773 8.936082 00 00 31383234304A303030323337            
21/10/23 07:47:38 0167 1                  44.959770 8.936067 00 00 31383032334D303131383834            
21/10/23 07:47:43 0168 1                  44.959775 8.936057 00 00 313C3032334D303131383838            
21/10/23 07:47:49 0169 1                  44.959778 8.936040 00 00 31383032334D303131383835            
21/10/23 07:47:54 0170 1                  44.959788 8.936012 00 00 31383032334D303131383933            
21/10/23 07:47:54 0171 1                  44.959788 8.936012 00 00 31383032334D303134323339            
21/10/23 07:48:10 0172 1                  44.959797 8.935970 00 00 31383032334D303131373633            
21/10/23 07:48:13 0173 1                  44.959797 8.935973 00 00 31383032334D303131383837            
21/10/23 07:48:19 0174 1                  44.959792 8.935985 00 00 31383132304A303039303038            
21/10/23 07:50:12 0000 s 01886ver01 44.959785 8.936203 00 00
21/10/23 07:51:27 0175 1                  44.959773 8.936228 00 00 300ED89F3350014A1E0B9467            
21/10/23 07:51:47 0176 1                  44.959768 8.936195 00 00 31383032334D303131383933            
21/10/23 07:51:47 0177 1                  44.959768 8.936195 00 00 31383032334D303131373633            
21/10/23 07:52:12 0178 1                  44.959157 8.936068 00 00 300ED89F3350005FE2D3CAED            
21/10/23 07:52:25 0179 1                  44.959078 8.936182 00 00 31383032334D303136313038            
21/10/23 07:52:26 0180 1                  44.959078 8.936182 00 00 31383032334D303136303938            
21/10/23 07:52:28 0181 1                  44.959073 8.936182 00 00 31383032334D303136313039            
21/10/23 07:52:44 0182 1                  44.959042 8.936172 00 00 31383032334D303136333333            
21/10/23 07:52:48 0183 1                  44.959033 8.936165 00 00 3231303032334D3033383933            
21/10/23 07:52:51 0184 1                  44.959025 8.936158 00 00 31383032334D303137353634            
21/10/23 07:52:56 0185 1                  44.959018 8.936152 00 00 3231303032334D3031373637            
21/10/23 07:53:27 0186 1                  44.958907 8.936535 00 00 31383032334D303131363831            
21/10/23 07:53:48 0187 1                  44.958853 8.936918 00 00 31383032334D303136323931            
21/10/23 07:54:43 0188 1                  44.958702 8.937707 00 00 31383032334D303038363635            
21/10/23 07:54:43 0189 1                  44.958702 8.937707 00 00 31383032334D303038363633            
21/10/23 07:54:53 0190 1                  44.958705 8.937713 00 00 31383032334D303038363634            
21/10/23 07:54:59 0191 1                  44.958708 8.937720 00 00 3231303032334D3031353232            
21/10/23 07:55:48 0192 1                  44.958677 8.938093 00 00 3232303032334D3030363538            
21/10/23 07:56:13 0193 1                  44.958553 8.938565 00 00 31383032334D303137333938            
21/10/23 07:57:26 0194 1                  44.957833 8.938388 00 00 31383032334D303137343733            
21/10/23 07:58:37 0195 1                  44.958280 8.938642 00 00 31383032334D303136323238            
21/10/23 07:59:23 0196 1                  44.958517 8.938855 00 00 31383032334D303137333937            
21/10/23 08:00:00 0197 1                  44.958485 8.939203 00 00 31383032334D303136333633            
21/10/23 08:00:53 0198 1                  44.957938 8.939123 00 00 31383032334D303136323131            
21/10/23 08:01:17 0199 1                  44.957763 8.939100 00 00 31383032334D303136333831            
21/10/23 08:04:17 0200 1                  44.958443 8.939722 00 00 31383032334D703133343337            
21/10/23 08:04:45 0201 1                  44.958420 8.940148 00 00 31383032334D303136303630            
21/10/23 08:04:51 0202 1                  44.958418 8.940172 00 00 3231303032334D3030373034            
21/10/23 08:06:55 0203 1                  44.959672 8.936603 00 00 3231303032334D3031393132            
21/10/23 08:06:58 0204 1                  44.959672 8.936598 00 00 31383032334D303138393838            
21/10/23 08:07:36 0205 1                  44.959752 8.936413 00 00 313930313137303135363133            
21/10/23 08:24:34 0000 s 01886ver01 44.961053 8.933898 00 00
21/10/23 08:25:13 0206 1                  44.961278 8.933510 00 00 31383032334D303137353836            
21/10/23 08:27:27 0207 1                  44.960880 8.929830 00 00 31383032334D303137353835            
21/10/23 08:27:37 0208 1                  44.960845 8.929810 00 00 300ED89F3350005FE2D3CAED            
21/10/23 08:27:39 0209 1                  44.960838 8.929813 00 00 300ED89F3350014A1E0B9467            
21/10/23 08:28:02 0210 1                  44.960513 8.930325 00 00 31383032334D303133353739            
21/10/23 08:28:29 0211 1                  44.960290 8.930657 00 00 3232303032334D3031313534            
21/10/23 08:28:48 0212 1                  44.960203 8.930837 00 00 31383032334D303133353833            
21/10/23 08:28:53 0213 1                  44.960202 8.930862 00 00 31383032334D303133343238            
21/10/23 08:29:31 0214 1                  44.959755 8.931425 00 00 31383032334D303133353336            
21/10/23 08:29:31 0215 1                  44.959755 8.931425 00 00 31383032334D303133333436            
21/10/23 08:30:21 0216 1                  44.959537 8.932193 00 00 31383032334D303137383339            
21/10/23 08:30:58 0217 1                  44.958975 8.932865 00 00 3232303032334D3031313535            
21/10/23 08:31:02 0218 1                  44.958968 8.932867 00 00 31383032334D303133353732            
21/10/23 08:32:41 0219 1                  44.958330 8.932293 00 00 31383032334D303131383636            
21/10/23 08:32:59 0220 1                  44.958365 8.932153 00 00 31383032334D343136323733            
21/10/23 08:33:17 0221 1                  44.958493 8.931935 00 00 31383032334D303133333036            
21/10/23 08:35:01 0222 1                  44.958735 8.931547 00 00 31383032334D303133343837            
21/10/23 08:35:10 0223 1                  44.958737 8.931547 00 00 31383032334D303133343935            
21/10/23 08:35:45 0224 1                  44.958828 8.931335 00 00 3232303032334D3031383532            
21/10/23 08:36:09 0225 1                  44.958883 8.931217 00 00 31383032334D303137343730            
21/10/23 08:36:13 0226 1                  44.958878 8.931218 00 00 31383032334D303131363039            
21/10/23 08:36:15 0227 1                  44.958877 8.931220 00 00 31383032334D303131363732            
21/10/23 08:36:27 0228 1                  44.958865 8.931227 00 00 31383032334D303137323434            
21/10/23 08:37:37 0229 1                  44.959023 8.931067 00 00 31383032334D303173343838            
21/10/23 08:37:37 0230 1                  44.959023 8.931067 00 00 31383032334D303038363534            
21/10/23 08:37:40 0231 1                  44.959105 8.930975 00 00 31383032334D303133323431            
21/10/23 08:37:43 0232 1                  44.959110 8.930960 00 00 31383032334D303032313630            
21/10/23 08:38:13 0233 1                  44.959110 8.930912 00 00 31383032334D303034373939            
21/10/23 08:39:00 0234 1                  44.959390 8.930342 00 00 31383032334D303033353933            
21/10/23 08:39:29 0235 1                  44.959530 8.930050 00 00 31383032334D303138343532            
21/10/23 08:39:47 0000 s 01886ver01 44.959532 8.930037 00 00
21/10/23 08:40:08 0236 1                  44.959540 8.930027 00 00 300ED89F3350014A1E0B9467            
21/10/23 08:40:34 0237 1                  44.959537 8.930032 00 00 31383032334D303138343532            
21/10/23 08:41:33 0238 1                  44.959750 8.929637 00 00 300ED89F3350005FE2D3CAED            
21/10/23 08:42:07 0239 1                  44.959942 8.929333 00 00 323030323545303038393935            
21/10/23 08:43:35 0240 1                  44.959023 8.928840 00 00 25705569A686CB62CEC37DB2            
21/10/23 08:43:53 0241 1                  44.958798 8.929295 00 00 31383032334D303034373837            
21/10/23 08:44:42 0242 1                  44.958372 8.929908 00 00 31383032334D303131363632            
21/10/23 08:44:48 0243 1                  44.958372 8.929912 00 00 31383032334D303034373832            
21/10/23 08:45:28 0244 1                  44.958250 8.930452 00 00 31383032334D303136323730            
21/10/23 08:45:48 0245 1                  44.958107 8.930638 00 00 31383032334D303034363833            
21/10/23 08:46:16 0246 1                  44.957730 8.931190 00 00 31383032334D303136323535            
21/10/23 08:46:39 0247 1                  44.957702 8.931392 00 00 31383032334D303131363739            
21/10/23 08:46:39 0248 1                  44.957702 8.931392 00 00 31383032334D303131363737            
21/10/23 08:46:41 0249 1                  44.957698 8.931393 00 00 31383032334D303131363738            
21/10/23 08:46:54 0250 1                  44.957688 8.931417 00 00 3231303032334D3031393933            
21/10/23 08:47:24 0251 1                  44.957530 8.931575 00 00 31383032334D303133343331            
21/10/23 08:49:23 0252 1                  44.955958 8.932330 00 00 3231303032334D3032303130            
21/10/23 08:49:44 0253 1                  44.955633 8.932270 00 00 31383032334D303138393333            
21/10/23 08:49:52 0254 1                  44.955582 8.932260 00 00 31383032334D303138393332            
21/10/23 08:50:14 0255 1                  44.955347 8.932217 00 00 3232303032334D3030323438            
21/10/23 08:50:46 0256 1                  44.955078 8.932213 00 00 31383032334D303138393239            
21/10/23 08:51:16 0257 1                  44.954877 8.932165 00 00 323030323545303038313033            
21/10/23 08:51:20 0258 1                  44.954877 8.932168 00 00 31383032334D303138393435            
21/10/23 08:54:56 0259 1                  44.955513 8.933628 00 00 31383032334D303138353930            
21/10/23 08:55:45 0260 1                  44.955138 8.933622 00 00 31383032334D303138343138            
21/10/23 08:56:14 0261 1                  44.954938 8.933558 00 00 31383032334D303134383134            
21/10/23 08:57:03 0262 1                  44.954605 8.933117 00 00 31383032334D303131367530            
21/10/23 08:57:03 0263 1                  44.954605 8.933117 00 00 31383032334D303131363530            
21/10/23 08:57:15 0264 1                  44.954583 8.933095 00 00 31383032334D303131363436            
21/10/23 08:57:40 0265 1                  44.954545 8.933137 00 00 31383032334DB03131363638            
21/10/23 08:58:59 0266 1                  44.954888 8.933242 00 00 31383032334D303134383630            
21/10/23 08:59:19 0267 1                  44.955053 8.933268 00 00 31383032334D303039323630            
21/10/23 08:59:44 0268 1                  44.955417 8.933327 00 00 31383032334D303138343136            
21/10/23 09:00:04 0269 1                  44.955595 8.933357 00 00 31383032334D303138343134            
21/10/23 09:02:01 0270 1                  44.954818 8.935400 00 00 31383032334D303138363336            
21/10/23 09:04:06 0271 1                  44.954785 8.931218 00 00 31383032334D303138343634            
21/10/23 09:04:33 0272 1                  44.955300 8.931155 00 00 3231303032334D3033373235            
21/10/23 09:06:41 0273 1                  44.957368 8.927995 00 00 3232303032334D3031363932            
21/10/23 09:06:50 0274 1                  44.957383 8.927947 00 00 31383032334D303136373237            
21/10/23 09:07:15 0275 1                  44.957510 8.927522 00 00 31383032334D303138323834            
21/10/23 09:07:46 0276 1                  44.957592 8.926715 00 00 31383032334D303039313330            
21/10/23 09:08:07 0277 1                  44.957645 8.926352 00 00 31383032334D303136373537            
21/10/23 09:10:30 0278 1                  44.957192 8.925905 00 00 31383032334D303137393631            
21/10/23 09:11:33 0279 1                  44.957302 8.926957 00 00 31383032334D303038383135            
21/10/23 09:12:10 0280 1                  44.957040 8.926895 00 00 323030323545303039343734            
21/10/23 09:12:29 0281 1                  44.956977 8.926873 00 00 31383032334D303034353336            
21/10/23 09:13:04 0282 1                  44.956742 8.926490 00 00 31383032334D303034353339            
21/10/23 09:13:37 0283 1                  44.956813 8.926303 00 00 31383032334D303038383037            
21/10/23 09:14:03 0284 1                  44.956667 8.926243 00 00 31383032334D303138353833            
21/10/23 09:14:16 0285 1                  44.956645 8.926322 00 00 31383032334D303034343137            
21/10/23 09:14:38 0286 1                  44.956550 8.926388 00 00 3138303233CD303034343138            
21/10/23 09:16:24 0287 1                  44.957070 8.927003 00 00 31383032334D703034753432            
21/10/23 09:18:00 0288 1                  44.955985 8.928748 00 00 31383032334D303138343435            
21/10/23 09:18:00 0289 1                  44.955985 8.928748 00 00 3231303032334D3031343739            
21/10/23 09:19:47 0290 1                  44.955780 8.929157 00 00 31383032334D303133323737            
21/10/23 09:20:03 0291 1                  44.955817 8.929142 00 00 31383032334D303138343534            
21/10/23 09:20:28 0292 1                  44.955878 8.929047 00 00 31383032334D303138363736            
21/10/23 09:21:52 0293 1                  44.956198 8.928467 00 00 31383032334D303138343533            
21/10/23 09:22:33 0294 1                  44.956313 8.927625 00 00 31383032334D303138343530            
21/10/23 09:23:29 0295 1                  44.956473 8.927195 00 00 31383032334D303038383132            
21/10/23 09:24:03 0296 1                  44.956337 8.927012 00 00 31383032334D303134333736            
21/10/23 09:24:42 0297 1                  44.955950 8.926500 00 00 31383032334D303136373739            
21/10/23 09:24:47 0298 1                  44.955952 8.926500 00 00 31383032334D303138343438            
21/10/23 09:26:05 0299 1                  44.955688 8.925833 00 00 31383032334D303030353938            
21/10/23 09:26:05 0300 1                  44.955688 8.925833 00 00 31383032334D303137373937            
21/10/23 09:26:05 0301 1                  44.955688 8.925833 00 00 31383032334D303034373933            
21/10/23 09:26:06 0302 1                  44.955688 8.925833 00 00 323030323545303038383530            
21/10/23 09:26:21 0303 1                  44.955683 8.925737 00 00 31383032334D303034373139            
21/10/23 09:26:26 0304 1                  44.955680 8.925737 00 00 31383032334D303136353336            
21/10/23 09:26:40 0305 1                  44.955672 8.925738 00 00 3232303032334D3030373835            
21/10/23 09:27:30 0306 1                  44.955767 8.925355 00 00 31383032334D303138363634            
21/10/23 09:27:35 0307 1                  44.955775 8.925337 00 00 300ED89F3350005FE2D3CAED            
21/10/23 09:27:45 0308 1                  44.955788 8.925328 00 00 31383032334D303134323831            
21/10/23 09:30:59 0309 1                  44.955123 8.925500 00 00 31383032334D303034353334            
21/10/23 09:31:16 0310 1                  44.955123 8.925507 00 00 31383032334D303138363735            
21/10/23 09:32:15 0311 1                  44.955302 8.924738 00 00 3231303032334D3034333137            
21/10/23 09:34:02 0312 1                  44.954930 8.926010 00 00 31383032334D303134323632            
21/10/23 09:35:10 0313 1                  44.954450 8.925733 00 00 31383032334D303137373934            
21/10/23 09:35:36 0314 1                  44.954490 8.925532 00 00 31383032334D303033353430            
21/10/23 09:35:49 0315 1                  44.954485 8.925530 00 00 31383032334D303033323139            
21/10/23 09:36:21 0316 1                  44.954548 8.925195 00 00 31383032334D303137373938            
21/10/23 09:36:35 0317 1                  44.954558 8.925083 00 00 31383032334D303137393033            
21/10/23 09:36:41 0318 1                  44.954575 8.925067 00 00 31383032334D303034383030            
21/10/23 09:37:13 0319 1                  44.954565 8.924538 00 00 31383032334D303034373931            
21/10/23 09:37:31 0320 1                  44.954523 8.924240 00 00 31383032334D303136353631            
21/10/23 09:37:57 0321 1                  44.954528 8.923888 00 00 31383032334D303136303638            
21/10/23 09:38:13 0322 1                  44.954560 8.923710 00 00 31383032334D303132393431            
21/10/23 09:38:19 0323 1                  44.954563 8.923707 00 00 31383032334D303136313538            
21/10/23 09:41:14 0324 1                  44.952767 8.926382 00 00 31383032334D303136333731            
21/10/23 09:42:12 0325 1                  44.952100 8.926647 00 00 31383032334D303133323630            
21/10/23 10:11:42 0326 1                  44.904737 8.856277 00 00 323030323545303032373438            
21/10/23 10:21:27 0327 1                  44.882577 8.860278 00 00 3231303234304A3032363338            
21/10/23 10:21:29 0328 1                  44.882565 8.860275 00 00 3231303234304A3032363431            
21/10/23 10:21:29 0329 1                  44.882565 8.860275 00 00 3233303234304A3030393838            
21/10/23 10:21:36 0330 1                  44.882505 8.860285 00 00 3231303234304A3034333430            
21/10/23 10:21:36 0331 1                  44.882505 8.860285 00 00 3232303234304A3030383437            
21/10/23 10:24:26 0000 s 01886ver01 44.882248 8.860215 00 00
