21/10/23 04:56:21 0000 s 01496ver01 44.882600 8.859787 00 00
21/10/23 05:22:25 0001 1                  44.861932 8.861922 00 00 313832343045303032353734            
21/10/23 05:28:15 0002 1                  44.848942 8.883547 00 00 3232303234304A3030303538            
21/10/23 05:32:23 0003 1                  44.849182 8.887562 00 00 313932343056303030303930            
21/10/23 05:42:29 0004 1                  44.852675 8.892478 00 00 313832343045303030353633            
21/10/23 05:47:44 0005 1                  44.847403 8.889513 00 00 323032343056303030303631            
21/10/23 05:50:42 0006 1                  44.847115 8.890958 00 00 313832343045303033313131            
21/10/23 05:55:32 0007 1                  44.850018 8.890938 00 00 313832343045303031333333            
21/10/23 05:58:09 0008 1                  44.850282 8.891840 00 00 313832343045303031343330            
21/10/23 06:16:04 0009 1                  44.849322 8.886645 00 00 31383234304A303030383034            
21/10/23 06:29:57 0010 1                  44.846442 8.891527 00 00 313832343045303032393832            
21/10/23 06:32:22 0011 1                  44.846008 8.891970 00 00 313932343056303030303432            
21/10/23 06:39:25 0012 1                  44.847738 8.887943 00 00 313832343045303032303733            
21/10/23 06:41:33 0013 1                  44.848223 8.887573 00 00 313832343045303030343336            
21/10/23 07:04:48 0000 s 01496ver01 44.849600 8.870588 00 00
21/10/23 07:09:55 0014 1                  0 0 00 00 323032343056303030303538            
21/10/23 07:15:43 0015 1                  44.849772 8.869773 00 00 313832343045303032343238            
21/10/23 07:20:48 0016 1                  44.850897 8.868488 00 00 3232303234304A3230313839            
21/10/23 07:30:27 0017 1                  44.849908 8.870583 00 00 000000000000000005160342            
21/10/23 07:33:29 0018 1                  44.851273 8.871107 00 00 313832343045303033323736            
21/10/23 07:37:30 0019 1                  44.848983 8.867528 00 00 313832343045303033323833            
21/10/23 07:39:05 0020 1                  44.848900 8.866487 00 00 313832343045303030353437            
21/10/23 07:42:05 0021 1                  44.848835 8.866015 00 00 3232303234304A3030303337            
21/10/23 07:46:46 0022 1                  44.849867 8.860862 00 00 313832343045303031343431            
21/10/23 07:48:46 0023 1                  44.851287 8.860455 00 00 313832343045303030363036            
21/10/23 07:53:13 0024 1                  44.849925 8.860692 00 00 3232303234304A3030303731            
21/10/23 07:58:15 0025 1                  44.844562 8.865077 00 00 313832343045303033323836            
21/10/23 08:00:11 0026 1                  44.845547 8.865897 00 00 313832343045303033323830            
21/10/23 08:02:46 0027 1                  44.847487 8.867740 00 00 323032343056303030363133            
21/10/23 08:02:56 0028 1                  44.847500 8.867777 00 00 323032343056303030367133            
21/10/23 08:04:41 0029 1                  44.847775 8.867930 00 00 3231303234304A3030343334            
21/10/23 08:06:27 0030 1                  44.848117 8.868658 00 00 313832343045303033323632            
21/10/23 08:19:48 0031 1                  44.848093 8.859458 00 00 313832343045303033333631            
21/10/23 08:24:13 0032 1                  44.850895 8.856217 00 00 313832343045303033333433            
21/10/23 08:44:50 0000 s 01496ver01 44.882818 8.859957 00 00
21/10/23 09:09:37 0033 1                  44.912850 8.870663 00 00 25758769A6B539A397C35CF5            
21/10/23 09:20:36 0000 s 01496ver01 44.908478 8.866458 00 00
21/10/23 09:33:03 0000 s 01496ver01 44.882653 8.859848 00 00
21/10/23 09:42:39 0000 s 01496ver01 44.882442 8.860178 00 00
21/10/23 13:16:29 0000 s 01496ver01 44.882188 8.860037 00 00
21/10/23 13:16:48 0000 s 01496ver01 0 0 00 00
21/10/23 13:38:50 0034 1                  44.900852 8.865657 00 00 3231303234304A3032373535            
21/10/23 14:18:36 0035 1                  44.900562 8.864247 00 00 E20000176959017627000A58            
