12/10/23 11:04:37 0000 s 01504ver01 44.792840 8.739632 00 00
12/10/23 11:36:56 0001 1                  44.752523 8.890048 00 00 313831323045303236343135            
12/10/23 11:40:10 0002 1                  44.750332 8.892570 00 00 313831323045303236323836            
12/10/23 11:40:14 0003 1                  44.750327 8.892572 00 00 313831323045303236323837            
12/10/23 11:40:16 0004 1                  44.750323 8.892570 00 00 300ED89F33500140000BD060            
12/10/23 11:42:03 0005 1                  44.750592 8.894010 00 00 313831323045303236333131            
12/10/23 11:42:54 0006 1                  44.750687 8.894312 00 00 313831323045303236333038            
12/10/23 11:45:58 0007 1                  44.747107 8.894740 00 00 313931323050303031343639            
12/10/23 11:49:12 0008 1                  44.752000 8.895398 00 00 313831323045303236333130            
12/10/23 11:50:12 0009 1                  44.752497 8.895895 00 00 313831323045303236343234            
12/10/23 11:51:09 0010 1                  44.752855 8.895865 00 00 313831323045303235373439            
12/10/23 11:52:42 0011 1                  44.751668 8.896463 00 00 313831323045303234373632            
12/10/23 11:53:24 0012 1                  44.751627 8.896557 00 00 313831323045303234373633            
12/10/23 11:53:34 0013 1                  44.751632 8.896563 00 00 313831323045303235353533            
12/10/23 11:54:29 0014 1                  44.751723 8.896440 00 00 313931323045303630343936            
12/10/23 11:54:29 0015 1                  44.751723 8.896440 00 00 300ED89F33500140000BD060            
12/10/23 11:54:43 0016 1                  44.751785 8.896370 00 00 313931323045303630343936            
12/10/23 11:55:23 0017 1                  44.752223 8.896317 00 00 313831323045303235373435            
12/10/23 11:57:10 0018 1                  44.752310 8.897028 00 00 313871323045303235303534            
12/10/23 11:57:41 0019 1                  44.752195 8.897010 00 00 313831323045303236353137            
12/10/23 11:57:59 0020 1                  44.752150 8.897025 00 00 313831323045303236343535            
12/10/23 11:58:45 0021 1                  44.752150 8.897137 00 00 313831323045303236333238            
12/10/23 11:59:28 0022 1                  44.752232 8.897252 00 00 313831323045303236333630            
12/10/23 12:00:20 0023 1                  44.752583 8.897325 00 00 313831323045303236333339            
12/10/23 12:03:48 0024 1                  44.752370 8.907058 00 00 313831323045303236333138            
12/10/23 12:06:06 0025 1                  44.753473 8.906372 00 00 313932343045303030363930            
12/10/23 12:07:06 0026 1                  44.753082 8.906943 00 00 313831323045303236303538            
12/10/23 12:09:44 0027 1                  44.753350 8.907397 00 00 313931323050303131383633            
12/10/23 12:09:58 0028 1                  44.753340 8.907440 00 00 313831323045303236333535            
12/10/23 12:11:23 0029 1                  44.754047 8.907768 00 00 313831323045303236353639            
12/10/23 12:14:10 0030 1                  44.754432 8.908447 00 00 313831323045303236303238            
12/10/23 12:14:45 0031 1                  44.754423 8.908333 00 00 313831323045303236303237            
12/10/23 12:15:35 0032 1                  44.754498 8.908072 00 00 3036143BB020CC0BA86DA032            
12/10/23 12:15:53 0033 1                  44.754502 8.908057 00 00 313831323045303236343237            
12/10/23 12:15:53 0034 1                  44.754502 8.908057 00 00 313831323045303235303536            
12/10/23 12:17:28 0035 1                  44.755977 8.909607 00 00 313831323045303236323332            
12/10/23 12:26:23 0036 1                  44.767720 8.922763 00 00 313831323045303236313735            
12/10/23 12:29:20 0037 1                  44.768128 8.923122 00 00 313831323045303236313833            
12/10/23 12:37:25 0038 1                  44.774657 8.932102 00 00 313831323045303234383936            
12/10/23 12:38:35 0039 1                  44.775993 8.931670 00 00 313831323045303235363734            
12/10/23 12:39:30 0040 1                  44.775685 8.932382 00 00 313831323045303236303631            
12/10/23 12:41:02 0041 1                  44.775873 8.932553 00 00 313831323045303236313330            
12/10/23 12:43:24 0042 1                  44.779842 8.937338 00 00 313831323045303235363835            
12/10/23 12:45:27 0043 1                  44.781693 8.937335 00 00 313831323045303236333031            
12/10/23 12:45:33 0044 1                  44.781702 8.937312 00 00 313831323045303236353837            
12/10/23 12:46:54 0045 1                  44.781775 8.938090 00 00 313831323045303236343339            
12/10/23 12:47:06 0046 1                  44.781805 8.938188 00 00 313831323045303236343434            
12/10/23 12:58:11 0047 1                  44.800042 8.890253 00 00 31383132304A303231353734            
12/10/23 12:58:19 0048 1                  44.800032 8.890263 00 00 31383132304A303231353774            
12/10/23 12:58:21 0049 1                  44.800033 8.890265 00 00 300ED89F33500140000BD060            
12/10/23 13:00:11 0050 1                  44.801540 8.891817 00 00 31383132304A303237323035            
12/10/23 13:04:16 0051 1                  44.811102 8.884525 00 00 31383132304A303235373439            
12/10/23 13:05:27 0052 1                  44.811932 8.883175 00 00 31383132304A303235373531            
12/10/23 13:06:22 0053 1                  44.812177 8.882893 00 00 31383132304A303237313833            
12/10/23 13:06:24 0054 1                  44.812180 8.882885 00 00 31383132304A303236353235            
12/10/23 13:07:57 0055 1                  44.812552 8.882095 00 00 31383132304A303235373530            
12/10/23 13:13:46 0056 1                  44.813072 8.903623 00 00 31383132304A303236303535            
12/10/23 13:14:46 0057 1                  44.812867 8.903397 00 00 31383132304A303237323031            
12/10/23 13:17:02 0058 1                  44.813067 8.902417 00 00 31383132304A303234353332            
12/10/23 13:18:55 0059 1                  44.812542 8.903542 00 00 31383132304A303237333633            
12/10/23 13:23:33 0060 1                  44.809505 8.913742 00 00 31383132304A303235373533            
12/10/23 13:25:19 0061 1                  44.810300 8.914755 00 00 31383132304A303236353339            
12/10/23 13:27:00 0000 s 01504ver01 0 0 00 00
12/10/23 13:27:40 0062 1                  44.810112 8.914277 00 00 313931323050303039343039            
12/10/23 13:28:06 0063 1                  44.810120 8.914275 00 00 31383132304A303236353337            
12/10/23 13:33:13 0064 1                  44.809293 8.903665 00 00 313831323045303235313130            
12/10/23 13:33:13 0065 1                  44.809293 8.903665 00 00 313831323045303235313130            
12/10/23 13:33:36 0066 1                  44.809243 8.903817 00 00 31383132304A303235373432            
12/10/23 13:37:10 0067 1                  44.807085 8.899810 00 00 300ED89F33500140000BD060            
12/10/23 13:38:11 0068 1                  44.806885 8.899022 00 00 313931323045303630353437            
12/10/23 13:51:29 0069 1                  44.807340 8.898467 00 00 31383132304A303236373933            
12/10/23 13:52:48 0070 1                  44.807975 8.898725 00 00 31383132304A303236333335            
12/10/23 13:54:42 0071 1                  44.807200 8.899238 00 00 31383132304A303236373835            
12/10/23 13:56:12 0072 1                  44.806293 8.899258 00 00 313831323045303139373933            
12/10/23 13:56:50 0073 1                  44.806052 8.899440 00 00 313931323045303630313732            
12/10/23 13:57:37 0074 1                  44.805758 8.899737 00 00 31383132304A303234353437            
12/10/23 14:02:56 0075 1                  44.804218 8.911500 00 00 31383132304A303236323932            
12/10/23 14:03:55 0076 1                  44.803748 8.911227 00 00 31383132304A303236333832            
12/10/23 14:07:29 0077 1                  44.800928 8.913610 00 00 31383132304A303235363337            
12/10/23 14:08:56 0078 1                  44.800223 8.913712 00 00 31383132304A303235393630            
12/10/23 14:09:20 0079 1                  44.800170 8.913730 00 00 313931323050303034323539            
12/10/23 14:21:33 0080 1                  44.837882 8.874923 00 00 313831323045303139333034            
12/10/23 14:21:52 0081 1                  44.837902 8.874933 00 00 313831323045303236323936            
12/10/23 14:22:44 0082 1                  44.838027 8.874445 00 00 313831323045303235383035            
12/10/23 14:22:44 0083 1                  44.838027 8.874445 00 00 313831323045303235383035            
12/10/23 14:23:39 0084 1                  44.838057 8.874220 00 00 313831323045303231383138            
12/10/23 14:25:31 0085 1                  44.837778 8.872143 00 00 31383032334D303037303736            
12/10/23 14:25:55 0086 1                  44.837737 8.872042 00 00 31383033304D303033383531            
12/10/23 14:26:44 0087 1                  44.837752 8.872247 00 00 313931323045303630333038            
12/10/23 14:28:01 0088 1                  44.838080 8.871703 00 00 300ED89F33500140000BD060            
12/10/23 14:28:01 0089 1                  44.838080 8.871703 00 00 313931323045303630363037            
12/10/23 14:30:37 0090 1                  44.837982 8.871290 00 00 313931323045303630333135            
12/10/23 14:32:15 0091 1                  44.837445 8.872363 00 00 313931323045303630363135            
12/10/23 14:33:19 0092 1                  44.837658 8.872585 00 00 313931323045303630363133            
12/10/23 14:36:05 0093 1                  44.837035 8.871527 00 00 31383132304530323536B436            
12/10/23 14:36:21 0094 1                  44.837020 8.871518 00 00 313931323050303031353139            
12/10/23 14:38:29 0095 1                  44.836530 8.872305 00 00 313931323050303031363839            
12/10/23 14:40:47 0096 1                  44.836202 8.872250 00 00 313831323045303235383133            
12/10/23 14:40:51 0097 1                  44.836180 8.872240 00 00 313831323045303235383038            
12/10/23 14:42:16 0098 1                  44.833472 8.872113 00 00 313931323050303036333238            
12/10/23 14:42:22 0099 1                  44.833477 8.872122 00 00 313831323045303235333332            
12/10/23 14:43:53 0100 1                  44.831878 8.869357 00 00 313931323050303031343032            
12/10/23 14:48:10 0101 1                  44.838200 8.869447 00 00 313931323045303630323536            
12/10/23 14:49:00 0102 1                  44.837792 8.868697 00 00 313931323045303630323730            
12/10/23 14:54:46 0103 1                  44.841905 8.863422 00 00 313931323045303630363035            
12/10/23 14:57:07 0104 1                  44.839378 8.858238 00 00 313931323050303031363834            
12/10/23 14:58:59 0105 1                  44.839142 8.856140 00 00 313931323045303630363032            
12/10/23 14:59:07 0106 1                  44.839133 8.856130 00 00 313931323045303630363034            
12/10/23 15:01:35 0107 1                  44.836970 8.861608 00 00 300ED89F33500140000BD060            
12/10/23 15:01:42 0108 1                  44.836962 8.861608 00 00 313931323045303630313031            
12/10/23 15:05:23 0109 1                  44.838375 8.861498 00 00 313931323045303630323635            
12/10/23 15:06:22 0110 1                  44.839315 8.861325 00 00 313931323045303630323330            
12/10/23 15:27:37 0111 1                  44.839598 8.871170 00 00 300ED89F33500140000BD060            
12/10/23 15:32:49 0112 1                  44.841907 8.863407 00 00 323032343056303030313237            
12/10/23 16:30:20 0000 s 01504ver01 44.792905 8.739788 00 00
