26/10/23 05:41:48 0000 s 01888ver01 44.882810 8.860073 00 00
26/10/23 05:48:07 0000 s 01888ver01 0 0 00 00
26/10/23 05:59:36 0001 1                  44.893790 8.866305 00 00 313931323050303036363632            
26/10/23 06:09:16 0002 1                  44.890933 8.870830 00 00 3231303234304A3032323134            
26/10/23 06:13:13 0003 1                  44.890657 8.870763 00 00 313931323050303131363434            
26/10/23 06:49:54 0004 1                  44.881818 8.877190 00 00 313931323050303038303535            
26/10/23 06:52:49 0005 1                  44.880555 8.876668 00 00 313931323050303036383834            
26/10/23 06:56:02 0006 1                  44.880120 8.876148 00 00 313931323050303038383530            
26/10/23 07:06:37 0007 1                  44.882555 8.866255 00 00 313931323050303034363335            
26/10/23 07:06:53 0008 1                  44.882577 8.866232 00 00 313931323050303034363337            
26/10/23 07:10:20 0009 1                  44.881958 8.866305 00 00 313931323050303034363336            
26/10/23 07:13:49 0010 1                  44.882323 8.866043 00 00 313931323050303034363334            
26/10/23 07:23:49 0011 1                  44.884455 8.868740 00 00 313931323050303130393833            
26/10/23 07:26:49 0012 1                  44.884318 8.868920 00 00 313931323050303130393834            
26/10/23 07:34:43 0013 1                  44.885875 8.871607 00 00 313931323050303033303639            
26/10/23 07:36:32 0014 1                  44.885647 8.871590 00 00 313931323050303035383238            
26/10/23 07:39:14 0015 1                  44.883830 8.870558 00 00 313931323050303130303539            
26/10/23 08:11:59 0000 s 01888ver01 44.882852 8.859787 00 00
26/10/23 08:26:52 0016 1                  44.869260 8.850623 00 00 313931323050303039323433            
26/10/23 08:45:38 0017 1                  44.887788 8.863315 00 00 313931323050303037343338            
26/10/23 08:51:53 0018 1                  44.889153 8.865255 00 00 313931323050303130373130            
26/10/23 08:52:24 0019 1                  44.889155 8.865248 00 00 313931323050303035363938            
26/10/23 08:54:01 0020 1                  44.889243 8.864775 00 00 3231303234304A3032323235            
26/10/23 08:55:36 0021 1                  44.889185 8.864757 00 00 313931323050303130373132            
26/10/23 09:01:22 0022 1                  44.890375 8.865310 00 00 313931323050303130313833            
26/10/23 09:01:23 0023 1                  44.890377 8.865312 00 00 313931323050303130313935            
26/10/23 09:03:52 0024 1                  44.890637 8.865337 00 00 313931323050303130313932            
26/10/23 09:06:31 0025 1                  44.890862 8.865495 00 00 313931323050303131323936            
26/10/23 09:08:42 0026 1                  44.890977 8.865623 00 00 313931323050303130333936            
26/10/23 09:12:06 0027 1                  44.891242 8.865375 00 00 313931323050303131323935            
26/10/23 09:13:05 0028 1                  44.891158 8.865267 00 00 313931323050303131323934            
26/10/23 09:37:36 0029 1                  44.895140 8.873000 00 00 313931323050303034333834            
26/10/23 09:39:32 0030 1                  44.895202 8.872827 00 00 313931323050303034373838            
26/10/23 09:42:46 0031 1                  44.895542 8.872500 00 00 313931323050303036393137            
26/10/23 09:52:18 0032 1                  44.898628 8.869470 00 00 3231303234304A3034373535            
26/10/23 10:27:39 0033 1                  44.895878 8.864965 00 00 31383234304A303030313733            
26/10/23 10:32:33 0034 1                  44.895248 8.863595 00 00 31383234304A303030303634            
26/10/23 11:14:30 0000 s 01888ver01 44.882512 8.860368 00 00
