21/10/23 04:28:48 0000 s 01512ver01 44.792632 8.739565 00 00
21/10/23 05:24:20 0001 1                  44.732082 8.837668 00 00 313932343053303030353236            
21/10/23 05:30:20 0002 1                  44.728117 8.853742 00 00 3139313130304A3030303837            
21/10/23 05:30:59 0003 1                  44.728143 8.853722 00 00 3139313130304A3030303632            
21/10/23 05:31:53 0004 1                  44.728123 8.853698 00 00 313731313030583030303334            
21/10/23 05:34:13 0005 1                  44.727440 8.853935 00 00 313932343045303030313432            
21/10/23 05:41:09 0006 1                  44.727143 8.854408 00 00 3231303132304A3030383130            
21/10/23 05:42:34 0007 1                  44.726935 8.854643 00 00 31383132304A303037353238            
21/10/23 05:42:34 0008 1                  44.726935 8.854643 00 00 313931323050303033303331            
21/10/23 05:43:13 0009 1                  44.726872 8.854620 00 00 31383132304A303030323233            
21/10/23 05:44:31 0010 1                  44.726653 8.854633 00 00 31383132304A303030383633            
21/10/23 05:47:09 0011 1                  44.726805 8.855527 00 00 3230313130304A3030343636            
21/10/23 05:48:04 0012 1                  44.726808 8.855512 00 00 3139313130304A3030303832            
21/10/23 05:50:44 0013 1                  44.725597 8.855738 00 00 3231303033304D3030363737            
21/10/23 05:51:22 0014 1                  44.725518 8.855805 00 00 31383033304D303031323535            
21/10/23 05:52:39 0015 1                  44.725250 8.855940 00 00 31383132304A303038303530            
21/10/23 05:53:50 0016 1                  44.725068 8.856117 00 00 31383033304D303030373331            
21/10/23 05:54:06 0017 1                  44.725058 8.856117 00 00 313931323053303031323330            
21/10/23 06:00:07 0000 s 01512ver01 44.725072 8.856222 00 00
21/10/23 06:01:28 0018 1                  44.724735 8.856462 00 00 3233303132304A3030303633            
21/10/23 06:01:30 0019 1                  44.724733 8.856462 00 00 3231303132304A3039383232            
21/10/23 06:02:03 0020 1                  44.724720 8.856508 00 00 3230303033304D3033373130            
21/10/23 06:02:07 0021 1                  44.724718 8.856515 00 00 31383033304D303031313231            
21/10/23 06:02:29 0022 1                  44.724722 8.856537 00 00 31383033304D303031313135            
21/10/23 06:02:37 0023 1                  44.724722 8.856525 00 00 31383033304D303031313130            
21/10/23 06:03:03 0024 1                  44.724722 8.856497 00 00 31383033304D303031313039            
21/10/23 06:03:09 0025 1                  44.724722 8.856482 00 00 31383033304D303031313232            
21/10/23 06:03:52 0026 1                  44.724693 8.856393 00 00 31383132304A303032363531            
21/10/23 06:06:34 0027 1                  44.724195 8.856857 00 00 3231303033304D3031393031            
21/10/23 06:08:29 0028 1                  44.723382 8.857230 00 00 3231303234304A3032373034            
21/10/23 06:08:29 0029 1                  44.723382 8.857230 00 00 313931323053303036313331            
21/10/23 06:11:05 0030 1                  44.722828 8.856305 00 00 31383033304D303031313734            
21/10/23 06:11:11 0031 1                  44.722837 8.856305 00 00 3231303033304D3031363738            
21/10/23 06:11:31 0032 1                  44.722823 8.856290 00 00 31383033304D303034393738            
21/10/23 06:15:00 0033 1                  44.723602 8.855975 00 00 31383033304D303031313637            
21/10/23 06:15:06 0034 1                  44.723622 8.855992 00 00 31383033304D303034393030            
21/10/23 06:15:08 0035 1                  44.723627 8.855995 00 00 3039606283B0E880000B4E47            
21/10/23 06:15:10 0036 1                  44.723633 8.855997 00 00 30396062435EB380000AB160            
21/10/23 06:15:20 0037 1                  44.723655 8.856003 00 00 31383033304D303031313638            
21/10/23 06:15:32 0038 1                  44.723662 8.855998 00 00 31383033304D303031313636            
21/10/23 06:15:54 0039 1                  44.723647 8.855988 00 00 3231303132304A3032363034            
21/10/23 06:18:42 0040 1                  44.724543 8.855373 00 00 31383132304A303038383935            
21/10/23 06:18:42 0041 1                  44.724543 8.855373 00 00 31383132304A303038343638            
21/10/23 06:20:07 0042 1                  44.724182 8.855673 00 00 3232303132304A3030343235            
21/10/23 06:21:45 0043 1                  44.724405 8.855923 00 00 31383033304D303030313735            
21/10/23 06:21:45 0044 1                  44.724405 8.855923 00 00 3035EB626819668414043C61            
21/10/23 06:21:53 0045 1                  44.724407 8.855870 00 00 31383033304D303030313738            
21/10/23 06:22:01 0046 1                  44.724417 8.855882 00 00 31383033304D303030323233            
21/10/23 06:22:35 0047 1                  44.724450 8.856087 00 00 31383033304D303030323234            
21/10/23 06:22:58 0048 1                  44.724525 8.856133 00 00 31383033304D303030323236            
21/10/23 06:24:25 0049 1                  44.724590 8.856073 00 00 3231303132304A3039313633            
21/10/23 06:24:25 0050 1                  44.724590 8.856073 00 00 31383132304A303030303134            
21/10/23 06:26:26 0051 1                  44.726113 8.856288 00 00 31383033304D303035333434            
21/10/23 06:30:29 0052 1                  44.725802 8.856558 00 00 313932343045303030303130            
21/10/23 06:31:22 0053 1                  44.725865 8.856548 00 00 313931313030533030313037            
21/10/23 06:31:22 0054 1                  44.725865 8.856548 00 00 30395DFA830254409EC5046D            
21/10/23 06:33:03 0055 1                  44.725542 8.856638 00 00 31383132304A303032343738            
21/10/23 06:33:03 0056 1                  44.725542 8.856638 00 00 3233303132304A3030313438            
21/10/23 06:34:32 0057 1                  44.725508 8.856597 00 00 313931323053303031363237            
21/10/23 06:34:32 0058 1                  44.725508 8.856597 00 00 313931323043303130323034            
21/10/23 06:39:52 0059 1                  44.723747 8.857685 00 00 3232303032334D3031343631            
21/10/23 06:43:21 0060 1                  44.724592 8.857427 00 00 3231303033304D3030363936            
21/10/23 06:43:57 0061 1                  44.724850 8.857368 00 00 31383033304D303031313530            
21/10/23 06:50:58 0062 1                  44.722482 8.857142 00 00 31383033304D303031303036            
21/10/23 06:51:18 0063 1                  44.722457 8.857070 00 00 303ACA4982F2DF59D8B66D5D            
21/10/23 06:51:20 0064 1                  44.722455 8.857067 00 00 303ACA49839EE25C62C6E9A6            
21/10/23 06:51:35 0065 1                  44.722467 8.857010 00 00 31383033304D303030373339            
21/10/23 06:51:37 0066 1                  44.722467 8.857005 00 00 30340BF468314DA3F67F7404            
21/10/23 06:53:00 0067 1                  44.722507 8.856488 00 00 31383132304A303038313538            
21/10/23 06:53:02 0068 1                  44.722510 8.856490 00 00 30340BF8E03A61A409583C04            
21/10/23 06:53:04 0069 1                  44.722513 8.856492 00 00 30340BE62423B9A6A6837801            
21/10/23 06:53:04 0070 1                  44.722513 8.856492 00 00 31383132304A303030373138            
21/10/23 06:54:47 0071 1                  44.723378 8.854413 00 00 31383033304D303030323338            
21/10/23 06:54:51 0072 1                  44.723363 8.854368 00 00 3231303033304D3034303836            
21/10/23 06:55:54 0073 1                  44.723452 8.854218 00 00 31383132304A303038313434            
21/10/23 06:57:39 0074 1                  44.723563 8.854073 00 00 303ACA49837B6559D8B63780            
21/10/23 06:57:39 0075 1                  44.723563 8.854073 00 00 303ACB03401B2799D8B68378            
21/10/23 06:57:41 0076 1                  44.723565 8.854075 00 00 313731313030583030303337            
21/10/23 06:59:40 0077 1                  44.724568 8.853250 00 00 31383132304A303030333136            
21/10/23 07:00:55 0078 1                  44.724720 8.853020 00 00 31383132304A303030333135            
21/10/23 07:00:57 0079 1                  44.724718 8.853023 00 00 303ACA4983A5639C61297A3A            
21/10/23 07:03:11 0080 1                  44.725045 8.852912 00 00 31383132304A303032383839            
21/10/23 07:03:13 0081 1                  44.725047 8.852912 00 00 31383132304A303038313437            
21/10/23 07:05:12 0082 1                  44.725632 8.853498 00 00 31383132304A303038343335            
21/10/23 07:06:57 0083 1                  44.724703 8.853582 00 00 31383132304A303030393532            
21/10/23 07:06:57 0084 1                  44.724703 8.853582 00 00 303ACA400355EFD99C82E849            
21/10/23 07:07:20 0085 1                  44.724705 8.853597 00 00 300ED89F3350014A1E0BA013            
21/10/23 07:10:26 0086 1                  44.724205 8.852790 00 00 3139313130304A3030303330            
21/10/23 07:11:08 0087 1                  44.724172 8.852803 00 00 3139313130304A3030303436            
21/10/23 07:12:07 0088 1                  44.724170 8.852825 00 00 313731313030583030303230            
21/10/23 07:12:07 0089 1                  44.724170 8.852825 00 00 30395DFA82FB75400020A08D            
21/10/23 07:12:13 0090 1                  44.724170 8.852828 00 00 30395DFA8342CF800032B26D            
21/10/23 07:13:26 0091 1                  44.724222 8.852823 00 00 313931323053303032383736            
21/10/23 07:13:54 0092 1                  44.724223 8.852805 00 00 3139313130304A3030303331            
21/10/23 07:15:35 0093 1                  44.723622 8.852250 00 00 31383132304A303030323938            
21/10/23 07:19:08 0094 1                  44.721573 8.852595 00 00 31383132304A303030333832            
21/10/23 07:20:47 0095 1                  44.721682 8.853270 00 00 3232303132304A3030343232            
21/10/23 07:20:49 0096 1                  44.721680 8.853265 00 00 31383132304A303036353238            
21/10/23 07:21:46 0097 1                  44.721643 8.853235 00 00 31383132304A303036333032            
21/10/23 07:21:46 0098 1                  44.721643 8.853235 00 00 31383132304A303033333034            
21/10/23 07:22:20 0099 1                  44.721657 8.853222 00 00 31383132304A303070303831            
21/10/23 07:22:22 0100 1                  44.721660 8.853222 00 00 31383132304A303030303831            
21/10/23 07:25:35 0101 1                  44.722717 8.855112 00 00 313931313030533030313733            
21/10/23 07:26:17 0102 1                  44.722733 8.855133 00 00 3232313130304A3030313536            
21/10/23 07:27:14 0103 1                  44.722708 8.855082 00 00 313931313030533030313039            
21/10/23 07:28:00 0104 1                  44.722718 8.855080 00 00 313931313030533030313330            
21/10/23 07:28:45 0105 1                  44.722708 8.855128 00 00 313931313030533030313135            
21/10/23 07:35:27 0106 1                  44.726460 8.856303 00 00 303960FFC13F7909502F9E97            
21/10/23 07:35:33 0107 1                  44.726468 8.856300 00 00 123606002443200629000000            
21/10/23 07:35:55 0108 1                  44.726502 8.856283 00 00 3034F836E81E2E0AB41DBE2E            
21/10/23 07:40:59 0109 1                  44.727325 8.854883 00 00 3139313130304A3030303332            
21/10/23 08:04:14 0110 1                  44.721158 8.853363 00 00 31383132304A303032333737            
21/10/23 08:04:16 0111 1                  44.721153 8.853363 00 00 31383132304A303032383131            
21/10/23 08:06:07 0112 1                  44.720957 8.853100 00 00 3139313130304A3030303931            
21/10/23 08:07:30 0113 1                  44.721068 8.853283 00 00 3231303132304A3037313036            
21/10/23 08:07:32 0114 1                  44.721072 8.853283 00 00 313931323053303038383137            
21/10/23 08:07:32 0115 1                  44.721072 8.853283 00 00 303ACA4983AA6019D8B66BE1            
21/10/23 08:08:55 0116 1                  44.720727 8.852927 00 00 313932343045303030333434            
21/10/23 08:09:32 0117 1                  44.720712 8.852928 00 00 313932343045303030303931            
21/10/23 08:11:13 0118 1                  44.720232 8.853532 00 00 313931323053303036373534            
21/10/23 08:11:49 0119 1                  44.720230 8.853507 00 00 31383033304D303031313834            
21/10/23 08:11:53 0120 1                  44.720230 8.853505 00 00 31383033304D303031313832            
