26/10/23 05:27:02 0000 s 01889ver01 44.882478 8.859755 00 00
26/10/23 05:35:13 0001 1                  44.889298 8.855522 00 00 30396062436E9D4000285862            
26/10/23 05:37:56 0002 1                  44.888592 8.854080 00 00 313931313030433030343831            
26/10/23 05:39:04 0003 1                  44.888407 8.854088 00 00 313931323043303033343533            
26/10/23 05:41:55 0004 1                  44.886105 8.853663 00 00 313931323043303032393637            
26/10/23 05:44:02 0005 1                  44.885917 8.854458 00 00 313931313030433030313534            
26/10/23 05:52:54 0006 1                  44.882528 8.858215 00 00 313931313030433030343337            
26/10/23 05:53:42 0007 1                  44.882453 8.858253 00 00 323031313030433030303834            
26/10/23 05:55:19 0008 1                  44.882568 8.858270 00 00 303515BCDC383A880000057D            
26/10/23 05:55:21 0009 1                  44.882567 8.858265 00 00 30361437C0604F4003B2D4F8            
26/10/23 05:57:36 0010 1                  44.881748 8.858300 00 00 313931313030433030343137            
26/10/23 05:58:32 0011 1                  44.881697 8.858235 00 00 313931313030433030343138            
26/10/23 06:00:41 0012 1                  44.880997 8.857895 00 00 313931313030433030343139            
26/10/23 06:05:36 0013 1                  44.879698 8.858040 00 00 3230313130304A3030383330            
26/10/23 06:09:57 0014 1                  44.874382 8.857332 00 00 323031313030433030333230            
26/10/23 06:10:51 0015 1                  44.874378 8.857310 00 00 313931313030433030333430            
26/10/23 06:15:21 0016 1                  44.873463 8.856585 00 00 313831323045303136363232            
26/10/23 06:15:22 0017 1                  44.873465 8.856585 00 00 313931323043303036353834            
26/10/23 06:16:54 0018 1                  44.873735 8.856242 00 00 313931313030433030313831            
26/10/23 06:16:54 0019 1                  44.873735 8.856242 00 00 0828159C56EC1B8000AB4C44            
26/10/23 06:16:54 0020 1                  44.873735 8.856242 00 00 08383972D111AF40FF9FB1B7            
26/10/23 06:16:57 0021 1                  44.873732 8.856237 00 00 08383972B17FA740FFC54762            
26/10/23 06:18:51 0022 1                  44.872383 8.856418 00 00 313931313030433030343535            
26/10/23 06:21:07 0023 1                  44.871593 8.856717 00 00 313931313030433030333433            
26/10/23 06:23:16 0024 1                  44.871315 8.856435 00 00 3231303234304A3030313933            
26/10/23 06:24:48 0025 1                  44.871162 8.855645 00 00 323031313030433030303431            
26/10/23 06:25:46 0026 1                  44.871178 8.855637 00 00 323031313030433030303635            
26/10/23 06:26:50 0027 1                  44.871187 8.855650 00 00 323031313030433030303432            
26/10/23 06:30:30 0028 1                  44.871587 8.856393 00 00 313931313030433030343539            
26/10/23 06:36:27 0029 1                  44.871042 8.857032 00 00 31383132304A303130393135            
26/10/23 06:37:50 0030 1                  44.871115 8.858298 00 00 313931323043303037353838            
26/10/23 06:41:50 0031 1                  44.872513 8.857575 00 00 313931313030433030343836            
26/10/23 06:46:05 0032 1                  44.875520 8.855923 00 00 313931313030433030333431            
26/10/23 06:53:17 0033 1                  44.881710 8.858625 00 00 323031313030433030303134            
26/10/23 06:59:20 0034 1                  44.883543 8.854302 00 00 313931313030433030313536            
26/10/23 06:59:47 0035 1                  44.883517 8.854302 00 00 323031313030433030303231            
26/10/23 07:01:21 0036 1                  44.883542 8.854293 00 00 313931313030433030313535            
26/10/23 07:03:05 0037 1                  44.883605 8.853545 00 00 313931313030433030313134            
26/10/23 07:05:52 0038 1                  44.882083 8.854722 00 00 313931323045303330313135            
26/10/23 07:08:55 0039 1                  44.881032 8.854102 00 00 313931313030433030313932            
26/10/23 07:13:16 0040 1                  44.877280 8.854912 00 00 313831323045303039343331            
26/10/23 07:14:17 0041 1                  44.877430 8.855060 00 00 313931313030433030323038            
26/10/23 07:15:50 0042 1                  44.877523 8.855117 00 00 3233313130304A3030313237            
26/10/23 07:15:52 0043 1                  44.877523 8.855120 00 00 3233313130304A3030313237            
26/10/23 07:17:14 0044 1                  44.877095 8.855172 00 00 313931323043303033343639            
26/10/23 07:18:41 0045 1                  44.877063 8.855598 00 00 313931313030433030323036            
26/10/23 07:20:56 0046 1                  44.877313 8.856152 00 00 313931313030433030313736            
26/10/23 07:23:30 0047 1                  44.877033 8.856163 00 00 313932343045303030343835            
26/10/23 07:25:06 0048 1                  44.876463 8.856642 00 00 313931313030433030313335            
26/10/23 07:27:02 0049 1                  44.876500 8.856663 00 00 313931313030433030313334            
26/10/23 07:29:34 0050 1                  44.876035 8.856068 00 00 3233313130304A3030303838            
26/10/23 07:34:07 0051 1                  44.879672 8.854215 00 00 313931313030433030313238            
26/10/23 07:36:55 0052 1                  44.879025 8.855142 00 00 313832343045303035323739            
26/10/23 07:40:20 0053 1                  44.881025 8.856537 00 00 313932343045303030343036            
26/10/23 07:40:59 0054 1                  44.881058 8.856560 00 00 313931313030433030313533            
26/10/23 07:44:09 0055 1                  44.879367 8.857403 00 00 323031313030433030303131            
26/10/23 07:45:45 0056 1                  44.879453 8.856852 00 00 313932343045303030343833            
26/10/23 07:45:46 0057 1                  44.879453 8.856852 00 00 3231303234304A3034393531            
26/10/23 07:47:28 0058 1                  44.879297 8.856367 00 00 313931313030433030333139            
26/10/23 07:50:43 0059 1                  44.878918 8.856478 00 00 9903074E6083D96A000023F8            
26/10/23 07:50:44 0060 1                  44.878918 8.856478 00 00 9903030E11A69BA70000094D            
26/10/23 07:52:14 0061 1                  44.878920 8.856442 00 00 9903030E11A6FBD300000B9A            
26/10/23 07:52:15 0062 1                  44.878920 8.856442 00 00 323031313030433030343730            
26/10/23 08:17:09 0000 s 01889ver01 44.878905 8.856500 00 00
26/10/23 08:24:31 0063 1                  44.876252 8.854555 00 00 313932343045303030323832            
26/10/23 08:27:15 0064 1                  44.879600 8.854770 00 00 9903030E11A6FBD300000B9A            
26/10/23 08:32:37 0065 1                  44.879302 8.855212 00 00 3231313130304A3031303535            
26/10/23 08:34:02 0066 1                  44.879467 8.855630 00 00 9903074E6083DB3E00000A55            
26/10/23 08:34:16 0067 1                  44.879465 8.855633 00 00 9903074E6085F0A200000D82            
26/10/23 08:34:16 0068 1                  44.879465 8.855633 00 00 313932343045303030343836            
26/10/23 08:37:38 0069 1                  44.879493 8.856303 00 00 313931313030433030323031            
26/10/23 08:38:53 0070 1                  44.879505 8.856300 00 00 313931313030433030343930            
26/10/23 08:42:21 0071 1                  44.879975 8.855165 00 00 3232313130304A3030323539            
26/10/23 08:48:41 0072 1                  44.883510 8.857477 00 00 313931313030433030313332            
26/10/23 08:49:38 0073 1                  44.883518 8.857493 00 00 313931313030433030343630            
26/10/23 08:50:47 0074 1                  44.883532 8.857495 00 00 313931313030433030313330            
26/10/23 08:52:07 0075 1                  44.883552 8.857530 00 00 3138313130304A3030303532            
26/10/23 08:53:21 0076 1                  44.883573 8.857522 00 00 313931313030433030313239            
26/10/23 08:54:04 0077 1                  44.883572 8.857517 00 00 313931313030433030313331            
26/10/23 09:24:57 0078 1                  44.895260 8.853032 00 00 444C32333131393734363323            
26/10/23 09:24:58 0079 1                  44.895260 8.853032 00 00 323031313030433030333434            
26/10/23 09:25:12 0080 1                  44.895275 8.853032 00 00 010000012317140000000000            
26/10/23 09:32:42 0081 1                  44.895813 8.848850 00 00 323031313030433030343236            
26/10/23 09:33:21 0082 1                  44.895888 8.848823 00 00 323031313030433030303530            
26/10/23 09:36:40 0083 1                  44.894407 8.847215 00 00 323031313030433030313535            
26/10/23 09:37:50 0084 1                  44.893950 8.847685 00 00 323031313030433030303236            
26/10/23 09:38:54 0085 1                  44.893980 8.847670 00 00 3231313130304A3030353139            
26/10/23 09:43:28 0086 1                  44.890832 8.848672 00 00 323031313030433030353031            
26/10/23 09:44:31 0087 1                  44.890838 8.848630 00 00 323031313030433030353534            
26/10/23 09:44:32 0088 1                  44.890838 8.848630 00 00 323031313030433030353534            
26/10/23 09:47:28 0089 1                  44.890082 8.850113 00 00 323031313030433030323336            
26/10/23 09:48:20 0090 1                  44.890108 8.850112 00 00 323031313030433030323433            
26/10/23 09:52:05 0091 1                  44.890973 8.849862 00 00 323031313030433030313730            
26/10/23 09:54:25 0092 1                  44.891173 8.849150 00 00 3231313130304A3032353330            
26/10/23 10:01:31 0093 1                  44.894738 8.850478 00 00 313932343045303030353332            
26/10/23 10:03:08 0094 1                  44.893792 8.850858 00 00 323031313030433030313639            
26/10/23 10:04:32 0095 1                  44.893627 8.851973 00 00 323031313030433030363434            
26/10/23 10:04:59 0096 1                  44.893610 8.852033 00 00 323031313030433030303135            
26/10/23 10:06:28 0097 1                  44.893545 8.852205 00 00 323031313030433030353832            
26/10/23 10:08:52 0098 1                  44.894567 8.851680 00 00 313932343043303030323833            
26/10/23 10:11:33 0099 1                  44.896090 8.855277 00 00 000000000000000016364423            
26/10/23 10:40:22 0000 s 01889ver01 44.882432 8.860315 00 00
26/10/23 10:42:38 0000 s 01889ver01 44.882398 8.860327 00 00
26/10/23 10:45:14 0000 s 01889ver01 44.882202 8.860217 00 00
26/10/23 10:50:00 0000 s 01889ver01 44.882180 8.860322 00 00
26/10/23 11:01:40 0000 s 01889ver01 44.882430 8.860082 00 00
26/10/23 11:24:51 0100 1                  45.016850 8.881858 00 00 31383234304A303032383138            
26/10/23 11:27:41 0101 1                  45.017245 8.882020 00 00 31383234304A303032363430            
26/10/23 11:29:22 0102 1                  45.017577 8.881477 00 00 3231303234304A3033383434            
26/10/23 11:29:22 0103 1                  45.017577 8.881477 00 00 3231303234304A3033383433            
26/10/23 11:29:46 0104 1                  45.017567 8.881463 00 00 313932343056303030303934            
26/10/23 11:30:11 0105 1                  45.017563 8.881445 00 00 3231303234304A3033383534            
26/10/23 11:30:58 0106 1                  45.017552 8.881427 00 00 313932343056303030303936            
26/10/23 11:30:58 0107 1                  45.017552 8.881430 00 00 3231303234304A3033383432            
26/10/23 11:33:59 0108 1                  45.017593 8.890272 00 00 31383234304A303032383139            
26/10/23 11:36:04 0109 1                  45.018510 8.883220 00 00 31383234304A303032343733            
26/10/23 11:37:10 0110 1                  45.018470 8.882982 00 00 31383234304A303032373130            
26/10/23 11:46:55 0111 1                  45.018170 8.890407 00 00 31383234304A303032353532            
26/10/23 11:49:00 0112 1                  45.021345 8.892808 00 00 323032343056303031333039            
26/10/23 11:51:22 0113 1                  45.022217 8.891695 00 00 313832343045303031383832            
26/10/23 11:55:37 0114 1                  45.025298 8.892775 00 00 313832343045303030383436            
26/10/23 11:57:33 0115 1                  45.025487 8.890470 00 00 313832343045303031333835            
26/10/23 11:59:21 0116 1                  45.025925 8.892935 00 00 3232303234304A3030373633            
26/10/23 12:00:55 0117 1                  45.028230 8.892980 00 00 313832343045303030393831            
26/10/23 12:02:50 0118 1                  45.025558 8.893133 00 00 313832343045303031313431            
26/10/23 12:04:02 0119 1                  45.025720 8.893950 00 00 313832343045303030383336            
26/10/23 12:10:32 0120 1                  45.023585 8.896575 00 00 313832343045303030393135            
26/10/23 12:13:38 0121 1                  45.019107 8.892992 00 00 3233303234304A3030323431            
26/10/23 12:20:24 0122 1                  45.025807 8.871495 00 00 31383234304A303032343931            
26/10/23 12:24:19 0123 1                  45.015880 8.845055 00 00 313832343045303030363630            
26/10/23 12:27:39 0124 1                  45.015772 8.844063 00 00 313832343045303030363636            
26/10/23 12:30:39 0125 1                  45.008343 8.841943 00 00 313832343045303031303132            
26/10/23 12:32:39 0126 1                  45.012277 8.843355 00 00 313832343045303030393730            
26/10/23 12:38:04 0127 1                  45.016213 8.852828 00 00 313832343045303030363230            
26/10/23 12:41:42 0128 1                  45.014845 8.846038 00 00 3232303234304A3030363038            
26/10/23 12:43:10 0129 1                  45.014528 8.845732 00 00 313932343056303030363430            
26/10/23 12:48:52 0130 1                  45.024605 8.850648 00 00 31383234304A303031343336            
26/10/23 12:48:52 0131 1                  45.024605 8.850648 00 00 3232303234304A3030303439            
26/10/23 12:50:58 0132 1                  45.024447 8.858057 00 00 3232303234304A3030303634            
26/10/23 12:50:58 0133 1                  45.024447 8.858057 00 00 31383234304A303031333031            
26/10/23 12:51:37 0134 1                  45.024405 8.858077 00 00 31383234304A303033323137            
26/10/23 12:57:23 0135 1                  45.029633 8.856875 00 00 31383234304A303032393932            
26/10/23 13:00:57 0136 1                  45.029842 8.853807 00 00 3232303234304A3030323736            
26/10/23 13:02:50 0137 1                  45.030667 8.851630 00 00 3230303234304A3030333632            
26/10/23 13:02:50 0138 1                  45.030667 8.851630 00 00 31383234304A303033303334            
26/10/23 13:05:29 0139 1                  45.030237 8.851138 00 00 31383234304A303033303438            
26/10/23 13:05:32 0140 1                  45.030240 8.851138 00 00 3231303234304A3030353733            
26/10/23 13:07:37 0141 1                  45.027240 8.850387 00 00 31383234304A303031393638            
26/10/23 13:08:49 0142 1                  45.026612 8.850245 00 00 31383234304A303030343634            
26/10/23 13:11:29 0143 1                  45.031443 8.850620 00 00 31383234304A303032363039            
26/10/23 13:12:52 0144 1                  45.032057 8.850752 00 00 31383234304A303032363036            
26/10/23 13:15:47 0145 1                  45.031077 8.848582 00 00 31383234304A303032383033            
26/10/23 13:19:34 0146 1                  45.031735 8.841635 00 00 31383234304A303032343736            
26/10/23 13:19:35 0147 1                  45.031735 8.841635 00 00 323032343056303031353035            
26/10/23 13:22:22 0148 1                  45.027730 8.828823 00 00 31383234304A303030393330            
26/10/23 13:24:58 0149 1                  45.025992 8.828357 00 00 31383234304A303031353131            
26/10/23 13:45:02 0150 1                  44.955358 8.880810 00 00 000000000000000008446195            
26/10/23 13:49:22 0000 s 01889ver01 44.912873 8.870655 00 00
26/10/23 14:04:29 0000 s 01889ver01 44.912870 8.870567 00 00
26/10/23 15:12:16 0000 s 01889ver01 44.882568 8.859985 00 00
