20/10/23 05:06:11 0000 s 01503ver01 44.792443 8.739383 00 00
20/10/23 05:23:05 0001 1                  44.766227 8.793650 00 00 313832583557444800000000            
20/10/23 05:34:49 0002 1                  44.755168 8.852975 00 00 313831323045303037333638            
20/10/23 05:38:53 0003 1                  44.756778 8.855125 00 00 313831323045303037343530            
20/10/23 05:38:56 0004 1                  44.756773 8.855127 00 00 313831323045303037303834            
20/10/23 05:40:28 0005 1                  44.757020 8.855505 00 00 313831323045303036353531            
20/10/23 05:43:06 0006 1                  44.758418 8.854327 00 00 3139313130304A3030303634            
20/10/23 05:44:03 0007 1                  44.758433 8.854285 00 00 313731313030583030303332            
20/10/23 05:44:56 0008 1                  44.758422 8.854325 00 00 313731313030583030303335            
20/10/23 05:48:01 0009 1                  44.757965 8.854992 00 00 313731313030583030303238            
20/10/23 05:50:52 0010 1                  44.757520 8.855963 00 00 313931323045303030343535            
20/10/23 05:50:52 0011 1                  44.757520 8.855963 00 00 313931323045303030313034            
20/10/23 05:52:23 0012 1                  44.758143 8.857618 00 00 31383033304D303030383136            
20/10/23 05:54:14 0013 1                  44.760148 8.859458 00 00 313831323045303037363133            
20/10/23 05:55:53 0014 1                  44.760632 8.859495 00 00 313831323045303037353334            
20/10/23 05:59:13 0015 1                  44.761955 8.861068 00 00 313831323045303037373335            
20/10/23 06:00:38 0016 1                  44.762570 8.861698 00 00 3BE300000192807300001054            
20/10/23 06:00:38 0017 1                  44.762570 8.861698 00 00 3231303132304A3034333732            
20/10/23 06:00:39 0018 1                  44.762570 8.861698 00 00 303ACA4983622F99D8B65F86            
20/10/23 06:02:54 0019 1                  44.762860 8.861088 00 00 3231303234304A3032353930            
20/10/23 06:02:56 0020 1                  44.762860 8.861083 00 00 303ACA498373C71AC688CD0E            
20/10/23 06:04:45 0021 1                  44.762950 8.861510 00 00 313831323045303037303736            
20/10/23 06:05:53 0022 1                  44.762803 8.861287 00 00 313931323053303038373531            
20/10/23 06:07:08 0023 1                  44.762767 8.860955 00 00 3035EB8ADC3580400C00159A            
20/10/23 06:07:08 0024 1                  44.762767 8.860955 00 00 313831323045303036363038            
20/10/23 06:07:08 0025 1                  44.762767 8.860955 00 00 3034F7EDAC502260013392A5            
20/10/23 06:07:10 0026 1                  44.762767 8.860955 00 00 3035EB8ADC357EC00C002693            
20/10/23 06:07:10 0027 1                  44.762767 8.860955 00 00 30340BB6403C65D860910004            
20/10/23 06:08:59 0028 1                  44.763513 8.861130 00 00 3231313130304A3030393537            
20/10/23 06:08:59 0029 1                  44.763513 8.861130 00 00 30396062437A360252523B5D            
20/10/23 06:08:59 0030 1                  44.763513 8.861130 00 00 3034F7418C21A4C07330053C            
20/10/23 06:10:40 0031 1                  44.763647 8.861263 00 00 313932343045303030333035            
20/10/23 06:11:54 0032 1                  44.764012 8.861135 00 00 3039606343BB550000140C88            
20/10/23 06:11:54 0033 1                  44.764012 8.861135 00 00 31383033304D303030313134            
20/10/23 06:12:05 0034 1                  44.764037 8.861072 00 00 3230303033304D3030393333            
20/10/23 06:12:20 0035 1                  44.764073 8.861037 00 00 31383033304D303030313137            
20/10/23 06:13:34 0036 1                  44.764215 8.861447 00 00 313831323045303037393032            
20/10/23 06:13:34 0037 1                  44.764215 8.861447 00 00 3035EBCBD81F8B4047868C16            
20/10/23 06:15:00 0038 1                  44.764538 8.861660 00 00 313931323045303030353137            
20/10/23 06:17:13 0039 1                  44.766457 8.862623 00 00 3139313130304A3030303534            
20/10/23 06:20:46 0040 1                  44.768353 8.863860 00 00 3035EB8ADC12324008001051            
20/10/23 06:20:46 0041 1                  44.768353 8.863860 00 00 313831323045303038323235            
20/10/23 06:20:47 0042 1                  44.768353 8.863860 00 00 3035EB8ADC0E810002001EB6            
20/10/23 06:20:48 0043 1                  44.768355 8.863860 00 00 3035EB8ADC0E7E8008001408            
20/10/23 06:22:34 0044 1                  44.768673 8.863442 00 00 313831323045303037393531            
20/10/23 06:23:55 0045 1                  44.769142 8.863032 00 00 313831323045303037383032            
20/10/23 06:25:33 0046 1                  44.769520 8.862145 00 00 313831323045303037393532            
20/10/23 06:29:53 0047 1                  44.766053 8.862063 00 00 313831323045303038303431            
20/10/23 06:30:30 0048 1                  44.766023 8.862057 00 00 313931323053303031303730            
20/10/23 06:30:30 0049 1                  44.766023 8.862057 00 00 3035EBE314178800120FDBC1            
20/10/23 06:30:30 0050 1                  44.766023 8.862057 00 00 3035EB5C641E350012078CE7            
20/10/23 06:33:42 0051 1                  44.764848 8.860982 00 00 313831323045303037373130            
20/10/23 06:34:20 0052 1                  44.764860 8.860975 00 00 3139313130304A3030303635            
20/10/23 06:34:20 0053 1                  44.764860 8.860975 00 00 3039606283C90D820E3B1491            
20/10/23 06:36:21 0054 1                  44.764390 8.860645 00 00 313831323045303036363136            
20/10/23 06:37:42 0055 1                  44.763930 8.860412 00 00 313831323045303037373134            
20/10/23 06:37:43 0056 1                  44.763930 8.860412 00 00 3035EB8ADC351A47FE000C6A            
20/10/23 06:37:43 0057 1                  44.763930 8.860412 00 00 30395DFA82F1CB8000118171            
20/10/23 06:37:43 0058 1                  44.763930 8.860412 00 00 3035EB8ADC14EB87FE002D32            
20/10/23 06:41:58 0059 1                  44.763290 8.862480 00 00 31383033304D303030313334            
20/10/23 06:42:28 0060 1                  44.763303 8.862505 00 00 31383033304D303030383431            
20/10/23 06:43:13 0061 1                  44.763462 8.862593 00 00 000000000000000016741503            
20/10/23 06:44:43 0062 1                  44.764017 8.862525 00 00 3231303132304A3031393932            
20/10/23 06:44:44 0063 1                  44.764017 8.862525 00 00 313931323045303030353133            
20/10/23 06:47:25 0064 1                  44.764463 8.863052 00 00 3231303132304A3039333037            
20/10/23 06:49:16 0065 1                  44.764893 8.862917 00 00 313831323045303038323538            
20/10/23 06:49:17 0066 1                  44.764893 8.862920 00 00 313831323045303037373535            
20/10/23 06:52:03 0067 1                  44.765722 8.863640 00 00 3231303132304A3035343938            
20/10/23 06:52:05 0068 1                  44.765722 8.863638 00 00 313831323045303037303737            
20/10/23 06:58:46 0000 s 01503ver01 44.766070 8.863555 00 00
20/10/23 07:00:06 0069 1                  44.766048 8.863260 00 00 313931323045303030313337            
20/10/23 07:02:26 0070 1                  44.766527 8.864110 00 00 313931323053303132323236            
20/10/23 07:02:28 0071 1                  44.766528 8.864112 00 00 303ACA49816D91D99C82DEA3            
20/10/23 07:03:56 0072 1                  44.766863 8.864440 00 00 313931323053303038373933            
20/10/23 07:03:56 0073 1                  44.766863 8.864440 00 00 313831323045303037323833            
20/10/23 07:04:31 0074 1                  44.766875 8.864408 00 00 313831323045303038323232            
20/10/23 07:04:31 0075 1                  44.766875 8.864408 00 00 313831323045303037373231            
20/10/23 07:04:31 0076 1                  44.766875 8.864408 00 00 303ACA498217AB19D8B63825            
20/10/23 07:10:39 0077 1                  44.767588 8.864473 00 00 3035EB8ADC123280080005A4            
20/10/23 07:11:25 0078 1                  44.767585 8.864503 00 00 3035EB8ADC0E7F00080012D4            
20/10/23 07:11:25 0079 1                  44.767585 8.864503 00 00 3035EBB32001AA47FE000F48            
20/10/23 07:11:54 0080 1                  44.767587 8.864548 00 00 323030393135303030363133            
20/10/23 07:12:04 0081 1                  44.767597 8.864553 00 00 3035EB8ADC3773C7FE000CE5            
20/10/23 07:12:04 0082 1                  44.767597 8.864553 00 00 30344B5A1C0C0E7DD0246013            
20/10/23 07:12:07 0083 1                  44.767597 8.864552 00 00 30396061C3BF9500002429BC            
20/10/23 07:12:18 0084 1                  44.767600 8.864528 00 00 3035EA59441F3800200000D2            
20/10/23 07:12:36 0085 1                  44.767587 8.864512 00 00 303ACA49814BF21AC6890B3A            
20/10/23 07:12:48 0086 1                  44.767587 8.864507 00 00 303960624362F300000EA8C6            
20/10/23 07:12:50 0087 1                  44.767585 8.864508 00 00 303960624362F20000094395            
20/10/23 07:14:01 0088 1                  44.767588 8.864540 00 00 30395DFA82D2D480001715CE            
20/10/23 07:17:58 0089 1                  44.767957 8.864927 00 00 313931323053303035353737            
20/10/23 07:18:00 0090 1                  44.767955 8.864933 00 00 313831323045303037313839            
20/10/23 07:19:44 0091 1                  44.768163 8.864988 00 00 3231303033304D3034393835            
20/10/23 07:20:19 0092 1                  44.768153 8.864930 00 00 313931323053303130333337            
20/10/23 07:37:10 0093 1                  44.762903 8.854792 00 00 313731313030583030303131            
20/10/23 07:38:19 0094 1                  44.762928 8.854808 00 00 313731313030583030303432            
20/10/23 07:38:53 0095 1                  44.762928 8.854835 00 00 E2000016661501670480E492            
20/10/23 07:39:32 0096 1                  44.762915 8.854823 00 00 313731313030583030303433            
20/10/23 07:39:55 0097 1                  44.762882 8.854820 00 00 313731313030583030303331            
20/10/23 07:40:36 0098 1                  44.762868 8.854830 00 00 30361427A00015800007AC2E            
20/10/23 07:40:36 0099 1                  44.762868 8.854830 00 00 313731313030583030303132            
20/10/23 07:46:29 0100 1                  44.767828 8.854035 00 00 3139313130304A3030303833            
20/10/23 07:53:47 0101 1                  44.763450 8.862645 00 00 000000000000000016741503            
20/10/23 08:28:57 0102 1                  44.767630 8.864245 00 00 30395DFA8317D041E7D6E052            
20/10/23 08:29:30 0103 1                  44.767675 8.864255 00 00 3035EBA8781EF5C00803A199            
20/10/23 08:29:31 0104 1                  44.767675 8.864255 00 00 3039606283B62E40C6ED4BEC            
20/10/23 08:29:32 0105 1                  44.767675 8.864257 00 00 303ACA4982806659D8B750EF            
20/10/23 08:30:09 0106 1                  44.767683 8.864237 00 00 1A846C287CB06047F4586A85            
20/10/23 08:30:24 0107 1                  44.767680 8.864223 00 00 3035EBDF784A5CC0080C15DD            
20/10/23 08:30:25 0108 1                  44.767680 8.864223 00 00 303ACA498208B119D8B62F27            
20/10/23 08:30:31 0109 1                  44.767675 8.864228 00 00 303ACA498241A89C4DA2E813            
20/10/23 08:30:33 0110 1                  44.767673 8.864228 00 00 3039612D43204649502F921A            
20/10/23 08:30:43 0111 1                  44.767667 8.864230 00 00 303ACB0340C0F799D8B6489E            
20/10/23 08:39:46 0112 1                  44.782688 8.879508 00 00 3139313130304A3030303236            
20/10/23 08:40:33 0113 1                  44.782687 8.879528 00 00 313931323045303030323133            
20/10/23 08:40:33 0114 1                  44.782687 8.879528 00 00 313931323045303030313933            
20/10/23 08:40:35 0115 1                  44.782685 8.879527 00 00 3034F7EDC01FF38AB41DBD49            
20/10/23 08:41:07 0116 1                  44.782672 8.879518 00 00 30340BEACC2ED0A540BECEA4            
20/10/23 08:41:13 0117 1                  44.782670 8.879520 00 00 313931323045303030323132            
20/10/23 09:47:56 0118 1                  44.766150 8.854128 00 00 323031313030433030343038            
20/10/23 09:48:38 0119 1                  44.766167 8.854118 00 00 323031313030433030343039            
20/10/23 09:49:05 0120 1                  44.766162 8.854127 00 00 313931313030433030303039            
20/10/23 09:49:38 0121 1                  44.766155 8.854118 00 00 313931313030433030303038            
20/10/23 11:15:50 0000 s 01503ver01 44.792332 8.739493 00 00
20/10/23 11:39:41 0122 1                  44.854148 8.583688 00 00 323032343056303031353135            
20/10/23 11:40:02 0123 1                  44.854122 8.583695 00 00 323032343056303031353136            
20/10/23 11:42:47 0124 1                  44.853293 8.582900 00 00 3231303234304A3030333333            
20/10/23 11:42:47 0125 1                  44.853293 8.582900 00 00 3231303234304A3030337333            
20/10/23 11:44:49 0126 1                  44.851225 8.580330 00 00 313832343045303031333335            
20/10/23 11:46:32 0127 1                  44.850857 8.579513 00 00 313832343045303032353031            
20/10/23 11:52:33 0128 1                  44.849335 8.585185 00 00 313832343045303032393138            
20/10/23 11:55:31 0129 1                  44.849948 8.581358 00 00 313832343045303030383730            
20/10/23 11:55:36 0130 1                  44.849945 8.581357 00 00 313832343045303033313239            
20/10/23 11:57:26 0131 1                  44.849380 8.579732 00 00 3232303234304A3030373639            
20/10/23 11:59:22 0132 1                  44.848873 8.579028 00 00 313832343045303032333731            
20/10/23 12:01:12 0133 1                  44.848548 8.578025 00 00 313832343045303032353536            
20/10/23 12:02:54 0134 1                  44.848882 8.577385 00 00 353832343045303032373031            
20/10/23 12:02:54 0135 1                  44.848882 8.577385 00 00 353832353045303032373031            
20/10/23 12:06:03 0136 1                  44.845232 8.578878 00 00 313832343045303032313931            
20/10/23 12:07:49 0137 1                  44.846247 8.578183 00 00 3233303234304A3030323139            
20/10/23 12:14:47 0138 1                  44.848367 8.578597 00 00 3233303234304A3030333532            
20/10/23 12:14:50 0139 1                  44.848365 8.578595 00 00 313832343045303032303431            
20/10/23 12:16:44 0140 1                  44.847630 8.579598 00 00 313832343045303032303339            
20/10/23 12:18:15 0141 1                  44.847372 8.579972 00 00 313832343045303030373738            
20/10/23 12:22:10 0142 1                  44.846478 8.580907 00 00 313832343045303031393933            
20/10/23 12:24:22 0143 1                  44.846287 8.580965 00 00 3231303234304A3030333934            
20/10/23 12:24:26 0144 1                  44.846285 8.580977 00 00 313832343045B03032373930            
20/10/23 12:24:28 0145 1                  44.846285 8.580978 00 00 313832343045303032373930            
20/10/23 12:26:37 0146 1                  44.844512 8.580567 00 00 313832343045303032383632            
20/10/23 12:29:40 0147 1                  44.845752 8.580920 00 00 3231303234304A3031363739            
20/10/23 12:31:01 0148 1                  44.845877 8.581187 00 00 3232303234304A3030303737            
20/10/23 12:31:16 0149 1                  44.845877 8.581183 00 00 313832343045303030393734            
20/10/23 12:32:50 0150 1                  44.845862 8.581323 00 00 313832343045303032313130            
20/10/23 12:34:44 0151 1                  44.845587 8.581787 00 00 313832343045303032313037            
20/10/23 12:34:45 0152 1                  44.845587 8.581787 00 00 31383234304A303031363531            
20/10/23 12:37:55 0153 1                  44.843035 8.584140 00 00 313832343045303032313834            
20/10/23 12:40:52 0154 1                  44.843653 8.582743 00 00 3231303234304A3030363030            
20/10/23 12:44:59 0155 1                  44.843280 8.587260 00 00 313832343045303030343833            
20/10/23 12:47:08 0156 1                  44.842615 8.588735 00 00 323032343056303030333731            
20/10/23 12:48:38 0157 1                  44.842630 8.588165 00 00 323032343056303030353630            
20/10/23 12:50:10 0158 1                  44.842547 8.587197 00 00 3231303234304A3031353231            
20/10/23 12:51:43 0159 1                  44.842405 8.586273 00 00 313832343045303030383039            
20/10/23 12:55:03 0160 1                  44.844137 8.579838 00 00 313832343045303030393430            
20/10/23 12:57:40 0161 1                  44.844192 8.577703 00 00 313832343045303033313436            
20/10/23 13:03:28 0000 s 01503ver01 44.843840 8.577658 00 00
20/10/23 13:17:16 0162 1                  44.843488 8.578875 00 00 3232303234304A3030353438            
20/10/23 13:17:58 0163 1                  44.843477 8.578900 00 00 313832343045303032333533            
20/10/23 13:24:11 0164 1                  44.840757 8.584822 00 00 3232303234304A3030353234            
20/10/23 13:24:13 0165 1                  44.840757 8.584820 00 00 313832343045303032363937            
20/10/23 13:28:07 0166 1                  44.838352 8.603533 00 00 313832343045303031303638            
20/10/23 13:31:44 0167 1                  44.836563 8.610852 00 00 313832343045303030373634            
20/10/23 13:31:44 0168 1                  44.836563 8.610852 00 00 313832343045303031303134            
20/10/23 13:37:16 0169 1                  44.840293 8.585920 00 00 313832343045303033323035            
20/10/23 13:42:04 0170 1                  44.842455 8.581435 00 00 313832343045303031393030            
20/10/23 13:44:35 0171 1                  44.842698 8.578230 00 00 3232303234304A3030363339            
20/10/23 13:47:45 0172 1                  44.844282 8.571785 00 00 313832343045303031373531            
20/10/23 13:49:39 0173 1                  44.844947 8.571600 00 00 313832343045303031333336            
20/10/23 13:49:41 0174 1                  44.844948 8.571600 00 00 313832343045303030393030            
20/10/23 13:55:50 0175 1                  44.844662 8.572302 00 00 3230303234304A3030353331            
20/10/23 13:58:03 0176 1                  44.844638 8.573620 00 00 313832343045303032333735            
20/10/23 14:11:48 0177 1                  44.840045 8.577778 00 00 3232303234304A3030333031            
20/10/23 14:11:50 0178 1                  44.840045 8.577778 00 00 3232303234304A3030343936            
20/10/23 14:12:37 0179 1                  44.840082 8.577790 00 00 3232303234304A3030343931            
20/10/23 14:18:02 0180 1                  44.839628 8.582470 00 00 313832343045303031303635            
20/10/23 14:22:08 0181 1                  44.840573 8.577872 00 00 E2000016661001582060419F            
20/10/23 14:22:11 0182 1                  44.840570 8.577870 00 00 313832343045303031363932            
20/10/23 14:23:09 0183 1                  44.840555 8.577855 00 00 313832343045303031363837            
20/10/23 14:23:10 0184 1                  44.840555 8.577855 00 00 313832343045303031363838            
20/10/23 14:25:46 0185 1                  44.840992 8.577567 00 00 313932343045303030373539            
20/10/23 14:27:47 0186 1                  44.841878 8.577980 00 00 3232303234304A3030313434            
20/10/23 14:32:33 0187 1                  44.837285 8.574905 00 00 313832343045303031303630            
20/10/23 14:32:34 0188 1                  44.837285 8.574905 00 00 31383234304A303031313639            
20/10/23 14:41:59 0189 1                  44.840612 8.575023 00 00 313832343045303032323639            
20/10/23 14:43:39 0190 1                  44.840592 8.575435 00 00 313832343045303033313336            
20/10/23 14:45:22 0191 1                  44.840555 8.576682 00 00 313832343045303031393034            
20/10/23 14:47:52 0192 1                  44.840317 8.576870 00 00 313832343045303030373536            
20/10/23 14:55:03 0193 1                  44.841267 8.585633 00 00 313832343045303031303237            
20/10/23 15:59:33 0000 s 01503ver01 44.792872 8.739828 00 00
