23/10/23 05:12:49 0000 s 01512ver01 44.792412 8.739527 00 00
23/10/23 05:32:50 0001 1                  44.727323 8.854032 00 00 3232313130304A3030333135            
23/10/23 05:33:51 0002 1                  44.727473 8.854077 00 00 313932343045303030373334            
23/10/23 05:35:26 0003 1                  44.727103 8.854488 00 00 31383132304A303231373537            
23/10/23 05:35:54 0004 1                  44.727078 8.854527 00 00 3230303033304D3035353633            
23/10/23 05:36:21 0005 1                  44.727052 8.854488 00 00 31383033304D303033333637            
23/10/23 05:37:41 0006 1                  44.726532 8.854550 00 00 31383132304A303139343137            
23/10/23 05:38:40 0007 1                  44.726467 8.854495 00 00 313931313030503030313731            
23/10/23 05:39:27 0008 1                  44.726442 8.854478 00 00 313931313030503030323031            
23/10/23 05:40:11 0009 1                  44.726572 8.854597 00 00 313931313030503030323730            
23/10/23 05:41:36 0010 1                  44.726523 8.854543 00 00 31383132304A303230373937            
23/10/23 05:41:38 0011 1                  44.726522 8.854540 00 00 313931323050303033363936            
23/10/23 05:44:13 0012 1                  44.726727 8.855630 00 00 313931313030503030313335            
23/10/23 05:45:08 0013 1                  44.726767 8.855842 00 00 313931313030503030313334            
23/10/23 05:45:10 0014 1                  44.726767 8.855857 00 00 30340BF8E83CE8617D7AD804            
23/10/23 05:45:10 0015 1                  44.726767 8.855857 00 00 303534D238269E401E859726            
23/10/23 05:45:24 0016 1                  44.726763 8.855975 00 00 30340BF8D81BB12BEEC0EC04            
23/10/23 05:47:01 0017 1                  44.725805 8.855673 00 00 31383132304A303139393734            
23/10/23 05:48:30 0018 1                  44.725152 8.856113 00 00 31383033304D303034363435            
23/10/23 05:48:44 0019 1                  44.725168 8.856150 00 00 31383033304D303034363635            
23/10/23 05:50:39 0020 1                  44.724840 8.856325 00 00 313931313030503030313237            
23/10/23 05:51:18 0021 1                  44.724948 8.856455 00 00 3231303033304D3032383136            
23/10/23 05:53:43 0022 1                  44.724620 8.856475 00 00 31383132304A303139313637            
23/10/23 05:55:32 0023 1                  44.724472 8.856628 00 00 31383033304D303033333035            
23/10/23 05:56:39 0024 1                  44.724117 8.856883 00 00 313931323050303033383236            
23/10/23 05:58:08 0025 1                  44.723797 8.857383 00 00 3231303033304D3033313739            
23/10/23 05:58:10 0026 1                  44.723818 8.857422 00 00 31383033304D303034323736            
23/10/23 05:59:04 0027 1                  44.723987 8.857663 00 00 3231303033304D3033303233            
23/10/23 06:00:13 0028 1                  44.723472 8.857590 00 00 31383132304A303139393639            
23/10/23 06:03:09 0029 1                  44.710163 8.861018 00 00 31383132304A303231343635            
23/10/23 06:04:07 0030 1                  44.709860 8.861153 00 00 31383132304A303139393937            
23/10/23 06:04:36 0031 1                  44.709845 8.861147 00 00 31383132304A303139343637            
23/10/23 06:06:07 0032 1                  44.709607 8.861292 00 00 313832343045303034303434            
23/10/23 06:07:52 0033 1                  44.708917 8.861513 00 00 313931323050303031313639            
23/10/23 06:08:56 0034 1                  44.708628 8.861683 00 00 31383132304A303231343730            
23/10/23 06:10:17 0035 1                  44.706255 8.863950 00 00 31383132304A303138383734            
23/10/23 06:11:40 0036 1                  44.703812 8.866630 00 00 31383132304A303230363032            
23/10/23 06:14:19 0037 1                  44.707680 8.862807 00 00 31383132304A303231343637            
23/10/23 06:14:38 0038 1                  44.707672 8.862797 00 00 31383132304A303231303739            
23/10/23 06:16:00 0039 1                  44.708347 8.862167 00 00 31383132304A303230353437            
23/10/23 06:17:29 0040 1                  44.708877 8.859875 00 00 31383132304A303230303032            
23/10/23 06:19:31 0041 1                  44.704467 8.858102 00 00 3231303234304A3034373238            
23/10/23 06:22:53 0042 1                  44.697882 8.860960 00 00 31383132304A303139343638            
23/10/23 06:26:09 0043 1                  44.704810 8.859193 00 00 313931313030503030313534            
23/10/23 06:27:23 0044 1                  44.703930 8.859210 00 00 313931323045303630323738            
23/10/23 06:28:52 0045 1                  44.703128 8.859895 00 00 313931313030503030303637            
23/10/23 06:32:16 0046 1                  44.704848 8.860813 00 00 313831323045303231303934            
23/10/23 06:32:49 0047 1                  44.704827 8.860815 00 00 313931313030503030323931            
23/10/23 06:38:10 0048 1                  44.724208 8.857598 00 00 31383132304A303232303931            
23/10/23 06:38:30 0049 1                  44.724222 8.857535 00 00 31383132304A303230383536            
23/10/23 06:38:40 0050 1                  44.724228 8.857507 00 00 31383132304A303230383535            
23/10/23 06:39:27 0051 1                  44.724593 8.857327 00 00 31383033304D303033353932            
23/10/23 06:40:03 0052 1                  44.724602 8.857338 00 00 31383132304A303138393932            
23/10/23 06:40:13 0053 1                  44.724603 8.857328 00 00 31383132304A303230363233            
23/10/23 06:41:08 0054 1                  44.724905 8.857252 00 00 31383132304A303230363136            
23/10/23 06:41:22 0055 1                  44.724905 8.857243 00 00 31383033304D303034373631            
23/10/23 06:41:26 0056 1                  44.724905 8.857242 00 00 31383033304D303034313330            
23/10/23 06:42:59 0057 1                  44.725205 8.857242 00 00 3231303234304A3032313436            
23/10/23 06:43:01 0058 1                  44.725202 8.857242 00 00 3034DFB36C5F83199C845D1F            
23/10/23 06:43:05 0059 1                  44.725197 8.857242 00 00 3039611941BF7AC9502F9EAD            
23/10/23 06:43:19 0060 1                  44.725180 8.857257 00 00 303549A8A01BD9CCCE416829            
23/10/23 06:45:30 0061 1                  44.726935 8.855835 00 00 313931313030503030303935            
23/10/23 06:47:01 0062 1                  44.726848 8.855567 00 00 313932343045303030373335            
23/10/23 06:47:46 0063 1                  44.726838 8.855588 00 00 313931323050303032373130            
23/10/23 06:47:46 0064 1                  44.726838 8.855588 00 00 31383132304A303230343735            
23/10/23 06:49:41 0065 1                  44.726142 8.856232 00 00 313931313030503030333738            
23/10/23 06:50:31 0066 1                  44.726140 8.856272 00 00 313931313030503030313133            
23/10/23 06:52:30 0067 1                  44.725603 8.856747 00 00 313931313030503030323133            
23/10/23 06:53:15 0068 1                  44.725533 8.856943 00 00 313931313030503030323034            
23/10/23 06:54:05 0069 1                  44.725468 8.857108 00 00 313931313030503030323036            
23/10/23 06:58:02 0070 1                  44.723270 8.857172 00 00 31383132304A303138353239            
23/10/23 06:58:30 0071 1                  44.723257 8.857140 00 00 313932343045303030373438            
23/10/23 06:59:41 0072 1                  44.723127 8.857028 00 00 31383033304D303034363433            
23/10/23 06:59:51 0073 1                  44.723127 8.857048 00 00 31383033304D303033333531            
23/10/23 07:04:32 0000 s 01512ver01 44.722810 8.856487 00 00
23/10/23 07:05:52 0074 1                  44.722843 8.856515 00 00 31383132304A303230313837            
23/10/23 07:11:30 0075 1                  44.723020 8.856365 00 00 3232313130304A3030303936            
23/10/23 07:12:39 0076 1                  44.723075 8.856400 00 00 313931313030503030313239            
23/10/23 07:14:48 0077 1                  44.723628 8.856105 00 00 31383033304D303034303235            
23/10/23 07:14:54 0078 1                  44.723633 8.856083 00 00 31383033304D303034303236            
23/10/23 07:14:58 0079 1                  44.723638 8.856070 00 00 31383033304D303034303636            
23/10/23 07:15:18 0080 1                  44.723633 8.856062 00 00 3231303033304D3032363335            
23/10/23 07:15:20 0081 1                  44.723635 8.856063 00 00 3230303033304D3038353036            
23/10/23 07:15:26 0082 1                  44.723635 8.856070 00 00 31383033304D303034303639            
23/10/23 07:17:35 0083 1                  44.723798 8.856558 00 00 313931313030503030313838            
23/10/23 07:19:10 0084 1                  44.724132 8.855822 00 00 31383132304A303139343835            
23/10/23 07:20:49 0085 1                  44.724615 8.855637 00 00 313931313030503030323234            
23/10/23 07:22:36 0086 1                  44.724183 8.855677 00 00 313931323050303035353631            
23/10/23 07:22:55 0087 1                  44.724182 8.855658 00 00 31383132304A303138393134            
23/10/23 07:24:03 0088 1                  44.724270 8.856103 00 00 31383132304A303139343730            
23/10/23 07:24:15 0089 1                  44.724245 8.856125 00 00 31383132304A303139373238            
23/10/23 07:24:32 0090 1                  44.724218 8.856148 00 00 31383033304D303034363231            
23/10/23 07:25:22 0091 1                  44.724430 8.856317 00 00 31383033304D303034373035            
23/10/23 07:25:30 0092 1                  44.724443 8.856287 00 00 31383033304D303034363837            
23/10/23 07:25:36 0093 1                  44.724458 8.856275 00 00 31383033304D303034363437            
23/10/23 07:25:50 0094 1                  44.724482 8.856263 00 00 3230303033304D3038383432            
23/10/23 07:26:17 0095 1                  44.724498 8.856288 00 00 31383033304D303034373033            
23/10/23 07:26:29 0096 1                  44.724498 8.856310 00 00 3230303033304D3032393130            
23/10/23 07:26:55 0097 1                  44.724485 8.856360 00 00 31383033304D303034363736            
23/10/23 07:27:01 0098 1                  44.724475 8.856372 00 00 E28011700000021060A2523E            
23/10/23 07:29:43 0099 1                  44.722430 8.856938 00 00 31383033304D303033343130            
23/10/23 07:29:53 0100 1                  44.722452 8.856892 00 00 31383033304D303034373431            
23/10/23 07:29:53 0101 1                  44.722452 8.856892 00 00 30395DFA82D03CC0001BBB0A            
23/10/23 07:29:53 0102 1                  44.722452 8.856892 00 00 30395DFA82BFE140001EBAAE            
23/10/23 07:30:01 0103 1                  44.722472 8.856857 00 00 31383033304D303033353237            
23/10/23 07:30:07 0104 1                  44.722497 8.856833 00 00 31383033304D303034313331            
23/10/23 07:31:06 0105 1                  44.722447 8.856540 00 00 31383132304A303139303331            
23/10/23 07:32:51 0106 1                  44.723448 8.854382 00 00 31383033304D303034373536            
23/10/23 07:32:57 0107 1                  44.723453 8.854378 00 00 31383033304D303034373331            
23/10/23 07:33:11 0108 1                  44.723450 8.854367 00 00 31383033304D303033333037            
23/10/23 07:33:27 0109 1                  44.723452 8.854357 00 00 31383132304A303231313339            
23/10/23 07:33:27 0110 1                  44.723452 8.854357 00 00 31383132304A303231313338            
23/10/23 07:34:16 0111 1                  44.723408 8.854335 00 00 31383132304A303231313337            
23/10/23 07:34:16 0112 1                  44.723408 8.854335 00 00 31383132304A303231343038            
23/10/23 07:35:46 0113 1                  44.723662 8.854085 00 00 313931313030503030313533            
23/10/23 07:37:34 0114 1                  44.723592 8.854075 00 00 31383132304A303230343839            
23/10/23 07:38:22 0115 1                  44.723587 8.854055 00 00 3035EB7F183155000600B04F            
23/10/23 07:38:50 0116 1                  44.724163 8.853877 00 00 30395DFA830D1E820B04DEA0            
23/10/23 07:39:35 0117 1                  44.725368 8.853163 00 00 31383132304A303138393639            
23/10/23 07:40:54 0118 1                  44.725050 8.852708 00 00 31383132304A303139363238            
23/10/23 07:41:04 0119 1                  44.725047 8.852700 00 00 31383132304A303139363330            
23/10/23 07:42:02 0120 1                  44.725048 8.852658 00 00 313931313030503030323534            
23/10/23 07:44:06 0121 1                  44.724633 8.852818 00 00 31383132304A303139343631            
23/10/23 07:46:27 0122 1                  44.724152 8.852850 00 00 313931313030503030313130            
23/10/23 07:47:19 0123 1                  44.724152 8.852918 00 00 313931313030503030313039            
23/10/23 07:47:23 0124 1                  44.724155 8.852922 00 00 313931313030503030313239            
23/10/23 07:48:52 0125 1                  44.724175 8.852975 00 00 313931313030503030323232            
23/10/23 07:50:48 0126 1                  44.724153 8.851992 00 00 31383132304A303138383730            
23/10/23 07:51:18 0127 1                  44.724145 8.851960 00 00 31383132304A303138383635            
23/10/23 07:52:27 0128 1                  44.723700 8.852532 00 00 31383132304A303138383637            
23/10/23 07:53:11 0129 1                  44.723912 8.852377 00 00 31383132304A303138353336            
23/10/23 07:54:06 0130 1                  44.723503 8.852633 00 00 31383132304A303138383638            
23/10/23 07:54:06 0131 1                  44.723503 8.852633 00 00 31383132304A303138383638            
23/10/23 07:54:30 0132 1                  44.723507 8.852642 00 00 31383132304A303138383639            
23/10/23 07:56:29 0133 1                  44.722097 8.852992 00 00 3233303132304A3030363536            
23/10/23 07:56:29 0134 1                  44.722097 8.852992 00 00 3231303234304A3032333233            
23/10/23 08:00:11 0135 1                  44.721555 8.852722 00 00 31383132304A303138373B39            
23/10/23 08:03:57 0136 1                  44.721742 8.853240 00 00 313931313030503030313439            
23/10/23 08:04:40 0137 1                  44.721730 8.853158 00 00 3231313130304A3030313738            
23/10/23 08:05:20 0138 1                  44.721787 8.853223 00 00 30395DFA831D9740D9842312            
23/10/23 08:05:20 0139 1                  44.721787 8.853223 00 00 313931313030503030323132            
23/10/23 08:07:15 0140 1                  44.721430 8.853638 00 00 31383132304A303139333237            
23/10/23 08:08:18 0141 1                  44.721135 8.853213 00 00 31383132304A303234393639            
23/10/23 08:08:44 0142 1                  44.721163 8.853213 00 00 313931313030503030323535            
23/10/23 08:09:27 0143 1                  44.721158 8.853228 00 00 31383132304A303138373337            
23/10/23 08:11:10 0144 1                  44.721172 8.853198 00 00 30395DFA830D1E820B04DEA0            
23/10/23 08:11:46 0145 1                  44.721152 8.853175 00 00 30395DFA8323D8C00012F0D3            
23/10/23 08:13:11 0146 1                  44.721062 8.853100 00 00 313931313030503030303131            
23/10/23 08:14:22 0147 1                  44.720337 8.853397 00 00 31383132304A303236383238            
23/10/23 08:14:32 0148 1                  44.720325 8.853397 00 00 31383132304A303237303839            
23/10/23 08:14:56 0149 1                  44.720313 8.853435 00 00 31383033304D303034303430            
23/10/23 08:15:02 0150 1                  44.720320 8.853482 00 00 31383033304D303034303732            
23/10/23 08:15:04 0151 1                  44.720322 8.853488 00 00 31383033304D303034303339            
23/10/23 08:15:53 0152 1                  44.720183 8.853783 00 00 31383132304A303138373037            
23/10/23 08:17:48 0153 1                  44.720423 8.854303 00 00 313931323050303130333136            
23/10/23 08:21:08 0154 1                  44.722382 8.854917 00 00 313931313030503030303538            
23/10/23 08:22:10 0155 1                  44.722387 8.854912 00 00 313931313030503030303537            
23/10/23 08:24:24 0156 1                  44.722705 8.855163 00 00 E280117000000209B7DDC29C            
23/10/23 08:24:24 0157 1                  44.722705 8.855163 00 00 313931313030503030303530            
23/10/23 08:25:14 0158 1                  44.722752 8.855128 00 00 313931313030503030303539            
23/10/23 08:27:54 0159 1                  44.721870 8.855860 00 00 313931313030503030333238            
23/10/23 08:30:05 0160 1                  44.722503 8.857432 00 00 313931313030503030313834            
23/10/23 09:45:17 0000 s 01512ver01 44.882603 8.834518 00 00
