26/10/23 04:43:40 0000 s 01884ver01 44.882225 8.859900 00 00
26/10/23 04:45:07 0001 1                  44.882080 8.860172 00 00 3231303234304A3032363336            
26/10/23 05:08:43 0002 1                  44.889295 8.853333 00 00 3231303032334D3031383230            
26/10/23 05:08:59 0003 1                  44.889208 8.853325 00 00 323030323545303033363330            
26/10/23 05:09:20 0004 1                  44.889118 8.853282 00 00 3231303032334D3035383631            
26/10/23 05:09:33 0005 1                  44.889125 8.853277 00 00 323030323545303033303831            
26/10/23 05:09:43 0006 1                  44.889140 8.853257 00 00 323030323545303033303539            
26/10/23 05:09:52 0007 1                  44.889148 8.853263 00 00 323030323545303033363837            
26/10/23 05:10:03 0008 1                  44.889160 8.853275 00 00 3232303032334D3030343733            
26/10/23 05:10:18 0009 1                  44.889152 8.853233 00 00 323030323545303032323934            
26/10/23 05:12:45 0010 1                  44.889138 8.854713 00 00 31383032334D303036363831            
26/10/23 05:13:48 0011 1                  44.889098 8.855033 00 00 31383132304A303039303137            
26/10/23 05:15:21 0012 1                  44.889188 8.855552 00 00 3232303032334D3031313536            
26/10/23 05:17:27 0013 1                  44.886525 8.855677 00 00 3231303132304A3037343334            
26/10/23 05:17:49 0014 1                  44.886500 8.855748 00 00 31383032334D303036343832            
26/10/23 05:20:42 0015 1                  44.888033 8.854338 00 00 31383032334D303036363930            
26/10/23 05:21:51 0016 1                  44.888988 8.854355 00 00 31383032334D303036363934            
26/10/23 05:23:57 0017 1                  44.887185 8.854090 00 00 31383032334D303135303432            
26/10/23 05:25:54 0018 1                  44.886173 8.853677 00 00 31383032334D303036353437            
26/10/23 05:28:57 0019 1                  44.885425 8.855978 00 00 31383032334D303134393132            
26/10/23 05:31:22 0020 1                  44.884673 8.855475 00 00 31383032334D303036343038            
26/10/23 05:34:07 0021 1                  44.885205 8.856163 00 00 31383132304A303039303139            
26/10/23 05:35:54 0022 1                  44.885432 8.856248 00 00 31383132304A303039303232            
26/10/23 05:36:20 0023 1                  44.885443 8.856335 00 00 31383132304A303039303231            
26/10/23 05:39:08 0024 1                  44.885898 8.856288 00 00 31383132304A303039323434            
26/10/23 05:43:22 0025 1                  44.883882 8.856820 00 00 31383234304A303030323330            
26/10/23 05:44:45 0026 1                  44.883882 8.856890 00 00 3231303234304A3032393538            
26/10/23 05:45:15 0027 1                  44.883852 8.856830 00 00 3231303234304A3032393539            
26/10/23 05:46:21 0028 1                  44.883917 8.856895 00 00 3231303234304A3032393639            
26/10/23 06:01:35 0029 1                  44.883437 8.857042 00 00 323032343055303030313739            
26/10/23 06:01:50 0030 1                  44.883453 8.857052 00 00 323032343055303030313738            
26/10/23 06:02:47 0031 1                  44.883548 8.857080 00 00 323032343055303030313831            
26/10/23 06:02:47 0032 1                  44.883548 8.857080 00 00 323032343055303030313831            
26/10/23 06:07:09 0033 1                  44.883588 8.853753 00 00 3231303032334D3030313334            
26/10/23 06:09:06 0034 1                  44.882513 8.855127 00 00 31383032334D303033373631            
26/10/23 06:12:21 0035 1                  44.879320 8.856482 00 00 31383132304A303039323436            
26/10/23 06:15:48 0036 1                  44.880615 8.856025 00 00 323030323545303033313233            
26/10/23 06:16:51 0037 1                  44.880043 8.855163 00 00 31383032334D303036363132            
26/10/23 06:20:16 0038 1                  44.877842 8.855962 00 00 31383032334D303134393533            
26/10/23 06:20:27 0039 1                  44.877845 8.855935 00 00 3232303032334D3030323839            
26/10/23 06:20:37 0040 1                  44.877840 8.855910 00 00 3232303032334D3031393139            
26/10/23 06:22:07 0041 1                  44.877180 8.855145 00 00 31383032334D303036343035            
26/10/23 06:23:26 0042 1                  44.877955 8.854890 00 00 31383032334D303036363131            
26/10/23 06:24:23 0043 1                  44.877538 8.854675 00 00 31383234304A303030333739            
26/10/23 06:28:14 0044 1                  44.872915 8.856322 00 00 3231303032334D3034363134            
26/10/23 06:31:29 0045 1                  44.876728 8.852868 00 00 3232303032334D3031313034            
26/10/23 06:34:24 0046 1                  44.880787 8.854233 00 00 31383032334D303135303531            
26/10/23 06:35:17 0047 1                  44.881015 8.854307 00 00 31383032334D303135313137            
26/10/23 06:35:51 0048 1                  44.881017 8.854297 00 00 323031323055303030303632            
26/10/23 06:42:38 0049 1                  44.887385 8.855040 00 00 3231303234304A3032393636            
26/10/23 06:43:47 0050 1                  44.887373 8.855082 00 00 323032343055303030333033            
26/10/23 06:52:26 0051 1                  44.887412 8.854980 00 00 3231303234304A3032363336            
26/10/23 07:06:38 0000 s 01884ver01 44.882628 8.859958 00 00
26/10/23 07:06:53 0052 1                  44.882653 8.859907 00 00 3231303234304A3032363336            
26/10/23 07:29:25 0053 1                  44.849153 8.884635 00 00 31383072334D303037323435            
26/10/23 07:32:27 0054 1                  44.848208 8.885315 00 00 31383032334D303137333431            
26/10/23 07:33:59 0055 1                  44.848497 8.885983 00 00 31383032334D303137353438            
26/10/23 07:36:10 0056 1                  44.849102 8.887777 00 00 313831323045303039303239            
26/10/23 07:38:24 0057 1                  44.849240 8.888190 00 00 31383032334D303038373830            
26/10/23 07:39:00 0058 1                  44.849247 8.888210 00 00 31383032334D303133333831            
26/10/23 07:40:06 0059 1                  44.849383 8.888592 00 00 31383032334D303038353233            
26/10/23 07:41:27 0060 1                  44.849285 8.888992 00 00 31383032334D303133343134            
26/10/23 07:42:47 0061 1                  44.849322 8.888933 00 00 31383032334D303133353736            
26/10/23 07:43:16 0062 1                  44.849263 8.888905 00 00 313832343045303030323836            
26/10/23 07:45:27 0063 1                  44.849412 8.888842 00 00 31383032334D303133343636            
26/10/23 07:46:50 0064 1                  44.849323 8.887782 00 00 31383032334D303137343033            
26/10/23 07:47:46 0065 1                  44.849460 8.887468 00 00 31383032334D303138383932            
26/10/23 07:48:46 0066 1                  44.849612 8.887220 00 00 31383032334D303131303236            
26/10/23 07:49:32 0067 1                  44.849660 8.887250 00 00 31383032334D303133323635            
26/10/23 07:49:50 0068 1                  44.849683 8.887258 00 00 31383032334D303038373439            
26/10/23 07:51:01 0069 1                  44.849688 8.887085 00 00 31383032334D303039353032            
26/10/23 07:51:12 0070 1                  44.849682 8.887080 00 00 31383032334D303131373736            
26/10/23 07:52:25 0071 1                  44.850637 8.886283 00 00 31383032334D303137353630            
26/10/23 07:53:34 0072 1                  44.850897 8.886345 00 00 31383072334D303138383432            
26/10/23 07:54:42 0073 1                  44.851182 8.886490 00 00 31383032334D303137343533            
26/10/23 07:55:39 0074 1                  44.851088 8.886615 00 00 31383032334D303137343930            
26/10/23 07:56:18 0075 1                  44.850873 8.886930 00 00 31383032334D303133343730            
26/10/23 07:57:38 0076 1                  44.850923 8.887345 00 00 223097642309170002010000            
26/10/23 07:58:05 0077 1                  44.850967 8.887292 00 00 534D5004E700010137303036            
26/10/23 07:59:04 0078 1                  44.850500 8.889198 00 00 3233303032334D3030333139            
26/10/23 08:01:21 0079 1                  44.849788 8.889858 00 00 31383032334D303133333633            
26/10/23 08:02:20 0080 1                  44.849732 8.889597 00 00 31383032334D303133333839            
26/10/23 08:03:19 0081 1                  44.849660 8.889382 00 00 31383032334D303133343032            
26/10/23 08:03:28 0082 1                  44.849675 8.889355 00 00 31383032334D30313334303200000000    
26/10/23 08:05:54 0083 1                  44.849667 8.889225 00 00 534D50006B00010132303839            
26/10/23 08:05:56 0084 1                  44.849665 8.889212 00 00 3231303032334D3033363035            
26/10/23 08:07:25 0085 1                  44.849832 8.888820 00 00 31383032334D303133333833            
26/10/23 08:07:25 0086 1                  44.849832 8.888820 00 00 31383032334D303133333833            
26/10/23 08:08:22 0087 1                  44.849853 8.888697 00 00 31383032334D303133323634            
26/10/23 08:09:22 0088 1                  44.849985 8.888650 00 00 31383032334D303137333838            
26/10/23 08:11:49 0089 1                  44.851690 8.888327 00 00 3232303032334D3031303332            
26/10/23 08:12:21 0090 1                  44.851670 8.888320 00 00 31383032334D303139313931            
26/10/23 08:25:46 0091 1                  44.853043 8.893500 00 00 31383032334D303137333637            
26/10/23 08:26:31 0092 1                  44.852908 8.893053 00 00 31383032334D303037343439            
26/10/23 08:26:31 0093 1                  44.852908 8.893053 00 00 31383032334D303133323933            
26/10/23 08:27:53 0094 1                  44.852780 8.892542 00 00 31383032334D303133323934            
26/10/23 08:28:50 0095 1                  44.852703 8.891948 00 00 31383032334D303030383130            
26/10/23 08:29:55 0096 1                  44.852785 8.891778 00 00 31383032334D303133323031            
26/10/23 08:30:57 0097 1                  44.852908 8.891337 00 00 31383032334D303038373938            
26/10/23 08:32:34 0098 1                  44.853103 8.888712 00 00 323030323545303039313633            
26/10/23 08:33:47 0099 1                  44.851825 8.888182 00 00 3231303032334D3034353130            
26/10/23 08:34:38 0100 1                  44.851352 8.887845 00 00 31383032334D303138373237            
26/10/23 08:36:34 0101 1                  44.850288 8.887875 00 00 31383032334D303133353237            
26/10/23 08:37:12 0102 1                  44.850198 8.887830 00 00 323030323545303034373136            
26/10/23 08:38:01 0103 1                  44.850142 8.888007 00 00 31383032334D303038363439            
26/10/23 08:38:11 0104 1                  44.850058 8.888032 00 00 31383032334D303038353731            
26/10/23 08:39:38 0105 1                  44.849717 8.888372 00 00 31383032334D303133333738            
26/10/23 08:45:09 0106 1                  44.848728 8.888830 00 00 323030323545303034323436            
26/10/23 08:46:28 0107 1                  44.848028 8.889475 00 00 31383032334D303038373530            
26/10/23 08:50:13 0108 1                  44.847292 8.891192 00 00 3232303032334D3031303331            
26/10/23 08:51:10 0109 1                  44.847808 8.891608 00 00 31383032334D303137353334            
26/10/23 08:52:09 0110 1                  44.847972 8.891802 00 00 31383032334D303133343638            
26/10/23 08:53:34 0111 1                  44.848555 8.890673 00 00 31383032334D303137343435            
26/10/23 08:54:39 0112 1                  44.848342 8.890047 00 00 31383032334D303138383331            
26/10/23 08:55:03 0113 1                  44.848325 8.890068 00 00 31383032334D303133343133            
26/10/23 08:57:32 0114 1                  44.848457 8.892078 00 00 31383032334D303137333537            
26/10/23 08:58:45 0115 1                  44.848892 8.891837 00 00 31383032334D303133343534            
26/10/23 09:05:13 0116 1                  44.854022 8.903367 00 00 31383032334D303133323631            
26/10/23 09:05:58 0117 1                  44.853943 8.902968 00 00 31383032334D303137353137            
26/10/23 09:07:55 0118 1                  44.852527 8.901675 00 00 31383032334D303137353531            
26/10/23 09:09:53 0119 1                  44.849755 8.897542 00 00 31383032334D303133353930            
26/10/23 09:15:53 0120 1                  44.850478 8.894662 00 00 31383032334D303038343432            
26/10/23 09:18:02 0121 1                  44.850330 8.891428 00 00 31383032334D303137333535            
26/10/23 09:18:39 0122 1                  44.850240 8.891113 00 00 31383032334D303131373739            
26/10/23 09:21:33 0123 1                  44.849330 8.886685 00 00 31383032334D303137323138            
26/10/23 09:23:34 0124 1                  44.851503 8.886293 00 00 31383032334D303137343534            
26/10/23 09:24:29 0125 1                  44.851685 8.886105 00 00 31383032334D303131393038            
26/10/23 09:25:35 0126 1                  44.852598 8.885565 00 00 31383032334D303137323332            
26/10/23 09:27:30 0127 1                  44.854663 8.883943 00 00 31383032334D303137323333            
26/10/23 09:28:32 0128 1                  44.854872 8.883603 00 00 31383032334D303137333235            
26/10/23 09:30:07 0129 1                  44.855497 8.883485 00 00 31383032334D303137353131            
26/10/23 09:31:59 0130 1                  44.851838 8.885593 00 00 31383032334D303137323430            
26/10/23 09:33:05 0131 1                  44.851148 8.886142 00 00 31383032334D303037353539            
26/10/23 09:33:53 0132 1                  44.850843 8.886107 00 00 31383032334D303137353539            
26/10/23 09:35:01 0133 1                  44.850238 8.886083 00 00 31383032334D303137323135            
26/10/23 09:36:11 0134 1                  44.848835 8.886812 00 00 31383032334D303138383835            
26/10/23 09:38:38 0135 1                  44.846253 8.888823 00 00 31383032334D303133323639            
26/10/23 09:39:32 0136 1                  44.846490 8.889012 00 00 323030323545303036363432            
26/10/23 09:40:41 0137 1                  44.846593 8.889175 00 00 31383032334D303133343033            
26/10/23 09:42:01 0138 1                  44.846817 8.890198 00 00 31383032334D303133343036            
26/10/23 09:42:57 0139 1                  44.846040 8.891845 00 00 31383032334D303137353230            
26/10/23 09:45:41 0140 1                  44.842678 8.897470 00 00 31383032334D303137333835            
26/10/23 09:46:01 0141 1                  44.842695 8.897490 00 00 31383032334D303137343632            
26/10/23 09:46:56 0142 1                  44.842753 8.897850 00 00 31383032334D303137343932            
26/10/23 09:51:25 0143 1                  44.847227 8.889183 00 00 31383032334D303038363530            
26/10/23 09:52:06 0144 1                  44.847708 8.888075 00 00 3231303032334D3031333630            
26/10/23 09:58:12 0145 1                  44.849310 8.869512 00 00 31383032334D303137323137            
26/10/23 10:23:55 0146 1                  44.882157 8.860430 00 00 3232303234304A3030393430            
26/10/23 10:24:59 0147 1                  44.882657 8.859985 00 00 E20000166616009915107B95            
26/10/23 11:09:23 0000 s 01884ver01 44.882505 8.860125 00 00
26/10/23 11:18:00 0148 1                  44.882328 8.860270 00 00 3231303234304A3034323236            
26/10/23 11:20:34 0000 s 01884ver01 44.882638 8.860065 00 00
26/10/23 11:37:57 0000 s 01884ver01 44.882117 8.860125 00 00
