26/10/23 05:31:52 0000 s 01484ver01 44.882277 8.859872 00 00
26/10/23 05:48:01 0001 1                  44.966720 8.814247 00 00 31383032334D303134387633            
26/10/23 05:49:07 0002 1                  44.970237 8.812868 00 00 31383032334D303135363039            
26/10/23 05:49:12 0003 1                  44.970242 8.812860 00 00 31383032334D303132303232            
26/10/23 05:50:39 0004 1                  44.972432 8.811745 00 00 31383032334D303032353838            
26/10/23 05:50:43 0005 1                  44.972432 8.811735 00 00 31383032334D303032373337            
26/10/23 05:51:37 0006 1                  44.969867 8.812652 00 00 31383032334D303030313138            
26/10/23 05:55:52 0007 1                  44.976440 8.813568 00 00 31383032334D303032333338            
26/10/23 05:58:01 0008 1                  44.984873 8.820015 00 00 31383032334D303035333636            
26/10/23 05:59:01 0009 1                  44.986443 8.822555 00 00 3232303032334D3031313336            
26/10/23 06:01:00 0010 1                  44.988462 8.826717 00 00 31383032334D303132313338            
26/10/23 06:04:29 0011 1                  44.995048 8.826597 00 00 31383032334D303034323131            
26/10/23 06:07:55 0012 1                  45.001218 8.837342 00 00 31383032334D303034323132            
26/10/23 06:08:38 0013 1                  45.000730 8.835713 00 00 31383032334D303030313031            
26/10/23 06:09:10 0014 1                  45.000605 8.835300 00 00 31383032334D303134313735            
26/10/23 06:10:31 0015 1                  45.000215 8.833888 00 00 3231303234304A3031303539            
26/10/23 06:12:55 0016 1                  45.003342 8.830200 00 00 31383032334D303039393439            
26/10/23 06:21:06 0017 1                  44.996442 8.840582 00 00 31383032334D303031393134            
26/10/23 06:21:57 0018 1                  44.996438 8.838827 00 00 31383032334D303130343230            
26/10/23 06:22:41 0019 1                  44.996467 8.837508 00 00 31383032334D303032373332            
26/10/23 06:26:48 0020 1                  44.988295 8.818338 00 00 31383032334D303037353931            
26/10/23 06:28:26 0021 1                  44.985297 8.816250 00 00 31383032334D303031383534            
26/10/23 06:28:53 0022 1                  44.985198 8.815923 00 00 31383032334D303031383533            
26/10/23 06:30:38 0023 1                  44.983945 8.811368 00 00 323032343055303030303339            
26/10/23 06:31:57 0024 1                  44.984408 8.810395 00 00 3231303132304A3035323135            
26/10/23 06:32:24 0025 1                  44.984403 8.810362 00 00 3231303132304A3035323134            
26/10/23 06:32:49 0026 1                  44.984407 8.810373 00 00 3231303132304A3037373036            
26/10/23 06:34:18 0027 1                  44.984712 8.813460 00 00 31383032334D303032343135            
26/10/23 06:34:48 0028 1                  44.984807 8.813835 00 00 31383032334D303032343830            
26/10/23 06:36:41 0029 1                  44.985143 8.818342 00 00 313831323045303039323336            
26/10/23 06:38:49 0030 1                  44.987342 8.820622 00 00 31383032334D303030303431            
26/10/23 06:39:45 0031 1                  44.990190 8.821318 00 00 31383032334D303030333630            
26/10/23 06:40:21 0032 1                  44.990790 8.822172 00 00 31383032334D303032353338            
26/10/23 06:41:05 0033 1                  44.991723 8.823490 00 00 31383032334D303030303435            
26/10/23 06:44:06 0034 1                  44.984813 8.830342 00 00 31383032334D303132333131            
26/10/23 06:49:37 0035 1                  44.976523 8.839023 00 00 31383032334D303038333830            
26/10/23 06:52:53 0036 1                  44.979423 8.820257 00 00 31383032334D303035343237            
26/10/23 06:55:43 0037 1                  44.975387 8.814475 00 00 31383032334D303030363432            
26/10/23 07:03:30 0038 1                  44.976915 8.815428 00 00 31383032334D303130373231            
26/10/23 07:07:22 0039 1                  44.957812 8.825350 00 00 3231303032334D3034313336            
26/10/23 07:10:14 0040 1                  44.959413 8.828368 00 00 31383032334D303132333735            
26/10/23 07:13:41 0041 1                  44.965895 8.834818 00 00 31383032334D303030303836            
26/10/23 07:14:54 0042 1                  44.966198 8.835407 00 00 31383032334D303138373239            
26/10/23 07:15:25 0043 1                  44.966455 8.835628 00 00 31383032334D303039393239            
26/10/23 07:16:21 0044 1                  44.968105 8.836690 00 00 31383032334D303035353838            
26/10/23 07:17:09 0045 1                  44.968870 8.838210 00 00 31383032334D303035353832            
26/10/23 07:18:21 0046 1                  44.969958 8.838002 00 00 31383032334D303035343138            
26/10/23 07:19:49 0047 1                  44.969183 8.836935 00 00 31383032334D303139313237            
26/10/23 07:19:56 0048 1                  44.969185 8.836933 00 00 31383032334D303132323733            
26/10/23 07:20:11 0049 1                  44.969180 8.836937 00 00 31383032334D303031373631            
26/10/23 07:30:11 0050 1                  44.953132 8.815392 00 00 31383032334D303035353139            
26/10/23 08:05:05 0051 1                  44.974173 8.780913 00 00 31383032334D303037323535            
26/10/23 08:06:11 0052 1                  44.974398 8.779055 00 00 3233303032334D3030323936            
26/10/23 08:18:00 0053 1                  44.964093 8.773147 00 00 31383032334D303132323831            
26/10/23 08:32:20 0054 1                  44.958220 8.765420 00 00 31383032334D303132323732            
26/10/23 08:34:56 0055 1                  44.957380 8.777983 00 00 31383032334D303138373837            
26/10/23 08:59:15 0056 1                  44.968367 8.785935 00 00 31383032334D303036323636            
26/10/23 09:01:32 0057 1                  44.975213 8.794805 00 00 31383032334D303132303036            
26/10/23 09:04:27 0058 1                  44.975093 8.810940 00 00 3232303032334D3031343439            
26/10/23 09:05:59 0059 1                  44.977463 8.810013 00 00 313831323045303039323338            
26/10/23 09:07:21 0060 1                  44.977660 8.809932 00 00 31383032334D303132303632            
26/10/23 09:07:28 0061 1                  44.977673 8.809918 00 00 31383032334D303032353935            
26/10/23 09:08:27 0062 1                  44.977813 8.809847 00 00 31383032334D303035323432            
26/10/23 09:10:35 0063 1                  44.978832 8.809200 00 00 31383032334D303132323137            
26/10/23 09:12:27 0064 1                  44.977213 8.809750 00 00 31383032334D303035323739            
26/10/23 09:13:17 0065 1                  44.975925 8.810273 00 00 31383032334D303132303230            
26/10/23 09:46:39 0000 s 01484ver01 44.927758 8.828593 00 00
