16/10/23 05:05:04 0000 s 01884ver01 44.882180 8.860255 00 00
16/10/23 05:14:15 0001 1                  44.889328 8.855595 00 00 31383032334D303036343034            
16/10/23 05:14:32 0002 1                  44.889328 8.855583 00 00 31383032334D303135313733            
16/10/23 05:16:01 0003 1                  44.889245 8.853342 00 00 323030323545303033303733            
16/10/23 05:16:24 0004 1                  44.889223 8.853307 00 00 323030323545303032313633            
16/10/23 05:16:43 0005 1                  44.889197 8.853300 00 00 3231303032334D3035383631            
16/10/23 05:17:11 0006 1                  44.889162 8.853285 00 00 323030323545303032353231            
16/10/23 05:17:30 0007 1                  44.889168 8.853295 00 00 323030323545303033303632            
16/10/23 05:17:48 0008 1                  44.889177 8.853302 00 00 323030323545303033303539            
16/10/23 05:18:00 0009 1                  44.889178 8.853308 00 00 323030323545303033303033            
16/10/23 05:18:12 0010 1                  44.889172 8.853318 00 00 323030323545303032393933            
16/10/23 05:18:21 0011 1                  44.889168 8.853313 00 00 323030323545303032353531            
16/10/23 05:18:49 0012 1                  44.889178 8.853303 00 00 323030323545303032313531            
16/10/23 05:19:10 0013 1                  44.889217 8.853325 00 00 323030323545303033303833            
16/10/23 05:19:26 0014 1                  44.889187 8.853280 00 00 3231303032334D3031373837            
16/10/23 05:19:44 0015 1                  44.889158 8.853232 00 00 3232303032334D3030343733            
16/10/23 05:20:00 0016 1                  44.889198 8.853255 00 00 323030323545303033303831            
16/10/23 05:20:25 0017 1                  44.889225 8.853290 00 00 323030323545303033303834            
16/10/23 05:20:45 0018 1                  44.889203 8.853310 00 00 323030323545303032323934            
16/10/23 05:21:06 0019 1                  44.889188 8.853288 00 00 323030323545303033303630            
16/10/23 05:21:29 0020 1                  44.889195 8.853312 00 00 3231303032334D3031383230            
16/10/23 05:23:07 0021 1                  44.889147 8.853075 00 00 31383032334D30B036373734            
16/10/23 05:23:23 0022 1                  44.889158 8.853060 00 00 3232303032334D3031303434            
16/10/23 05:23:40 0023 1                  44.889180 8.853058 00 00 3232303032334D3031383936            
16/10/23 05:26:06 0024 1                  44.889140 8.853673 00 00 31383032334D303139363732            
16/10/23 05:27:14 0025 1                  44.889227 8.854625 00 00 31383032334D303036363832            
16/10/23 05:27:20 0026 1                  44.889228 8.854625 00 00 3138303A334D303036363832            
16/10/23 05:28:09 0027 1                  44.889213 8.854765 00 00 31383032334D303036363831            
16/10/23 05:29:21 0028 1                  44.889163 8.855060 00 00 31383132304A303039303137            
16/10/23 05:31:27 0029 1                  44.889187 8.855555 00 00 3232303032334D3031313536            
16/10/23 05:33:43 0030 1                  44.886495 8.855637 00 00 31383032334D303036343832            
16/10/23 05:33:45 0031 1                  44.886497 8.855640 00 00 3231303132304A3037343334            
16/10/23 05:37:28 0032 1                  44.887990 8.854320 00 00 31383032334D303036363930            
16/10/23 05:38:32 0033 1                  44.888997 8.854323 00 00 31383032334D303036363934            
16/10/23 05:39:58 0034 1                  44.888532 8.854042 00 00 31383032334D303036363839            
16/10/23 05:40:12 0035 1                  44.888435 8.854027 00 00 31383032334D303036363935            
16/10/23 05:41:29 0036 1                  44.887207 8.854217 00 00 31383032334D303139303733            
16/10/23 05:41:44 0037 1                  44.887193 8.854232 00 00 31383032334D303135303432            
16/10/23 05:43:36 0038 1                  44.886192 8.853608 00 00 31383032334D303036353437            
16/10/23 05:44:41 0039 1                  44.886180 8.853265 00 00 31383032334D303036353436            
16/10/23 05:46:43 0040 1                  44.886738 8.854488 00 00 31383032334D303036343039            
16/10/23 05:48:49 0041 1                  44.885488 8.855900 00 00 31383032334D303032313733            
16/10/23 05:49:40 0042 1                  44.885293 8.855953 00 00 31383032334D303134393132            
16/10/23 05:51:05 0043 1                  44.884787 8.855137 00 00 323030323545303032333338            
16/10/23 05:52:45 0044 1                  44.884655 8.855480 00 00 31383032334D303036343038            
16/10/23 05:56:32 0045 1                  44.885170 8.856303 00 00 31383132304A303039303230            
16/10/23 06:01:12 0046 1                  44.885487 8.856320 00 00 31383132304A303039303231            
16/10/23 06:01:27 0047 1                  44.885475 8.856347 00 00 31383132304A303039303232            
16/10/23 06:06:43 0048 1                  44.885993 8.856167 00 00 31383132304A303039323434            
16/10/23 06:10:48 0049 1                  44.883852 8.856807 00 00 3231303234304A3032393639            
16/10/23 06:13:08 0050 1                  44.883805 8.856817 00 00 3231303234304A3032393638            
16/10/23 06:13:33 0051 1                  44.883803 8.856823 00 00 31383234304A303030323330            
16/10/23 06:14:45 0052 1                  44.883832 8.856863 00 00 3231303234304A3032393539            
16/10/23 06:15:15 0053 1                  44.883842 8.856863 00 00 3231303234304A3032393538            
16/10/23 06:21:29 0054 1                  44.883412 8.857023 00 00 323032343055303030313739            
16/10/23 06:21:52 0055 1                  44.883418 8.857073 00 00 323032343055303030313738            
16/10/23 06:22:35 0056 1                  44.883440 8.857100 00 00 323032343055303030313831            
16/10/23 06:23:15 0057 1                  44.883445 8.857135 00 00 323032343055303030313830            
16/10/23 06:27:07 0058 1                  44.883620 8.853792 00 00 3231303032334D3030313334            
16/10/23 06:29:48 0059 1                  44.882525 8.855120 00 00 31383032334D303036373030            
16/10/23 06:30:01 0060 1                  44.882527 8.855138 00 00 31383032334D303033373631            
16/10/23 06:33:30 0061 1                  44.879337 8.856478 00 00 31383132304A303039323436            
16/10/23 06:36:10 0062 1                  44.880218 8.857557 00 00 31383032334D303134383534            
16/10/23 06:38:32 0063 1                  44.880050 8.855167 00 00 31383032334D303036363132            
16/10/23 06:41:49 0064 1                  44.877827 8.855902 00 00 3231303032334D3030313734            
16/10/23 06:42:03 0065 1                  44.877843 8.855898 00 00 31383032334D303037353736            
16/10/23 06:42:16 0066 1                  44.877863 8.855893 00 00 31383032334D303134393533            
16/10/23 06:42:33 0067 1                  44.877890 8.855878 00 00 3232303032334D3030303430            
16/10/23 06:42:43 0068 1                  44.877890 8.855863 00 00 31383032334D303135353830            
16/10/23 06:43:01 0069 1                  44.877862 8.855835 00 00 31383032334D303131343730            
16/10/23 06:43:18 0070 1                  44.877850 8.855815 00 00 3232303032334D3031393139            
16/10/23 06:44:48 0071 1                  44.877240 8.855113 00 00 31383032334D303036343035            
16/10/23 06:45:57 0072 1                  44.877593 8.855028 00 00 3231303234304A3034353331            
16/10/23 06:48:02 0073 1                  44.877948 8.854850 00 00 31383032334D303036363131            
16/10/23 06:49:05 0074 1                  44.877538 8.854688 00 00 31383234304A303030333739            
16/10/23 06:53:22 0075 1                  44.872960 8.856175 00 00 3231303032334D3034363134            
16/10/23 06:53:34 0076 1                  44.872970 8.856183 00 00 3231303032334D3035313130            
16/10/23 06:56:43 0077 1                  44.876712 8.852807 00 00 3232303032334D3031313034            
16/10/23 06:58:41 0078 1                  44.878420 8.853282 00 00 31383032334D303132383838            
16/10/23 07:00:26 0079 1                  44.880755 8.854100 00 00 31383032334D303139373032            
16/10/23 07:01:32 0080 1                  44.880900 8.854235 00 00 31383032334D303135303531            
16/10/23 07:02:27 0081 1                  44.881035 8.854263 00 00 31383032334D303135313137            
16/10/23 07:02:49 0082 1                  44.881043 8.854252 00 00 3231303132304A3037343533            
16/10/23 07:04:59 0083 1                  44.881463 8.854472 00 00 3232303032334D3031303336            
16/10/23 07:09:26 0084 1                  44.887402 8.855053 00 00 3231303234304A3032393636            
16/10/23 07:11:02 0085 1                  44.887380 8.854983 00 00 323032343055303030333033            
16/10/23 07:37:36 0000 s 01884ver01 44.882520 8.859998 00 00
16/10/23 08:00:46 0086 1                  44.848918 8.884228 00 00 31383032334D303137323134            
16/10/23 08:02:16 0087 1                  44.849018 8.884685 00 00 31383032334D303137323139            
16/10/23 08:02:42 0088 1                  44.848998 8.884672 00 00 31383072334D303037323435            
16/10/23 08:05:50 0089 1                  44.848607 8.884220 00 00 3231303032334D3035373130            
16/10/23 08:06:46 0090 1                  44.848143 8.885162 00 00 31383032334D303137333431            
16/10/23 08:08:40 0091 1                  44.848928 8.887310 00 00 111080000000000639411695            
16/10/23 08:09:33 0092 1                  44.849093 8.887815 00 00 313831323045303039303239            
16/10/23 08:11:10 0093 1                  44.849227 8.888240 00 00 31383032334D303133333831            
16/10/23 08:12:18 0094 1                  44.849357 8.888627 00 00 31383032334D303038353233            
16/10/23 08:13:46 0095 1                  44.849293 8.889035 00 00 31383032334D303133343134            
16/10/23 08:15:38 0096 1                  44.849340 8.888925 00 00 313832343045303030323836            
16/10/23 08:17:39 0097 1                  44.849510 8.889155 00 00 31383032334D303133343135            
16/10/23 08:17:46 0098 1                  44.849578 8.889328 00 00 31383032334D303133333838            
16/10/23 08:18:16 0099 1                  44.849613 8.889518 00 00 31383032334D303133333636            
16/10/23 08:18:18 0100 1                  44.849613 8.889522 00 00 31383032334D303038343938            
16/10/23 08:18:55 0101 1                  44.849653 8.889512 00 00 31383032334D303133333839            
16/10/23 08:21:10 0102 1                  44.849578 8.889075 00 00 3231303032334D3033363035            
16/10/23 08:22:01 0103 1                  44.849532 8.888825 00 00 31383032334D303133343636            
16/10/23 08:23:30 0104 1                  44.849285 8.887763 00 00 31383032334D303137343033            
16/10/23 08:24:55 0105 1                  44.849385 8.887572 00 00 3231303132304A3035333432            
16/10/23 08:26:53 0106 1                  44.849512 8.887442 00 00 31383032334D303138383932            
16/10/23 08:27:44 0107 1                  44.849668 8.887217 00 00 31383032334D303038373439            
16/10/23 08:27:50 0108 1                  44.849672 8.887197 00 00 31383032334D303137353631            
16/10/23 08:28:12 0109 1                  44.849663 8.887197 00 00 31383032334D303131303236            
16/10/23 08:29:20 0110 1                  44.849723 8.887067 00 00 31383032334D303131373736            
16/10/23 08:29:43 0111 1                  44.849732 8.887093 00 00 31383032334D303039353032            
16/10/23 08:31:50 0112 1                  44.850882 8.886385 00 00 31383072334D303138383432            
16/10/23 08:32:59 0113 1                  44.851170 8.886573 00 00 31383032334D303137343533            
16/10/23 08:33:51 0114 1                  44.851073 8.886618 00 00 31383032334D303137343930            
16/10/23 08:36:17 0115 1                  44.850488 8.889262 00 00 3233303032334D3030333139            
16/10/23 08:37:21 0116 1                  44.849952 8.890342 00 00 31383032334D303138383839            
16/10/23 08:38:39 0117 1                  44.849710 8.889977 00 00 31383032334D303133333633            
16/10/23 08:39:12 0118 1                  44.849693 8.889982 00 00 31383032334D303133333835            
16/10/23 08:40:10 0119 1                  44.849645 8.889307 00 00 3231303032334D3033363035            
16/10/23 08:40:42 0120 1                  44.849785 8.888883 00 00 31383032334D303133333833            
16/10/23 08:40:50 0121 1                  44.849782 8.888882 00 00 31383032334D303133333833            
16/10/23 08:42:34 0122 1                  44.849788 8.888755 00 00 31383032334D303133323634            
16/10/23 08:43:50 0123 1                  44.850005 8.888683 00 00 31383032334D303137333839            
16/10/23 08:46:33 0124 1                  44.851148 8.888020 00 00 31383032334D303138373237            
16/10/23 08:48:45 0125 1                  44.852640 8.891575 00 00 31383032334D303133323031            
16/10/23 08:49:48 0126 1                  44.852525 8.892200 00 00 31383032334D303137333633            
16/10/23 08:51:41 0127 1                  44.852830 8.892985 00 00 31383032334D303133323933            
16/10/23 08:56:44 0128 1                  44.852773 8.892535 00 00 31383032334D303133323934            
16/10/23 08:57:38 0129 1                  44.852700 8.891950 00 00 31383032334D303030383130            
16/10/23 08:58:32 0130 1                  44.852853 8.891352 00 00 31383032334D303038373938            
16/10/23 09:00:16 0131 1                  44.853097 8.888723 00 00 323030323545303039313633            
16/10/23 09:01:50 0132 1                  44.851778 8.888207 00 00 3231303032334D3034353130            
16/10/23 09:02:25 0133 1                  44.851725 8.888135 00 00 31383032334D303133353837            
16/10/23 09:02:52 0134 1                  44.851742 8.888110 00 00 31383032334D303139313931            
16/10/23 09:02:58 0135 1                  44.851740 8.888110 00 00 3232303032334D3031303332            
16/10/23 09:04:23 0136 1                  44.851652 8.888018 00 00 3231303032334D3035363936            
16/10/23 09:05:35 0137 1                  44.851403 8.887935 00 00 31383032334D303136323436            
16/10/23 09:06:21 0138 1                  44.851293 8.887867 00 00 31383032334D303138373237            
16/10/23 09:07:49 0139 1                  44.850328 8.887797 00 00 323030323545303034373136            
16/10/23 09:08:44 0140 1                  44.850205 8.887907 00 00 31383032334D303133353237            
16/10/23 09:09:42 0141 1                  44.850148 8.888170 00 00 31383032334D303038363439            
16/10/23 09:10:08 0142 1                  44.850157 8.888203 00 00 31383032334D303038353235            
16/10/23 09:11:04 0143 1                  44.849783 8.888288 00 00 31383032334D303133333738            
16/10/23 09:11:59 0144 1                  44.849518 8.888457 00 00 31383032334D303136323433            
16/10/23 09:12:49 0145 1                  44.849255 8.888460 00 00 31383032334D303038373431            
16/10/23 09:13:53 0146 1                  44.848727 8.888683 00 00 323030323545303034323436            
16/10/23 09:14:42 0147 1                  44.848620 8.888885 00 00 31383032334D303133343639            
16/10/23 09:16:05 0148 1                  44.848265 8.889108 00 00 31383032334D303133353236            
16/10/23 09:17:11 0149 1                  44.847500 8.889453 00 00 3231303032334D3030373930            
16/10/23 09:19:17 0150 1                  44.847403 8.890015 00 00 31383032334D303137343438            
16/10/23 09:21:49 0151 1                  44.847088 8.890955 00 00 31383032334D303138393736            
16/10/23 09:23:39 0152 1                  44.847240 8.891160 00 00 31383032334D303136303330            
16/10/23 09:24:57 0153 1                  44.847757 8.891648 00 00 31383032334D303137353334            
16/10/23 09:25:57 0154 1                  44.847962 8.891840 00 00 31383032334D303133343638            
16/10/23 09:27:06 0155 1                  44.848392 8.891593 00 00 31383032334D303133343737            
16/10/23 09:28:36 0156 1                  44.848548 8.890582 00 00 31383032334D303137343437            
16/10/23 09:29:31 0157 1                  44.848403 8.890107 00 00 3232303032334D3030393133            
16/10/23 09:29:44 0158 1                  44.848382 8.890080 00 00 31383032334D303138383331            
16/10/23 09:30:10 0159 1                  44.848365 8.890070 00 00 31383032334D303133343137            
16/10/23 09:30:45 0160 1                  44.848362 8.890073 00 00 31383032334D303133343133            
16/10/23 09:31:48 0161 1                  44.848278 8.889918 00 00 31383032334D303137333636            
16/10/23 09:33:18 0162 1                  44.847348 8.890052 00 00 31383032334D303137343438            
16/10/23 09:34:25 0163 1                  44.848500 8.892012 00 00 31383032334D303137333537            
16/10/23 09:35:34 0164 1                  44.848880 8.891855 00 00 31383032334D303133343534            
16/10/23 09:35:41 0165 1                  44.848885 8.891860 00 00 31383032334D303133343830            
16/10/23 09:37:21 0166 1                  44.849283 8.891492 00 00 31383032334D303038353335            
16/10/23 09:39:08 0167 1                  44.850065 8.891105 00 00 31383032334D303131373739            
16/10/23 09:40:04 0168 1                  44.850225 8.891350 00 00 31383032334D303137333535            
16/10/23 09:41:01 0169 1                  44.850542 8.892663 00 00 31383032334D303138373236            
16/10/23 09:46:25 0170 1                  44.854087 8.902950 00 00 31383032334D303137353138            
16/10/23 09:47:46 0171 1                  44.854027 8.903393 00 00 31383032334D303133323631            
16/10/23 09:49:04 0172 1                  44.853913 8.902957 00 00 31383032334D303137353137            
16/10/23 09:50:00 0173 1                  44.853537 8.903053 00 00 31383032334D303133333935            
16/10/23 09:51:32 0174 1                  44.853595 8.903732 00 00 3232303032334D3030303439            
16/10/23 09:53:11 0175 1                  44.852813 8.902958 00 00 31383032334D303137333435            
16/10/23 09:54:28 0176 1                  44.852540 8.901638 00 00 31383032334D303137353531            
16/10/23 09:56:03 0177 1                  44.849742 8.897535 00 00 31383032334D303133353930            
16/10/23 09:58:19 0178 1                  44.848543 8.895517 00 00 31383032334D303133323033            
16/10/23 10:02:22 0179 1                  44.850482 8.894700 00 00 31383032334D303038343432            
16/10/23 10:05:15 0180 1                  44.849332 8.886702 00 00 31383032334D303137323138            
16/10/23 10:07:00 0181 1                  44.851497 8.886327 00 00 31383032334D303137343534            
16/10/23 10:07:34 0182 1                  44.851508 8.886262 00 00 31383032334D303137323331            
16/10/23 10:09:27 0183 1                  44.851673 8.886143 00 00 31383032334D303131393038            
16/10/23 10:10:27 0184 1                  44.852582 8.885582 00 00 31383032334D303137323332            
16/10/23 10:12:54 0185 1                  44.854715 8.884167 00 00 31383032334D303137343139            
16/10/23 10:13:10 0186 1                  44.854722 8.884163 00 00 31383032334D303137323033            
16/10/23 10:14:03 0187 1                  44.854668 8.883915 00 00 31383032334D303137323333            
16/10/23 10:17:28 0188 1                  44.855475 8.883495 00 00 31383032334D303137353131            
16/10/23 10:18:33 0189 1                  44.855472 8.882937 00 00 31383032334D303135313539            
16/10/23 10:20:38 0190 1                  44.851890 8.885617 00 00 31383032334D303137323430            
16/10/23 10:21:44 0191 1                  44.851122 8.886115 00 00 31383032334D303037353539            
16/10/23 10:22:38 0192 1                  44.850382 8.886078 00 00 31383032334D303131373236            
16/10/23 10:23:41 0193 1                  44.849790 8.886155 00 00 31383032334D303137353434            
16/10/23 10:24:51 0194 1                  44.848832 8.886810 00 00 31383032334D303138383835            
16/10/23 10:25:56 0195 1                  44.847325 8.888205 00 00 3232303032334D3030323332            
16/10/23 10:27:20 0196 1                  44.846475 8.889028 00 00 30180011DC348200002542B4            
16/10/23 10:27:50 0197 1                  44.846227 8.888752 00 00 31383032334D303133323639            
16/10/23 10:28:03 0198 1                  44.846215 8.888760 00 00 31383032334D303133343136            
16/10/23 10:29:01 0199 1                  44.846472 8.889013 00 00 323030323545303036363432            
16/10/23 10:29:58 0200 1                  44.846605 8.889120 00 00 31383032334D303133343033            
16/10/23 10:31:15 0201 1                  44.846810 8.890252 00 00 31383032334D303133343036            
16/10/23 10:33:01 0202 1                  44.846415 8.891415 00 00 31383032334D303138393731            
16/10/23 10:41:17 0203 1                  44.846072 8.891858 00 00 31383032334D303137353230            
16/10/23 10:41:17 0204 1                  44.846072 8.891858 00 00 31383032334D303137353136            
16/10/23 10:43:20 0205 1                  44.843173 8.897220 00 00 31383032334D303133343034            
16/10/23 10:44:36 0206 1                  44.842660 8.897448 00 00 31383032334D303137333835            
16/10/23 10:44:57 0207 1                  44.842662 8.897487 00 00 31383032334D303137343632            
16/10/23 10:46:23 0208 1                  44.842752 8.897905 00 00 31383032334D303137343932            
16/10/23 10:46:42 0209 1                  44.842763 8.897907 00 00 31383032334D303137343136            
16/10/23 10:51:18 0210 1                  44.847102 8.889757 00 00 31383032334D303137343431            
16/10/23 10:52:09 0211 1                  44.847218 8.889097 00 00 31383032334D303038363530            
16/10/23 10:52:52 0212 1                  44.847720 8.888047 00 00 3231303032334D3031333630            
16/10/23 11:06:05 0213 1                  44.882250 8.860227 00 00 300ED89F3350005FE2D3CDA6            
16/10/23 11:49:45 0214 1                  44.896097 8.855303 00 00 C30C30C30C30C30C30C30C30            
