23/10/23 10:28:26 0000 s 01496ver01 44.882455 8.860703 00 00
23/10/23 10:28:37 0000 s 01496ver01 0 0 00 00
23/10/23 11:05:47 0001 1                  44.907587 8.832255 00 00 313831323045303234363134            
23/10/23 11:07:38 0002 1                  44.906693 8.835130 00 00 313831323045303235353537            
23/10/23 11:14:31 0003 1                  44.907807 8.839090 00 00 313931323045303630323237            
23/10/23 11:18:12 0004 1                  44.904212 8.834233 00 00 313831323045303235343931            
23/10/23 11:18:13 0005 1                  44.904213 8.834232 00 00 313831323045303235373635            
23/10/23 11:20:32 0006 1                  44.903557 8.830950 00 00 313831323045303235343837            
23/10/23 11:23:19 0007 1                  44.904682 8.814408 00 00 313831323045303235303034            
23/10/23 11:23:20 0008 1                  44.904682 8.814408 00 00 313831323045303231363038            
23/10/23 11:24:18 0009 1                  44.904730 8.814003 00 00 313831323045303235303130            
23/10/23 11:25:35 0010 1                  44.904903 8.813550 00 00 313831323045303235303039            
23/10/23 11:25:36 0011 1                  44.904905 8.813552 00 00 313931323050303039363537            
23/10/23 11:27:27 0012 1                  44.905275 8.810752 00 00 313831323045303235373334            
23/10/23 11:27:30 0013 1                  44.905263 8.810748 00 00 313831323045303235373333            
23/10/23 11:28:08 0014 1                  44.905237 8.810735 00 00 313831323045303235373336            
23/10/23 11:29:20 0015 1                  44.905498 8.808988 00 00 313931323045303630323831            
23/10/23 11:35:12 0016 1                  44.905170 8.799665 00 00 313831323045303235323533            
23/10/23 11:35:13 0017 1                  44.905172 8.799667 00 00 313831323045303235373633            
23/10/23 11:42:00 0018 1                  44.893318 8.803472 00 00 313931323050303032343230            
23/10/23 11:42:44 0019 1                  44.893313 8.803475 00 00 323031313030503030303932            
23/10/23 11:44:39 0020 1                  44.892318 8.806205 00 00 3231313130304A3032353937            
23/10/23 11:44:40 0021 1                  44.892317 8.806207 00 00 3035E8BF604F5F0000045CBF            
23/10/23 11:46:37 0022 1                  44.893417 8.812580 00 00 313931323045303235323437            
23/10/23 11:46:37 0023 1                  44.893417 8.812580 00 00 313831323045303235323437            
23/10/23 11:46:38 0024 1                  44.893417 8.812580 00 00 313831323045303235323436            
23/10/23 11:48:41 0025 1                  44.893057 8.812988 00 00 313831323045303235323530            
23/10/23 11:48:41 0026 1                  44.893057 8.812988 00 00 313831323045303235323438            
23/10/23 11:48:42 0027 1                  44.893057 8.812988 00 00 313831323045303235323530            
23/10/23 11:49:14 0028 1                  44.893088 8.812908 00 00 313831323045303235323439            
23/10/23 11:50:39 0029 1                  44.893368 8.812947 00 00 313931323045303630333131            
23/10/23 11:51:58 0030 1                  44.893578 8.814162 00 00 313931323050303035393939            
23/10/23 11:53:00 0031 1                  44.892983 8.814250 00 00 313931323045303630313338            
23/10/23 11:57:35 0032 1                  44.894055 8.818477 00 00 313831323045303234363131            
23/10/23 11:59:03 0033 1                  44.894218 8.821103 00 00 323031313030503030313136            
23/10/23 12:00:58 0034 1                  44.894040 8.822517 00 00 313831323045303235333134            
23/10/23 12:02:47 0035 1                  44.894580 8.824543 00 00 323031313030503030313737            
23/10/23 12:04:56 0036 1                  44.893167 8.824660 00 00 323031313030503030313939            
23/10/23 12:05:35 0037 1                  44.893153 8.824717 00 00 3231313130304A3031333635            
23/10/23 12:06:16 0038 1                  44.893167 8.824733 00 00 323031313030503030323638            
23/10/23 12:07:36 0039 1                  44.893135 8.824718 00 00 3232313130304A3030333032            
23/10/23 12:10:56 0040 1                  44.894268 8.825703 00 00 313931323045303630353635            
23/10/23 12:11:11 0041 1                  44.894237 8.825735 00 00 313931323045303630303839            
23/10/23 12:16:15 0042 1                  44.894392 8.827685 00 00 313931323050303033353834            
23/10/23 12:16:16 0043 1                  44.894392 8.827685 00 00 313931323045303630363236            
23/10/23 12:17:21 0044 1                  44.894352 8.827968 00 00 313831323045303235383334            
23/10/23 12:18:33 0045 1                  44.894777 8.828712 00 00 313931323045303630313433            
23/10/23 12:21:44 0046 1                  44.894423 8.828848 00 00 313831323045303235323434            
23/10/23 12:24:54 0047 1                  44.894455 8.827315 00 00 313831323045303235393433            
23/10/23 12:35:08 0048 1                  44.919455 8.820588 00 00 313831323045303235333436            
23/10/23 12:36:27 0049 1                  44.919352 8.821322 00 00 313831323045303235373236            
23/10/23 12:36:27 0050 1                  44.919352 8.821322 00 00 313831323045303233333833            
23/10/23 12:39:20 0051 1                  44.915468 8.828678 00 00 313831323045303235343930            
23/10/23 12:43:35 0052 1                  44.915353 8.828085 00 00 313831323045303235343932            
23/10/23 12:43:36 0053 1                  44.915358 8.828093 00 00 313931323050303037373238            
23/10/23 12:44:54 0054 1                  44.915132 8.828020 00 00 313831323045303235373035            
23/10/23 12:49:47 0055 1                  44.913297 8.823603 00 00 313931323050303036323338            
23/10/23 12:51:08 0056 1                  44.913520 8.823602 00 00 313831323045303235363033            
23/10/23 12:51:08 0057 1                  44.913520 8.823602 00 00 313831323045303235373637            
23/10/23 12:55:07 0058 1                  44.913102 8.822003 00 00 313831323045303232383433            
23/10/23 12:59:29 0059 1                  44.913563 8.831852 00 00 313831323045303235313034            
23/10/23 13:00:50 0060 1                  44.913132 8.831680 00 00 313931323045303630333735            
23/10/23 13:03:31 0061 1                  44.911175 8.835107 00 00 313831323045303235333033            
23/10/23 13:04:48 0062 1                  44.911898 8.835472 00 00 313932343050303030333835            
23/10/23 13:07:10 0063 1                  44.909927 8.838210 00 00 323031313030503030323035            
23/10/23 13:15:16 0064 1                  44.922912 8.840573 00 00 313831323045303235353333            
23/10/23 13:17:21 0065 1                  44.921885 8.842848 00 00 313931323050303131343937            
23/10/23 13:20:19 0066 1                  44.924537 8.840705 00 00 313931323050303132313138            
23/10/23 13:22:01 0067 1                  44.924363 8.841892 00 00 313831323045303235373630            
23/10/23 13:28:40 0068 1                  44.930510 8.827942 00 00 313831323045303235333032            
23/10/23 13:28:42 0069 1                  44.930510 8.827943 00 00 313831323045303235393034            
23/10/23 13:29:36 0070 1                  44.930735 8.827843 00 00 313971323050303033383636            
23/10/23 13:31:36 0071 1                  44.933632 8.825173 00 00 313931323045303630313430            
23/10/23 13:33:51 0072 1                  44.932780 8.816872 00 00 313831323045303138353934            
23/10/23 13:34:50 0073 1                  44.932722 8.816448 00 00 313831323045303235393538            
23/10/23 13:35:50 0074 1                  44.932672 8.816173 00 00 313931323050303131303035            
23/10/23 13:35:50 0075 1                  44.932672 8.816173 00 00 313831323045303139363132            
23/10/23 13:36:54 0076 1                  44.932668 8.815742 00 00 313931323045303630343337            
23/10/23 13:41:40 0077 1                  44.930697 8.811485 00 00 313831323045303138353933            
23/10/23 13:41:41 0078 1                  44.930697 8.811483 00 00 313831323045303138353932            
23/10/23 13:43:25 0079 1                  44.932285 8.812817 00 00 313831323045303235373536            
23/10/23 13:44:51 0080 1                  44.932585 8.815265 00 00 313831323045303234343237            
23/10/23 13:44:54 0081 1                  44.932577 8.815272 00 00 313831323045303234363237            
23/10/23 13:50:25 0082 1                  44.940423 8.828358 00 00 313931323045303630313332            
23/10/23 13:51:54 0083 1                  44.939457 8.831277 00 00 313931323045303630313434            
23/10/23 13:53:21 0084 1                  44.937972 8.831380 00 00 313931323045303630313431            
23/10/23 14:00:58 0085 1                  44.946337 8.828538 00 00 313931323045303630303739            
23/10/23 14:00:58 0086 1                  44.946337 8.828538 00 00 313931323050303034363834            
23/10/23 14:07:11 0087 1                  44.939710 8.824388 00 00 323031313030503030313238            
23/10/23 14:08:20 0088 1                  44.939663 8.824312 00 00 3231313130304A3030323339            
23/10/23 14:11:26 0089 1                  44.928697 8.828473 00 00 313931323045303630323031            
23/10/23 14:13:08 0090 1                  44.922835 8.830793 00 00 313931323045303630323034            
23/10/23 14:14:09 0091 1                  44.922490 8.830908 00 00 313931323045303630323036            
23/10/23 14:19:41 0092 1                  44.894750 8.836452 00 00 323031313030503030323030            
23/10/23 14:21:15 0093 1                  44.894817 8.836630 00 00 323031313030503030303038            
23/10/23 14:21:42 0094 1                  44.894812 8.836610 00 00 323031313030503030313730            
23/10/23 14:23:41 0095 1                  44.894678 8.835563 00 00 313931323050303035343237            
23/10/23 14:23:41 0096 1                  44.894678 8.835563 00 00 313831323045303230303032            
23/10/23 14:25:32 0097 1                  44.895043 8.834773 00 00 3231313130304A3031323937            
23/10/23 14:28:21 0098 1                  44.894942 8.833992 00 00 323031313030503030313133            
23/10/23 14:29:18 0099 1                  44.895030 8.834047 00 00 313932343050303030333235            
23/10/23 14:32:59 0100 1                  44.894983 8.842898 00 00 313931323045303630333230            
23/10/23 14:32:59 0101 1                  44.894983 8.842898 00 00 313831323045303235353438            
23/10/23 14:34:33 0102 1                  44.894840 8.841113 00 00 313831323045303230323136            
23/10/23 14:35:39 0103 1                  44.894795 8.840760 00 00 313932343050303030333836            
23/10/23 14:36:52 0104 1                  44.894740 8.840038 00 00 313932343050303030343530            
23/10/23 14:42:27 0105 1                  44.894808 8.852278 00 00 E28068940000500703954087            
23/10/23 15:01:01 0000 s 01496ver01 44.891650 8.859308 00 00
23/10/23 15:22:40 0000 s 01496ver01 44.908490 8.866643 00 00
23/10/23 15:32:56 0000 s 01496ver01 44.908280 8.866463 00 00
