23/10/23 04:53:22 0000 s 01500ver01 44.882383 8.860298 00 00
23/10/23 04:53:43 0000 s 01500ver01 0 0 00 00
23/10/23 05:16:56 0001 1                  44.890632 8.860802 00 00 313931323043303132333237            
23/10/23 05:18:36 0000 s 01500ver01 44.890718 8.860787 00 00
23/10/23 05:19:43 0002 1                  44.890735 8.860893 00 00 313931323043303132333237            
23/10/23 05:19:46 0003 1                  44.890745 8.860895 00 00 313931323043303034393839            
23/10/23 05:19:47 0004 1                  44.890745 8.860895 00 00 30395DFA82D16DC000000EEE            
23/10/23 05:21:05 0005 1                  44.890650 8.861195 00 00 3231313130304A3030343634            
23/10/23 05:21:05 0006 1                  44.890650 8.861195 00 00 3036037F884012C402000424            
23/10/23 05:22:00 0007 1                  44.890545 8.862010 00 00 3231313130304A3030353636            
23/10/23 05:22:21 0008 1                  44.890535 8.861993 00 00 3231313130304A3030343531            
23/10/23 05:22:40 0009 1                  44.890532 8.861983 00 00 30340BFFFC596EDF57095405            
23/10/23 05:22:40 0010 1                  44.890532 8.861983 00 00 3231313130304A3030353637            
23/10/23 05:23:29 0011 1                  44.890525 8.862297 00 00 313931323043303132313132            
23/10/23 05:23:38 0012 1                  44.890547 8.862302 00 00 313931323043303039353239            
23/10/23 05:24:46 0013 1                  44.890397 8.863080 00 00 3231303234304A3030323535            
23/10/23 05:24:57 0014 1                  44.890388 8.863083 00 00 3231303234304A3032343137            
23/10/23 05:25:25 0015 1                  44.890380 8.863088 00 00 313931323043303133323933            
23/10/23 05:25:38 0016 1                  44.890373 8.863097 00 00 313931323043303132303638            
23/10/23 05:25:48 0017 1                  44.890373 8.863107 00 00 313931323043303132303639            
23/10/23 05:26:49 0018 1                  44.890328 8.863617 00 00 313931323043303133343833            
23/10/23 05:27:30 0019 1                  44.890283 8.864195 00 00 313931323043303133303630            
23/10/23 05:28:26 0020 1                  44.890237 8.864415 00 00 303ACA498185DC59D8B672CB            
23/10/23 05:28:27 0021 1                  44.890233 8.864410 00 00 3231313130304A3031313932            
23/10/23 05:29:35 0022 1                  44.890700 8.864750 00 00 313931323043303133303538            
23/10/23 05:29:35 0023 1                  44.890700 8.864750 00 00 313931323043303133303537            
23/10/23 05:29:36 0024 1                  44.890700 8.864750 00 00 3039606203C9F582172E5495            
23/10/23 05:29:37 0025 1                  44.890700 8.864747 00 00 30395DFA82DC54C000218261            
23/10/23 05:30:05 0026 1                  44.890712 8.864737 00 00 313931323043303131343637            
23/10/23 05:30:59 0027 1                  44.890995 8.864863 00 00 3231313130304A3030353833            
23/10/23 05:31:17 0028 1                  44.890990 8.864862 00 00 30395DFA82C44F8000093303            
23/10/23 05:31:17 0029 1                  44.890990 8.864862 00 00 313931323043303131343635            
23/10/23 05:31:19 0030 1                  44.890992 8.864863 00 00 303960624361A2C00000AE5B            
23/10/23 05:32:05 0031 1                  44.891182 8.864878 00 00 30395DFA82DACAC0000C076B            
23/10/23 05:32:05 0032 1                  44.891182 8.864878 00 00 30340BCE9028FCD74877721A            
23/10/23 05:32:08 0033 1                  44.891187 8.864877 00 00 3231313130304A3030353832            
23/10/23 05:32:10 0034 1                  44.891190 8.864877 00 00 30396061C3C587411378DA27            
23/10/23 05:33:12 0035 1                  44.891533 8.865202 00 00 09CA3FEB93DCB380F4D5E417            
23/10/23 05:33:12 0036 1                  44.891533 8.865202 00 00 3230303033304D3038303838            
23/10/23 05:33:21 0037 1                  44.891548 8.865220 00 00 3230303033304D3037343836            
23/10/23 05:34:08 0038 1                  44.891462 8.865647 00 00 313931323043303035373430            
23/10/23 05:34:54 0039 1                  44.891593 8.865728 00 00 313932343043303030303438            
23/10/23 05:34:57 0040 1                  44.891598 8.865730 00 00 313932343043303030303437            
23/10/23 05:35:30 0041 1                  44.891568 8.865705 00 00 303435FFD8385B6AB82E3C04            
23/10/23 05:35:30 0042 1                  44.891568 8.865705 00 00 3231313130304A3030343139            
23/10/23 05:50:50 0043 1                  44.891152 8.861743 00 00 313932343043303030353133            
23/10/23 05:51:03 0044 1                  44.891180 8.861760 00 00 3034F7E6CC04284AB41DC5B7            
23/10/23 05:51:03 0045 1                  44.891180 8.861760 00 00 30340BE6242FDD7FEB9D4804            
23/10/23 05:51:05 0046 1                  44.891183 8.861762 00 00 3231303234304A3030323438            
23/10/23 05:51:09 0047 1                  44.891210 8.861780 00 00 30343216B002313FD67E5401            
23/10/23 05:51:18 0048 1                  44.891258 8.861822 00 00 3034F7EDC4017C8AB41DBBE0            
23/10/23 05:51:47 0049 1                  44.891213 8.861780 00 00 313931323043303130313032            
23/10/23 05:51:47 0050 1                  44.891213 8.861780 00 00 3034F8372C3C434AB41DBDDE            
23/10/23 05:51:47 0051 1                  44.891213 8.861780 00 00 313931323043303038393934            
23/10/23 05:51:49 0052 1                  44.891213 8.861780 00 00 3034F8372C37BACAB41DD098            
23/10/23 05:51:49 0053 1                  44.891213 8.861780 00 00 08302E7A54A2260001097B1F            
23/10/23 05:52:16 0054 1                  44.891272 8.861780 00 00 3231303234304A3034383639            
23/10/23 05:52:29 0055 1                  44.891297 8.861810 00 00 3230303033304D3037353537            
23/10/23 05:52:39 0056 1                  44.891293 8.861822 00 00 3230303033304D3037353633            
23/10/23 05:52:55 0057 1                  44.891237 8.861792 00 00 3231313130304A3030343336            
23/10/23 05:53:13 0058 1                  44.891175 8.861737 00 00 30396062C38CFF80001104A6            
23/10/23 05:53:13 0059 1                  44.891175 8.861737 00 00 3231313130304A3030353237            
23/10/23 05:53:13 0060 1                  44.891175 8.861737 00 00 30396061C025FCC000002EF6            
23/10/23 05:53:14 0061 1                  44.891173 8.861730 00 00 30396062436A97C00014783D            
23/10/23 05:53:14 0062 1                  44.891173 8.861730 00 00 3039606243765A802F3EB39B            
23/10/23 05:53:33 0063 1                  44.891173 8.861732 00 00 3231313130304A3030343537            
23/10/23 05:53:33 0064 1                  44.891173 8.861732 00 00 30395DFA83330D4129469092            
23/10/23 05:53:55 0065 1                  44.891207 8.861735 00 00 3231313130304A3030343434            
23/10/23 05:54:58 0066 1                  44.891168 8.862097 00 00 3230303033304D3037353134            
23/10/23 05:54:59 0067 1                  44.891168 8.862097 00 00 3230303033304D3037393334            
23/10/23 05:55:04 0068 1                  44.891170 8.862092 00 00 31383033304D303033313333            
23/10/23 05:55:09 0069 1                  44.891170 8.862077 00 00 3230303033304D3037353135            
23/10/23 05:55:43 0070 1                  44.891090 8.862285 00 00 3230303033304D3037393336            
23/10/23 05:56:10 0071 1                  44.891005 8.862515 00 00 3231303033304D3031393637            
23/10/23 05:56:35 0072 1                  44.891030 8.862558 00 00 3231303033304D3031393434            
23/10/23 05:56:59 0073 1                  44.891070 8.862573 00 00 313932343045303030353533            
23/10/23 05:57:02 0074 1                  44.891070 8.862572 00 00 313931323043303131373230            
23/10/23 05:57:02 0075 1                  44.891070 8.862572 00 00 3034F8222C10AF0AB41DD0EC            
23/10/23 05:58:07 0076 1                  44.890928 8.863312 00 00 313931313030433030323838            
23/10/23 05:58:59 0077 1                  44.890792 8.864102 00 00 313932343043303030333736            
23/10/23 05:59:15 0078 1                  44.890810 8.864168 00 00 313932343043303030333734            
23/10/23 05:59:45 0079 1                  44.890840 8.864223 00 00 30340BE26C20AFC0000F5C92            
23/10/23 05:59:47 0080 1                  44.890842 8.864225 00 00 313931323043303132393331            
23/10/23 05:59:49 0081 1                  44.890842 8.864228 00 00 30340BF8D04CBA5F28094C04            
23/10/23 06:00:26 0082 1                  44.890763 8.864382 00 00 3231313130304A3030343534            
23/10/23 06:00:39 0083 1                  44.890770 8.864385 00 00 303ACA4983A44F19D8B635F9            
23/10/23 06:00:39 0084 1                  44.890770 8.864385 00 00 30360372D82CCA800CD0A5D6            
23/10/23 06:00:40 0085 1                  44.890768 8.864387 00 00 303ACB03403E5519D8B669BA            
23/10/23 06:00:40 0086 1                  44.890768 8.864387 00 00 303ACB03401DE8D9D8B65342            
23/10/23 06:00:40 0087 1                  44.890768 8.864387 00 00 30360372D82676400CD0B082            
23/10/23 06:00:41 0088 1                  44.890768 8.864387 00 00 303ACA4982422259D8B6855C            
23/10/23 06:00:41 0089 1                  44.890768 8.864387 00 00 303ACA49839A06DC601EADD9            
23/10/23 06:00:42 0090 1                  44.890768 8.864387 00 00 303ACB034003D999D8B62E4F            
23/10/23 06:00:42 0091 1                  44.890767 8.864390 00 00 30354A864453424CCE41817D            
23/10/23 06:00:42 0092 1                  44.890767 8.864390 00 00 30360372D82C4F000CD0AB5F            
23/10/23 06:00:43 0093 1                  44.890767 8.864390 00 00 303ACB034003D982590C7AEA            
23/10/23 06:02:35 0094 1                  44.891340 8.865903 00 00 303515BCE0281B9C00001929            
23/10/23 06:02:37 0095 1                  44.891343 8.865903 00 00 3231313130304A3030353231            
23/10/23 06:05:40 0096 1                  44.891092 8.866613 00 00 3230313130304A3030393231            
23/10/23 06:06:19 0097 1                  44.891118 8.866593 00 00 3139313130304A3031303636            
23/10/23 06:08:20 0098 1                  44.890803 8.866137 00 00 3231313130304A3030343035            
23/10/23 06:09:15 0099 1                  44.890430 8.865968 00 00 3231313130304A3030353336            
23/10/23 06:11:17 0100 1                  44.891922 8.864970 00 00 313931323043303131343634            
23/10/23 06:11:26 0101 1                  44.891947 8.864965 00 00 3230303033304D3032373331            
23/10/23 06:11:36 0102 1                  44.891952 8.864968 00 00 3026710305CA41C000001CAC            
23/10/23 06:11:36 0103 1                  44.891952 8.864968 00 00 3231303234304A3032353039            
23/10/23 06:12:23 0104 1                  44.891965 8.864968 00 00 3230303033304D3037373036            
23/10/23 06:12:23 0105 1                  44.891965 8.864968 00 00 3233303033304D3030323634            
23/10/23 06:12:45 0106 1                  44.891958 8.864953 00 00 313931323043303132383733            
23/10/23 06:12:45 0107 1                  44.891958 8.864953 00 00 313931323043303037343236            
23/10/23 06:13:01 0108 1                  44.891948 8.864973 00 00 313931323043303131373733            
23/10/23 06:14:09 0109 1                  44.892020 8.865100 00 00 303B37C802FC180000005AEC            
23/10/23 06:14:11 0110 1                  44.892022 8.865103 00 00 3231313130304A3030353337            
23/10/23 06:14:11 0111 1                  44.892022 8.865103 00 00 303ACA4980945F5AC68907D7            
23/10/23 06:14:12 0112 1                  44.892022 8.865103 00 00 30340BC9E812A2C9F2E2AC06            
23/10/23 06:14:12 0113 1                  44.892022 8.865103 00 00 3036001D40313BF9FC457533            
23/10/23 06:14:47 0114 1                  44.892098 8.865242 00 00 3231303234304A3032343238            
23/10/23 06:14:49 0115 1                  44.892100 8.865247 00 00 303ACA49837E1459D8B6B136            
23/10/23 06:15:01 0116 1                  44.892100 8.865247 00 00 3231303234304A3034373936            
23/10/23 06:15:14 0117 1                  44.892098 8.865265 00 00 3231303234304A3034373937            
23/10/23 06:15:22 0118 1                  44.892107 8.865277 00 00 30395DFA832CB48069A7033F            
23/10/23 06:15:44 0119 1                  44.892153 8.865290 00 00 3231313130304A3031303934            
23/10/23 06:15:44 0120 1                  44.892153 8.865290 00 00 3034F837384C08CAB41DBAF7            
23/10/23 06:16:36 0121 1                  44.892383 8.865290 00 00 3230303033304D3037363032            
23/10/23 06:16:54 0122 1                  44.892408 8.865292 00 00 3035EB5FA04049401C0CC764            
23/10/23 06:16:54 0123 1                  44.892408 8.865292 00 00 3231313130304A3030353732            
23/10/23 06:17:32 0124 1                  44.892453 8.865288 00 00 30396062436756C00023C4E0            
23/10/23 06:17:33 0125 1                  44.892458 8.865287 00 00 3231313130304A3030353538            
23/10/23 06:18:06 0126 1                  44.892478 8.865312 00 00 313931323043303032353036            
23/10/23 06:18:07 0127 1                  44.892477 8.865312 00 00 313931323043303133353131            
23/10/23 06:19:00 0128 1                  44.892635 8.865237 00 00 30340BF4745CB48FB2012C06            
23/10/23 06:19:00 0129 1                  44.892635 8.865237 00 00 313931323043303131373235            
23/10/23 06:20:02 0130 1                  44.892873 8.865235 00 00 313931323043303037363839            
23/10/23 06:37:11 0000 s 01500ver01 44.889927 8.860100 00 00
23/10/23 06:37:13 0000 s 01500ver01 44.889927 8.860100 00 00
23/10/23 06:40:46 0131 1                  44.892618 8.863255 00 00 313931323043303132323030            
23/10/23 06:40:49 0132 1                  44.892618 8.863257 00 00 30340BF4745CB48FB2012C06            
23/10/23 06:41:57 0133 1                  44.892133 8.863012 00 00 3230303033304D3037393836            
23/10/23 06:42:02 0134 1                  44.892137 8.863012 00 00 3230303033304D3037393537            
23/10/23 06:42:08 0135 1                  44.892148 8.863008 00 00 3230303033304D3037393536            
23/10/23 06:42:13 0136 1                  44.892150 8.863005 00 00 3039612A4159BC09502F9984            
23/10/23 06:42:35 0137 1                  44.892110 8.862970 00 00 3231313130304A3030353733            
23/10/23 06:43:15 0138 1                  44.892032 8.862992 00 00 3231313130304A3030353734            
23/10/23 06:43:15 0139 1                  44.892032 8.862992 00 00 30395DFA8325774189A0FBC3            
23/10/23 06:43:33 0140 1                  44.891998 8.862992 00 00 313931323043303035363036            
23/10/23 06:43:33 0141 1                  44.891998 8.862992 00 00 303ACB03409A9059D8B6913C            
23/10/23 06:43:34 0142 1                  44.891993 8.862993 00 00 303ACB03409A9019D8B63DD3            
23/10/23 06:44:33 0143 1                  44.891680 8.862932 00 00 313931323043303132323032            
23/10/23 06:44:34 0144 1                  44.891680 8.862932 00 00 313931323043303132323033            
23/10/23 06:44:49 0145 1                  44.891667 8.862932 00 00 303515BAE85D8E88000000F0            
23/10/23 06:44:59 0146 1                  44.891663 8.862928 00 00 3039612D41C349C9502F9037            
23/10/23 06:45:03 0147 1                  44.891663 8.862928 00 00 3034F7E6B032B54AB41DCFCF            
23/10/23 06:45:07 0148 1                  44.891660 8.862928 00 00 3231313130304A3030353037            
23/10/23 06:45:07 0149 1                  44.891660 8.862928 00 00 3034F836EC1E9ECAB41DBFB0            
23/10/23 06:45:56 0150 1                  44.891358 8.862808 00 00 313931323043303131353233            
23/10/23 06:46:04 0151 1                  44.891342 8.862813 00 00 313931323043303132303439            
23/10/23 06:46:52 0152 1                  44.891267 8.862722 00 00 313931323043303132313939            
23/10/23 06:46:52 0153 1                  44.891267 8.862722 00 00 313931323043303132303530            
23/10/23 06:47:16 0154 1                  44.891272 8.862730 00 00 313931323043303037353232            
23/10/23 06:47:22 0155 1                  44.891273 8.862735 00 00 303405910444743EA5D42404            
23/10/23 06:47:34 0156 1                  44.891275 8.862750 00 00 313931323043303132313937            
23/10/23 06:48:22 0157 1                  44.890907 8.862623 00 00 313931323043303132303430            
23/10/23 06:49:02 0158 1                  44.890678 8.862550 00 00 0007C87A4100000000001FFE            
23/10/23 06:49:32 0159 1                  44.890255 8.862437 00 00 313931323043303133313930            
23/10/23 06:49:42 0160 1                  44.890242 8.862452 00 00 313931323043303039343638            
23/10/23 06:50:47 0161 1                  44.889992 8.862272 00 00 313931323043303132313635            
23/10/23 06:50:48 0162 1                  44.889992 8.862272 00 00 0000001000000174366809B3            
23/10/23 06:51:40 0163 1                  44.889833 8.862218 00 00 313931323043303039393135            
23/10/23 06:52:24 0164 1                  44.889778 8.862252 00 00 3233303132304A3030333433            
23/10/23 06:53:13 0165 1                  44.889578 8.862215 00 00 3231313130304A3030343132            
23/10/23 06:53:59 0166 1                  44.889323 8.862145 00 00 3231313130304A3030343133            
23/10/23 06:55:30 0167 1                  44.888897 8.862660 00 00 3231313130304A3030353131            
23/10/23 06:55:30 0168 1                  44.888897 8.862660 00 00 30395DFA82BF8780000DD5FD            
23/10/23 06:55:31 0169 1                  44.888897 8.862660 00 00 3035EB8ADC35A3800C002720            
23/10/23 06:55:31 0170 1                  44.888897 8.862660 00 00 3035EB8ADC358E000C0014CA            
23/10/23 06:56:00 0171 1                  44.888903 8.862678 00 00 00B07A14E406CBD02000002E            
23/10/23 06:56:01 0172 1                  44.888905 8.862677 00 00 3231313130304A3030353130            
23/10/23 06:56:01 0173 1                  44.888905 8.862677 00 00 00B07A14D05DB3D04000013B            
23/10/23 06:56:05 0174 1                  44.888908 8.862675 00 00 30395DFA82C040C0000E9265            
23/10/23 06:57:15 0175 1                  44.889758 8.863265 00 00 000000000000000006084967            
23/10/23 06:59:35 0176 1                  44.893503 8.865348 00 00 313931323043303031343737            
23/10/23 07:01:04 0177 1                  44.893747 8.865373 00 00 313931323043303133363038            
23/10/23 07:02:50 0178 1                  44.894158 8.865453 00 00 313931323043303037323832            
23/10/23 07:04:19 0179 1                  44.894298 8.865533 00 00 3230303033304D3037373135            
23/10/23 07:09:11 0180 1                  44.892777 8.865940 00 00 3231313130304A3030343636            
23/10/23 07:10:24 0181 1                  44.892725 8.866112 00 00 3230303033304D3037323538            
23/10/23 07:10:32 0182 1                  44.892730 8.866142 00 00 3231303033304D3031393136            
23/10/23 07:10:54 0183 1                  44.892727 8.866160 00 00 3231303234304A3032343836            
23/10/23 07:12:02 0184 1                  44.892292 8.867203 00 00 313931323043303131323337            
23/10/23 07:12:05 0185 1                  44.892290 8.867203 00 00 313931323043303131323338            
23/10/23 07:12:05 0186 1                  44.892290 8.867203 00 00 30395DFA8317C8C000272185            
23/10/23 07:12:06 0187 1                  44.892290 8.867203 00 00 30340BDF0C2BADD7A9204406            
23/10/23 07:13:07 0188 1                  44.892087 8.867600 00 00 313931323043303131323339            
23/10/23 07:13:55 0189 1                  44.891923 8.867998 00 00 313931323043303131323431            
23/10/23 07:14:41 0190 1                  44.892238 8.868040 00 00 313931323043303131353139            
23/10/23 07:15:43 0191 1                  44.892505 8.867867 00 00 313931323043303131373637            
23/10/23 07:15:43 0192 1                  44.892505 8.867867 00 00 313931323043303131373633            
23/10/23 07:16:34 0193 1                  44.892832 8.867885 00 00 313931323043303131353136            
23/10/23 07:17:44 0194 1                  44.892142 8.869375 00 00 313931323043303131353230            
23/10/23 07:18:25 0195 1                  44.892218 8.869458 00 00 313931323043303132323036            
23/10/23 07:19:26 0196 1                  44.892578 8.869275 00 00 3231303234304A3034373931            
23/10/23 07:19:28 0197 1                  44.892578 8.869272 00 00 30395DFA82F72E4000316F85            
23/10/23 07:19:29 0198 1                  44.892578 8.869272 00 00 30340BFF544A2C40000F5D02            
23/10/23 07:20:09 0199 1                  44.892720 8.869290 00 00 313931323043303131353038            
23/10/23 07:22:32 0200 1                  44.893680 8.867163 00 00 3231313130304A3031303935            
23/10/23 07:22:57 0201 1                  44.893677 8.867193 00 00 3232313130304A3030303035            
23/10/23 07:27:38 0202 1                  44.893085 8.866455 00 00 3231313130304A3031303839            
23/10/23 07:28:13 0203 1                  44.893078 8.866430 00 00 3231313130304A3031303835            
23/10/23 07:30:03 0204 1                  44.893395 8.866037 00 00 303549A8A01A6954F4B74FF8            
23/10/23 07:30:29 0205 1                  44.893418 8.866022 00 00 3233303132304A3030333638            
23/10/23 07:31:28 0206 1                  44.893125 8.865707 00 00 313931323043303039353831            
23/10/23 07:31:28 0207 1                  44.893125 8.865707 00 00 313931323043303033313138            
23/10/23 07:31:50 0208 1                  44.893093 8.865697 00 00 313931323043303132373134            
23/10/23 07:39:31 0000 s 01500ver01 44.891203 8.860688 00 00
23/10/23 08:17:20 0000 s 01500ver01 44.882753 8.860102 00 00
23/10/23 08:17:24 0000 s 01500ver01 44.882753 8.860102 00 00
23/10/23 08:25:48 0209 1                  44.892657 8.869352 00 00 313931323043303039353832            
23/10/23 08:27:24 0210 1                  44.890192 8.871557 00 00 313931323043303039343636            
23/10/23 08:28:26 0211 1                  44.889847 8.871515 00 00 313931323043303131323130            
23/10/23 08:30:58 0212 1                  44.888398 8.873177 00 00 313931323043303133323034            
23/10/23 08:34:04 0213 1                  44.884995 8.880895 00 00 313931323043303035393532            
23/10/23 08:34:27 0214 1                  44.884988 8.880893 00 00 E20000198107014920504271            
23/10/23 08:35:17 0215 1                  44.885185 8.880215 00 00 313931323043303133363036            
23/10/23 08:38:02 0216 1                  44.886855 8.875390 00 00 313931323043303033323432            
23/10/23 08:38:12 0217 1                  44.886855 8.875383 00 00 313931323043303035363938            
23/10/23 08:38:14 0218 1                  44.886853 8.875382 00 00 30340BC0D01A31D74876FE60            
23/10/23 08:38:15 0219 1                  44.886853 8.875382 00 00 30395DFA82C79DC000002C5D            
23/10/23 08:38:15 0220 1                  44.886853 8.875382 00 00 30340BFFF051B70B0A61A006            
23/10/23 08:38:16 0221 1                  44.886853 8.875382 00 00 3035EBBE48510FC00000273E            
23/10/23 08:38:16 0222 1                  44.886853 8.875380 00 00 30340BDF480470574877B786            
23/10/23 08:40:00 0223 1                  44.886835 8.875362 00 00 313931323043303035363730            
23/10/23 08:40:02 0224 1                  44.886833 8.875363 00 00 3035EB8ADC34BC0004003A8E            
23/10/23 08:40:02 0225 1                  44.886833 8.875363 00 00 3035EB5C6451C6C01202B0D8            
23/10/23 08:40:02 0226 1                  44.886833 8.875363 00 00 3035EB5FA04049401C0CDFAE            
23/10/23 08:40:03 0227 1                  44.886832 8.875365 00 00 3035EB5C641D9E000206393B            
23/10/23 08:40:03 0228 1                  44.886832 8.875365 00 00 3035EB5C6451074012005507            
23/10/23 08:42:51 0229 1                  44.887897 8.874133 00 00 313931323043303132353633            
23/10/23 08:44:24 0230 1                  44.889322 8.872042 00 00 30340C05A0331859B7CCF806            
23/10/23 08:44:25 0231 1                  44.889322 8.872042 00 00 30340BCA084D516446E5CC06            
23/10/23 08:44:25 0232 1                  44.889322 8.872042 00 00 3034F836E821AD0AB4203FB9            
23/10/23 08:44:26 0233 1                  44.889322 8.872042 00 00 3034F837001FB44AB41DC854            
23/10/23 08:44:27 0234 1                  44.889323 8.872040 00 00 303435E4240CC309502F9048            
23/10/23 08:46:19 0235 1                  44.891108 8.871335 00 00 313931323043303131323538            
23/10/23 08:48:25 0236 1                  44.891657 8.871842 00 00 313931323043303133363031            
23/10/23 08:48:57 0237 1                  44.891707 8.871808 00 00 313931323043303039343635            
23/10/23 08:49:00 0238 1                  44.891708 8.871812 00 00 8083303345FF013F6D15A57F            
23/10/23 08:49:47 0239 1                  44.891703 8.871552 00 00 313931323043303131323537            
23/10/23 08:49:48 0240 1                  44.891703 8.871552 00 00 313931323043303132333231            
23/10/23 08:50:46 0241 1                  44.891630 8.871248 00 00 313931323043303131323539            
23/10/23 08:50:47 0242 1                  44.891630 8.871248 00 00 3036143BB03463CBA8A38B46            
23/10/23 08:50:48 0243 1                  44.891630 8.871247 00 00 30343606E83A2828EC962C06            
23/10/23 08:50:49 0244 1                  44.891630 8.871247 00 00 30340BF8E0137075F9ECB406            
23/10/23 08:50:50 0245 1                  44.891630 8.871247 00 00 3034DFB36C5EF3D99C845D6A            
23/10/23 08:50:51 0246 1                  44.891630 8.871247 00 00 30340BFFF056FB82CB818404            
23/10/23 08:50:55 0247 1                  44.891632 8.871245 00 00 303549A05C35D1D4F4B9088F            
23/10/23 08:52:08 0248 1                  44.891792 8.870755 00 00 3035EBCBD81F45C047868EE1            
23/10/23 08:52:09 0249 1                  44.891790 8.870755 00 00 313931323043303131353930            
23/10/23 08:53:10 0250 1                  44.892210 8.871593 00 00 313931323043303131353839            
23/10/23 08:53:59 0251 1                  44.892227 8.871717 00 00 3231303234304A3032343538            
23/10/23 08:54:20 0252 1                  44.892220 8.871722 00 00 313931313030433030343730            
23/10/23 08:55:39 0253 1                  44.892328 8.872188 00 00 313931323043303039343539            
23/10/23 08:56:26 0254 1                  44.892593 8.872870 00 00 313931323043303131353838            
23/10/23 08:58:11 0255 1                  44.893955 8.873318 00 00 313931323043303133393032            
23/10/23 08:59:38 0256 1                  44.895065 8.871097 00 00 3016037B4038690005F5E1A1            
23/10/23 08:59:40 0257 1                  44.895063 8.871093 00 00 3231313130304A3030343536            
23/10/23 09:00:35 0258 1                  44.895130 8.870618 00 00 313931323043303132323038            
23/10/23 09:01:22 0259 1                  44.895232 8.870108 00 00 313931323043303131353637            
23/10/23 09:02:10 0260 1                  44.895513 8.870138 00 00 31383132304A303130393235            
23/10/23 09:03:13 0261 1                  44.895965 8.870347 00 00 313931323043303132343334            
23/10/23 09:03:53 0262 1                  44.895913 8.870728 00 00 313931323043303039383632            
23/10/23 09:04:49 0263 1                  44.895860 8.871190 00 00 313931323043303039383630            
23/10/23 09:04:54 0264 1                  44.895858 8.871200 00 00 313931323043303132343831            
23/10/23 09:04:55 0265 1                  44.895858 8.871200 00 00 313931323043303039383631            
23/10/23 09:05:26 0266 1                  44.895860 8.871220 00 00 313931323043303132303936            
23/10/23 09:05:28 0267 1                  44.895858 8.871217 00 00 E2806995000040095AE73E35            
23/10/23 09:05:29 0268 1                  44.895858 8.871215 00 00 303ACB0340796799D8B632AD            
23/10/23 09:05:29 0269 1                  44.895858 8.871215 00 00 3035EB6AE45ECB40000001BB            
23/10/23 09:05:57 0270 1                  44.895847 8.871203 00 00 30360372D81F8AC00CD0D70B            
23/10/23 09:05:58 0271 1                  44.895847 8.871203 00 00 313931323043303132303937            
23/10/23 09:06:21 0272 1                  44.895843 8.871210 00 00 203277459909300002010000            
23/10/23 09:07:09 0273 1                  44.895962 8.871897 00 00 3036143BB03463CBA8A38B46            
23/10/23 09:07:15 0274 1                  44.895958 8.871898 00 00 31383132304A303133393333            
23/10/23 09:08:09 0275 1                  44.896058 8.872097 00 00 313931323043303035303933            
23/10/23 09:09:31 0276 1                  44.896538 8.873070 00 00 313931323043303133363130            
23/10/23 09:10:16 0277 1                  44.896267 8.873372 00 00 313931323043303130343233            
23/10/23 09:11:03 0278 1                  44.895777 8.873773 00 00 313931323043303131323335            
23/10/23 09:11:36 0279 1                  44.895613 8.873925 00 00 313931323043303131303834            
23/10/23 09:12:33 0280 1                  44.895087 8.874018 00 00 313931323043303131323133            
23/10/23 09:13:29 0281 1                  44.894325 8.873952 00 00 313931323043303037383536            
23/10/23 09:14:26 0282 1                  44.893625 8.874005 00 00 303ACB03402C519AC688D641            
23/10/23 09:14:26 0283 1                  44.893625 8.874005 00 00 303ACB034026515AC688D2F5            
23/10/23 09:16:06 0284 1                  44.893490 8.875010 00 00 313931323043303039343536            
23/10/23 09:17:27 0285 1                  44.893052 8.875270 00 00 313931323043303131343933            
23/10/23 09:19:16 0286 1                  44.894028 8.874432 00 00 303965E203800289502FF45E            
23/10/23 09:19:16 0287 1                  44.894028 8.874432 00 00 313931323043303131373636            
23/10/23 09:19:18 0288 1                  44.894028 8.874438 00 00 3036143DD425D157491D29EA            
23/10/23 09:19:19 0289 1                  44.894028 8.874440 00 00 3039612D43892689502F908C            
23/10/23 09:19:19 0290 1                  44.894028 8.874440 00 00 3039612A41AECEC95030353C            
23/10/23 09:21:37 0291 1                  44.895225 8.874273 00 00 313931323043303131323231            
23/10/23 09:22:22 0292 1                  44.894705 8.874725 00 00 313931323043303131353131            
23/10/23 09:23:05 0293 1                  44.894492 8.874987 00 00 313931323043303133373333            
23/10/23 09:23:55 0294 1                  44.894123 8.876095 00 00 313931323043303133383939            
23/10/23 09:24:39 0295 1                  44.893477 8.876557 00 00 30340BE63839BF50AFB82404            
23/10/23 09:24:39 0296 1                  44.893473 8.876552 00 00 30340BEA944AFD5331F9BC04            
23/10/23 09:24:40 0297 1                  44.893473 8.876552 00 00 30340C05A411C9AAD75C1006            
23/10/23 09:24:40 0298 1                  44.893473 8.876552 00 00 30340C05A058FDC284630804            
23/10/23 09:24:54 0299 1                  44.893467 8.876540 00 00 313931323043303133323032            
23/10/23 09:24:54 0300 1                  44.893463 8.876538 00 00 30396061C3BD9BC000020496            
23/10/23 09:24:54 0301 1                  44.893463 8.876538 00 00 30396062435EC040000ABA63            
23/10/23 09:24:55 0302 1                  44.893463 8.876538 00 00 303960624362F68000123B9A            
23/10/23 09:26:06 0303 1                  44.893132 8.876445 00 00 313931323043303037333338            
23/10/23 09:26:07 0304 1                  44.893132 8.876445 00 00 30360372D8215A800CD0A87F            
23/10/23 09:26:09 0305 1                  44.893132 8.876445 00 00 30340BFFFC5FE7AA41E06C05            
23/10/23 09:27:15 0306 1                  44.892638 8.876475 00 00 31383132304A303039363634            
23/10/23 09:28:47 0307 1                  44.890947 8.876310 00 00 313931323043303038323936            
23/10/23 09:30:03 0308 1                  44.890407 8.877475 00 00 313931323043303133313436            
23/10/23 09:31:00 0309 1                  44.889993 8.878287 00 00 313931323043303133313437            
23/10/23 09:31:42 0310 1                  44.889748 8.878723 00 00 313931323043303133313933            
23/10/23 09:39:02 0311 1                  44.892587 8.873167 00 00 313931323043303037323336            
23/10/23 09:39:02 0312 1                  44.892587 8.873167 00 00 30340C05A0166F987A355806            
23/10/23 09:39:03 0313 1                  44.892583 8.873170 00 00 30343003903EBD4000010E7D            
23/10/23 09:39:04 0314 1                  44.892583 8.873170 00 00 30343003903ECAC0000160EA            
23/10/23 09:39:04 0315 1                  44.892583 8.873170 00 00 313931323043303039343137            
23/10/23 09:41:41 0316 1                  44.891935 8.873697 00 00 313931323043303133333338            
23/10/23 09:43:04 0317 1                  44.890638 8.873295 00 00 303ACB03402C519AC688D641            
23/10/23 09:43:08 0318 1                  44.890640 8.873302 00 00 313931323043303131323435            
23/10/23 09:44:27 0319 1                  44.888542 8.875293 00 00 313931323043303032383938            
23/10/23 09:46:05 0320 1                  44.887603 8.876182 00 00 313931323043303130333837            
23/10/23 09:47:02 0321 1                  44.887367 8.877470 00 00 313931323043303036303636            
23/10/23 09:48:48 0322 1                  44.885937 8.878218 00 00 313931323043303039363939            
23/10/23 09:48:49 0323 1                  44.885937 8.878218 00 00 313931323043303032393239            
23/10/23 09:49:24 0324 1                  44.885937 8.878233 00 00 313931323043303131303038            
23/10/23 09:49:26 0325 1                  44.885938 8.878235 00 00 313931323043303039363537            
23/10/23 09:54:58 0326 1                  44.890798 8.860503 00 00 111080000000000502534495            
23/10/23 09:57:51 0327 1                  44.888448 8.860802 00 00 3231313130304A3031313836            
23/10/23 09:58:20 0328 1                  44.888440 8.860815 00 00 3231313130304A3031303438            
23/10/23 09:58:54 0329 1                  44.888428 8.860812 00 00 3231313130304A3031313739            
23/10/23 10:00:56 0330 1                  44.888447 8.860852 00 00 3231313130304A3032353131            
23/10/23 10:01:32 0331 1                  44.888443 8.860847 00 00 3231313130304A3031313738            
23/10/23 10:49:22 0000 s 01500ver01 44.879173 8.856245 00 00
23/10/23 10:49:24 0000 s 01500ver01 44.879173 8.856245 00 00
23/10/23 11:05:23 0332 1                  44.899147 8.857540 00 00 323032343056303031363130            
23/10/23 11:08:18 0333 1                  44.903908 8.858677 00 00 323032343056303030363235            
23/10/23 11:11:35 0334 1                  44.904588 8.866062 00 00 323032343056303030313433            
23/10/23 11:15:04 0335 1                  44.910403 8.870397 00 00 3231303234304A3033373933            
23/10/23 11:17:53 0336 1                  44.907755 8.865857 00 00 323032343056303030313038            
23/10/23 11:22:46 0337 1                  44.904117 8.866908 00 00 323032343056303031343735            
23/10/23 11:23:54 0338 1                  44.904048 8.867358 00 00 313931323043303030383238            
23/10/23 11:28:15 0339 1                  44.906583 8.870665 00 00 323032343056303030313131            
23/10/23 11:29:27 0340 1                  44.906198 8.870862 00 00 3230303234304A3030343436            
23/10/23 11:36:21 0341 1                  44.912112 8.875248 00 00 323032343056303031393136            
23/10/23 11:36:24 0342 1                  44.912112 8.875248 00 00 323032343056303031393137            
23/10/23 11:40:31 0343 1                  44.910645 8.871653 00 00 3230303234304A3030333833            
23/10/23 11:43:35 0344 1                  44.909300 8.868402 00 00 3233303234304A3030323235            
23/10/23 11:46:14 0345 1                  44.907692 8.863778 00 00 323032343056303030313035            
23/10/23 11:46:54 0346 1                  44.907657 8.863755 00 00 323032343056303030313036            
23/10/23 11:47:30 0347 1                  44.907660 8.863610 00 00 111902000000000491682295            
23/10/23 11:48:14 0348 1                  44.907637 8.862377 00 00 323032343056303030313431            
23/10/23 11:49:42 0349 1                  44.907380 8.860328 00 00 3233303234304A3030303830            
23/10/23 11:53:49 0350 1                  44.897937 8.854003 00 00 313832343045303031313838            
23/10/23 12:02:39 0351 1                  44.910030 8.863865 00 00 323032343056303031333631            
23/10/23 12:02:58 0352 1                  44.910030 8.863858 00 00 323032343056303030353734            
23/10/23 12:34:08 0353 1                  44.914953 8.883505 00 00 3232303234304A3030313437            
23/10/23 12:38:40 0354 1                  44.909020 8.880222 00 00 323032343056303031313833            
23/10/23 12:38:49 0355 1                  44.909037 8.880225 00 00 323032343056303030393434            
23/10/23 12:39:37 0356 1                  44.909065 8.880235 00 00 323032343056303030393733            
23/10/23 12:40:52 0357 1                  44.909065 8.880218 00 00 323032343056303031313834            
23/10/23 12:42:42 0358 1                  44.909602 8.879878 00 00 323032343056303031333639            
23/10/23 12:47:02 0359 1                  44.909328 8.878360 00 00 3231303234304A3030383632            
23/10/23 12:47:23 0360 1                  44.909323 8.878350 00 00 323032343056303030353330            
23/10/23 12:50:22 0361 1                  44.907937 8.877815 00 00 323032343056303031383430            
23/10/23 12:52:18 0362 1                  44.907848 8.877188 00 00 323032343056303030313439            
23/10/23 12:52:35 0363 1                  44.907833 8.877182 00 00 3232303234304A3030323136            
23/10/23 12:56:19 0364 1                  44.908478 8.876103 00 00 323032343056303030353239            
23/10/23 12:58:02 0365 1                  44.908927 8.876907 00 00 323032343056303030353832            
23/10/23 12:59:42 0366 1                  44.909045 8.877737 00 00 323032343056303030343834            
23/10/23 12:59:51 0367 1                  44.909048 8.877747 00 00 323032343056303030343039            
23/10/23 13:01:55 0368 1                  44.908995 8.877950 00 00 323032343056303030353432            
23/10/23 13:02:15 0369 1                  44.908993 8.877963 00 00 323032343056303030363839            
23/10/23 13:02:52 0370 1                  44.908985 8.878020 00 00 323032343056303030353431            
23/10/23 13:07:03 0371 1                  44.902440 8.873463 00 00 3231303234304A3030363934            
23/10/23 13:10:39 0372 1                  44.901607 8.867668 00 00 3233303234304A3030323532            
23/10/23 13:16:04 0373 1                  44.900167 8.870502 00 00 000000000000000004920812            
23/10/23 13:20:13 0374 1                  44.901890 8.872763 00 00 25759769A68311A397C71CB1            
23/10/23 13:26:01 0375 1                  44.905790 8.875593 00 00 3231303234304A3030353036            
23/10/23 13:32:34 0376 1                  44.902577 8.868510 00 00 3233303234304A3030303530            
23/10/23 13:32:54 0377 1                  44.902597 8.868462 00 00 3233303234304A3030303438            
23/10/23 13:33:37 0378 1                  44.902557 8.868452 00 00 3233303234304A3030303439            
23/10/23 13:33:41 0379 1                  44.902552 8.868453 00 00 3232303234304A3030363530            
23/10/23 13:34:23 0380 1                  44.902553 8.868450 00 00 3232303234304A3030363439            
23/10/23 13:34:23 0381 1                  44.902553 8.868450 00 00 3233303234304A3030343733            
23/10/23 13:50:12 0382 1                  44.907085 8.875405 00 00 3231303234304A3030383032            
23/10/23 13:51:53 0383 1                  44.907143 8.876902 00 00 323032343056303031343434            
23/10/23 13:53:42 0384 1                  44.906995 8.877018 00 00 3231303234304A3030343431            
23/10/23 14:16:37 0000 s 01500ver01 44.901473 8.872303 00 00
23/10/23 14:22:49 0385 1                  44.901222 8.884548 00 00 323032343056303031363532            
23/10/23 14:25:57 0386 1                  44.902505 8.884835 00 00 323032343056303031333731            
23/10/23 14:27:18 0387 1                  44.902590 8.885197 00 00 323032343056303032303834            
23/10/23 14:27:22 0388 1                  44.902590 8.885195 00 00 323032343056303031353930            
23/10/23 14:29:05 0389 1                  44.902717 8.885853 00 00 323032343056303032303835            
23/10/23 14:30:19 0390 1                  44.903070 8.886285 00 00 3230303234304A3030323139            
23/10/23 14:30:23 0391 1                  44.903070 8.886288 00 00 323032343056303030393034            
23/10/23 14:33:09 0392 1                  44.904133 8.886010 00 00 323032343056303031303236            
23/10/23 14:33:11 0393 1                  44.904133 8.886010 00 00 323032343056303031353139            
23/10/23 14:34:34 0394 1                  44.904385 8.885718 00 00 323032343056303031353235            
23/10/23 14:34:57 0395 1                  44.904408 8.885707 00 00 323032343056303031353230            
23/10/23 14:44:59 0396 1                  44.907713 8.870912 00 00 181262305300053000000000            
23/10/23 15:28:46 0000 s 01500ver01 44.882235 8.860212 00 00
23/10/23 15:32:49 0000 s 01500ver01 44.882417 8.860365 00 00
