12/10/23 05:29:38 0000 s 01503ver01 44.792458 8.739508 00 00
12/10/23 05:51:16 0001 1                  44.839052 8.585038 00 00 313831323045303132363030            
12/10/23 05:52:15 0002 1                  44.839312 8.584003 00 00 313831323045303133363136            
12/10/23 05:52:48 0003 1                  44.839303 8.584012 00 00 3138313130304A3030313238            
12/10/23 05:54:08 0004 1                  44.839732 8.582263 00 00 313831323045303132353938            
12/10/23 05:55:33 0005 1                  44.840352 8.580620 00 00 313831323045303135333936            
12/10/23 05:55:33 0006 1                  44.840352 8.580620 00 00 1A9DC2D07D0893AA3B29498D            
12/10/23 05:55:33 0007 1                  44.840352 8.580620 00 00 1A5D3D792EBF316B1E274985            
12/10/23 05:55:34 0008 1                  44.840352 8.580618 00 00 1A95ED99898C42954BC4E884            
12/10/23 05:55:42 0009 1                  44.840350 8.580610 00 00 30396062437A360252414D47            
12/10/23 05:55:42 0010 1                  44.840350 8.580610 00 00 3039612D43A48BC9502F917F            
12/10/23 05:55:43 0011 1                  44.840350 8.580610 00 00 313831323045303134353637            
12/10/23 05:55:43 0012 1                  44.840350 8.580610 00 00 202300007388331111111111            
12/10/23 05:55:43 0013 1                  44.840350 8.580610 00 00 3039612D414F9B89502F90BA            
12/10/23 05:56:33 0014 1                  44.840590 8.580775 00 00 313831323045303134323639            
12/10/23 05:56:43 0015 1                  44.840587 8.580768 00 00 313831323045303134373039            
12/10/23 05:57:30 0016 1                  44.840855 8.581090 00 00 313931323043303130313037            
12/10/23 05:57:38 0017 1                  44.840868 8.581097 00 00 313931323043303130343934            
12/10/23 05:57:46 0018 1                  44.840883 8.581090 00 00 31383132304A303130333036            
12/10/23 05:57:55 0019 1                  44.840920 8.581082 00 00 313831323045303135333830            
12/10/23 05:58:55 0020 1                  44.840125 8.579645 00 00 313831323045303134323939            
12/10/23 05:59:33 0021 1                  44.840147 8.579487 00 00 313831323045303133373736            
12/10/23 06:02:13 0022 1                  44.840615 8.577605 00 00 3034F836E828AACAB41E4AD5            
12/10/23 06:02:13 0023 1                  44.840615 8.577605 00 00 313831323045303133373739            
12/10/23 06:03:13 0024 1                  44.840608 8.576617 00 00 313831323045303135333234            
12/10/23 06:03:22 0025 1                  44.840595 8.576608 00 00 313831323045303134353137            
12/10/23 06:04:36 0026 1                  44.840680 8.576017 00 00 313831323045303134353833            
12/10/23 06:04:36 0027 1                  44.840680 8.576017 00 00 30340BE624055091E6CE8001            
12/10/23 06:04:46 0028 1                  44.840678 8.576022 00 00 313931323043303032303032            
12/10/23 06:05:13 0029 1                  44.840667 8.576015 00 00 313831323045303132363437            
12/10/23 06:05:14 0030 1                  44.840668 8.576015 00 00 30340BE62C35A07028967C05            
12/10/23 06:05:14 0031 1                  44.840668 8.576015 00 00 303436395C16D6C4967C5805            
12/10/23 06:05:19 0032 1                  44.840668 8.576013 00 00 313831323045303134323037            
12/10/23 06:05:20 0033 1                  44.840667 8.576013 00 00 30395DFA82CD2300001D2F7B            
12/10/23 06:06:10 0034 1                  44.840702 8.575498 00 00 313831323045303135333638            
12/10/23 06:06:22 0035 1                  44.840710 8.575488 00 00 313831323045303132383531            
12/10/23 06:07:24 0036 1                  44.840190 8.574710 00 00 313831323045303134353832            
12/10/23 06:08:19 0037 1                  44.840105 8.574718 00 00 313831323045303133393430            
12/10/23 06:09:39 0038 1                  44.839482 8.574772 00 00 313831323045303132363438            
12/10/23 06:09:58 0039 1                  44.839445 8.574772 00 00 313831323045303134353334            
12/10/23 06:10:47 0040 1                  44.839152 8.574718 00 00 313831323045303132323737            
12/10/23 06:10:57 0041 1                  44.839157 8.574702 00 00 313831323045303132363439            
12/10/23 06:11:58 0042 1                  44.838848 8.574790 00 00 313831323045303132383032            
12/10/23 06:12:25 0043 1                  44.838842 8.574777 00 00 313831323045303132363736            
12/10/23 06:12:44 0044 1                  44.838862 8.574767 00 00 313831323045303132323136            
12/10/23 06:13:29 0045 1                  44.838710 8.574858 00 00 313831323045303135303638            
12/10/23 06:13:29 0046 1                  44.838707 8.574857 00 00 3036143BAC47578BA7E959EA            
12/10/23 06:13:34 0047 1                  44.838697 8.574850 00 00 30340BF8D43222C025BF9404            
12/10/23 06:13:43 0048 1                  44.838677 8.574838 00 00 313831323045303132383834            
12/10/23 06:13:55 0049 1                  44.838645 8.574832 00 00 313831323045303132393330            
12/10/23 06:14:08 0050 1                  44.838648 8.574837 00 00 3034F80CB01D184AB41DC8D5            
12/10/23 06:14:08 0051 1                  44.838648 8.574837 00 00 313831323045303133393839            
12/10/23 06:14:19 0052 1                  44.838658 8.574838 00 00 30395DFA82BFE08000212FFF            
12/10/23 06:14:19 0053 1                  44.838658 8.574838 00 00 313831323045303134333331            
12/10/23 06:14:24 0054 1                  44.838658 8.574840 00 00 313931323043303037383938            
12/10/23 06:15:17 0055 1                  44.838083 8.574905 00 00 313831323045303132333132            
12/10/23 06:16:07 0056 1                  44.837323 8.574925 00 00 313831323045303131343432            
12/10/23 06:16:27 0057 1                  44.837282 8.574913 00 00 313831323045303134353733            
12/10/23 06:17:25 0058 1                  44.836878 8.574997 00 00 313831323045303134383230            
12/10/23 06:17:32 0059 1                  44.836888 8.575018 00 00 313931323045303330323431            
12/10/23 06:18:59 0060 1                  44.835252 8.576720 00 00 313831323045303039393332            
12/10/23 06:19:10 0061 1                  44.835247 8.576733 00 00 313931323043303130383639            
12/10/23 06:19:10 0062 1                  44.835247 8.576733 00 00 30395DFA82FABDC0003D0F1C            
12/10/23 06:20:01 0063 1                  44.835420 8.576843 00 00 3039ECAD43B99889502F93FE            
12/10/23 06:20:01 0064 1                  44.835420 8.576843 00 00 313831323045303131353535            
12/10/23 06:21:03 0065 1                  44.835767 8.576715 00 00 313931323043303036363639            
12/10/23 06:22:07 0066 1                  44.835837 8.576383 00 00 313831323045303130393833            
12/10/23 06:22:19 0067 1                  44.835830 8.576380 00 00 313831323045303130303134            
12/10/23 06:22:28 0068 1                  44.835820 8.576373 00 00 313831323045303132343436            
12/10/23 06:23:30 0069 1                  44.836055 8.576210 00 00 313831323045303039383037            
12/10/23 06:24:28 0070 1                  44.835035 8.576603 00 00 3035EB7F184A5F00140074DE            
12/10/23 06:24:29 0071 1                  44.835035 8.576603 00 00 313931323043303037373932            
12/10/23 06:25:56 0072 1                  44.834198 8.577742 00 00 313831323045303132373037            
12/10/23 06:27:01 0073 1                  44.832578 8.579138 00 00 313831323045303134383139            
12/10/23 06:29:56 0074 1                  44.830652 8.579982 00 00 313931323043303035303531            
12/10/23 06:32:52 0075 1                  44.812238 8.584537 00 00 313831323045303134383331            
12/10/23 06:38:08 0076 1                  44.840808 8.574617 00 00 313831323045303134353132            
12/10/23 06:38:47 0077 1                  44.841033 8.574537 00 00 313831323045303134363334            
12/10/23 06:39:29 0078 1                  44.841205 8.574532 00 00 313831323045303134323237            
12/10/23 06:40:23 0079 1                  44.841590 8.574425 00 00 313831323045303135333432            
12/10/23 06:40:57 0080 1                  44.841600 8.574412 00 00 323031313030433030303932            
12/10/23 06:41:40 0081 1                  44.841625 8.574418 00 00 3035EB7F184A5F00140074DE            
12/10/23 06:41:40 0082 1                  44.841625 8.574418 00 00 313831323045303135313534            
12/10/23 06:42:36 0083 1                  44.841858 8.574352 00 00 313831323045303132383436            
12/10/23 06:43:32 0084 1                  44.842335 8.574520 00 00 313831323045303133383230            
12/10/23 06:43:50 0085 1                  44.842330 8.574525 00 00 313831323045303135323934            
12/10/23 06:45:09 0086 1                  44.842428 8.574583 00 00 313932343043303030333537            
12/10/23 06:46:05 0087 1                  44.842560 8.574688 00 00 313831323045303134323833            
12/10/23 06:46:15 0088 1                  44.842570 8.574748 00 00 313831323045303135333732            
12/10/23 06:46:30 0089 1                  44.842565 8.574743 00 00 313831323045303134343330            
12/10/23 06:46:36 0090 1                  44.842585 8.574755 00 00 313831323045303134353430            
12/10/23 06:47:28 0091 1                  44.842713 8.574802 00 00 313831323045303134323738            
12/10/23 06:48:22 0092 1                  44.843375 8.575068 00 00 313831323045303134343632            
12/10/23 06:48:28 0093 1                  44.843383 8.575088 00 00 313831323045303133333832            
12/10/23 06:48:28 0094 1                  44.843383 8.575088 00 00 30396062438669C23DCD64F6            
12/10/23 06:48:38 0095 1                  44.843397 8.575110 00 00 313831323045303133333833            
12/10/23 06:48:38 0096 1                  44.843397 8.575110 00 00 3035EBC08060700008080792            
12/10/23 06:48:38 0097 1                  44.843397 8.575110 00 00 3035EB8ADC5962400800041B            
12/10/23 06:48:50 0098 1                  44.843398 8.575092 00 00 313931323043303035383530            
12/10/23 06:49:47 0099 1                  44.843695 8.575260 00 00 313831323045303134333532            
12/10/23 06:50:20 0100 1                  44.843708 8.575332 00 00 313831323045303133383630            
12/10/23 06:50:21 0101 1                  44.843712 8.575342 00 00 313831323045303132353438            
12/10/23 06:51:17 0102 1                  44.844123 8.575625 00 00 313931323043303037313834            
12/10/23 06:52:11 0103 1                  44.844565 8.575835 00 00 3231303234304A3034393032            
12/10/23 06:53:10 0104 1                  44.844902 8.575682 00 00 313832343045303035323836            
12/10/23 06:54:46 0105 1                  44.845053 8.575372 00 00 313932343043303030363539            
12/10/23 06:54:46 0106 1                  44.845053 8.575372 00 00 3231303234304A3034383433            
12/10/23 06:55:46 0107 1                  44.845443 8.575578 00 00 313831323045303134393237            
12/10/23 06:56:05 0108 1                  44.845443 8.575588 00 00 313831323045303134353436            
12/10/23 06:56:07 0109 1                  44.845443 8.575588 00 00 30395DFA82BFE240001274FB            
12/10/23 06:56:15 0110 1                  44.845442 8.575590 00 00 313831323045303039373430            
12/10/23 06:56:59 0111 1                  44.845638 8.575772 00 00 313831323045303130363334            
12/10/23 06:57:06 0112 1                  44.845640 8.575758 00 00 313831323045303135303439            
12/10/23 06:57:43 0113 1                  44.845745 8.575847 00 00 313831323045303039373830            
12/10/23 06:58:32 0114 1                  44.846055 8.576423 00 00 313831323045303134353435            
12/10/23 06:59:41 0115 1                  44.846160 8.576868 00 00 3138313130304A3030313336            
12/10/23 07:01:19 0116 1                  44.845660 8.576795 00 00 313932343045303030343331            
12/10/23 07:02:12 0117 1                  44.845658 8.576832 00 00 3231303234304A3034393038            
12/10/23 07:02:13 0118 1                  44.845658 8.576832 00 00 313932343043303030333637            
12/10/23 07:03:13 0119 1                  44.845445 8.576657 00 00 30396062C3ADE40000152858            
12/10/23 07:03:33 0120 1                  44.845408 8.576695 00 00 3231303234304A3032343335            
12/10/23 07:04:33 0121 1                  44.845180 8.576347 00 00 313831323045303135303438            
12/10/23 07:04:41 0122 1                  44.845177 8.576355 00 00 313832343045303035323131            
12/10/23 07:05:27 0123 1                  44.844897 8.575847 00 00 313931323043303133373633            
12/10/23 07:38:52 0000 s 01503ver01 44.844923 8.575778 00 00
12/10/23 07:40:46 0124 1                  44.845448 8.573320 00 00 313831323045303134383431            
12/10/23 07:40:55 0125 1                  44.845453 8.573318 00 00 313831323045303134323530            
12/10/23 07:41:04 0126 1                  44.845457 8.573318 00 00 3233303132304A3030343831            
12/10/23 07:42:16 0127 1                  44.845610 8.573552 00 00 313831323045303134383333            
12/10/23 07:42:25 0128 1                  44.845615 8.573545 00 00 313831323045303134383334            
12/10/23 07:42:34 0129 1                  44.845617 8.573537 00 00 313931323043303037393436            
12/10/23 07:43:49 0130 1                  44.845863 8.573573 00 00 313931323045303330323432            
12/10/23 07:44:01 0131 1                  44.845890 8.573575 00 00 313831323045303135303437            
12/10/23 07:44:41 0132 1                  44.845938 8.573607 00 00 3138313230C5303134353432            
12/10/23 07:45:39 0133 1                  44.846142 8.573752 00 00 313831323045303134353539            
12/10/23 07:46:15 0134 1                  44.846338 8.573908 00 00 313831323045303135303538            
12/10/23 07:47:54 0135 1                  44.847427 8.574900 00 00 313831323045303134393134            
12/10/23 07:48:05 0136 1                  44.847425 8.574905 00 00 313831323045303134343839            
12/10/23 07:48:39 0137 1                  44.847592 8.575137 00 00 313831323045303130303230            
12/10/23 07:48:39 0138 1                  44.847592 8.575137 00 00 303614441050F30BA8997633            
12/10/23 07:50:10 0139 1                  44.847753 8.574430 00 00 3034F83700091E0AB41DCB22            
12/10/23 07:50:10 0140 1                  44.847753 8.574430 00 00 313931323043303037383636            
12/10/23 07:50:45 0141 1                  44.847560 8.574315 00 00 313831323045303134373138            
12/10/23 07:53:39 0142 1                  44.846500 8.573310 00 00 313831323045303135373137            
12/10/23 07:53:48 0143 1                  44.846495 8.573305 00 00 313831323045303135323832            
12/10/23 07:54:33 0144 1                  44.846317 8.573003 00 00 313931323043303037363333            
12/10/23 07:55:09 0145 1                  44.846208 8.572825 00 00 313831323045303134343732            
12/10/23 07:56:01 0146 1                  44.845643 8.572940 00 00 313831323045303134343731            
12/10/23 07:59:22 0147 1                  44.845678 8.572830 00 00 313832343045303035323634            
12/10/23 08:00:08 0148 1                  44.845492 8.572835 00 00 3035E2C4E83680DBF08F3EB6            
12/10/23 08:00:08 0149 1                  44.845492 8.572835 00 00 3034F722D4409402603EBE97            
12/10/23 08:01:18 0150 1                  44.845112 8.572472 00 00 31383033304D303033313733            
12/10/23 08:01:22 0151 1                  44.845113 8.572468 00 00 31383033304D303033313739            
12/10/23 08:01:23 0152 1                  44.845115 8.572467 00 00 08383972B1A2CE00FFC4B059            
12/10/23 08:01:31 0153 1                  44.845117 8.572462 00 00 3231303033304D3032313531            
12/10/23 08:01:51 0154 1                  44.845128 8.572450 00 00 3034326DA8108A806AB07404            
12/10/23 08:01:52 0155 1                  44.845128 8.572450 00 00 303515BAE85A65880000006A            
12/10/23 08:01:52 0156 1                  44.845128 8.572450 00 00 30343606EC4FBF76B20D8004            
12/10/23 08:01:53 0157 1                  44.845128 8.572450 00 00 30343606E8478FEA81D0B805            
12/10/23 08:01:53 0158 1                  44.845130 8.572452 00 00 31383033304D30B033313737            
12/10/23 08:02:34 0159 1                  44.845120 8.572435 00 00 313831323045303134343638            
12/10/23 08:02:42 0160 1                  44.845120 8.572440 00 00 313831323045303135333534            
12/10/23 08:02:42 0161 1                  44.845120 8.572440 00 00 08383972D111AE00FF9B8976            
12/10/23 08:03:41 0162 1                  44.844935 8.572138 00 00 313831323045303130333431            
12/10/23 08:03:46 0163 1                  44.844935 8.572140 00 00 313831323045303131363037            
12/10/23 08:05:02 0164 1                  44.844815 8.571590 00 00 313831323045303134313737            
12/10/23 08:07:26 0165 1                  44.844858 8.571428 00 00 30396061C3C285823A9E0C46            
12/10/23 08:07:35 0166 1                  44.844863 8.571430 00 00 303ACB03402CA5DC5FB87446            
12/10/23 08:07:35 0167 1                  44.844863 8.571430 00 00 3034F822B81C5002E90EF25A            
12/10/23 08:07:36 0168 1                  44.844863 8.571430 00 00 303ACA49837E6E9AC688F46D            
12/10/23 08:07:44 0169 1                  44.844863 8.571428 00 00 30395DFA83214F800024C8C8            
12/10/23 08:08:03 0170 1                  44.844862 8.571398 00 00 3035EB8ADC11410002000CE7            
12/10/23 08:08:03 0171 1                  44.844862 8.571398 00 00 30395DFA82F1640000116E23            
12/10/23 08:08:04 0172 1                  44.844863 8.571398 00 00 3035EA594427B88004000076            
12/10/23 08:08:05 0173 1                  44.844863 8.571398 00 00 30395DFA82F1640000116E21            
12/10/23 08:08:07 0174 1                  44.844867 8.571398 00 00 303ACA4983C00BDC5D95F592            
12/10/23 08:08:10 0175 1                  44.844872 8.571398 00 00 3034F722D438A90260C6C3C1            
12/10/23 08:08:12 0176 1                  44.844875 8.571398 00 00 00B07A14C80DA61030000C2D            
12/10/23 08:08:12 0177 1                  44.844875 8.571398 00 00 3036143BB01A8ACBA7DF5C6D            
12/10/23 08:08:13 0178 1                  44.844875 8.571398 00 00 30361429583A96DFF414F4ED            
12/10/23 08:08:39 0179 1                  44.844888 8.571395 00 00 30340BF8D03D62B2D75FC005            
12/10/23 08:08:40 0180 1                  44.844888 8.571395 00 00 30340BE26C1FBF40000F544C            
12/10/23 08:08:40 0181 1                  44.844888 8.571395 00 00 30360372D81CDE800CD0B0FD            
12/10/23 08:08:41 0182 1                  44.844888 8.571395 00 00 30340BF8D44D4E92D80AC404            
12/10/23 08:08:41 0183 1                  44.844888 8.571395 00 00 303602CCD856E7C00632EE5C            
12/10/23 08:08:44 0184 1                  44.844888 8.571393 00 00 3034F836E425760AB41DE361            
12/10/23 08:08:58 0185 1                  44.844890 8.571382 00 00 303ACA49833E25D9D8B791B2            
12/10/23 08:08:58 0186 1                  44.844890 8.571382 00 00 30340BE628166D8FD88CA406            
12/10/23 08:09:00 0187 1                  44.844890 8.571380 00 00 30395DFA833E07C1B9893E71            
12/10/23 08:09:07 0188 1                  44.844885 8.571380 00 00 3034F722D442E8425E8EE505            
12/10/23 08:09:13 0189 1                  44.844888 8.571377 00 00 303436395C16E1DEAF938805            
12/10/23 08:09:26 0190 1                  44.844893 8.571363 00 00 30340BE628166D9B4D26BC06            
12/10/23 08:09:26 0191 1                  44.844893 8.571363 00 00 30340BE628166DFD5531C806            
12/10/23 08:09:28 0192 1                  44.844895 8.571360 00 00 3034F836EC52E40AB41DFD12            
12/10/23 08:09:29 0193 1                  44.844898 8.571358 00 00 3034326DA8008E2C7863BCE7            
12/10/23 08:09:30 0194 1                  44.844898 8.571358 00 00 3034F80CB0261FC4E200148B            
12/10/23 08:09:47 0195 1                  44.844917 8.571348 00 00 201400007707494000000000            
12/10/23 08:10:11 0196 1                  44.844935 8.571355 00 00 30396061C3C5B940CA6DA59C            
12/10/23 08:12:32 0197 1                  44.844400 8.571568 00 00 313832343045303035303132            
12/10/23 08:12:33 0198 1                  44.844397 8.571568 00 00 313832343045303035303631            
12/10/23 08:13:26 0199 1                  44.844200 8.571357 00 00 313931323043303037363232            
12/10/23 08:13:44 0200 1                  44.844200 8.571352 00 00 313831323045303133397833            
12/10/23 08:14:38 0201 1                  44.843802 8.571377 00 00 313831323045303134343032            
12/10/23 08:15:48 0202 1                  44.843607 8.571712 00 00 313831323045303135333933            
12/10/23 08:16:07 0203 1                  44.843587 8.571708 00 00 313831323045303130353837            
12/10/23 08:16:17 0204 1                  44.843580 8.571710 00 00 313831323045303134363537            
12/10/23 08:16:25 0205 1                  44.843577 8.571712 00 00 313831323045303132383734            
12/10/23 08:16:32 0206 1                  44.843562 8.571720 00 00 313831323045303134323733            
12/10/23 08:16:40 0207 1                  44.843547 8.571718 00 00 313831323045303134373639            
12/10/23 08:17:13 0208 1                  44.843535 8.571745 00 00 313831323045303134343635            
12/10/23 08:18:15 0209 1                  44.843213 8.572132 00 00 313831323045303134373637            
12/10/23 08:18:30 0210 1                  44.843208 8.572138 00 00 313831323045303131393733            
12/10/23 08:18:53 0211 1                  44.843213 8.572137 00 00 313831323045303135323238            
12/10/23 08:19:57 0212 1                  44.843070 8.572333 00 00 313831323045303134373636            
12/10/23 08:20:09 0213 1                  44.843063 8.572333 00 00 313831323045303134373635            
12/10/23 08:20:10 0214 1                  44.843063 8.572333 00 00 30396062C38AFD800000508F            
12/10/23 08:20:59 0215 1                  44.842875 8.572682 00 00 30396062C38643C0001A49BB            
12/10/23 08:20:59 0216 1                  44.842875 8.572682 00 00 313831323045303135323137            
12/10/23 08:21:30 0217 1                  44.842767 8.572880 00 00 313831323045303135323231            
12/10/23 08:22:14 0218 1                  44.842675 8.573022 00 00 313831323045303135343130            
12/10/23 08:22:27 0219 1                  44.842673 8.573008 00 00 303436395C16E1DEAF938805            
12/10/23 08:22:29 0220 1                  44.842672 8.573008 00 00 313832343045303035323231            
12/10/23 08:23:26 0221 1                  44.842500 8.573142 00 00 313831323045303131363036            
12/10/23 08:23:37 0222 1                  44.842493 8.573152 00 00 313831323045303135393739            
12/10/23 08:23:39 0223 1                  44.842492 8.573153 00 00 303532E77C1791000001F06B            
12/10/23 08:24:20 0224 1                  44.842298 8.573515 00 00 313831323045303132323135            
12/10/23 08:25:05 0225 1                  44.842110 8.573765 00 00 313831323045303134343933            
12/10/23 08:25:45 0226 1                  44.842087 8.573452 00 00 313931323043303037393337            
12/10/23 08:26:17 0227 1                  44.842072 8.573482 00 00 313831323045303134303732            
12/10/23 08:26:27 0228 1                  44.842060 8.573473 00 00 313831323045303135323232            
12/10/23 08:26:37 0229 1                  44.842038 8.573467 00 00 313931323043303038363134            
12/10/23 08:26:48 0230 1                  44.842023 8.573465 00 00 30396062C3874F400016C9D1            
12/10/23 08:26:48 0231 1                  44.842023 8.573465 00 00 3039606283BDA2C15CF45030            
12/10/23 08:26:49 0232 1                  44.842023 8.573465 00 00 30360372D831B7000CD0A496            
12/10/23 08:26:49 0233 1                  44.842020 8.573465 00 00 303960624365400000118B75            
12/10/23 08:26:49 0234 1                  44.842020 8.573465 00 00 30395DFA82EA0C00000F0827            
12/10/23 08:26:50 0235 1                  44.842020 8.573465 00 00 3039606343A7B30123064C03            
12/10/23 08:26:50 0236 1                  44.842020 8.573465 00 00 30396062C387ACC0002CF57E            
12/10/23 08:26:50 0237 1                  44.842020 8.573465 00 00 303B12FB42C6F54000022800            
12/10/23 08:27:00 0238 1                  44.842010 8.573470 00 00 313931323043303037353433            
12/10/23 08:27:54 0239 1                  44.842092 8.573268 00 00 313831323045303134373731            
12/10/23 08:28:02 0240 1                  44.842082 8.573255 00 00 313831323045303134373430            
12/10/23 08:28:53 0241 1                  44.842093 8.572858 00 00 313931323043303132363930            
12/10/23 08:28:53 0242 1                  44.842093 8.572858 00 00 3039606203CB0240001368F6            
12/10/23 08:30:15 0243 1                  44.841982 8.572540 00 00 313831323045303132363934            
12/10/23 08:31:11 0244 1                  44.841720 8.572597 00 00 313831323045303133373631            
12/10/23 08:31:50 0245 1                  44.841527 8.572690 00 00 313831323045303132363932            
12/10/23 08:32:42 0246 1                  44.841147 8.572773 00 00 313931323043303038313939            
12/10/23 08:32:59 0247 1                  44.841140 8.572775 00 00 313831323045303132363931            
12/10/23 08:33:14 0248 1                  44.841137 8.572775 00 00 313831323045303134373037            
12/10/23 08:34:01 0249 1                  44.840893 8.572815 00 00 313831323045303134323938            
12/10/23 08:34:48 0250 1                  44.840337 8.572885 00 00 30395DFA82F3CCC0001DD958            
12/10/23 08:35:00 0251 1                  44.840315 8.572860 00 00 313931323043303133343939            
12/10/23 08:35:43 0252 1                  44.840143 8.572788 00 00 313831323045303132383037            
12/10/23 08:35:51 0253 1                  44.840132 8.572782 00 00 313831323045303131343834            
12/10/23 08:36:52 0254 1                  44.840418 8.573697 00 00 313831323045303134373038            
12/10/23 08:37:57 0255 1                  44.840572 8.574143 00 00 313831323045303134373133            
12/10/23 08:39:37 0256 1                  44.842612 8.571825 00 00 303ACA49817006DAC6896479            
12/10/23 08:39:40 0257 1                  44.842613 8.571830 00 00 313931323043303033363431            
12/10/23 08:40:41 0258 1                  44.842772 8.570370 00 00 313831323045303039333233            
12/10/23 08:41:31 0259 1                  44.842610 8.570075 00 00 313931323043303130363032            
12/10/23 08:41:33 0260 1                  44.842610 8.570070 00 00 30317D7A7286A14000089A18            
12/10/23 08:42:45 0261 1                  44.842518 8.569527 00 00 30395DFA818ECA000018E760            
12/10/23 08:42:45 0262 1                  44.842518 8.569527 00 00 313831323045303133373833            
12/10/23 08:42:51 0263 1                  44.842512 8.569520 00 00 313831323045303133373535            
12/10/23 08:42:51 0264 1                  44.842512 8.569520 00 00 30396135405BD149502F91E7            
12/10/23 08:43:47 0265 1                  44.843358 8.570638 00 00 313831323045303134333636            
12/10/23 08:44:35 0266 1                  44.844063 8.570628 00 00 30396061C3BF960000254A6C            
12/10/23 08:44:41 0267 1                  44.844063 8.570637 00 00 303ACA478336DC599C82D472            
12/10/23 08:44:41 0268 1                  44.844063 8.570637 00 00 313831323045303134333639            
12/10/23 08:45:24 0269 1                  44.844212 8.570638 00 00 313831323045303132363933            
12/10/23 08:46:01 0270 1                  44.844428 8.570642 00 00 313831323045303135353632            
12/10/23 08:46:03 0271 1                  44.844428 8.570640 00 00 3034F8370023388AB41DC5CE            
12/10/23 08:46:03 0272 1                  44.844428 8.570640 00 00 3034F80CD815CF8AB41DCA6B            
12/10/23 08:46:45 0273 1                  44.845080 8.570628 00 00 313831323045303134333637            
12/10/23 08:47:36 0274 1                  44.845650 8.570625 00 00 313831323045303135333435            
12/10/23 08:47:53 0275 1                  44.845655 8.570615 00 00 30360372D831B7000CD0A496            
12/10/23 08:48:41 0276 1                  44.845658 8.571713 00 00 3138313130304A3030303330            
12/10/23 08:59:34 0277 1                  44.845628 8.572252 00 00 313831323045303135323031            
12/10/23 09:00:10 0278 1                  44.845665 8.572525 00 00 313831323045303134393937            
12/10/23 09:06:51 0279 1                  44.840203 8.578233 00 00 303ACA4982479C19D8B6B076            
12/10/23 09:06:51 0280 1                  44.840203 8.578233 00 00 303ACA4982C0BD5AC688C39E            
12/10/23 09:06:54 0281 1                  44.840200 8.578238 00 00 303ACB034025D519D8B65A1B            
12/10/23 09:06:54 0282 1                  44.840200 8.578238 00 00 3035EB7F183152800800B541            
12/10/23 09:06:55 0283 1                  44.840200 8.578238 00 00 3035EB8ADC14E640040005EE            
12/10/23 09:06:55 0284 1                  44.840200 8.578242 00 00 303ACA49824E6C19D8B63D83            
12/10/23 09:06:55 0285 1                  44.840200 8.578242 00 00 3035EB8ADC19968002004222            
12/10/23 09:06:56 0286 1                  44.840200 8.578242 00 00 303ACA4983A7D19C5E827ACE            
12/10/23 09:06:56 0287 1                  44.840200 8.578242 00 00 30395F3C421168480430000A            
12/10/23 09:06:56 0288 1                  44.840200 8.578242 00 00 303549A628014F94F4B75097            
12/10/23 09:06:57 0289 1                  44.840200 8.578242 00 00 3034F836E406BD0AB41DD6C3            
12/10/23 09:06:57 0290 1                  44.840200 8.578242 00 00 30340BFFFC2857CC3908E004            
12/10/23 09:06:57 0291 1                  44.840200 8.578242 00 00 30395F3C421372C80C700089            
12/10/23 09:06:58 0292 1                  44.840200 8.578242 00 00 3034F8372C2D884AB41DBBA9            
12/10/23 09:07:00 0293 1                  44.840200 8.578243 00 00 3035EB8ADC3431400400093A            
12/10/23 09:07:00 0294 1                  44.840200 8.578243 00 00 9903074E6083D300000001FB            
12/10/23 09:07:09 0295 1                  44.840203 8.578250 00 00 990C0000000000000012DF58            
12/10/23 09:07:09 0296 1                  44.840203 8.578250 00 00 3035EB8ADC10F1800200231D            
12/10/23 09:07:18 0297 1                  44.840200 8.578260 00 00 30395DFA81A48A4000106323            
12/10/23 09:07:22 0298 1                  44.840198 8.578263 00 00 30395DFA82BFA1C000147402            
12/10/23 09:07:23 0299 1                  44.840197 8.578265 00 00 3034F837001E91CAB41DD133            
12/10/23 09:07:28 0300 1                  44.840197 8.578265 00 00 940100111022738900227389            
12/10/23 09:07:32 0301 1                  44.840197 8.578265 00 00 30340C05A050A5611C4CD006            
12/10/23 09:07:32 0302 1                  44.840197 8.578265 00 00 303ACA4983B4B499D8B63B3C            
12/10/23 09:07:37 0303 1                  44.840192 8.578267 00 00 30396062435EA7C000178255            
12/10/23 09:07:38 0304 1                  44.840192 8.578267 00 00 3035EB7F1832060012003172            
12/10/23 09:07:38 0305 1                  44.840192 8.578267 00 00 3035EB7F18373F40080018E2            
12/10/23 09:07:40 0306 1                  44.840190 8.578268 00 00 30395DFA82CF4800003E0D54            
12/10/23 09:07:42 0307 1                  44.840190 8.578268 00 00 3035EB7F184FA78014001403            
12/10/23 09:07:44 0308 1                  44.840190 8.578268 00 00 3035EB7F183207800C000060            
12/10/23 09:08:26 0309 1                  44.840163 8.578287 00 00 3039606283AE8E00001CB153            
12/10/23 09:08:49 0310 1                  44.840155 8.578295 00 00 118434550253517000022459            
12/10/23 09:08:49 0311 1                  44.840155 8.578295 00 00 000000100000005021088658            
12/10/23 09:08:51 0312 1                  44.840155 8.578295 00 00 30396062435CA6C0000005C4            
12/10/23 09:09:19 0313 1                  44.840155 8.578292 00 00 30340BC9EC4541371F5DF804            
12/10/23 09:09:19 0314 1                  44.840155 8.578292 00 00 30396061C3BF25000047E037            
12/10/23 09:09:20 0315 1                  44.840155 8.578292 00 00 30395DFA833E57800012BC9A            
12/10/23 09:09:20 0316 1                  44.840155 8.578290 00 00 30395DFA82F3CCC0001DDF4C            
12/10/23 09:09:20 0317 1                  44.840155 8.578290 00 00 3034F822A422C982E90EE3A4            
12/10/23 09:09:21 0318 1                  44.840155 8.578290 00 00 30395DFA81A48EC00009A89F            
12/10/23 09:09:21 0319 1                  44.840155 8.578290 00 00 30395DFA82D8724000138326            
12/10/23 09:09:23 0320 1                  44.840155 8.578290 00 00 30340BF46821FEB0B9421C03            
12/10/23 09:09:23 0321 1                  44.840155 8.578288 00 00 30395DFA8308E0822E834112            
12/10/23 09:09:25 0322 1                  44.840155 8.578287 00 00 990580575523472530000013            
12/10/23 09:09:40 0323 1                  44.840180 8.578255 00 00 30396061C3C5B4C211A5A537            
12/10/23 09:09:41 0324 1                  44.840182 8.578253 00 00 3035EB63145B89404190AB95            
12/10/23 09:09:41 0325 1                  44.840182 8.578253 00 00 3034F822481B4E0093600142            
12/10/23 09:09:56 0326 1                  44.840198 8.578238 00 00 3039606283C90D820E5AB4FF            
12/10/23 09:09:56 0327 1                  44.840198 8.578238 00 00 3039606283C90C4245286F0A            
12/10/23 09:23:23 0328 1                  44.835047 8.588458 00 00 3139313130304A3031313233            
12/10/23 09:24:30 0329 1                  44.835510 8.589037 00 00 313831313030533030323034            
12/10/23 09:33:35 0000 s 01503ver01 44.841650 8.574332 00 00
12/10/23 09:41:41 0330 1                  44.854357 8.544603 00 00 313831313030533030313033            
12/10/23 09:52:53 0331 1                  44.839623 8.578333 00 00 30395DFA82D24540001FD795            
12/10/23 09:53:32 0332 1                  44.839612 8.578330 00 00 30395DFA82BFE10000176E51            
12/10/23 09:53:32 0333 1                  44.839612 8.578330 00 00 30395DFA831B4E0211AB3D76            
12/10/23 09:53:33 0334 1                  44.839612 8.578328 00 00 3039606203C19F400012DD04            
12/10/23 09:53:59 0335 1                  44.839620 8.578330 00 00 30340BD1DC155DE5E970DC05            
12/10/23 09:54:14 0336 1                  44.839617 8.578337 00 00 30395DFA82BFE240001B27FF            
12/10/23 10:02:03 0337 1                  44.839705 8.578805 00 00 313831323045303131343630            
12/10/23 10:09:45 0000 s 01503ver01 44.840132 8.578383 00 00
12/10/23 10:36:50 0338 1                  44.787902 8.746903 00 00 3034F836E828AACAB41E4AD5            
