21/10/23 05:08:18 0000 s 01504ver01 44.792848 8.739502 00 00
21/10/23 05:29:28 0001 1                  44.724300 8.857087 00 00 31383033304D303030363131            
21/10/23 05:30:30 0002 1                  44.723240 8.857788 00 00 31383033304D303031323938            
21/10/23 05:31:03 0003 1                  44.723050 8.857712 00 00 313931323053303030373734            
21/10/23 05:31:25 0004 1                  44.723027 8.857693 00 00 3231303033304D3034333835            
21/10/23 05:31:39 0005 1                  44.723058 8.857765 00 00 3231303033304D3034333931            
21/10/23 05:32:50 0006 1                  44.722727 8.857477 00 00 31383132304A303036303430            
21/10/23 05:35:38 0007 1                  44.722352 8.857875 00 00 31383033304D303032373331            
21/10/23 05:35:52 0008 1                  44.722232 8.857920 00 00 31383033304D303031323530            
21/10/23 05:36:00 0009 1                  44.722208 8.857965 00 00 31383033304D303032343839            
21/10/23 05:36:06 0010 1                  44.722193 8.858002 00 00 31383033304D303030323837            
21/10/23 05:36:14 0011 1                  44.722173 8.858027 00 00 3230303033304D3030393334            
21/10/23 05:40:47 0012 1                  44.721720 8.857380 00 00 31383033304D303030363236            
21/10/23 05:40:53 0013 1                  44.721735 8.857392 00 00 31383033304D303030363336            
21/10/23 05:41:41 0014 1                  44.721723 8.857685 00 00 31383033304D303034393531            
21/10/23 05:42:40 0015 1                  44.721567 8.858028 00 00 31383033304D303035343634            
21/10/23 05:43:49 0016 1                  44.721515 8.856120 00 00 31383132304A303037353437            
21/10/23 05:44:43 0017 1                  44.721535 8.856167 00 00 31383132304A303030313530            
21/10/23 05:45:47 0018 1                  44.721273 8.856397 00 00 313932343045303030303831            
21/10/23 05:47:15 0019 1                  44.721208 8.856642 00 00 3232303234304A3030383934            
21/10/23 05:48:46 0020 1                  44.721055 8.858045 00 00 31383033304D303030323731            
21/10/23 05:49:02 0021 1                  44.721067 8.858065 00 00 3231303033304D3034323832            
21/10/23 05:50:13 0022 1                  44.721210 8.857763 00 00 303960FFC13F7909502F9E97            
21/10/23 05:50:13 0023 1                  44.721210 8.857763 00 00 31383132304A303030323133            
21/10/23 05:55:08 0024 1                  44.721185 8.858837 00 00 31383033304D303030343630            
21/10/23 05:56:15 0025 1                  44.720948 8.859032 00 00 31383033304D303035333838            
21/10/23 05:56:45 0026 1                  44.720895 8.859170 00 00 31383033304D303031363732            
21/10/23 05:57:15 0027 1                  44.720523 8.858985 00 00 31383033304D303032353138            
21/10/23 05:57:31 0028 1                  44.720443 8.858972 00 00 31383033304D303030393134            
21/10/23 05:58:20 0029 1                  44.720095 8.858250 00 00 31383033304D303030393837            
21/10/23 06:03:11 0030 1                  44.712723 8.856883 00 00 31383132304A303030383834            
21/10/23 06:05:16 0031 1                  44.715505 8.856718 00 00 31383132304A303030363330            
21/10/23 06:06:21 0032 1                  44.715932 8.856770 00 00 31383033304D303031323630            
21/10/23 06:07:52 0033 1                  44.718462 8.859330 00 00 31383033304D303035343134            
21/10/23 06:08:44 0034 1                  44.718585 8.858807 00 00 31383132304A303038383437            
21/10/23 06:10:05 0035 1                  44.718658 8.858695 00 00 31383033304D303030353134            
21/10/23 06:10:42 0036 1                  44.718932 8.858635 00 00 3231303033304D3034373334            
21/10/23 06:10:50 0037 1                  44.718970 8.858645 00 00 3231303033304D3034383131            
21/10/23 06:11:32 0038 1                  44.719167 8.858620 00 00 31383033304D303030343636            
21/10/23 06:12:51 0039 1                  44.720183 8.858698 00 00 31383132304A303030363934            
21/10/23 06:14:58 0040 1                  44.720483 8.858382 00 00 31383033304D303030353231            
21/10/23 06:18:34 0041 1                  44.703867 8.856033 00 00 31383132304A303030373137            
21/10/23 06:20:46 0042 1                  44.703127 8.851938 00 00 31383132304A303032323738            
21/10/23 06:24:46 0043 1                  44.700122 8.846888 00 00 31383132304A303037343432            
21/10/23 06:39:36 0044 1                  44.701893 8.853307 00 00 31383132304A303030303934            
21/10/23 06:43:17 0045 1                  44.710453 8.861565 00 00 31383132304A303038313631            
21/10/23 06:43:53 0046 1                  44.710468 8.861617 00 00 31383132304A303038313535            
21/10/23 06:53:35 0047 1                  44.719638 8.859703 00 00 3231303033304D3033343132            
21/10/23 06:54:12 0048 1                  44.719530 8.859702 00 00 31383033304D303031363433            
21/10/23 06:54:12 0049 1                  44.719530 8.859702 00 00 31383033304D303031363433            
21/10/23 06:54:14 0050 1                  44.719525 8.859695 00 00 31383033304D30303136343B            
21/10/23 06:54:16 0051 1                  44.719520 8.859690 00 00 31383033304D30303136343B            
21/10/23 06:57:40 0052 1                  44.720570 8.861072 00 00 31383132304A303030313536            
21/10/23 07:02:17 0053 1                  44.718318 8.863508 00 00 3231303132304A3034313135            
21/10/23 07:03:17 0054 1                  44.718123 8.863630 00 00 31383132304A303036393335            
21/10/23 07:08:46 0055 1                  44.721492 8.859388 00 00 33383033304D303031383434            
21/10/23 07:09:02 0056 1                  44.721647 8.859400 00 00 31383033304D303030343933            
21/10/23 07:10:35 0057 1                  44.722102 8.859667 00 00 31383033304D303030313934            
21/10/23 07:10:54 0058 1                  44.722092 8.859705 00 00 31383033304D303030323539            
21/10/23 07:12:14 0059 1                  44.722038 8.859452 00 00 31383033304D303031303239            
21/10/23 07:21:14 0060 1                  44.730987 8.850792 00 00 31383132304A303038353433            
21/10/23 07:37:41 0061 1                  44.726472 8.856125 00 00 123606002443200629000000            
21/10/23 07:39:38 0000 s 01504ver01 44.726543 8.856030 00 00
21/10/23 07:49:06 0000 s 01504ver01 44.726615 8.855938 00 00
21/10/23 07:52:47 0062 1                  44.722800 8.858067 00 00 30340BF8CC487C090B6F3004            
21/10/23 07:52:49 0063 1                  44.722798 8.858068 00 00 3034F7EDC03C49CAB41DBDFF            
21/10/23 07:53:29 0064 1                  44.722768 8.858100 00 00 31383132304A303039333636            
21/10/23 07:56:27 0065 1                  44.721943 8.857922 00 00 31383033304D303032373331            
21/10/23 07:59:13 0066 1                  44.722062 8.857338 00 00 313931313030433030333638            
21/10/23 08:00:24 0067 1                  44.722013 8.857427 00 00 31383033304D303032353033            
21/10/23 08:03:16 0068 1                  44.721815 8.857692 00 00 31383033304D303031393338            
21/10/23 08:03:28 0069 1                  44.721783 8.857728 00 00 31383033304D303035363634            
21/10/23 08:03:36 0070 1                  44.721767 8.857740 00 00 31383033304D303031383138            
21/10/23 08:05:53 0071 1                  44.721542 8.856008 00 00 31383132304A303137373236            
21/10/23 08:07:35 0072 1                  44.721322 8.857612 00 00 31383132304A303130363333            
21/10/23 08:08:49 0073 1                  44.721268 8.857902 00 00 31383033304D303031373339            
21/10/23 08:08:49 0074 1                  44.721268 8.857902 00 00 31383033304D303031363339            
21/10/23 08:09:24 0075 1                  44.721185 8.857902 00 00 31383033304D303032343039            
21/10/23 08:09:32 0076 1                  44.721172 8.857913 00 00 31383033304D303031373837            
21/10/23 08:09:52 0077 1                  44.721127 8.857973 00 00 31383033304D303033303236            
21/10/23 08:10:06 0078 1                  44.721130 8.858035 00 00 31383033304D303032353331            
21/10/23 08:11:31 0079 1                  44.721280 8.857842 00 00 31383033304D303032373637            
21/10/23 08:14:29 0080 1                  44.721265 8.859320 00 00 31383033304D303031363732            
21/10/23 08:14:29 0081 1                  44.721265 8.859320 00 00 31383033704D303031363732            
21/10/23 08:14:41 0082 1                  44.721183 8.859300 00 00 31383033304D303031373033            
21/10/23 08:16:06 0083 1                  44.720580 8.859065 00 00 31383033304D303031383437            
21/10/23 08:17:01 0084 1                  44.720428 8.858938 00 00 31383033304D303032353138            
21/10/23 08:18:28 0085 1                  44.720163 8.858203 00 00 3231303033304D3031393737            
21/10/23 08:18:58 0086 1                  44.720073 8.858100 00 00 31383033304D303031373830            
21/10/23 08:19:26 0087 1                  44.720070 8.858083 00 00 31383033304D303030393837            
21/10/23 08:19:28 0088 1                  44.720067 8.858082 00 00 31383132304A303137353939            
21/10/23 08:27:23 0089 1                  44.718552 8.858683 00 00 31383033304D303031383031            
21/10/23 08:29:07 0090 1                  44.718748 8.858568 00 00 31383033304D303035383131            
21/10/23 08:31:18 0091 1                  44.719062 8.858507 00 00 31383033304D303035373834            
21/10/23 08:32:23 0092 1                  44.719292 8.858498 00 00 31383132304A303130343139            
21/10/23 08:35:07 0093 1                  44.720282 8.858318 00 00 31383132304A303130383432            
21/10/23 08:36:56 0094 1                  44.720440 8.858192 00 00 31383033304D303030353231            
21/10/23 08:37:28 0095 1                  44.720498 8.858295 00 00 313932343045303030323231            
21/10/23 08:45:23 0096 1                  44.721497 8.859447 00 00 31383033304D303031383536            
21/10/23 08:46:50 0097 1                  44.721540 8.859385 00 00 31383033304D303031383735            
21/10/23 08:46:50 0098 1                  44.721540 8.859385 00 00 33383033304D303031383434            
21/10/23 08:46:54 0099 1                  44.721542 8.859385 00 00 313C3033304D303031383735            
21/10/23 08:48:39 0100 1                  44.723102 8.859317 00 00 313932343045303030343736            
21/10/23 08:55:56 0101 1                  44.726597 8.856073 00 00 30340BF8CC487C090B6F3004            
21/10/23 08:55:56 0102 1                  44.726597 8.856073 00 00 3034F7EDC03C49CAB41DBDFF            
21/10/23 08:55:56 0103 1                  44.726597 8.856073 00 00 30340BCA04602B80BC9B4006            
21/10/23 09:13:10 0000 s 01504ver01 44.726550 8.855852 00 00
21/10/23 10:16:18 0000 s 01504ver01 44.772408 8.761655 00 00
21/10/23 10:24:49 0000 s 01504ver01 44.792925 8.739750 00 00
