21/10/23 05:25:26 0000 s 01492ver01 44.882243 8.859980 00 00
21/10/23 05:40:47 0001 1                  44.901253 8.877230 00 00 313931323043303037393131            
21/10/23 05:40:50 0002 1                  44.901253 8.877235 00 00 313931323043303037383739            
21/10/23 05:41:56 0003 1                  44.901208 8.877327 00 00 313931323043303037393233            
21/10/23 05:41:57 0004 1                  44.901210 8.877327 00 00 313931323043303037393232            
21/10/23 05:41:58 0005 1                  44.901210 8.877327 00 00 313931323043303039333530            
21/10/23 05:41:58 0006 1                  44.901210 8.877327 00 00 991300BB9183AFD200003284            
21/10/23 05:44:26 0007 1                  44.901000 8.876778 00 00 313931323043303033383331            
21/10/23 05:44:28 0008 1                  44.900987 8.876772 00 00 313931323043303033353137            
21/10/23 05:45:32 0009 1                  44.901110 8.876728 00 00 323031313030433030353433            
21/10/23 05:48:25 0010 1                  44.897152 8.873593 00 00 313931323043303132313035            
21/10/23 05:48:27 0011 1                  44.897147 8.873590 00 00 30396062C387ADC0001D146A            
21/10/23 05:50:59 0012 1                  44.894645 8.876765 00 00 313931323043303030393939            
21/10/23 05:51:11 0013 1                  44.894645 8.876772 00 00 805614002612900001000000            
21/10/23 05:52:43 0014 1                  44.894970 8.876327 00 00 313931323043303031333334            
21/10/23 05:55:40 0015 1                  44.895695 8.877165 00 00 313931323043303031303032            
21/10/23 05:57:27 0016 1                  44.897312 8.877673 00 00 313931323043303031343031            
21/10/23 05:59:38 0017 1                  44.899812 8.879715 00 00 30340BF8E0027F709F9F3804            
21/10/23 05:59:38 0018 1                  44.899812 8.879715 00 00 313831323045303039343732            
21/10/23 05:59:38 0019 1                  44.899812 8.879715 00 00 313831323045303039343733            
21/10/23 05:59:39 0020 1                  44.899813 8.879715 00 00 30340BF8E81608A6F934C804            
21/10/23 06:02:04 0021 1                  44.899100 8.880473 00 00 313931323043303132373734            
21/10/23 06:02:04 0022 1                  44.899100 8.880473 00 00 313931323043303132373736            
21/10/23 06:02:05 0023 1                  44.899100 8.880473 00 00 3036143DD42ABF4000001E97            
21/10/23 06:02:06 0024 1                  44.899097 8.880472 00 00 313831323045303039343734            
21/10/23 06:02:10 0025 1                  44.899095 8.880472 00 00 3036143DD42ABE0000015AB1            
21/10/23 06:04:00 0026 1                  44.899145 8.880462 00 00 3233303132304A3030343033            
21/10/23 06:04:00 0027 1                  44.899145 8.880462 00 00 313931323043303038373239            
21/10/23 06:04:02 0028 1                  44.899168 8.880467 00 00 313931323043303033323135            
21/10/23 06:04:10 0029 1                  44.899218 8.880487 00 00 313931323043303038373639            
21/10/23 06:05:45 0030 1                  44.899327 8.881022 00 00 31383132304A303136313539            
21/10/23 06:07:08 0031 1                  44.899072 8.881627 00 00 313931323043303034303635            
21/10/23 06:07:10 0032 1                  44.899072 8.881628 00 00 30395DFA831D2C400023CAE2            
21/10/23 06:08:38 0033 1                  44.898408 8.881760 00 00 313931323043303034303633            
21/10/23 06:09:43 0034 1                  44.898170 8.881978 00 00 313931323043303034303632            
21/10/23 06:11:06 0035 1                  44.897178 8.881935 00 00 313931323043303031363234            
21/10/23 06:12:20 0036 1                  44.896710 8.881922 00 00 313931323043303131393531            
21/10/23 06:14:09 0037 1                  44.896378 8.881805 00 00 313931323043303131393533            
21/10/23 06:16:25 0038 1                  44.896293 8.882113 00 00 313931323043303132303332            
21/10/23 06:16:27 0039 1                  44.896292 8.882110 00 00 3034F80C90162BCAB41DC085            
21/10/23 06:18:33 0040 1                  44.895960 8.882662 00 00 313931323043303133333030            
21/10/23 06:19:23 0041 1                  44.895523 8.883282 00 00 30340BF8E0027F709F9F3804            
21/10/23 06:22:24 0042 1                  44.895330 8.881715 00 00 313931323043303031323738            
21/10/23 06:22:24 0043 1                  44.895330 8.881715 00 00 313931323043303033383139            
21/10/23 06:22:26 0044 1                  44.895330 8.881715 00 00 313931323043303131393535            
21/10/23 06:22:26 0045 1                  44.895328 8.881715 00 00 313931323043303131393535            
21/10/23 06:24:48 0046 1                  44.895308 8.882698 00 00 313931323043303036303632            
21/10/23 06:24:48 0047 1                  44.895308 8.882698 00 00 3034F82248512AC0875003DE            
21/10/23 06:24:48 0048 1                  44.895308 8.882698 00 00 3039606203C0878000225D52            
21/10/23 06:24:49 0049 1                  44.895308 8.882698 00 00 313931323043303036303635            
21/10/23 06:24:51 0050 1                  44.895312 8.882708 00 00 303ACA49807A939C389CE5BE            
21/10/23 06:25:21 0051 1                  44.895320 8.882743 00 00 30340BF8E81608A6F934C804            
21/10/23 06:26:20 0052 1                  44.895317 8.882897 00 00 313931323043303036303631            
21/10/23 06:27:33 0053 1                  44.895333 8.883245 00 00 313931323043303036303634            
21/10/23 06:28:48 0054 1                  44.895313 8.883415 00 00 313931323043303036303633            
21/10/23 06:30:51 0055 1                  44.894487 8.883730 00 00 313931323043303036303630            
21/10/23 06:33:15 0056 1                  44.888797 8.885578 00 00 313931323043303037363631            
21/10/23 06:33:17 0057 1                  44.888798 8.885578 00 00 3035EB8ADC3434C012003AAF            
21/10/23 06:33:19 0058 1                  44.888798 8.885578 00 00 30340BF8E0027F709F9F3804            
21/10/23 06:33:19 0059 1                  44.888798 8.885578 00 00 3035EBA8781EF440120F2C5F            
21/10/23 06:33:20 0060 1                  44.888798 8.885578 00 00 3035EB8ADC348FC0040015CA            
21/10/23 06:36:27 0061 1                  44.888972 8.885773 00 00 313931323043303031363232            
21/10/23 06:38:28 0062 1                  44.892100 8.884980 00 00 313931323043303032343437            
21/10/23 06:38:30 0063 1                  44.892098 8.884973 00 00 313931323043303032343438            
21/10/23 06:38:34 0064 1                  44.892097 8.884968 00 00 30396062438C9B00001C8B60            
21/10/23 06:40:19 0065 1                  44.893452 8.884437 00 00 313931323043303032343439            
21/10/23 06:43:13 0066 1                  44.897860 8.882292 00 00 31383033304D303032303432            
21/10/23 06:43:27 0067 1                  44.897865 8.882293 00 00 313931323043303039393835            
21/10/23 06:43:28 0068 1                  44.897865 8.882293 00 00 313931323043303132343631            
21/10/23 06:43:28 0069 1                  44.897865 8.882293 00 00 303960FFC14FCF800000981B            
21/10/23 06:43:30 0070 1                  44.897865 8.882293 00 00 303960FFC0FE0109502F9471            
21/10/23 06:43:31 0071 1                  44.897865 8.882293 00 00 3039612D43A0D849502F91A8            
21/10/23 06:43:32 0072 1                  44.897865 8.882293 00 00 3039612D437C7809502F9873            
21/10/23 06:45:46 0073 1                  44.895540 8.887817 00 00 313931323043303031333132            
21/10/23 06:47:41 0074 1                  44.892923 8.888022 00 00 313931323043303132333632            
21/10/23 06:48:51 0075 1                  44.892548 8.888002 00 00 3139313230C3303133323135            
21/10/23 06:48:52 0076 1                  44.892547 8.888002 00 00 313931323043303133323135            
21/10/23 06:50:23 0077 1                  44.890445 8.888103 00 00 313931323043303031313837            
21/10/23 06:51:39 0078 1                  44.889925 8.887978 00 00 313931323043303035393934            
21/10/23 06:51:54 0079 1                  44.889922 8.887965 00 00 805614002612900001000000            
21/10/23 06:53:36 0080 1                  44.887702 8.886888 00 00 313931323043303035393932            
21/10/23 06:53:36 0081 1                  44.887702 8.886888 00 00 313931323043303132333433            
21/10/23 06:57:32 0082 1                  44.886368 8.883425 00 00 313931323043303034303534            
21/10/23 06:57:34 0083 1                  44.886367 8.883427 00 00 313931323043303034303533            
21/10/23 06:58:11 0084 1                  44.886365 8.883423 00 00 30340BF8E81608A6F934C804            
21/10/23 06:59:55 0085 1                  44.887658 8.882272 00 00 3230303033304D3032343838            
21/10/23 07:00:07 0086 1                  44.887670 8.882263 00 00 3230303033304D3032343935            
21/10/23 07:03:05 0087 1                  44.888025 8.882837 00 00 313931323043303039303332            
21/10/23 07:03:14 0088 1                  44.888033 8.882872 00 00 805614002612900001000000            
21/10/23 07:04:28 0089 1                  44.888423 8.882898 00 00 313931323043303031333037            
21/10/23 07:06:08 0090 1                  44.889132 8.882597 00 00 313931323043303132343637            
21/10/23 07:08:05 0091 1                  44.889437 8.882640 00 00 313931323043303034303536            
21/10/23 07:08:06 0092 1                  44.889438 8.882640 00 00 313931323043303031343032            
21/10/23 07:09:50 0093 1                  44.890555 8.882420 00 00 30340BDF105572564AB19804            
21/10/23 07:09:50 0094 1                  44.890555 8.882420 00 00 313931323043303031343632            
21/10/23 07:09:51 0095 1                  44.890555 8.882420 00 00 313931323043303031343638            
21/10/23 07:11:20 0096 1                  44.891127 8.882547 00 00 313931323043303036303535            
21/10/23 07:11:21 0097 1                  44.891127 8.882547 00 00 3035EB5C64515EC01203796B            
21/10/23 07:11:21 0098 1                  44.891127 8.882547 00 00 3035EB8ADC564187FE0020DD            
21/10/23 07:11:21 0099 1                  44.891127 8.882547 00 00 3035EBE3141788C01204C6A4            
21/10/23 07:11:23 0100 1                  44.891128 8.882543 00 00 3035EB5FA045558012039AA4            
21/10/23 07:11:24 0101 1                  44.891128 8.882542 00 00 3035EB5C645160801203F4AB            
21/10/23 07:11:25 0102 1                  44.891128 8.882542 00 00 3035EBE3141787401205F8B0            
21/10/23 07:12:52 0103 1                  44.892827 8.882262 00 00 313931323043303031363230            
21/10/23 07:14:18 0104 1                  44.893562 8.881945 00 00 313931323043303034303537            
21/10/23 07:15:31 0105 1                  44.894163 8.881872 00 00 313931323043303031323736            
21/10/23 07:16:56 0106 1                  44.894410 8.881975 00 00 313931323043303131393132            
21/10/23 07:16:58 0107 1                  44.894407 8.881972 00 00 313931323043303031323735            
21/10/23 07:18:39 0108 1                  44.894423 8.882323 00 00 313931323043303035303036            
21/10/23 07:18:41 0109 1                  44.894427 8.882322 00 00 303ACB034095C759D8B683EE            
21/10/23 07:18:41 0110 1                  44.894427 8.882322 00 00 313931323043303131393230            
21/10/23 07:18:41 0111 1                  44.894427 8.882322 00 00 303ACB0340035B59D8B6B5E8            
21/10/23 07:18:42 0112 1                  44.894427 8.882322 00 00 09CA705B26B2FF80029D4824            
21/10/23 07:18:42 0113 1                  44.894427 8.882322 00 00 303ACB0340035F19D8B6A6D3            
21/10/23 07:18:42 0114 1                  44.894427 8.882322 00 00 30395DFA82E8CD400017B082            
21/10/23 07:18:43 0115 1                  44.894425 8.882325 00 00 3035EB8ADC3755C7FE00060C            
21/10/23 07:19:40 0116 1                  44.894405 8.882338 00 00 313931323043303131393333            
21/10/23 07:19:41 0117 1                  44.894402 8.882345 00 00 313931323043303031323734            
21/10/23 07:22:19 0118 1                  44.894353 8.881762 00 00 313931323043303030373131            
21/10/23 07:24:11 0119 1                  44.894830 8.881588 00 00 303436395C1759D89497E004            
21/10/23 07:24:11 0120 1                  44.894830 8.881588 00 00 355AB1C8E0061A90009D25DA            
21/10/23 07:24:11 0121 1                  44.894830 8.881588 00 00 313931323043303031323737            
21/10/23 07:24:13 0122 1                  44.894822 8.881587 00 00 313931323043303036303538            
21/10/23 07:24:14 0123 1                  44.894822 8.881587 00 00 355AB1C8E0061A90009D2A6D            
21/10/23 07:26:05 0124 1                  44.895850 8.881405 00 00 313931323043303132333631            
21/10/23 07:29:56 0125 1                  44.900678 8.879433 00 00 313931323043303034393739            
21/10/23 07:30:18 0126 1                  44.900710 8.879422 00 00 30340BF8E81608A6F934C804            
21/10/23 07:31:21 0127 1                  44.900820 8.878597 00 00 3036037DBC34BD4001313127            
21/10/23 07:32:08 0128 1                  44.900772 8.878615 00 00 323031313030433030343836            
21/10/23 07:33:58 0129 1                  44.901138 8.877867 00 00 3230313130304A3030303131            
21/10/23 07:35:41 0130 1                  44.901298 8.877675 00 00 313931323043303031333139            
21/10/23 07:45:46 0000 s 01492ver01 44.899503 8.872767 00 00
21/10/23 07:52:37 0131 1                  44.907175 8.891585 00 00 3232313130304A3030323639            
21/10/23 07:53:25 0132 1                  44.907190 8.891580 00 00 355AB1C8E0061A90009D2A6D            
21/10/23 07:53:25 0133 1                  44.907190 8.891580 00 00 303436395C1759D89497E004            
21/10/23 07:53:29 0134 1                  44.907195 8.891583 00 00 3230313130304A3030303938            
21/10/23 07:54:26 0135 1                  44.907188 8.891570 00 00 3230313130304A3030303336            
21/10/23 07:55:10 0136 1                  44.907187 8.891580 00 00 30340BF8E81608A6F934C804            
21/10/23 07:56:38 0137 1                  44.907092 8.892078 00 00 3230313130304A3030303132            
21/10/23 08:03:02 0138 1                  44.900037 8.881993 00 00 313931323043303034303831            
21/10/23 08:04:32 0139 1                  44.900218 8.882658 00 00 313931323043303035303438            
21/10/23 08:04:33 0140 1                  44.900218 8.882662 00 00 313931323043303034393830            
21/10/23 08:08:37 0141 1                  44.900012 8.887548 00 00 313933323043303133353630            
21/10/23 08:10:38 0142 1                  44.899312 8.890577 00 00 313931323043303133303530            
21/10/23 08:10:38 0143 1                  44.899312 8.890577 00 00 3035EB8ADC5573000C0010F3            
21/10/23 08:12:49 0144 1                  44.898665 8.890547 00 00 313931323043303035383836            
21/10/23 08:12:51 0145 1                  44.898662 8.890548 00 00 083862F93CF47F802F5F195D            
21/10/23 08:12:51 0146 1                  44.898662 8.890548 00 00 313931323043303131383135            
21/10/23 08:12:51 0147 1                  44.898662 8.890548 00 00 083862F84676E8002F471989            
21/10/23 08:16:17 0148 1                  44.897928 8.892658 00 00 313931323043303031353533            
21/10/23 08:17:39 0149 1                  44.898283 8.892868 00 00 313931323043303032323033            
21/10/23 08:21:37 0150 1                  44.891007 8.891715 00 00 313932343043303030363639            
21/10/23 08:22:38 0151 1                  44.890675 8.891582 00 00 313931323043303031353530            
21/10/23 08:24:04 0152 1                  44.889910 8.891605 00 00 313931323043303031373737            
21/10/23 08:26:05 0153 1                  44.892303 8.892665 00 00 313931323043303032313939            
21/10/23 08:26:07 0154 1                  44.892305 8.892665 00 00 313931323043303032313937            
21/10/23 08:26:07 0155 1                  44.892305 8.892665 00 00 3034F836F03FD20AB41DD1B9            
21/10/23 08:26:07 0156 1                  44.892305 8.892665 00 00 30396062437A6880002AFBD3            
21/10/23 08:26:09 0157 1                  44.892308 8.892672 00 00 30396062437233C000165D7E            
21/10/23 08:26:09 0158 1                  44.892308 8.892672 00 00 30396062C38CDF00002A345D            
21/10/23 08:26:09 0159 1                  44.892308 8.892672 00 00 30396062436C64C000091F7D            
21/10/23 08:26:10 0160 1                  44.892308 8.892672 00 00 3039606243635F4000151661            
21/10/23 08:26:10 0161 1                  44.892308 8.892672 00 00 3034F80CB03FCC4AB41E0D0E            
21/10/23 08:26:10 0162 1                  44.892308 8.892672 00 00 3039606243632D80000BC096            
21/10/23 08:27:26 0163 1                  44.892503 8.892597 00 00 313931323043303031353439            
21/10/23 08:27:27 0164 1                  44.892503 8.892592 00 00 313931323043303133333537            
21/10/23 08:29:17 0165 1                  44.895203 8.893290 00 00 3230303033304D3032313634            
21/10/23 08:29:36 0166 1                  44.895130 8.893147 00 00 313931323043303032343037            
21/10/23 08:31:40 0167 1                  44.891422 8.895302 00 00 303ACB034048D35AC688C4CC            
21/10/23 08:31:41 0168 1                  44.891418 8.895300 00 00 313931B23043303031313631            
21/10/23 08:33:34 0169 1                  44.890228 8.896678 00 00 313931323043303031373738            
21/10/23 08:35:00 0170 1                  44.889427 8.896283 00 00 303B1760C3CF7E00000001B8            
21/10/23 08:35:00 0171 1                  44.889427 8.896283 00 00 313931323043303031353438            
21/10/23 08:36:07 0172 1                  44.888977 8.896323 00 00 313931323043303033383831            
21/10/23 08:37:12 0173 1                  44.888550 8.896462 00 00 313931323043303032373034            
21/10/23 08:39:05 0174 1                  44.886697 8.897275 00 00 313931323043303034383536            
21/10/23 08:42:04 0175 1                  44.883250 8.898945 00 00 313931323043303035333039            
21/10/23 08:43:58 0176 1                  44.884645 8.901260 00 00 313931323043303034353731            
21/10/23 08:45:30 0177 1                  44.884907 8.901788 00 00 313931323043303130353935            
21/10/23 08:46:16 0178 1                  44.885450 8.902602 00 00 355AB1C8E0061A90009D25DA            
21/10/23 08:47:06 0179 1                  44.886497 8.904250 00 00 313931323043303031323836            
21/10/23 08:48:46 0180 1                  44.887560 8.904612 00 00 313931323043303037343939            
21/10/23 08:50:05 0181 1                  44.888205 8.904735 00 00 313931323043303031333131            
21/10/23 08:52:07 0182 1                  44.892108 8.904335 00 00 313931323043303031333331            
21/10/23 08:52:09 0183 1                  44.892112 8.904352 00 00 303ACB03401E1C59D8B63546            
21/10/23 08:55:00 0184 1                  44.894795 8.903788 00 00 313931323043303031333134            
21/10/23 08:55:01 0185 1                  44.894795 8.903788 00 00 313931323043303035363738            
21/10/23 08:55:02 0186 1                  44.894797 8.903783 00 00 303ACB03405BBB1AC688E446            
21/10/23 08:55:04 0187 1                  44.894807 8.903772 00 00 303ACB03407271199C82E5B5            
21/10/23 08:55:04 0188 1                  44.894807 8.903772 00 00 303ACB0340667599D8B634BB            
21/10/23 08:56:24 0189 1                  44.894760 8.904050 00 00 313931323043303031343537            
21/10/23 09:05:17 0190 1                  44.887170 8.902692 00 00 313931323043303031323739            
21/10/23 09:11:37 0191 1                  44.884087 8.903825 00 00 313932343043303030353036            
21/10/23 09:25:08 0192 1                  44.885003 8.907960 00 00 313931323043303132333633            
21/10/23 09:25:10 0193 1                  44.884995 8.907962 00 00 313931323043303132333435            
21/10/23 09:26:42 0194 1                  44.884992 8.908285 00 00 313931323043303131393138            
21/10/23 09:28:16 0195 1                  44.885257 8.908570 00 00 313931323043303032343433            
21/10/23 09:28:18 0196 1                  44.885258 8.908570 00 00 313931323043303032343433            
21/10/23 09:28:53 0197 1                  44.885242 8.908638 00 00 313931323043303032343436            
21/10/23 09:28:53 0198 1                  44.885242 8.908638 00 00 313931323043303032343434            
21/10/23 09:28:53 0199 1                  44.885242 8.908638 00 00 313931323043303032343435            
21/10/23 09:30:17 0200 1                  44.885803 8.909008 00 00 31383132304A303137363238            
21/10/23 09:30:24 0201 1                  44.885805 8.909022 00 00 355AB1C8E0061A90009D25DA            
21/10/23 09:31:35 0202 1                  44.889375 8.910097 00 00 355AB1C8E0061A90009D2A6D            
21/10/23 09:34:06 0000 s 01492ver01 0 0 00 00
21/10/23 09:34:41 0203 1                  44.897110 8.905197 00 00 313931323043303031373631            
21/10/23 09:34:44 0204 1                  44.897115 8.905200 00 00 355AB1C8E0061A90009D25DA            
21/10/23 09:35:01 0205 1                  44.897125 8.905200 00 00 355AB1C8E0061A90009D2A6D            
21/10/23 09:36:20 0206 1                  44.898827 8.906242 00 00 313931323043303035383930            
21/10/23 09:36:22 0207 1                  44.898827 8.906247 00 00 313931323043303035383839            
21/10/23 09:36:25 0208 1                  44.898825 8.906257 00 00 434C30303138343237353936            
21/10/23 09:39:37 0000 s 01492ver01 0 0 00 00
21/10/23 09:40:12 0209 1                  44.901620 8.905495 00 00 3230313130304A3030313634            
21/10/23 09:44:09 0210 1                  44.898495 8.899107 00 00 313931323043303033323732            
21/10/23 09:44:13 0211 1                  44.898495 8.899110 00 00 355AB1C8E0061A90009D2A6D            
21/10/23 09:44:26 0212 1                  44.898488 8.899147 00 00 355AB1C8E0061A90009D25DA            
21/10/23 09:49:30 0213 1                  44.904653 8.900727 00 00 3034F836E42F600AB41E1DAD            
21/10/23 09:49:30 0214 1                  44.904653 8.900727 00 00 303ACB034048811C61F38FF4            
21/10/23 09:49:30 0215 1                  44.904653 8.900727 00 00 313931323043303031333839            
21/10/23 09:49:31 0216 1                  44.904653 8.900727 00 00 303ACA4983805C9AC688CBB9            
21/10/23 09:49:32 0217 1                  44.904653 8.900727 00 00 3035D0AE34507194F4B9662B            
21/10/23 09:50:48 0218 1                  44.904947 8.900425 00 00 313931323043303035383838            
21/10/23 09:51:27 0219 1                  44.905223 8.900158 00 00 E28068940000400703954442            
21/10/23 09:52:21 0220 1                  44.905395 8.899820 00 00 313931323043303035383837            
21/10/23 09:52:24 0221 1                  44.905395 8.899820 00 00 313931323043303035363834            
21/10/23 09:52:24 0222 1                  44.905395 8.899820 00 00 3034F837281518CAB41DC0B9            
21/10/23 09:52:25 0223 1                  44.905395 8.899818 00 00 303ACA4983B70C9AC688EC06            
21/10/23 09:52:25 0224 1                  44.905395 8.899818 00 00 303ACB034049B1D9D8B63EA9            
21/10/23 09:52:25 0225 1                  44.905395 8.899818 00 00 303ACB034035159AC688F97D            
21/10/23 09:52:26 0226 1                  44.905395 8.899818 00 00 30395DFA82C5CC00000C0C6E            
21/10/23 09:52:27 0227 1                  44.905395 8.899820 00 00 30395DFA82D9CAC00016E6C3            
21/10/23 09:52:27 0228 1                  44.905395 8.899820 00 00 303ACB0340064E209E157186            
21/10/23 10:12:57 0229 1                  44.903963 8.898622 00 00 30395DFA82C5CC00000C0C6E            
21/10/23 10:12:57 0230 1                  44.903963 8.898622 00 00 303ACB034049B1D9D8B63EA9            
21/10/23 10:13:50 0231 1                  44.904277 8.898828 00 00 3231303234304A3030313831            
21/10/23 10:14:00 0232 1                  44.904272 8.898843 00 00 303ACA4983B70C9AC688EC06            
21/10/23 10:14:59 0233 1                  44.904712 8.898970 00 00 303515BAE813A3DC004C4BDF            
21/10/23 10:14:59 0234 1                  44.904712 8.898970 00 00 313931323043303032343531            
21/10/23 10:16:19 0235 1                  44.905402 8.899298 00 00 313931323043303032343532            
21/10/23 10:17:29 0236 1                  44.905690 8.898835 00 00 313931323043303035323539            
21/10/23 10:17:37 0237 1                  44.905703 8.898822 00 00 303ACB034035159AC688F97D            
21/10/23 10:18:34 0238 1                  44.905800 8.898487 00 00 313931323043303031323636            
21/10/23 10:23:29 0239 1                  44.913010 8.888120 00 00 3034F837281518CAB41DC0B9            
21/10/23 10:43:32 0240 1                  44.913232 8.871228 00 00 30340BF8E81608A6F934C804            
21/10/23 10:43:35 0241 1                  44.913232 8.871228 00 00 30340BF8E0027F709F9F3804            
21/10/23 11:20:36 0000 s 01492ver01 44.882393 8.860178 00 00
