23/10/23 10:47:48 0000 s 01501ver01 44.882383 8.859775 00 00
23/10/23 10:47:51 0000 s 01501ver01 44.882383 8.859775 00 00
23/10/23 11:07:44 0001 1                  44.958288 8.817417 00 00 313831323045303232313837            
23/10/23 11:09:29 0002 1                  44.963950 8.815148 00 00 313831323045303231393933            
23/10/23 11:09:43 0003 1                  44.963963 8.815170 00 00 313831323045303232303436            
23/10/23 11:09:52 0004 1                  44.963967 8.815177 00 00 3138B1323045303232303436            
23/10/23 11:11:09 0005 1                  44.966655 8.814113 00 00 313831323045303232323337            
23/10/23 11:12:48 0006 1                  44.968408 8.813420 00 00 31383131303053303130353B            
23/10/23 11:12:49 0007 1                  44.968408 8.813420 00 00 313831313030533031303539            
23/10/23 11:14:06 0008 1                  44.970063 8.812777 00 00 313831323045303232353233            
23/10/23 11:14:44 0009 1                  44.970170 8.812737 00 00 313831323045303231333538            
23/10/23 11:17:17 0010 1                  44.974858 8.811550 00 00 313831313030533030313039            
23/10/23 11:19:02 0011 1                  44.974935 8.810917 00 00 313831323045303230353835            
23/10/23 11:19:14 0012 1                  44.974935 8.810925 00 00 3035EB8ADC34450004000840            
23/10/23 11:20:11 0013 1                  44.975210 8.810787 00 00 313831323045303230353930            
23/10/23 11:21:10 0014 1                  44.975403 8.810705 00 00 313831323045303230343939            
23/10/23 11:21:18 0015 1                  44.975415 8.810703 00 00 313831323045303139383239            
23/10/23 11:22:25 0016 1                  44.976497 8.810303 00 00 313831323045303230353833            
23/10/23 11:22:31 0017 1                  44.976507 8.810295 00 00 313831323045303230353832            
23/10/23 11:22:34 0018 1                  44.976515 8.810290 00 00 3035EB8ADC35FA800800371C            
23/10/23 11:23:38 0019 1                  44.977178 8.810052 00 00 313831323045303230353035            
23/10/23 11:24:22 0020 1                  44.977477 8.809920 00 00 3035EBA87810C74002050DB5            
23/10/23 11:24:35 0021 1                  44.977497 8.809912 00 00 313832343045303034323535            
23/10/23 11:25:15 0022 1                  44.977590 8.809887 00 00 313831323045303230343131            
23/10/23 11:25:22 0023 1                  44.977602 8.809883 00 00 313831323045303230343037            
23/10/23 11:26:17 0024 1                  44.977802 8.809858 00 00 313831323045303230353031            
23/10/23 11:26:18 0025 1                  44.977802 8.809858 00 00 313831323045303232353030            
23/10/23 11:27:28 0026 1                  44.978540 8.809500 00 00 313831323045303232383837            
23/10/23 11:27:31 0027 1                  44.978545 8.809495 00 00 313831323045303232393030            
23/10/23 11:29:06 0028 1                  44.978908 8.809850 00 00 313832343045303034303635            
23/10/23 11:29:06 0029 1                  44.978908 8.809850 00 00 313832343045303034303635            
23/10/23 11:29:08 0030 1                  44.978910 8.809848 00 00 313832343045303034303333            
23/10/23 11:30:02 0031 1                  44.978735 8.810813 00 00 313831323045303233303039            
23/10/23 11:30:59 0032 1                  44.978670 8.811173 00 00 313831323045303233303233            
23/10/23 11:31:31 0033 1                  44.978307 8.811267 00 00 313831323045303230343731            
23/10/23 11:32:18 0034 1                  44.978120 8.811323 00 00 313831323045303230333232            
23/10/23 11:33:06 0035 1                  44.977482 8.811350 00 00 313831323045303230343633            
23/10/23 11:34:07 0036 1                  44.976943 8.811383 00 00 313831323045303232363431            
23/10/23 11:35:31 0037 1                  44.976505 8.811588 00 00 313831313030533031303739            
23/10/23 11:35:54 0038 1                  44.976498 8.811595 00 00 313831313030533031303738            
23/10/23 11:36:37 0039 1                  44.976652 8.811562 00 00 313831323045303230333338            
23/10/23 11:38:54 0040 1                  44.979387 8.809098 00 00 313831313030533031303532            
23/10/23 11:39:02 0041 1                  44.979397 8.809060 00 00 313831323045303139333933            
23/10/23 11:40:39 0042 1                  44.980137 8.808738 00 00 313831323045303234323936            
23/10/23 11:40:40 0043 1                  44.980145 8.808740 00 00 313831323045303234363139            
23/10/23 11:41:08 0044 1                  44.980210 8.808750 00 00 313831323045303139303439            
23/10/23 11:41:08 0045 1                  44.980210 8.808750 00 00 313831323045303233363331            
23/10/23 11:42:31 0046 1                  44.980467 8.808803 00 00 313831323045303139313435            
23/10/23 11:42:31 0047 1                  44.980467 8.808803 00 00 313931323050303035373730            
23/10/23 11:42:58 0048 1                  44.980472 8.808828 00 00 313831323045303139313536            
23/10/23 11:43:36 0049 1                  44.980480 8.808815 00 00 313831313030533031303536            
23/10/23 11:44:50 0050 1                  44.980735 8.808967 00 00 31383033304D303033393738            
23/10/23 11:44:52 0051 1                  44.980733 8.808963 00 00 3231303033304D3032353831            
23/10/23 11:45:01 0052 1                  44.980723 8.808955 00 00 31383033304D303036323030            
23/10/23 11:45:37 0053 1                  44.980727 8.809412 00 00 313831323045303230323639            
23/10/23 11:45:48 0054 1                  44.980743 8.809393 00 00 31383033304D303034343635            
23/10/23 11:46:24 0055 1                  44.980765 8.809388 00 00 313932343050303030313231            
23/10/23 11:46:34 0056 1                  44.980767 8.809395 00 00 313832343045303034333637            
23/10/23 11:48:25 0057 1                  44.981075 8.811900 00 00 3231303234304A3032313736            
23/10/23 11:49:24 0058 1                  44.981005 8.812650 00 00 E200001666100027219032C5            
23/10/23 11:49:24 0059 1                  44.981005 8.812650 00 00 313831323045303230323934            
23/10/23 11:49:27 0060 1                  44.981000 8.812653 00 00 E20000166610022213608F0A            
23/10/23 11:50:11 0061 1                  44.980968 8.812665 00 00 313831323045303230333130            
23/10/23 11:53:03 0062 1                  44.982058 8.812590 00 00 313831323045303230343436            
23/10/23 11:53:05 0063 1                  44.982058 8.812587 00 00 3231303234304A3032313130            
23/10/23 11:53:38 0064 1                  44.982060 8.812577 00 00 313831323045303230323936            
23/10/23 11:54:44 0065 1                  44.983320 8.812697 00 00 313831323045303139383634            
23/10/23 11:54:55 0066 1                  44.983330 8.812685 00 00 313831323045303234313030            
23/10/23 11:56:45 0067 1                  44.983468 8.813725 00 00 313931323050303038353731            
23/10/23 11:57:13 0068 1                  44.983462 8.813718 00 00 313831323045303139393031            
23/10/23 11:58:01 0069 1                  44.983460 8.813978 00 00 313831323045303139373333            
23/10/23 11:58:29 0070 1                  44.983470 8.813995 00 00 313831323045303139393531            
23/10/23 11:59:47 0071 1                  44.982915 8.814103 00 00 313831323045303139373132            
23/10/23 11:59:50 0072 1                  44.982913 8.814103 00 00 313831323045303139333031            
23/10/23 12:00:14 0073 1                  44.982913 8.814105 00 00 313831323045303139373133            
23/10/23 12:01:02 0074 1                  44.983228 8.814150 00 00 313831323045303139373136            
23/10/23 12:01:11 0075 1                  44.983228 8.814158 00 00 313831323045303139373332            
23/10/23 12:02:12 0076 1                  44.984560 8.814365 00 00 313831323045303139323434            
23/10/23 12:03:41 0077 1                  44.983995 8.814098 00 00 313831323045303230303433            
23/10/23 12:05:10 0078 1                  44.984053 8.813298 00 00 313831323045303230323232            
23/10/23 12:05:49 0079 1                  44.984083 8.813073 00 00 313831323045303232373131            
23/10/23 12:07:07 0080 1                  44.984462 8.812930 00 00 313831323045303139333035            
23/10/23 12:08:16 0081 1                  44.984735 8.811973 00 00 313831323045303139383939            
23/10/23 12:08:18 0082 1                  44.984738 8.811973 00 00 313931323050303037383631            
23/10/23 12:08:20 0083 1                  44.984740 8.811973 00 00 3504AD1850083651A13C4D3D            
23/10/23 12:10:10 0084 1                  44.984703 8.811380 00 00 313831323045303139383333            
23/10/23 12:10:57 0085 1                  44.984713 8.811168 00 00 313931323050303038393333            
23/10/23 12:10:57 0086 1                  44.984713 8.811168 00 00 313831323045303139383435            
23/10/23 12:11:24 0087 1                  44.984707 8.811168 00 00 313831323045303139383432            
23/10/23 12:12:07 0088 1                  44.984757 8.810833 00 00 313831323045303139383338            
23/10/23 12:12:51 0089 1                  44.984787 8.810687 00 00 313831323045303139383437            
23/10/23 12:12:51 0090 1                  44.984787 8.810687 00 00 313831323045303139383331            
23/10/23 12:15:42 0091 1                  44.985740 8.807068 00 00 313831313030533031313435            
23/10/23 12:16:07 0092 1                  44.985775 8.807050 00 00 313831313030533031313434            
23/10/23 12:16:42 0093 1                  44.985760 8.807010 00 00 313831313030533031313432            
23/10/23 12:17:10 0094 1                  44.985767 8.807007 00 00 313831313030533031313431            
23/10/23 12:20:00 0095 1                  44.983797 8.811203 00 00 313831313030533031313030            
23/10/23 12:20:25 0096 1                  44.983765 8.811207 00 00 313831313030533031303939            
23/10/23 12:22:44 0097 1                  44.980223 8.810343 00 00 313831323045303230323730            
23/10/23 12:23:08 0098 1                  44.980052 8.810292 00 00 313831323045303232373033            
23/10/23 12:24:06 0099 1                  44.979865 8.810242 00 00 313831323045303230303736            
23/10/23 12:24:08 0100 1                  44.979865 8.810238 00 00 313831323045303230323735            
23/10/23 12:25:13 0101 1                  44.979523 8.810255 00 00 313831313030533031313233            
23/10/23 12:28:15 0102 1                  44.978978 8.807503 00 00 313831323045303139373937            
23/10/23 12:28:18 0103 1                  44.978978 8.807498 00 00 313831323045303139373936            
23/10/23 12:28:56 0104 1                  44.978968 8.807767 00 00 313831323045303230303438            
23/10/23 12:29:56 0105 1                  44.978998 8.808955 00 00 313831323045303139313230            
23/10/23 12:30:56 0106 1                  44.978737 8.811405 00 00 313831323045303234343539            
23/10/23 12:31:33 0107 1                  44.978703 8.811528 00 00 313831323045303230353034            
23/10/23 12:31:58 0108 1                  44.978500 8.811568 00 00 313931323050303130313232            
23/10/23 12:32:50 0109 1                  44.978355 8.811573 00 00 313931323050303131333330            
23/10/23 12:33:46 0110 1                  44.977778 8.811688 00 00 313831323045303230343533            
23/10/23 12:34:21 0111 1                  44.977605 8.811718 00 00 313831323045303230343534            
23/10/23 12:35:11 0112 1                  44.977172 8.811848 00 00 313831323045303234383931            
23/10/23 12:36:42 0113 1                  44.978657 8.811873 00 00 313831323045303232343438            
23/10/23 12:36:42 0114 1                  44.978657 8.811873 00 00 313831323045303230333238            
23/10/23 12:37:44 0115 1                  44.978025 8.812293 00 00 313831323045303234343236            
23/10/23 12:38:21 0116 1                  44.977862 8.812292 00 00 313831323045303230343539            
23/10/23 12:39:50 0117 1                  44.977250 8.812508 00 00 313831323045303230343635            
23/10/23 12:41:33 0118 1                  44.978748 8.813298 00 00 31383032334D303032333334            
23/10/23 12:41:33 0119 1                  44.978748 8.813298 00 00 31383032334D303037333332            
23/10/23 12:42:23 0120 1                  44.978672 8.813270 00 00 313931323050303133353135            
23/10/23 12:44:15 0121 1                  44.978358 8.813012 00 00 313831323045303232343836            
23/10/23 12:44:27 0122 1                  44.978368 8.813015 00 00 313831323045303232343636            
23/10/23 12:45:20 0123 1                  44.978833 8.812608 00 00 313831323045303232393532            
23/10/23 12:46:11 0124 1                  44.979110 8.812865 00 00 313831323045303232383337            
23/10/23 12:47:03 0125 1                  44.979422 8.813083 00 00 313931323045303630343533            
23/10/23 12:47:04 0126 1                  44.979423 8.813082 00 00 313831323045303234383031            
23/10/23 12:48:23 0127 1                  44.979665 8.813390 00 00 313831323045303231393538            
23/10/23 12:49:07 0128 1                  44.979935 8.813477 00 00 313831323045303231393630            
23/10/23 12:50:04 0129 1                  44.980135 8.813453 00 00 313831323045303230333435            
23/10/23 12:51:41 0000 s 01501ver01 0 0 00 00
23/10/23 12:52:21 0130 1                  44.980920 8.813923 00 00 313831323045303230303037            
23/10/23 12:52:57 0131 1                  44.980900 8.814052 00 00 313831323045303230323531            
23/10/23 12:52:57 0132 1                  44.980900 8.814052 00 00 313831323045303230323531            
23/10/23 12:52:57 0133 1                  44.980900 8.814052 00 00 313831323045303232343935            
23/10/23 12:53:45 0134 1                  44.980877 8.814355 00 00 313831323045303230323533            
23/10/23 12:55:26 0135 1                  44.981522 8.814790 00 00 313831323045303232373230            
23/10/23 12:57:15 0000 s 01501ver01 0 0 00 00
23/10/23 12:57:58 0136 1                  44.982267 8.816577 00 00 313831323045303232353433            
23/10/23 12:58:52 0137 1                  44.981880 8.816480 00 00 313831323045303139333634            
23/10/23 12:59:27 0138 1                  44.981618 8.816415 00 00 313831323045303138363038            
23/10/23 13:00:25 0139 1                  44.981473 8.816355 00 00 313831323045303232383238            
23/10/23 13:00:27 0140 1                  44.981473 8.816357 00 00 313831323045303230373232            
23/10/23 13:02:03 0141 1                  44.980963 8.815770 00 00 313831323045303230343035            
23/10/23 13:02:46 0142 1                  44.981038 8.815380 00 00 313831323045303230363331            
23/10/23 13:03:35 0143 1                  44.981055 8.815268 00 00 313831323045303232383939            
23/10/23 13:03:59 0144 1                  44.981090 8.815045 00 00 313831323045303232373338            
23/10/23 13:05:05 0145 1                  44.980677 8.814765 00 00 313831323045303230313135            
23/10/23 13:05:43 0146 1                  44.980477 8.814720 00 00 313831323045303230303533            
23/10/23 13:05:49 0147 1                  44.980472 8.814713 00 00 313831323045303230313732            
23/10/23 13:06:22 0148 1                  44.980367 8.814697 00 00 313831323045303138353231            
23/10/23 13:06:31 0149 1                  44.980368 8.814683 00 00 313831323045303231313133            
23/10/23 13:06:51 0150 1                  44.980373 8.814665 00 00 313931323050303033343137            
23/10/23 13:08:21 0151 1                  44.980468 8.815378 00 00 313831323045303232383938            
23/10/23 13:08:22 0152 1                  44.980470 8.815378 00 00 313931323050303039313936            
23/10/23 13:09:52 0153 1                  44.979818 8.814915 00 00 313831323045303230343730            
23/10/23 13:10:03 0154 1                  44.979825 8.814922 00 00 313831323045303230333931            
23/10/23 13:10:44 0155 1                  44.979900 8.814218 00 00 313931323050303033303133            
23/10/23 13:10:57 0156 1                  44.979900 8.814225 00 00 313931323045303630343137            
23/10/23 13:11:03 0157 1                  44.979902 8.814227 00 00 31393132304530B630343137            
23/10/23 13:11:19 0158 1                  44.979898 8.814227 00 00 313931323050303039363339            
23/10/23 13:11:19 0159 1                  44.979898 8.814227 00 00 313831323045303230353433            
23/10/23 13:11:55 0160 1                  44.979902 8.813988 00 00 313831323045303232353333            
23/10/23 13:12:38 0161 1                  44.979888 8.813977 00 00 313831313030533031303836            
23/10/23 13:13:52 0162 1                  44.979813 8.812898 00 00 313931323050303035313130            
23/10/23 13:14:23 0163 1                  44.979823 8.812743 00 00 313831323045303230303531            
23/10/23 13:15:11 0164 1                  44.979913 8.812317 00 00 313831323045303230343132            
23/10/23 13:15:21 0165 1                  44.979913 8.812315 00 00 313831323045303230353431            
23/10/23 13:16:00 0166 1                  44.979932 8.811790 00 00 313831323045303230353435            
23/10/23 13:18:09 0167 1                  44.980182 8.811648 00 00 313831313030533031303634            
23/10/23 13:18:27 0168 1                  44.980172 8.811650 00 00 313831313030533031313337            
23/10/23 13:18:50 0169 1                  44.980173 8.811625 00 00 313831313030533031303031            
23/10/23 13:20:22 0170 1                  44.979775 8.811255 00 00 313831323045303232343936            
23/10/23 13:21:26 0171 1                  44.979340 8.811443 00 00 313831323045303139383130            
23/10/23 13:22:15 0172 1                  44.979300 8.812013 00 00 313831323045303232343630            
23/10/23 13:22:21 0173 1                  44.979303 8.812018 00 00 313831323045303139383831            
23/10/23 13:23:08 0174 1                  44.979308 8.812362 00 00 313831323045303139383832            
23/10/23 13:39:06 0000 s 01501ver01 44.981808 8.808007 00 00
23/10/23 13:39:10 0000 s 01501ver01 44.981808 8.808007 00 00
23/10/23 13:43:31 0175 1                  44.979400 8.806105 00 00 313831323045303234383738            
23/10/23 13:43:33 0176 1                  44.979398 8.806107 00 00 313831323045303139303833            
23/10/23 13:43:52 0177 1                  44.979380 8.806118 00 00 313831323045303234343637            
23/10/23 13:43:54 0178 1                  44.979380 8.806120 00 00 313831323045303139343431            
23/10/23 13:44:17 0179 1                  44.979360 8.806132 00 00 313831323045303139323737            
23/10/23 13:45:20 0180 1                  44.980463 8.805788 00 00 313831323045303230313334            
23/10/23 13:46:05 0181 1                  44.980805 8.805818 00 00 313831323045303139333038            
23/10/23 13:47:37 0182 1                  44.981432 8.805980 00 00 313831323045303139333530            
23/10/23 13:47:43 0183 1                  44.981430 8.805982 00 00 313831323045303138373135            
23/10/23 13:50:49 0184 1                  44.977153 8.803388 00 00 313831323045303230303936            
23/10/23 13:53:27 0185 1                  44.975832 8.801973 00 00 3035EA59442B158008000011            
23/10/23 13:54:46 0186 1                  44.975818 8.801982 00 00 30340BDF1457C615EB117004            
23/10/23 13:55:01 0187 1                  44.975807 8.801977 00 00 30340BF8E42B67D114D01004            
23/10/23 13:55:13 0188 1                  44.975810 8.801972 00 00 30340BF8D057E44DAD0E8804            
23/10/23 13:55:20 0189 1                  44.975810 8.801970 00 00 3035EBC0901BA597488176FB            
23/10/23 13:55:24 0190 1                  44.975810 8.801967 00 00 00000010000001747286232E            
23/10/23 13:55:46 0191 1                  44.975820 8.801958 00 00 30360372D81B0C400CD0A740            
23/10/23 13:55:50 0192 1                  44.975822 8.801960 00 00 30340BF8DC3C88080BA63005            
23/10/23 13:55:56 0193 1                  44.975825 8.801963 00 00 30340BF8D057E5FF614F5804            
23/10/23 13:58:38 0194 1                  44.976172 8.804162 00 00 323031313030503030313236            
23/10/23 13:59:14 0195 1                  44.976465 8.804267 00 00 313931313030533031303837            
23/10/23 13:59:43 0196 1                  44.976445 8.804297 00 00 313831313030533031303837            
23/10/23 14:03:05 0197 1                  44.977298 8.798273 00 00 313831323045303232343739            
23/10/23 14:04:23 0198 1                  44.976778 8.796435 00 00 313831323045303230363130            
23/10/23 14:05:04 0199 1                  44.976727 8.796403 00 00 313831323045303230363235            
23/10/23 14:07:16 0200 1                  44.977025 8.802958 00 00 313832343045303034333037            
23/10/23 14:08:03 0201 1                  44.977068 8.803858 00 00 313831323045303230353632            
23/10/23 14:08:34 0202 1                  44.977105 8.803968 00 00 313831323045303232353336            
23/10/23 14:09:42 0203 1                  44.977972 8.805507 00 00 313831323045303632383634            
23/10/23 14:09:43 0204 1                  44.977972 8.805507 00 00 313831323045303232383634            
23/10/23 14:10:48 0205 1                  44.977960 8.806585 00 00 313831323045303232343633            
23/10/23 14:11:38 0206 1                  44.977585 8.806643 00 00 313831323045303232353039            
23/10/23 14:11:46 0207 1                  44.977560 8.806658 00 00 313831323045303233383634            
23/10/23 14:12:34 0208 1                  44.977562 8.806665 00 00 313831323045303233383630            
23/10/23 14:12:37 0209 1                  44.977563 8.806665 00 00 31B831323045303233383630            
23/10/23 14:14:04 0210 1                  44.977018 8.806742 00 00 313831323045303232353134            
23/10/23 14:14:14 0211 1                  44.977022 8.806737 00 00 313831323045303232333635            
23/10/23 14:14:59 0212 1                  44.976893 8.806785 00 00 313831323045303139303739            
23/10/23 14:15:40 0213 1                  44.976375 8.806860 00 00 313831323045303234363238            
23/10/23 14:15:41 0214 1                  44.976352 8.806872 00 00 31383032334D303134383732            
23/10/23 14:15:45 0215 1                  44.976343 8.806878 00 00 313831323045303234343333            
23/10/23 14:15:45 0216 1                  44.976343 8.806878 00 00 313831323045303234343333            
23/10/23 14:16:35 0217 1                  44.976360 8.806902 00 00 313831323045303234323732            
23/10/23 14:17:46 0218 1                  44.975632 8.807308 00 00 313831323045303232383935            
23/10/23 14:18:58 0219 1                  44.975655 8.807935 00 00 313831323045303233313134            
23/10/23 14:19:38 0220 1                  44.975647 8.808195 00 00 313831323045303233313135            
23/10/23 14:20:12 0221 1                  44.975623 8.808307 00 00 313831323045303230313435            
23/10/23 14:21:07 0222 1                  44.975923 8.809138 00 00 313831323045303232353434            
23/10/23 14:21:49 0223 1                  44.975973 8.809217 00 00 313831323045303232353435            
23/10/23 14:22:34 0224 1                  44.976243 8.809198 00 00 313831323045303230313339            
23/10/23 14:23:32 0225 1                  44.976223 8.808057 00 00 313831323045303230313438            
23/10/23 14:24:15 0226 1                  44.976032 8.807993 00 00 313831323045303232333634            
23/10/23 14:25:34 0227 1                  44.975403 8.806963 00 00 313831323045303232343030            
23/10/23 14:26:44 0228 1                  44.974280 8.806405 00 00 313831323045303139343531            
23/10/23 14:27:30 0229 1                  44.974360 8.805782 00 00 313831323045303232393330            
23/10/23 14:28:30 0230 1                  44.974443 8.805077 00 00 3231313130304A3032363131            
23/10/23 14:28:31 0231 1                  44.974443 8.805077 00 00 303ACB03403AA2DAC688E673            
23/10/23 14:28:32 0232 1                  44.974443 8.805078 00 00 303ACA4982218DDC5E400B8B            
23/10/23 14:28:32 0233 1                  44.974443 8.805078 00 00 303ACA4982847F1C4E9D5638            
23/10/23 14:28:32 0234 1                  44.974443 8.805078 00 00 303ACB034049F9D9D8B65498            
23/10/23 14:29:25 0235 1                  44.974533 8.804542 00 00 313931323050303033373235            
23/10/23 14:30:26 0236 1                  44.974722 8.803100 00 00 313832343045303034313939            
23/10/23 14:31:50 0237 1                  44.974173 8.806550 00 00 313832343045303034313635            
23/10/23 14:33:17 0238 1                  44.974033 8.807782 00 00 313832343045303034313835            
23/10/23 14:34:35 0239 1                  44.974183 8.808013 00 00 313831313030533030313032            
23/10/23 14:35:43 0240 1                  44.973305 8.807082 00 00 313831323045303230353336            
23/10/23 14:37:17 0241 1                  44.973393 8.807545 00 00 313831313030533031303635            
23/10/23 14:37:46 0242 1                  44.973395 8.807555 00 00 313831323045303232313338            
23/10/23 14:38:28 0243 1                  44.973370 8.807872 00 00 313831323045303232313435            
23/10/23 14:39:27 0244 1                  44.973345 8.808455 00 00 313832343045303034323733            
23/10/23 14:39:29 0245 1                  44.973345 8.808457 00 00 313931323050303036343938            
23/10/23 14:39:31 0246 1                  44.973343 8.808455 00 00 303549A74C23638CCE416BD2            
23/10/23 14:39:31 0247 1                  44.973343 8.808455 00 00 303549A74C235D8CCE416EF7            
23/10/23 14:40:29 0248 1                  44.973263 8.809302 00 00 313831323045303230303735            
23/10/23 14:41:11 0249 1                  44.973280 8.809925 00 00 313831323045303138373333            
23/10/23 14:43:40 0250 1                  44.972630 8.811662 00 00 313831323045303230343034            
23/10/23 14:44:20 0251 1                  44.972418 8.811765 00 00 313831323045303230333630            
23/10/23 14:44:29 0252 1                  44.972430 8.811787 00 00 313831323045303230333537            
23/10/23 14:45:44 0253 1                  44.971543 8.812065 00 00 313831323045303231303636            
23/10/23 14:46:24 0254 1                  44.971332 8.812148 00 00 313831323045303231303634            
23/10/23 14:47:15 0255 1                  44.970217 8.812612 00 00 313831323045303233303135            
23/10/23 14:49:23 0256 1                  44.966012 8.814125 00 00 313831323045303138373838            
23/10/23 14:49:31 0257 1                  44.966008 8.814122 00 00 3138313230C5303138373838            
23/10/23 14:50:15 0258 1                  44.965157 8.814402 00 00 313831323045303232333132            
23/10/23 14:50:57 0259 1                  44.964653 8.814597 00 00 313831313030533031303630            
23/10/23 14:52:43 0260 1                  44.964085 8.814845 00 00 313831323045303231393930            
23/10/23 14:52:45 0261 1                  44.964085 8.814848 00 00 313931323050303033303637            
23/10/23 15:04:46 0262 1                  44.895468 8.853602 00 00 37560704955937008A7D0000            
23/10/23 15:14:13 0000 s 01501ver01 44.906318 8.869777 00 00
23/10/23 15:14:17 0000 s 01501ver01 44.906318 8.869777 00 00
23/10/23 15:35:58 0263 1                  44.888778 8.855767 00 00 313832553454434B35303033            
