20/10/23 04:24:02 0000 s 01504ver01 44.792818 8.739522 00 00
20/10/23 04:30:04 0001 1                  44.792737 8.739817 00 00 31383032334D303039303638            
20/10/23 04:54:08 0002 1                  44.722987 8.857722 00 00 3231303132304A3037343337            
20/10/23 04:54:53 0003 1                  44.722825 8.857713 00 00 31383032334D303139313231            
20/10/23 04:54:57 0004 1                  44.722818 8.857695 00 00 323030323545303033303230            
20/10/23 04:55:12 0005 1                  44.722773 8.857635 00 00 3232303032334D3031363337            
20/10/23 04:55:16 0006 1                  44.722760 8.857615 00 00 3233303032334D3030333737            
20/10/23 04:55:59 0007 1                  44.722628 8.857845 00 00 31383032334D303139313435            
20/10/23 04:56:03 0008 1                  44.722638 8.857870 00 00 31383032334D303139363737            
20/10/23 04:58:57 0009 1                  44.722537 8.858238 00 00 31383032334D303037363630            
20/10/23 04:59:01 0010 1                  44.722535 8.858237 00 00 31383032334D303036393930            
20/10/23 04:59:15 0011 1                  44.722548 8.858235 00 00 31383032334D303037393632            
20/10/23 05:00:54 0012 1                  44.722343 8.857928 00 00 31383032334D303130333133            
20/10/23 05:01:06 0013 1                  44.722198 8.857942 00 00 31383032334D303139333936            
20/10/23 05:01:08 0014 1                  44.722190 8.857942 00 00 31383032334D303139333533            
20/10/23 05:01:16 0015 1                  44.722152 8.857945 00 00 31383032334D303139373135            
20/10/23 05:01:53 0016 1                  44.722008 8.857827 00 00 31383032334D303037373831            
20/10/23 05:02:13 0017 1                  44.721912 8.857757 00 00 31383032334D303037373833            
20/10/23 05:02:17 0018 1                  44.721910 8.857755 00 00 31383032334D303139373339            
20/10/23 05:03:13 0019 1                  44.721982 8.857473 00 00 31383032334D303139363133            
20/10/23 05:03:26 0020 1                  44.721958 8.857450 00 00 31383032334D303130333931            
20/10/23 05:03:40 0021 1                  44.721922 8.857402 00 00 31383032334D303037393733            
20/10/23 05:03:40 0022 1                  44.721922 8.857402 00 00 3232303032334D3030373138            
20/10/23 05:03:40 0023 1                  44.721922 8.857402 00 00 31383032334D303037383535            
20/10/23 05:03:44 0024 1                  44.721920 8.857387 00 00 31383032334D303037393639            
20/10/23 05:08:05 0025 1                  44.721923 8.857573 00 00 323030323545303032313635            
20/10/23 05:08:19 0026 1                  44.721820 8.857615 00 00 31383032334D303032323830            
20/10/23 05:08:21 0027 1                  44.721817 8.857618 00 00 31383032334D303130303039            
20/10/23 05:08:23 0028 1                  44.721812 8.857623 00 00 31383032334D303037393436            
20/10/23 05:09:05 0029 1                  44.721667 8.857612 00 00 31383032334D303037393437            
20/10/23 05:11:09 0030 1                  44.722638 8.858042 00 00 31383032334D303133303731            
20/10/23 05:11:15 0031 1                  44.722607 8.858078 00 00 31383032334D303138353632            
20/10/23 05:11:19 0032 1                  44.722603 8.858093 00 00 31383032334D303038353230            
20/10/23 05:11:53 0033 1                  44.722262 8.858242 00 00 31383032334D303037363732            
20/10/23 05:12:58 0034 1                  44.722060 8.858407 00 00 31383032334D303139353533            
20/10/23 05:14:39 0035 1                  44.721777 8.858567 00 00 31383032334D303139323135            
20/10/23 05:14:41 0036 1                  44.721770 8.858562 00 00 31383032334D303130303132            
20/10/23 05:15:33 0037 1                  44.721657 8.858703 00 00 3231303032334D3031313836            
20/10/23 05:15:38 0038 1                  44.721652 8.858712 00 00 31383032334D303136313431            
20/10/23 05:19:40 0039 1                  44.720938 8.858998 00 00 31383032334D303133303739            
20/10/23 05:20:06 0040 1                  44.720690 8.858965 00 00 31383032334D303038313037            
20/10/23 05:20:39 0041 1                  44.720458 8.858933 00 00 323030323545303039353432            
20/10/23 05:20:43 0042 1                  44.720453 8.858933 00 00 323030323545303037363131            
20/10/23 05:22:38 0043 1                  44.719537 8.858468 00 00 3232303032334D3031353834            
20/10/23 05:24:02 0044 1                  44.719260 8.858565 00 00 31383032334D303130333632            
20/10/23 05:25:29 0045 1                  44.718708 8.858845 00 00 31383032334D303037393836            
20/10/23 05:26:20 0046 1                  44.718698 8.858767 00 00 31383032334D303038303232            
20/10/23 05:26:30 0047 1                  44.718705 8.858762 00 00 31383032334D303130323136            
20/10/23 05:27:22 0048 1                  44.719382 8.858592 00 00 31383032334D303130333836            
20/10/23 05:27:27 0049 1                  44.719397 8.858587 00 00 31383032334D303130333835            
20/10/23 05:29:43 0050 1                  44.719963 8.858122 00 00 31383032334D303130313935            
20/10/23 05:29:56 0051 1                  44.719972 8.858153 00 00 31383032334D303130313430            
20/10/23 05:29:58 0052 1                  44.719972 8.858155 00 00 31383032334D303130343030            
20/10/23 05:32:26 0053 1                  44.720448 8.858823 00 00 31383032334D303130313836            
20/10/23 05:32:30 0054 1                  44.720475 8.858853 00 00 31383032334D303038313038            
20/10/23 05:32:38 0055 1                  44.720523 8.858890 00 00 31383032334D303139323136            
20/10/23 05:32:52 0056 1                  44.720492 8.858907 00 00 31383032334D303130313837            
20/10/23 05:34:26 0057 1                  44.720485 8.858290 00 00 31383032334D303130313134            
20/10/23 05:35:01 0058 1                  44.720670 8.858452 00 00 323031323055303030333631            
20/10/23 05:36:50 0059 1                  44.720003 8.858990 00 00 31383032334D303037393831            
20/10/23 05:37:23 0060 1                  44.719285 8.859375 00 00 31383032334D303038313434            
20/10/23 05:39:02 0061 1                  44.717240 8.857597 00 00 31383032334D303038313230            
20/10/23 05:39:52 0062 1                  44.715803 8.856458 00 00 31383032334D303038323933            
20/10/23 05:41:49 0063 1                  44.711433 8.856602 00 00 31383032334D303038333239            
20/10/23 05:46:38 0064 1                  44.720488 8.859305 00 00 31383032334D303139333737            
20/10/23 05:47:29 0065 1                  44.722823 8.858968 00 00 3231303032334D3031393634            
20/10/23 05:47:31 0066 1                  44.722828 8.858970 00 00 31383032334D303037393535            
20/10/23 05:47:37 0067 1                  44.722838 8.858972 00 00 31383032334D303037383637            
20/10/23 05:47:41 0068 1                  44.722842 8.858967 00 00 3232303032334D3030303839            
20/10/23 05:48:32 0069 1                  44.723193 8.858693 00 00 31383032334D303033373333            
20/10/23 05:52:24 0070 1                  44.718148 8.859700 00 00 3231303032334D3035323734            
20/10/23 05:57:59 0071 1                  44.700117 8.846802 00 00 3231303032334D3030353438            
20/10/23 06:07:34 0072 1                  44.710252 8.861098 00 00 31383032334D303139343935            
20/10/23 06:07:38 0073 1                  44.710233 8.861095 00 00 31383032334D303038323731            
20/10/23 06:08:26 0074 1                  44.709035 8.861580 00 00 31383032334D303038313835            
20/10/23 06:08:32 0075 1                  44.709008 8.861568 00 00 31383032334D303038313336            
20/10/23 06:08:59 0076 1                  44.708828 8.861655 00 00 31383032334D303038303334            
20/10/23 06:09:41 0077 1                  44.708377 8.862170 00 00 31383032334D303038303838            
20/10/23 06:10:46 0078 1                  44.709305 8.861328 00 00 3231303132304A3037363232            
20/10/23 06:15:13 0079 1                  44.720175 8.861360 00 00 31383032334D303038303332            
20/10/23 06:15:41 0080 1                  44.720203 8.861652 00 00 3231303032334D3033323735            
20/10/23 06:18:43 0081 1                  44.718173 8.863497 00 00 31383032334D303134343630            
20/10/23 06:19:16 0082 1                  44.717917 8.863608 00 00 31383032334D303134363031            
20/10/23 06:19:20 0083 1                  44.717913 8.863612 00 00 31383032334D303134353836            
20/10/23 06:20:08 0084 1                  44.717697 8.863680 00 00 31383032334D303033363735            
20/10/23 06:21:13 0085 1                  44.718263 8.863643 00 00 3233303032334D3030343433            
20/10/23 06:22:36 0086 1                  44.720692 8.862935 00 00 3231303032334D3031373830            
20/10/23 06:22:40 0087 1                  44.720700 8.862933 00 00 31383032334D303134373531            
20/10/23 06:23:57 0088 1                  44.721143 8.862997 00 00 31383032334D303134393135            
20/10/23 06:26:19 0089 1                  44.720043 8.864270 00 00 31383032334D303033363433            
20/10/23 06:26:23 0090 1                  44.720038 8.864285 00 00 31383032334D303139313235            
20/10/23 06:26:51 0091 1                  44.720003 8.864332 00 00 31383032334D303038333131            
20/10/23 06:27:58 0092 1                  44.720207 8.863983 00 00 323030323545303030373530            
20/10/23 06:28:00 0093 1                  44.720227 8.863975 00 00 31383032334D303130313037            
20/10/23 06:28:04 0094 1                  44.720252 8.863968 00 00 31383032334D303130313039            
20/10/23 06:28:57 0095 1                  44.720693 8.864193 00 00 31383032334D303030303537            
20/10/23 06:29:23 0096 1                  44.720910 8.864185 00 00 31383032334D303038333533            
20/10/23 06:29:33 0097 1                  44.720998 8.864172 00 00 000000000000000016941484            
20/10/23 06:29:57 0098 1                  44.721150 8.864060 00 00 31383032334D303130333636            
20/10/23 06:30:14 0099 1                  44.721298 8.864075 00 00 31383032334D303130323631            
20/10/23 06:30:49 0100 1                  44.721892 8.863927 00 00 31383032334D303134343232            
20/10/23 06:31:05 0101 1                  44.721982 8.863902 00 00 31383032334D303038303835            
20/10/23 06:31:19 0102 1                  44.722027 8.863893 00 00 31383032334D303038313032            
20/10/23 06:31:57 0103 1                  44.722307 8.863807 00 00 31383032334D303038313333            
20/10/23 06:33:18 0104 1                  44.722530 8.863663 00 00 31383032334D303038313031            
20/10/23 06:33:20 0105 1                  44.722533 8.863667 00 00 3233303032334D3030343934            
20/10/23 06:33:28 0106 1                  44.722537 8.863675 00 00 31383032334D303038333734            
20/10/23 06:37:13 0107 1                  44.721693 8.864882 00 00 31383032334D303135303536            
20/10/23 06:38:38 0108 1                  44.721597 8.864798 00 00 31383032334D303130313931            
20/10/23 06:38:38 0109 1                  44.721597 8.864798 00 00 3232303032334D3030323731            
20/10/23 06:38:42 0110 1                  44.721588 8.864798 00 00 31383032334D303038313431            
20/10/23 06:38:48 0111 1                  44.721578 8.864797 00 00 31383032334D303038303239            
20/10/23 06:39:49 0112 1                  44.722168 8.865210 00 00 31383032334D303130313934            
20/10/23 06:39:51 0113 1                  44.722170 8.865212 00 00 31383032334D303038313635            
20/10/23 06:39:57 0114 1                  44.722180 8.865213 00 00 31383032334D303038313634            
20/10/23 06:40:01 0115 1                  44.722183 8.865217 00 00 31383032334D303130313933            
20/10/23 06:42:03 0116 1                  44.719495 8.864117 00 00 31383032334D303038333534            
20/10/23 06:43:53 0117 1                  44.719425 8.864158 00 00 31383032334D303038333535            
20/10/23 06:44:05 0118 1                  44.719398 8.864160 00 00 31383032334D303038313330            
20/10/23 06:44:46 0119 1                  44.718972 8.864332 00 00 31383032334D303135313931            
20/10/23 06:44:48 0120 1                  44.718972 8.864330 00 00 3231303032334D3030363436            
20/10/23 06:45:38 0121 1                  44.718122 8.864143 00 00 31383032334D303038323030            
20/10/23 06:46:31 0122 1                  44.715792 8.864455 00 00 31383032334D303136323631            
20/10/23 06:46:49 0123 1                  44.715795 8.864752 00 00 3232303032334D3031323438            
20/10/23 06:46:55 0124 1                  44.715805 8.864763 00 00 31383032334D303139313239            
20/10/23 06:47:03 0125 1                  44.715813 8.864767 00 00 31383032334D303139373533            
20/10/23 06:48:24 0126 1                  44.714057 8.863960 00 00 31383032334D303039343235            
20/10/23 06:49:39 0127 1                  44.712457 8.869162 00 00 31383032334D303134343136            
20/10/23 06:55:30 0128 1                  44.717157 8.866267 00 00 31383032334D303033393932            
20/10/23 06:56:53 0129 1                  44.718728 8.865923 00 00 31383032334D303031313837            
20/10/23 06:57:39 0130 1                  44.719232 8.865930 00 00 31383132304A303039313432            
20/10/23 06:58:31 0131 1                  44.719855 8.867070 00 00 3231303132304A3037353936            
20/10/23 07:09:35 0132 1                  44.720360 8.866782 00 00 31383032334D303130323634            
20/10/23 07:13:26 0133 1                  44.720955 8.866873 00 00 313831323045303039313332            
20/10/23 07:15:38 0134 1                  44.720965 8.866798 00 00 31383032334D303130313938            
20/10/23 07:15:42 0135 1                  44.720962 8.866803 00 00 31383032334D303134343135            
20/10/23 07:15:46 0136 1                  44.720962 8.866807 00 00 31383032334D303033393638            
20/10/23 07:18:30 0137 1                  44.720618 8.861117 00 00 31383032334D303038333039            
20/10/23 07:20:19 0138 1                  44.719880 8.859738 00 00 31383032334D303130323531            
20/10/23 07:20:21 0139 1                  44.719872 8.859745 00 00 31383032334D303130313830            
20/10/23 07:20:25 0140 1                  44.719862 8.859743 00 00 31383032334D303130313739            
20/10/23 07:20:29 0141 1                  44.719850 8.859755 00 00 31383032334D303130313738            
20/10/23 07:24:52 0142 1                  44.721670 8.859480 00 00 31383032334D303038313530            
20/10/23 07:27:50 0143 1                  44.722130 8.859670 00 00 3231303032334D3031373039            
20/10/23 07:27:58 0144 1                  44.722133 8.859705 00 00 31383032334D303037393433            
20/10/23 07:28:12 0145 1                  44.722078 8.859765 00 00 31383032334D303037383137            
20/10/23 07:32:13 0146 1                  44.723068 8.859360 00 00 31383032334D303139333037            
20/10/23 07:32:19 0147 1                  44.723078 8.859342 00 00 3231303132304A3035323333            
20/10/23 07:33:20 0148 1                  44.723562 8.859162 00 00 31383032334D303037363730            
20/10/23 07:33:24 0149 1                  44.723563 8.859160 00 00 31383032334D303037373035            
20/10/23 07:33:28 0150 1                  44.723565 8.859158 00 00 31383032334D303037373036            
20/10/23 07:33:32 0151 1                  44.723568 8.859155 00 00 31383032334D303037363639            
20/10/23 07:36:58 0152 1                  44.728752 8.855808 00 00 31383032334D303038323630            
20/10/23 07:37:40 0153 1                  44.729855 8.854917 00 00 31383032334D303139353437            
20/10/23 08:14:58 0000 s 01504ver01 44.721242 8.853418 00 00
20/10/23 08:17:56 0154 1                  44.721440 8.855560 00 00 31383032334D303135313230            
20/10/23 09:13:18 0000 s 01504ver01 44.758557 8.792197 00 00
20/10/23 09:38:49 0155 1                  44.792837 8.739698 00 00 300ED89F3350014A1E0B8DE4            
