14/10/23 05:35:34 0000 s 01882ver01 44.882167 8.860005 00 00
14/10/23 05:35:41 0000 s 01882ver01 44.882167 8.860005 00 00
14/10/23 05:39:55 0001 1                  44.886205 8.858628 00 00 3231303234304A3031333837            
14/10/23 05:41:12 0002 1                  44.886310 8.858307 00 00 3231313130304A3031343830            
14/10/23 05:42:08 0003 1                  44.886447 8.857972 00 00 313931323050303038353434            
14/10/23 05:43:16 0004 1                  44.886865 8.858037 00 00 313931323050303034333831            
14/10/23 05:43:17 0005 1                  44.886865 8.858037 00 00 313931323050303034303437            
14/10/23 05:46:06 0006 1                  44.888525 8.858158 00 00 3231313130304A3031323633            
14/10/23 05:46:33 0007 1                  44.888517 8.858135 00 00 3231313130304A3032333930            
14/10/23 05:49:50 0008 1                  44.887448 8.857692 00 00 3232313130304A3030323833            
14/10/23 05:50:20 0009 1                  44.887405 8.857655 00 00 3232313130304A3030323831            
14/10/23 05:50:58 0010 1                  44.887370 8.857628 00 00 3231313130304A3032333838            
14/10/23 05:53:25 0011 1                  44.886125 8.857400 00 00 313931323050303036323038            
14/10/23 05:53:38 0012 1                  44.886137 8.857397 00 00 3035EBA1BC3CC8400802A091            
14/10/23 05:54:13 0013 1                  44.886033 8.857283 00 00 3231303234304A3032303438            
14/10/23 05:54:48 0014 1                  44.885950 8.857295 00 00 3035EBA8783961000401BF0D            
14/10/23 05:55:03 0015 1                  44.885927 8.857305 00 00 3231313130304A3031343832            
14/10/23 05:56:15 0016 1                  44.886057 8.857225 00 00 3231313130304A3031383333            
14/10/23 05:57:04 0017 1                  44.886063 8.857292 00 00 3231313130304A3031373131            
14/10/23 05:57:23 0018 1                  44.886060 8.857295 00 00 08383972CE6BF000FFA8B184            
14/10/23 05:57:45 0019 1                  44.886078 8.857288 00 00 3231313130304A3031383233            
14/10/23 06:00:07 0020 1                  44.887342 8.856778 00 00 3231313130304A3031363636            
14/10/23 06:00:34 0021 1                  44.887325 8.856758 00 00 3231303234304A3032323531            
14/10/23 06:01:21 0022 1                  44.886718 8.856845 00 00 C30C30C30C30C30C30C30C30            
14/10/23 06:01:38 0023 1                  44.886610 8.856860 00 00 313931323050303033393139            
14/10/23 06:01:42 0024 1                  44.886612 8.856862 00 00 313931323050303033393231            
14/10/23 06:01:48 0025 1                  44.886613 8.856860 00 00 313931B23050303033393139            
14/10/23 06:04:05 0026 1                  44.884833 8.857673 00 00 313931323050303035343135            
14/10/23 06:04:10 0027 1                  44.884832 8.857673 00 00 313931323050303037333932            
14/10/23 06:04:11 0028 1                  44.884830 8.857672 00 00 313931323050303030363138            
14/10/23 06:04:33 0029 1                  44.884830 8.857672 00 00 313931323050303037313537            
14/10/23 06:04:44 0030 1                  44.884833 8.857675 00 00 313931323050303037313630            
14/10/23 06:04:47 0031 1                  44.884835 8.857677 00 00 313931323050303038333637            
14/10/23 06:05:04 0032 1                  44.884837 8.857670 00 00 31383132304A303139373138            
14/10/23 06:05:35 0033 1                  44.884823 8.857657 00 00 313931323050303033323334            
14/10/23 06:06:07 0034 1                  44.884832 8.857663 00 00 313931323050303037313539            
14/10/23 06:06:07 0035 1                  44.884832 8.857663 00 00 313931323050303037313631            
14/10/23 06:07:31 0036 1                  44.885197 8.857515 00 00 3231313130304A3030363333            
14/10/23 06:08:26 0037 1                  44.885220 8.857520 00 00 3231313130304A3030363334            
14/10/23 06:10:02 0038 1                  44.886403 8.856377 00 00 313931323050303034303535            
14/10/23 06:10:48 0039 1                  44.886952 8.856115 00 00 313931323050303036333130            
14/10/23 06:11:47 0040 1                  44.887270 8.856038 00 00 313931323050303034393635            
14/10/23 06:14:15 0041 1                  44.890230 8.855992 00 00 3231313130304A3031363630            
14/10/23 06:15:15 0042 1                  44.890583 8.855968 00 00 3231313130304A3031363332            
14/10/23 06:16:11 0043 1                  44.890762 8.855967 00 00 3231313130304A3032343632            
14/10/23 06:17:32 0044 1                  44.891447 8.855992 00 00 3231313130304A3030363238            
14/10/23 06:18:42 0045 1                  44.891593 8.855953 00 00 3231313130304A3031353134            
14/10/23 06:20:01 0046 1                  44.891788 8.855940 00 00 313931323050303038363237            
14/10/23 06:20:51 0047 1                  44.892157 8.855873 00 00 313931323050303033323134            
14/10/23 06:24:21 0048 1                  44.892185 8.854573 00 00 313931323050303038363233            
14/10/23 06:24:21 0049 1                  44.892185 8.854573 00 00 313931323050303038363236            
14/10/23 06:25:44 0050 1                  44.892172 8.855110 00 00 313931323050303038363232            
14/10/23 06:29:29 0051 1                  44.894810 8.853518 00 00 3230303033304D3038333039            
14/10/23 06:31:24 0052 1                  44.894893 8.855290 00 00 3231313130304A3031363834            
14/10/23 06:32:31 0053 1                  44.894958 8.855443 00 00 31383132304A303235363438            
14/10/23 06:32:31 0054 1                  44.894958 8.855443 00 00 313931323050303036393730            
14/10/23 06:32:41 0055 1                  44.894967 8.855457 00 00 313931323050303036313330            
14/10/23 06:32:41 0056 1                  44.894967 8.855457 00 00 313931323050303035383736            
14/10/23 06:33:23 0057 1                  44.894955 8.855422 00 00 313931323050303132313937            
14/10/23 06:34:23 0058 1                  44.894937 8.855898 00 00 313931323050303039393233            
14/10/23 06:35:12 0059 1                  44.895015 8.856327 00 00 313931323050303037343039            
14/10/23 06:36:38 0060 1                  44.895260 8.856327 00 00 3231313130304A3031343736            
14/10/23 06:37:42 0061 1                  44.895593 8.856442 00 00 3230303033304D3038363438            
14/10/23 06:38:05 0062 1                  44.895607 8.856460 00 00 3231303033304D3032393138            
14/10/23 06:38:05 0063 1                  44.895607 8.856460 00 00 3231303033304D3032353735            
14/10/23 06:39:18 0064 1                  44.895740 8.856472 00 00 323031313030503030313834            
14/10/23 06:40:24 0065 1                  44.895713 8.856487 00 00 3231313130304A3031343739            
14/10/23 06:43:27 0066 1                  44.892090 8.855648 00 00 31383132304A303231333235            
14/10/23 06:43:27 0067 1                  44.892090 8.855648 00 00 313931323050303031333337            
14/10/23 06:44:30 0068 1                  44.891405 8.855627 00 00 31383132304A303233343538            
14/10/23 06:45:40 0069 1                  44.891027 8.855618 00 00 3231313130304A3031343932            
14/10/23 06:46:55 0070 1                  44.890677 8.855607 00 00 3231313130304A3031363334            
14/10/23 06:47:16 0071 1                  44.890680 8.855570 00 00 313931323050303038363330            
14/10/23 06:49:25 0072 1                  44.889380 8.856530 00 00 3231313130304A3031373338            
14/10/23 06:50:21 0073 1                  44.889320 8.856632 00 00 323031313030503030333532            
14/10/23 06:53:12 0074 1                  44.891032 8.856962 00 00 3231313130304A3031353231            
14/10/23 06:55:51 0075 1                  44.889088 8.856317 00 00 31383132304A303237313334            
14/10/23 06:56:43 0076 1                  44.888793 8.856317 00 00 313931323050303033383830            
14/10/23 06:57:52 0077 1                  44.888307 8.856385 00 00 313931323050303033323230            
14/10/23 06:59:51 0078 1                  44.888028 8.856780 00 00 313931323050303030353531            
14/10/23 07:00:14 0079 1                  44.888042 8.856825 00 00 313931323050303035313138            
14/10/23 07:00:16 0080 1                  44.888043 8.856828 00 00 3038D1AB821822000044B9EC            
14/10/23 07:00:52 0081 1                  44.888173 8.856808 00 00 313931323050303034343139            
14/10/23 07:01:20 0082 1                  44.888175 8.856765 00 00 313931323050303033323139            
14/10/23 07:02:29 0083 1                  44.888588 8.856765 00 00 3231303234304A3032323230            
14/10/23 07:03:37 0084 1                  44.888800 8.856727 00 00 313931323050303034303730            
14/10/23 07:03:38 0085 1                  44.888800 8.856727 00 00 30326279A4024040001CD3A7            
14/10/23 07:05:20 0086 1                  44.889033 8.856788 00 00 3231313130304A3032343331            
14/10/23 07:05:49 0087 1                  44.889042 8.856750 00 00 3231303234304A3032323238            
14/10/23 07:05:52 0088 1                  44.889045 8.856745 00 00 313931323050303033343632            
14/10/23 07:08:01 0089 1                  44.889285 8.857338 00 00 30395DFA82D136C0000B2A83            
14/10/23 07:08:01 0090 1                  44.889285 8.857338 00 00 30395DFA82D152C0001D781D            
14/10/23 07:08:01 0091 1                  44.889285 8.857338 00 00 30395DFA82FAA24000218A57            
14/10/23 07:08:02 0092 1                  44.889280 8.857343 00 00 3231313130304A3031343931            
14/10/23 07:08:55 0093 1                  44.889257 8.857333 00 00 3231313130304A3031343838            
14/10/23 07:11:10 0094 1                  44.889500 8.857375 00 00 3231313130304A3031353135            
14/10/23 07:12:14 0095 1                  44.889525 8.857420 00 00 3231313130304A3031363832            
14/10/23 07:13:49 0096 1                  44.888815 8.857585 00 00 313931323050303033323231            
14/10/23 07:15:31 0097 1                  44.889298 8.858832 00 00 313931323050303038333733            
14/10/23 07:18:01 0098 1                  44.888977 8.858653 00 00 3231313130304A3031383039            
14/10/23 07:18:38 0099 1                  44.888937 8.858635 00 00 3231313130304A3031383235            
14/10/23 07:20:35 0100 1                  44.889305 8.859182 00 00 3231313130304A3031343939            
14/10/23 07:20:52 0101 1                  44.889302 8.859168 00 00 313931323050303131383939            
14/10/23 07:23:55 0102 1                  44.890527 8.860210 00 00 3231313130304A3031333139            
14/10/23 07:24:03 0103 1                  44.890533 8.860247 00 00 3231313130304A3031333230            
14/10/23 07:25:16 0104 1                  44.890617 8.860013 00 00 3231303033304D3032353932            
14/10/23 07:25:48 0105 1                  44.890700 8.859788 00 00 313931363050303039323930            
14/10/23 07:25:48 0106 1                  44.890700 8.859788 00 00 313931323050303039323930            
14/10/23 07:26:16 0107 1                  44.890760 8.859685 00 00 313931323050303030333136            
14/10/23 07:26:16 0108 1                  44.890760 8.859685 00 00 313931323050303030333133            
14/10/23 07:27:30 0109 1                  44.890968 8.859305 00 00 313931323050303035393338            
14/10/23 07:28:01 0110 1                  44.890992 8.859252 00 00 3231303234304A3034373331            
14/10/23 07:28:04 0111 1                  44.890992 8.859245 00 00 31383132304A303236343833            
14/10/23 07:28:04 0112 1                  44.890992 8.859245 00 00 31383132304A303236343837            
14/10/23 07:29:02 0113 1                  44.891062 8.859148 00 00 313931323050303033363139            
14/10/23 07:29:02 0114 1                  44.891062 8.859148 00 00 313931323050303033363232            
14/10/23 07:29:13 0115 1                  44.891093 8.859147 00 00 3231303033304D3032353233            
14/10/23 07:29:19 0116 1                  44.891100 8.859148 00 00 313931323050303033353732            
14/10/23 07:29:57 0117 1                  44.891105 8.859148 00 00 313931323050303034353837            
14/10/23 07:29:58 0118 1                  44.891107 8.859148 00 00 31383132304A303233393338            
14/10/23 07:30:58 0119 1                  44.891515 8.858852 00 00 313931323050303037383931            
14/10/23 07:32:45 0120 1                  44.891778 8.859900 00 00 323031313030503030353335            
14/10/23 07:35:09 0121 1                  44.892820 8.861397 00 00 313931323050303038333432            
14/10/23 07:36:26 0122 1                  44.892002 8.861032 00 00 313931323050303033383932            
14/10/23 07:37:29 0123 1                  44.892103 8.860873 00 00 3231313130304A3031363632            
14/10/23 07:38:21 0124 1                  44.892215 8.860292 00 00 313931323050303037383437            
14/10/23 07:39:33 0125 1                  44.892378 8.859830 00 00 3231313130304A3030363039            
14/10/23 07:40:03 0126 1                  44.892433 8.859833 00 00 3231313130304A3030363038            
14/10/23 07:41:24 0127 1                  44.892068 8.859327 00 00 3034F7D57C3D0C8AB41E140B            
14/10/23 07:41:30 0128 1                  44.892077 8.859333 00 00 3231313130304A3031363534            
14/10/23 07:41:35 0129 1                  44.892078 8.859347 00 00 0831027345F85F801888DECC            
14/10/23 07:41:53 0130 1                  44.892110 8.859335 00 00 30395DFA82F60D80002EDFDD            
14/10/23 07:43:04 0131 1                  44.892053 8.859360 00 00 3231313130304A3031353138            
14/10/23 07:44:22 0132 1                  44.891695 8.858640 00 00 111080000000001112870395            
14/10/23 07:45:56 0133 1                  44.886852 8.856933 00 00 C30C30C30C30C30C30C30C30            
14/10/23 07:57:45 0000 s 01882ver01 44.882798 8.860020 00 00
14/10/23 07:58:01 0134 1                  44.882717 8.859822 00 00 30395DFA82F60D80002EDFDD            
14/10/23 08:02:58 0135 1                  44.889710 8.858745 00 00 3231313130304A3031363239            
14/10/23 08:03:02 0136 1                  44.889697 8.858752 00 00 0831027345F85F801888DECC            
14/10/23 08:03:32 0137 1                  44.889732 8.858698 00 00 3231313130304A3031363235            
14/10/23 08:03:47 0138 1                  44.889753 8.858687 00 00 3231313130304A3031363236            
14/10/23 08:05:10 0139 1                  44.889748 8.858645 00 00 3231303234304A3032313934            
14/10/23 08:06:34 0140 1                  44.890235 8.858005 00 00 3230303033304D3038393230            
14/10/23 08:06:39 0141 1                  44.890227 8.858008 00 00 313931323050303037393430            
14/10/23 08:07:18 0142 1                  44.890207 8.858017 00 00 3231313130304A3031353136            
14/10/23 08:09:03 0143 1                  44.890932 8.858240 00 00 3231313130304A3030363738            
14/10/23 08:09:11 0144 1                  44.890938 8.858245 00 00 3231313134304A3030363738            
14/10/23 08:10:05 0145 1                  44.891007 8.858223 00 00 3231313130304A3030363739            
14/10/23 08:10:53 0146 1                  44.891125 8.858388 00 00 25759769A68311A397C72C73            
14/10/23 08:11:58 0147 1                  44.891285 8.859497 00 00 3231313130304A3031383433            
14/10/23 08:13:21 0148 1                  44.890995 8.859980 00 00 3231313130304A3032333738            
14/10/23 08:14:29 0149 1                  44.890983 8.859945 00 00 3231313130304A3032343139            
14/10/23 08:15:02 0150 1                  44.890987 8.860013 00 00 313931323050303035313731            
14/10/23 08:15:13 0151 1                  44.890973 8.860027 00 00 313931323050303035313730            
14/10/23 08:15:14 0152 1                  44.890973 8.860027 00 00 3231303234304A3032333033            
14/10/23 08:15:23 0153 1                  44.890967 8.860028 00 00 313931323050303036323036            
14/10/23 08:15:44 0154 1                  44.890955 8.860030 00 00 313931323050303035313732            
14/10/23 08:16:10 0155 1                  44.890970 8.860037 00 00 313931323050303035313733            
14/10/23 08:19:25 0156 1                  44.893397 8.861075 00 00 3231313130304A3031373139            
14/10/23 08:20:24 0157 1                  44.893222 8.860423 00 00 3230303033304D3038353934            
14/10/23 08:20:43 0158 1                  44.893238 8.860387 00 00 313931323050303039393531            
14/10/23 08:20:52 0159 1                  44.893220 8.860390 00 00 3230303033304D3038373333            
14/10/23 08:21:05 0160 1                  44.893210 8.860388 00 00 3230303033304D3038383530            
14/10/23 08:22:11 0161 1                  44.893372 8.859440 00 00 313931323050303038353834            
14/10/23 08:23:02 0162 1                  44.893382 8.859303 00 00 3231313130304A3031383939            
14/10/23 08:24:23 0163 1                  44.893353 8.859058 00 00 313931323050303038373930            
14/10/23 08:24:27 0164 1                  44.893370 8.859047 00 00 3039612D43754609502FA0F8            
14/10/23 08:25:02 0165 1                  44.893383 8.858720 00 00 313931323050303038333433            
14/10/23 08:25:05 0166 1                  44.893385 8.858712 00 00 313931323050303035313937            
14/10/23 08:25:39 0167 1                  44.893385 8.858712 00 00 313931323050303038373839            
14/10/23 08:51:52 0000 s 01882ver01 44.894812 8.859172 00 00
14/10/23 08:52:30 0168 1                  44.895037 8.858572 00 00 25705569A686CF9331C35E73            
14/10/23 08:53:11 0169 1                  44.893412 8.858383 00 00 3039612D43754609502FA0F8            
14/10/23 08:55:31 0170 1                  44.893080 8.857575 00 00 3231303033304D3033313435            
14/10/23 08:55:31 0171 1                  44.893080 8.857575 00 00 3230303033304D3038363830            
14/10/23 08:56:10 0172 1                  44.893080 8.857337 00 00 313931323050303133323D30            
14/10/23 08:56:24 0173 1                  44.893048 8.857325 00 00 313931323050303032323234            
14/10/23 08:56:28 0174 1                  44.893042 8.857323 00 00 313931323050303038333333            
14/10/23 08:56:53 0175 1                  44.893010 8.857322 00 00 313931323050303034333534            
14/10/23 08:57:32 0176 1                  44.893027 8.856922 00 00 313931323050303039343231            
14/10/23 08:57:49 0177 1                  44.893037 8.856877 00 00 313931323050303030363134            
14/10/23 08:57:52 0178 1                  44.893037 8.856877 00 00 313931323050303039393731            
14/10/23 08:58:02 0179 1                  44.893038 8.856877 00 00 313931323050303039343232            
14/10/23 08:58:18 0180 1                  44.893050 8.856883 00 00 3231303033304D3032393233            
14/10/23 08:58:21 0181 1                  44.893053 8.856885 00 00 3231303033304D3032393234            
14/10/23 08:59:58 0182 1                  44.892252 8.856798 00 00 3231313130304A3031353130            
14/10/23 09:01:03 0183 1                  44.892238 8.856800 00 00 3231313130304A3031353131            
14/10/23 09:02:40 0184 1                  44.892202 8.857027 00 00 313931323050303131313936            
14/10/23 09:03:25 0185 1                  44.892167 8.857197 00 00 313931323050303034393730            
14/10/23 09:04:14 0186 1                  44.892107 8.857468 00 00 313931323050303034383431            
14/10/23 09:05:49 0187 1                  44.892043 8.858088 00 00 3231313130304A3031353033            
14/10/23 09:05:56 0188 1                  44.892043 8.858097 00 00 303ACA49837DEC1C5D791572            
14/10/23 09:06:59 0189 1                  44.892073 8.858105 00 00 3231313130304A3031363830            
14/10/23 09:07:21 0190 1                  44.892073 8.858102 00 00 3039612D43754609502FA0F8            
14/10/23 09:09:03 0191 1                  44.891610 8.858575 00 00 111080000000001112870395            
14/10/23 09:09:52 0192 1                  44.890637 8.857630 00 00 3231303234304A3034363731            
14/10/23 09:11:57 0193 1                  44.889438 8.855673 00 00 31383132304A303138373031            
14/10/23 09:12:11 0194 1                  44.889438 8.855662 00 00 313931323050303031393931            
14/10/23 09:13:27 0195 1                  44.889588 8.853898 00 00 313931323050303038333735            
14/10/23 09:14:56 0196 1                  44.889722 8.853427 00 00 3231313330304A3030363537            
14/10/23 09:15:24 0197 1                  44.889713 8.853382 00 00 3231313130304A3030363537            
14/10/23 09:16:57 0198 1                  44.890115 8.853778 00 00 3231313130304A3031343730            
14/10/23 09:18:27 0199 1                  44.890573 8.853770 00 00 3231313130304A3030353939            
14/10/23 09:18:50 0200 1                  44.890578 8.853763 00 00 3231313130304A3030363131            
14/10/23 09:20:02 0201 1                  44.890825 8.853432 00 00 313931323050303037313731            
14/10/23 09:20:31 0202 1                  44.890852 8.853292 00 00 313931323050303035383334            
14/10/23 09:20:32 0203 1                  44.890852 8.853292 00 00 313931323050303132393935            
14/10/23 09:21:19 0204 1                  44.890840 8.853300 00 00 313931323050303039343433            
14/10/23 09:21:21 0205 1                  44.890838 8.853298 00 00 313931323050303035383335            
14/10/23 09:23:23 0206 1                  44.891307 8.853732 00 00 313931323050303035363035            
14/10/23 09:25:03 0207 1                  44.891245 8.853218 00 00 313931323050303038373539            
14/10/23 09:25:47 0208 1                  44.891252 8.853363 00 00 313931323050303038373537            
14/10/23 09:26:01 0209 1                  44.891242 8.853433 00 00 313931323050303038373538            
14/10/23 09:26:12 0210 1                  44.891235 8.853430 00 00 3034F80CAC039D84E20090D3            
14/10/23 09:27:39 0211 1                  44.890482 8.853648 00 00 111080000000000639299095            
14/10/23 09:29:25 0212 1                  44.889502 8.854178 00 00 313931323050303034303733            
14/10/23 09:29:25 0213 1                  44.889502 8.854178 00 00 313931323050303033383831            
14/10/23 09:30:53 0214 1                  44.890062 8.854157 00 00 313931323050303034303738            
14/10/23 09:31:22 0215 1                  44.890130 8.854120 00 00 313931323050303034303136            
14/10/23 09:31:46 0216 1                  44.890137 8.854118 00 00 313931323050303038333434            
14/10/23 09:32:39 0217 1                  44.890348 8.854147 00 00 313931323050303131353435            
14/10/23 09:33:13 0218 1                  44.890462 8.854140 00 00 313931323050303033383739            
14/10/23 09:34:00 0219 1                  44.890687 8.854125 00 00 313931323050303034353039            
14/10/23 09:34:57 0220 1                  44.890885 8.854157 00 00 313931323050303033323236            
14/10/23 09:36:21 0221 1                  44.891108 8.854138 00 00 3231303234304A3034373033            
14/10/23 09:36:21 0222 1                  44.891108 8.854138 00 00 313931323050303038313536            
14/10/23 09:36:56 0223 1                  44.891212 8.854135 00 00 313931323050303038343738            
14/10/23 09:37:16 0224 1                  44.891217 8.854118 00 00 313931323050303033393335            
14/10/23 09:38:27 0225 1                  44.891968 8.854142 00 00 313931323050303038343831            
14/10/23 09:39:04 0226 1                  44.891993 8.854102 00 00 3231313130304A3031363535            
14/10/23 09:39:59 0227 1                  44.892190 8.854115 00 00 313931323050303032373530            
14/10/23 09:40:02 0228 1                  44.892188 8.854120 00 00 313931323050303033393332            
14/10/23 09:40:18 0229 1                  44.892182 8.854135 00 00 313931323050303033393333            
14/10/23 09:41:39 0230 1                  44.892597 8.854068 00 00 313931323050303038343739            
14/10/23 09:41:39 0231 1                  44.892597 8.854068 00 00 313931323050303033393331            
14/10/23 09:42:45 0232 1                  44.892458 8.853520 00 00 313931323050303033383832            
14/10/23 09:42:59 0233 1                  44.892435 8.853482 00 00 313931323050303033383833            
14/10/23 09:44:35 0234 1                  44.891677 8.854417 00 00 313931323050303034303436            
14/10/23 09:44:53 0235 1                  44.891647 8.854432 00 00 313931323050303034303435            
14/10/23 09:45:39 0236 1                  44.891655 8.854917 00 00 313931323050303034303538            
14/10/23 09:46:37 0237 1                  44.891678 8.854947 00 00 313931323050303033323237            
14/10/23 09:47:02 0238 1                  44.891670 8.854940 00 00 313931323050303034303433            
14/10/23 09:47:02 0239 1                  44.891670 8.854940 00 00 3035EBE3141787401204ED81            
14/10/23 09:47:04 0240 1                  44.891670 8.854938 00 00 30395DFA82C25880000CA6FA            
14/10/23 09:47:04 0241 1                  44.891670 8.854938 00 00 3039606283B6DDC0002333F2            
14/10/23 09:47:04 0242 1                  44.891670 8.854938 00 00 3035EB8ADC347D401200A0FC            
14/10/23 09:47:06 0243 1                  44.891668 8.854938 00 00 3039606283AE7580000A297E            
14/10/23 09:47:06 0244 1                  44.891668 8.854938 00 00 3035EBE314178740120587EB            
14/10/23 09:47:07 0245 1                  44.891668 8.854938 00 00 3039606283B77640002752CB            
14/10/23 09:47:07 0246 1                  44.891668 8.854938 00 00 3039606283AE8CC0001882B9            
14/10/23 09:47:07 0247 1                  44.891668 8.854938 00 00 3035EB8ADC34D38002006DBE            
14/10/23 09:48:30 0248 1                  44.891153 8.854685 00 00 313931323050303038343039            
14/10/23 09:49:32 0249 1                  44.890848 8.854677 00 00 3231313130304A3031353035            
14/10/23 09:50:22 0250 1                  44.890733 8.854668 00 00 30396061C3C0768043AEC595            
14/10/23 09:50:35 0251 1                  44.890728 8.854685 00 00 313931323050303038383433            
14/10/23 09:50:38 0252 1                  44.890728 8.854687 00 00 3034FA39905AAD02E90EFC1B            
14/10/23 09:50:38 0253 1                  44.890728 8.854687 00 00 30396061C3C283423CEFCF7F            
14/10/23 09:50:59 0254 1                  44.890723 8.854680 00 00 31383132304A303234333235            
14/10/23 09:51:14 0255 1                  44.890723 8.854680 00 00 313931323050303031323936            
14/10/23 09:52:33 0256 1                  44.890400 8.854692 00 00 3231303234304A3034363030            
14/10/23 09:52:33 0257 1                  44.890400 8.854692 00 00 313931323050303035383230            
14/10/23 09:53:11 0258 1                  44.890397 8.854663 00 00 3231313130304A3031363635            
14/10/23 09:55:00 0259 1                  44.890172 8.854662 00 00 313931323050303038343037            
14/10/23 09:56:27 0260 1                  44.889948 8.854678 00 00 3231313130304A3031363531            
14/10/23 10:03:32 0261 1                  44.895880 8.862353 00 00 E20051800409013017805D1D            
14/10/23 10:03:36 0262 1                  44.895890 8.862343 00 00 E2000015631900860340ED16            
14/10/23 10:05:00 0263 1                  44.899755 8.864178 00 00 25705569A6B85B41F1C38D75            
14/10/23 10:05:04 0264 1                  44.899853 8.864302 00 00 25759769A683135417C77DF3            
14/10/23 10:05:41 0265 1                  44.900678 8.866417 00 00 431012300037350750154390            
14/10/23 10:05:42 0266 1                  44.900718 8.866475 00 00 E28011A0A501006197AB402E            
14/10/23 10:05:42 0267 1                  44.900718 8.866475 00 00 181312304000006750154766            
14/10/23 10:07:04 0268 1                  44.900762 8.871203 00 00 000000000000000008530356            
14/10/23 10:15:19 0269 1                  44.899433 8.880897 00 00 31383132304A303234363933            
14/10/23 10:32:04 0270 1                  44.912893 8.871170 00 00 3039606303C19841A6010B57            
14/10/23 10:44:44 0271 1                  44.883420 8.858677 00 00 E59AD35B1C72C32CF1CB5C33            
