21/10/23 05:06:54 0000 s 01883ver01 44.882243 8.859758 00 00
21/10/23 05:09:37 0001 1                  44.882377 8.859848 00 00 3231303132304A3039373836            
21/10/23 05:24:40 0002 1                  44.797415 8.863490 00 00 31383032334D303134323634            
21/10/23 05:26:02 0003 1                  44.797202 8.864053 00 00 3231303234304A3034353334            
21/10/23 05:30:48 0004 1                  44.780150 8.865543 00 00 31383032334D303138393034            
21/10/23 05:32:06 0005 1                  44.779598 8.865485 00 00 31383032334D303134323031            
21/10/23 05:32:10 0006 1                  44.779600 8.865485 00 00 31383032334D303137323136            
21/10/23 05:33:45 0007 1                  44.777762 8.865777 00 00 3232303032334D3030393833            
21/10/23 05:33:59 0008 1                  44.777777 8.865768 00 00 31383032334D303137343331            
21/10/23 05:40:22 0009 1                  44.772683 8.865667 00 00 31383032334D303136303836            
21/10/23 05:41:29 0010 1                  44.772253 8.865777 00 00 31383032334D303136333436            
21/10/23 05:43:08 0011 1                  44.771683 8.865820 00 00 31383032334D303136333435            
21/10/23 05:44:36 0012 1                  44.770653 8.865972 00 00 31383032334D303134303037            
21/10/23 05:44:45 0013 1                  44.770645 8.865960 00 00 31383032334D303038353432            
21/10/23 05:44:55 0014 1                  44.770633 8.865948 00 00 31383032334D303131383433            
21/10/23 05:44:59 0015 1                  44.770633 8.865950 00 00 31383032334D303038353231            
21/10/23 05:47:36 0016 1                  44.769840 8.865848 00 00 31383032334D303033383732            
21/10/23 05:48:34 0017 1                  44.769818 8.866270 00 00 31383032334D303038363334            
21/10/23 05:51:43 0018 1                  44.768168 8.864850 00 00 31383032334D303139323233            
21/10/23 05:52:00 0019 1                  44.768157 8.864848 00 00 323030323545303030333939            
21/10/23 05:52:01 0020 1                  44.768157 8.864848 00 00 31383032334D303130303236            
21/10/23 05:52:24 0021 1                  44.768163 8.864812 00 00 323030323545303034313133            
21/10/23 05:53:45 0022 1                  44.766967 8.864268 00 00 31383032334D303131373931            
21/10/23 05:54:25 0023 1                  44.766715 8.864152 00 00 31383032334D303038353430            
21/10/23 05:58:37 0024 1                  44.766297 8.864275 00 00 31383032334D303038363231            
21/10/23 06:00:39 0025 1                  44.765837 8.863600 00 00 31383032334D303131373539            
21/10/23 06:00:48 0026 1                  44.765833 8.863590 00 00 3231303032334D3033303837            
21/10/23 06:00:52 0027 1                  44.765850 8.863578 00 00 31383032334D303038373931            
21/10/23 06:01:58 0028 1                  44.765467 8.863212 00 00 31383032334D303038373536            
21/10/23 06:02:05 0029 1                  44.765472 8.863230 00 00 31383032334D303038373737            
21/10/23 06:02:42 0030 1                  44.765327 8.863193 00 00 31383132334D303038353137            
21/10/23 06:02:43 0031 1                  44.765327 8.863193 00 00 31383032334D303037363638            
21/10/23 06:04:14 0032 1                  44.765103 8.863033 00 00 31383032334D303039393237            
21/10/23 06:05:28 0033 1                  44.764868 8.862998 00 00 31383032334D303138383837            
21/10/23 06:05:42 0034 1                  44.764882 8.863015 00 00 31383032334D303134323039            
21/10/23 06:06:37 0035 1                  44.764468 8.862785 00 00 31383032334D303131393734            
21/10/23 06:06:47 0036 1                  44.764475 8.862765 00 00 31383032334D303131363430            
21/10/23 06:07:06 0037 1                  44.764505 8.862797 00 00 3231303032334D3031333933            
21/10/23 06:07:29 0038 1                  44.764497 8.862787 00 00 31383032334D303038343839            
21/10/23 06:08:14 0039 1                  44.764193 8.862852 00 00 31383032334D303131393239            
21/10/23 06:10:03 0040 1                  44.764588 8.863533 00 00 31383032334D303038373930            
21/10/23 06:10:51 0041 1                  44.764605 8.863557 00 00 31383032334D303131393935            
21/10/23 06:11:24 0042 1                  44.764598 8.863573 00 00 31383032334D303131383331            
21/10/23 06:12:31 0043 1                  44.764232 8.863130 00 00 31383032334D3031B1393934            
21/10/23 06:13:50 0044 1                  44.765047 8.862335 00 00 31383032334D303134323833            
21/10/23 06:15:15 0045 1                  44.765117 8.862128 00 00 31383032334D303038373330            
21/10/23 06:16:37 0046 1                  44.765495 8.862337 00 00 31383032334D303038343835            
21/10/23 06:16:54 0047 1                  44.765498 8.862342 00 00 31383032334D303038353738            
21/10/23 06:18:44 0048 1                  44.765145 8.861992 00 00 31383032334D303131383234            
21/10/23 06:19:34 0049 1                  44.765257 8.861678 00 00 31383032334D303038343837            
21/10/23 06:20:08 0050 1                  44.765208 8.861408 00 00 31383032334D303134313132            
21/10/23 06:20:14 0051 1                  44.765205 8.861398 00 00 31383032334D303134303434            
21/10/23 06:22:12 0052 1                  44.764578 8.861343 00 00 31383032334D303038373538            
21/10/23 06:22:19 0053 1                  44.764570 8.861338 00 00 31383032334D303038353431            
21/10/23 06:25:23 0054 1                  44.764602 8.861662 00 00 31383032334D303137323037            
21/10/23 06:26:51 0055 1                  44.765702 8.862055 00 00 323030323545303039303231            
21/10/23 06:27:24 0056 1                  44.765712 8.862033 00 00 31383032334D303137343936            
21/10/23 06:28:46 0057 1                  44.766027 8.862173 00 00 31383032334D303134303931            
21/10/23 06:30:27 0058 1                  44.766017 8.863102 00 00 31383032334D303139323633            
21/10/23 06:30:36 0059 1                  44.766015 8.863123 00 00 31383032334D303136343037            
21/10/23 06:30:38 0060 1                  44.766013 8.863127 00 00 31383032334D303038373635            
21/10/23 06:31:55 0061 1                  44.765142 8.863488 00 00 31383032334D303136333234            
21/10/23 06:32:03 0062 1                  44.765137 8.863503 00 00 31383032334D303038363432            
21/10/23 06:32:08 0063 1                  44.765133 8.863513 00 00 31383032334D303038363431            
21/10/23 06:37:17 0064 1                  44.764900 8.864865 00 00 31383032334D303038343231            
21/10/23 06:37:52 0065 1                  44.765153 8.864927 00 00 31383032334D303038343130            
21/10/23 06:38:36 0066 1                  44.765467 8.864868 00 00 31383032334D303038353438            
21/10/23 06:41:04 0067 1                  44.765863 8.864330 00 00 3232303032334D3030363136            
21/10/23 06:46:41 0068 1                  44.763105 8.862197 00 00 31383032334D303134333332            
21/10/23 06:48:05 0069 1                  44.762355 8.861298 00 00 3232303032334D3030393839            
21/10/23 06:49:00 0070 1                  44.761882 8.860770 00 00 31383032334D303136333235            
21/10/23 06:49:08 0071 1                  44.761878 8.860772 00 00 31383032334D303131373835            
21/10/23 06:50:29 0072 1                  44.761153 8.859793 00 00 31383032334D303134333832            
21/10/23 06:51:19 0073 1                  44.760692 8.859427 00 00 31383032334D303038353339            
21/10/23 06:51:24 0074 1                  44.760693 8.859423 00 00 31383032334D303131393933            
21/10/23 06:52:58 0075 1                  44.760127 8.858940 00 00 31383032334D303038353830            
21/10/23 06:53:01 0076 1                  44.760127 8.858942 00 00 31383032334D303038373433            
21/10/23 06:54:26 0077 1                  44.760157 8.859458 00 00 31383032334D303134383731            
21/10/23 06:56:06 0078 1                  44.760745 8.860038 00 00 31383032334D303131393939            
21/10/23 06:56:16 0079 1                  44.760740 8.860047 00 00 31383032334D303038343630            
21/10/23 06:57:21 0080 1                  44.761270 8.860242 00 00 31383032334D303138373832            
21/10/23 07:00:18 0081 1                  44.763700 8.861215 00 00 31383032334D303134303835            
21/10/23 07:00:27 0082 1                  44.763687 8.861192 00 00 3232303032334D3030323833            
21/10/23 07:00:36 0083 1                  44.763677 8.861162 00 00 3231303132304A3037343338            
21/10/23 07:04:37 0084 1                  44.763772 8.862257 00 00 313832343045303030333434            
21/10/23 07:06:50 0085 1                  44.764025 8.862498 00 00 3232303032334D3030373339            
21/10/23 07:06:53 0086 1                  44.764025 8.862493 00 00 3232303032334D3031333232            
21/10/23 07:07:39 0087 1                  44.764067 8.862490 00 00 313831323045303039313738            
21/10/23 07:10:43 0088 1                  44.763665 8.862185 00 00 313832343045303030333439            
21/10/23 07:21:56 0089 1                  44.762777 8.861048 00 00 3231303132304A3037353032            
21/10/23 07:23:44 0090 1                  44.762802 8.860878 00 00 31383032334D303038373731            
21/10/23 07:25:54 0091 1                  44.762615 8.859662 00 00 31383032334D303134303736            
21/10/23 07:25:59 0092 1                  44.762612 8.859665 00 00 31383032334D303131373434            
21/10/23 07:26:52 0093 1                  44.762393 8.859392 00 00 31383032334D303036363635            
21/10/23 07:28:01 0094 1                  44.761807 8.859652 00 00 31383032334D303131373338            
21/10/23 07:29:06 0095 1                  44.761845 8.859732 00 00 31383032334D3031B4333636            
21/10/23 07:30:53 0096 1                  44.763013 8.860050 00 00 31383032334D303131363130            
21/10/23 07:30:59 0097 1                  44.763012 8.860053 00 00 31383032334D303134303131            
21/10/23 07:34:26 0098 1                  44.763725 8.860707 00 00 31383032334D303133343939            
21/10/23 07:34:27 0099 1                  44.763725 8.860702 00 00 31383032334D303134313633            
21/10/23 07:34:47 0100 1                  44.763728 8.860635 00 00 31383032334D303134323838            
21/10/23 07:34:53 0101 1                  44.763727 8.860612 00 00 31383032334D303134323835            
21/10/23 07:40:08 0102 1                  44.759757 8.859002 00 00 31383032334D303131393636            
21/10/23 07:44:29 0103 1                  44.756690 8.860475 00 00 31383032334D303134323032            
21/10/23 07:45:48 0104 1                  44.756863 8.858492 00 00 31383032334D303131393733            
21/10/23 07:46:41 0105 1                  44.757430 8.858480 00 00 31383032334D303131383431            
21/10/23 07:47:55 0106 1                  44.758073 8.856635 00 00 31383032334D303136313638            
21/10/23 07:52:58 0107 1                  44.756267 8.854473 00 00 31383032334D303038353238            
21/10/23 07:53:03 0108 1                  44.756273 8.854472 00 00 31383032334D303038353237            
21/10/23 07:54:13 0109 1                  44.758315 8.857710 00 00 31383032334D303134333530            
21/10/23 07:54:22 0110 1                  44.758318 8.857713 00 00 31383032334D303134333437            
21/10/23 07:55:46 0111 1                  44.759093 8.859337 00 00 31383032334D303131393233            
21/10/23 07:58:10 0112 1                  44.758845 8.860132 00 00 3231303032334D3031393133            
21/10/23 08:00:39 0113 1                  44.765275 8.861007 00 00 3231303032334D3031333232            
21/10/23 08:01:19 0114 1                  44.765168 8.860582 00 00 31383032334D303038343838            
21/10/23 08:12:34 0115 1                  44.769185 8.861875 00 00 3232303032334D3031303038            
21/10/23 08:14:18 0116 1                  44.771682 8.862732 00 00 31383032334D303038363237            
21/10/23 08:19:28 0117 1                  44.766683 8.863422 00 00 31383032334D303134333531            
21/10/23 08:21:18 0118 1                  44.766733 8.864682 00 00 3232303032334D3031363231            
21/10/23 08:21:23 0119 1                  44.766733 8.864685 00 00 31383032334D303134323433            
21/10/23 08:21:32 0120 1                  44.766732 8.864687 00 00 31383032334D303134323434            
21/10/23 08:22:33 0121 1                  44.766863 8.864737 00 00 31383032334D303134313634            
21/10/23 08:22:54 0122 1                  44.766872 8.864750 00 00 31383032334D303136313637            
21/10/23 08:28:04 0123 1                  44.764047 8.864422 00 00 31383032334D303038343537            
21/10/23 08:29:46 0124 1                  44.764520 8.864220 00 00 31383032334D303038343330            
21/10/23 08:29:55 0125 1                  44.764530 8.864230 00 00 31383032334D303038343239            
21/10/23 08:30:06 0126 1                  44.764527 8.864237 00 00 31383032334D303038373236            
21/10/23 08:36:50 0127 1                  44.764685 8.865340 00 00 31383032334D303038343539            
21/10/23 08:37:11 0128 1                  44.764715 8.865392 00 00 31383032334D303134333630            
21/10/23 08:37:16 0129 1                  44.764713 8.865397 00 00 31383032334D303039333835            
21/10/23 08:38:07 0130 1                  44.764897 8.865968 00 00 31383032334D303136333433            
21/10/23 08:39:57 0131 1                  44.765025 8.867357 00 00 31383032334D303038353538            
21/10/23 08:42:18 0132 1                  44.767713 8.865230 00 00 313831323045303039313932            
21/10/23 08:45:16 0133 1                  44.770138 8.869780 00 00 31383032334D303133323633            
21/10/23 08:45:53 0134 1                  44.770117 8.870038 00 00 31383032334D303136313434            
21/10/23 08:46:34 0135 1                  44.769898 8.870025 00 00 31383032334D303134323037            
21/10/23 08:47:33 0136 1                  44.769918 8.872318 00 00 3231303132304A3039373836            
21/10/23 08:48:30 0137 1                  44.770438 8.873055 00 00 31383032334D303136333331            
21/10/23 08:49:54 0138 1                  44.768958 8.875270 00 00 31383032334D303136333332            
21/10/23 08:51:41 0139 1                  44.769302 8.880423 00 00 31383032334D303038363832            
21/10/23 08:53:03 0140 1                  44.771537 8.880410 00 00 3232303032334D3030303836            
21/10/23 08:53:08 0141 1                  44.771538 8.880413 00 00 3231303032334D3034393030            
21/10/23 08:54:23 0142 1                  44.773623 8.882945 00 00 31383032334D303131383538            
21/10/23 08:56:14 0143 1                  44.774172 8.883370 00 00 31383032334D303131373836            
21/10/23 08:57:49 0144 1                  44.774515 8.884100 00 00 31383032334D303037323734            
21/10/23 08:58:37 0145 1                  44.774372 8.883787 00 00 31383032334D303131383135            
21/10/23 09:00:57 0146 1                  44.771593 8.885062 00 00 31383032334D303131373837            
21/10/23 09:02:06 0147 1                  44.772073 8.886953 00 00 31383032334D303134313239            
21/10/23 09:03:31 0148 1                  44.773698 8.887312 00 00 31383032334D303131393735            
21/10/23 09:04:58 0149 1                  44.775723 8.885968 00 00 3233303032334D3030333539            
21/10/23 09:05:02 0150 1                  44.775718 8.885968 00 00 31383032334D303038353234            
21/10/23 09:05:49 0151 1                  44.776042 8.885832 00 00 31383032334D307131373333            
21/10/23 09:08:08 0152 1                  44.776282 8.885718 00 00 31383032334D303131373930            
21/10/23 09:09:14 0153 1                  44.776785 8.885438 00 00 31383032334D303038373430            
21/10/23 09:10:31 0154 1                  44.777317 8.884830 00 00 31383032334D303031303535            
21/10/23 09:11:44 0155 1                  44.777090 8.884427 00 00 31383032334D303038373537            
21/10/23 09:14:18 0156 1                  44.773353 8.886955 00 00 31383032334D303134333138            
21/10/23 09:16:05 0157 1                  44.772040 8.885633 00 00 31383032334D303131363931            
21/10/23 09:20:38 0158 1                  44.769887 8.870692 00 00 31383032334D303134333935            
21/10/23 09:20:47 0159 1                  44.769885 8.870695 00 00 31383032334D303133313134            
21/10/23 09:22:44 0160 1                  44.768908 8.867890 00 00 3231303032334D3032363832            
21/10/23 09:23:30 0161 1                  44.769055 8.867283 00 00 31383032334D303136303434            
21/10/23 09:32:12 0162 1                  44.778103 8.866153 00 00 31383032334D303133353738            
21/10/23 09:33:30 0163 1                  44.777505 8.866222 00 00 31383032334D303039333739            
21/10/23 09:33:37 0164 1                  44.777507 8.866222 00 00 31383032334D303039333733            
21/10/23 09:35:51 0165 1                  44.790382 8.865053 00 00 3231303132304A3039373836            
21/10/23 09:38:13 0166 1                  44.790525 8.871040 00 00 31383032334D303137343832            
21/10/23 09:55:46 0167 1                  44.904797 8.856267 00 00 3231303132304A3039373836            
21/10/23 10:38:20 0000 s 01883ver01 44.882260 8.860275 00 00
