16/10/23 05:11:57 0000 s 01890ver01 44.882058 8.859870 00 00
16/10/23 05:23:46 0001 1                  44.902402 8.868488 00 00 3231303234304A3031323732            
16/10/23 05:25:31 0002 1                  44.902362 8.868660 00 00 3231303234304A3031323033            
16/10/23 05:26:24 0003 1                  44.902343 8.868478 00 00 3231303234304A3031323036            
16/10/23 05:26:37 0004 1                  44.902345 8.868477 00 00 3231303234304A3031323034            
16/10/23 05:26:47 0005 1                  44.902343 8.868478 00 00 3231303234304A3031323038            
16/10/23 05:28:22 0006 1                  44.902355 8.868568 00 00 3231303234304A3031323037            
16/10/23 05:48:11 0000 s 01890ver01 44.894887 8.859213 00 00
16/10/23 05:51:05 0007 1                  44.895042 8.855387 00 00 3231303032334D3032333138            
16/10/23 05:51:19 0008 1                  44.895017 8.855368 00 00 3231303032334D3032303432            
16/10/23 05:51:26 0009 1                  44.895018 8.855373 00 00 3232303032334D3030383234            
16/10/23 05:52:15 0010 1                  44.895025 8.855202 00 00 3231303032334D3034353934            
16/10/23 05:52:18 0011 1                  44.895027 8.855200 00 00 3232303032334D3031323830            
16/10/23 05:54:36 0012 1                  44.894843 8.853395 00 00 3231303032334D3032383838            
16/10/23 05:54:40 0013 1                  44.894848 8.853400 00 00 3231303032334D3032383439            
16/10/23 05:54:52 0014 1                  44.894857 8.853405 00 00 3231303032334D3032383835            
16/10/23 05:54:56 0015 1                  44.894852 8.853410 00 00 3231303032334D3032383836            
16/10/23 05:58:52 0016 1                  44.895238 8.856185 00 00 3231303032334D3033333732            
16/10/23 05:58:55 0017 1                  44.895220 8.856178 00 00 3232303032334D3030343737            
16/10/23 05:59:25 0018 1                  44.895175 8.856172 00 00 3231303032334D3031333733            
16/10/23 06:01:51 0019 1                  44.895497 8.856330 00 00 3231303234304A3032373834            
16/10/23 06:02:56 0020 1                  44.895513 8.856420 00 00 3231303234304A3032383238            
16/10/23 06:07:43 0021 1                  44.893222 8.861675 00 00 3231303032334D3034353636            
16/10/23 06:08:41 0022 1                  44.892888 8.861650 00 00 3231303032334D3034363534            
16/10/23 06:12:08 0023 1                  44.892123 8.860602 00 00 3231303032334D3031313538            
16/10/23 06:12:15 0024 1                  44.892175 8.860625 00 00 3231303032334D3034353037            
16/10/23 06:12:21 0025 1                  44.892213 8.860647 00 00 3231303032334D3034353031            
16/10/23 06:12:24 0026 1                  44.892222 8.860652 00 00 3231303032334D3034373631            
16/10/23 06:12:33 0027 1                  44.892225 8.860650 00 00 3231303032334D3034343838            
16/10/23 06:13:12 0028 1                  44.892180 8.860362 00 00 3231303032334D3032323039            
16/10/23 06:13:17 0029 1                  44.892210 8.860380 00 00 3231303032334D3032333037            
16/10/23 06:13:23 0030 1                  44.892218 8.860360 00 00 3231303032334D3034343832            
16/10/23 06:13:30 0031 1                  44.892227 8.860340 00 00 3231303032334D3034343839            
16/10/23 06:13:42 0032 1                  44.892225 8.860290 00 00 3231303032334D3034343930            
16/10/23 06:13:46 0033 1                  44.892218 8.860268 00 00 3231303032334D3032313737            
16/10/23 06:14:00 0034 1                  44.892228 8.860242 00 00 3231303032334D3034313431            
16/10/23 06:22:04 0035 1                  44.891535 8.860297 00 00 3231303032334D3032303539            
16/10/23 06:22:09 0036 1                  44.891510 8.860275 00 00 3231303032334D3031393631            
16/10/23 06:22:21 0037 1                  44.891427 8.860193 00 00 3231303032334D3032313331            
16/10/23 06:22:25 0038 1                  44.891397 8.860167 00 00 3231303032334D3032303630            
16/10/23 06:22:39 0039 1                  44.891313 8.860100 00 00 3231303032334D3031373536            
16/10/23 06:22:42 0040 1                  44.891295 8.860087 00 00 3231303032334D3030353431            
16/10/23 06:29:04 0041 1                  44.891310 8.859290 00 00 3231303032334D3032383831            
16/10/23 06:30:05 0042 1                  44.891260 8.859538 00 00 300ED89F3350014A1E0B97EE            
16/10/23 06:30:09 0043 1                  44.891258 8.859547 00 00 3231303234304A3034353731            
16/10/23 06:35:59 0044 1                  44.890515 8.860018 00 00 3231303234304A3031323333            
16/10/23 06:38:01 0045 1                  44.890683 8.859785 00 00 3231303032334D3035353035            
16/10/23 06:38:36 0046 1                  44.890785 8.859632 00 00 3232303032334D3031383935            
16/10/23 06:38:40 0047 1                  44.890783 8.859635 00 00 3231303032334D3032333438            
16/10/23 06:39:24 0048 1                  44.890870 8.859540 00 00 3232303032334D3030323131            
16/10/23 06:39:41 0049 1                  44.890868 8.859530 00 00 3231303032334D3033353533            
16/10/23 06:39:43 0050 1                  44.890867 8.859528 00 00 3231303032334D3033353731            
16/10/23 06:41:03 0051 1                  44.890962 8.859278 00 00 3231303032334D3030383038            
16/10/23 06:41:10 0052 1                  44.890962 8.859275 00 00 3231303032334D3035363537            
16/10/23 06:41:21 0053 1                  44.890965 8.859268 00 00 300ED89F3350014A1E0B97EE            
16/10/23 06:44:21 0054 1                  44.891263 8.858913 00 00 3231303032334D3033333735            
16/10/23 06:44:25 0055 1                  44.891263 8.858915 00 00 3231303032334D3032333936            
16/10/23 06:55:38 0056 1                  44.886343 8.856468 00 00 3231303032334D3032333532            
16/10/23 06:55:41 0057 1                  44.886345 8.856467 00 00 3233303032334D3030323135            
16/10/23 06:56:42 0058 1                  44.887157 8.856102 00 00 3231303032334D3031303237            
16/10/23 06:57:36 0059 1                  44.887577 8.856053 00 00 3231303234304A3032383736            
16/10/23 06:59:34 0060 1                  44.890140 8.856010 00 00 300ED89F3350014A1E0B97EE            
16/10/23 07:02:48 0061 1                  44.890528 8.855960 00 00 3231303132304A3035343036            
16/10/23 07:05:07 0062 1                  44.891495 8.855898 00 00 3231303234304A3032383833            
16/10/23 07:09:32 0063 1                  44.892072 8.855910 00 00 3231303032334D3030383532            
16/10/23 07:12:03 0064 1                  44.892177 8.854543 00 00 323030323545303033323430            
16/10/23 07:12:12 0065 1                  44.892178 8.854537 00 00 3232303032334D3030383539            
16/10/23 07:12:15 0066 1                  44.892178 8.854535 00 00 3231303032334D3034363433            
16/10/23 07:12:38 0067 1                  44.892160 8.854517 00 00 3231303032334D3035383239            
16/10/23 07:13:23 0068 1                  44.892180 8.854810 00 00 3231303032334D3030393931            
16/10/23 07:14:22 0069 1                  44.892233 8.855265 00 00 3231303032334D3034303034            
16/10/23 07:15:29 0070 1                  44.892155 8.855633 00 00 3232303032334D3030303433            
16/10/23 07:15:34 0071 1                  44.892160 8.855623 00 00 3233303032334D3030323737            
16/10/23 07:16:39 0072 1                  44.891497 8.855638 00 00 3231303032334D3033323738            
16/10/23 07:26:32 0073 1                  44.888963 8.858630 00 00 300ED89F3350014A1E0B97EE            
16/10/23 07:34:16 0074 1                  44.886212 8.858810 00 00 323030323545303031383532            
16/10/23 07:34:16 0075 1                  44.886212 8.858810 00 00 323030323545303038343334            
16/10/23 07:34:49 0076 1                  44.886217 8.858742 00 00 323030323545303031383839            
16/10/23 07:34:54 0077 1                  44.886228 8.858742 00 00 323030323545303031383837            
16/10/23 07:36:44 0078 1                  44.886343 8.858247 00 00 3231303132304A3035333733            
16/10/23 07:37:23 0079 1                  44.886353 8.858253 00 00 323030323545303031383435            
16/10/23 07:38:56 0080 1                  44.886425 8.858002 00 00 3231303032334D3033343634            
16/10/23 07:47:28 0081 1                  44.887340 8.857615 00 00 3231303234304A3034343937            
16/10/23 07:47:58 0082 1                  44.887332 8.857608 00 00 300ED89F3350014A1E0B97EE            
16/10/23 07:50:52 0083 1                  44.886812 8.858000 00 00 3231303032334D3034303637            
16/10/23 07:50:56 0084 1                  44.886800 8.858007 00 00 3232303032334D3031373435            
16/10/23 07:52:29 0085 1                  44.886007 8.857438 00 00 3231303032334D3034303836            
16/10/23 07:52:42 0086 1                  44.886015 8.857437 00 00 3231303032334D3034303537            
16/10/23 07:58:26 0087 1                  44.888823 8.857655 00 00 3231303032334D3034383030            
16/10/23 08:00:52 0088 1                  44.887458 8.856655 00 00 3231303132304A3035323632            
16/10/23 08:01:33 0089 1                  44.887427 8.856652 00 00 3231303132304A3035333636            
16/10/23 08:04:01 0090 1                  44.886640 8.856785 00 00 3231303032334D3033303438            
16/10/23 08:04:07 0091 1                  44.886640 8.856788 00 00 3231303032334D3033303530            
16/10/23 08:04:13 0092 1                  44.886645 8.856795 00 00 3231303032334D3033303531            
16/10/23 08:10:09 0093 1                  44.889535 8.858778 00 00 3231303132304A3035333934            
16/10/23 08:12:10 0094 1                  44.890097 8.858563 00 00 3231303234304A3032383530            
16/10/23 08:12:36 0095 1                  44.890163 8.858568 00 00 3231303234304A3032383439            
16/10/23 08:14:05 0096 1                  44.890285 8.858487 00 00 3231303234304A3032383632            
16/10/23 08:16:44 0097 1                  44.890188 8.858055 00 00 3231303234304A3032393739            
16/10/23 08:18:48 0098 1                  44.890802 8.858213 00 00 3231303234304A3032383738            
16/10/23 08:26:33 0099 1                  44.893313 8.860297 00 00 300ED89F3350014A1E0B97EE            
16/10/23 08:28:29 0100 1                  44.893337 8.860025 00 00 3231303032334D3033333638            
16/10/23 08:28:44 0101 1                  44.893333 8.860033 00 00 3231303032334D3033353137            
16/10/23 08:31:51 0102 1                  44.893270 8.859533 00 00 3231303234304A3034353739            
16/10/23 08:34:02 0103 1                  44.893263 8.859218 00 00 3231303032334D3034373630            
16/10/23 08:34:46 0104 1                  44.893317 8.859220 00 00 3231303032334D3034323639            
16/10/23 08:36:08 0105 1                  44.893593 8.859027 00 00 3231303032334D3033373433            
16/10/23 08:39:07 0106 1                  44.894027 8.859023 00 00 3231303032334D3034323333            
16/10/23 08:42:09 0107 1                  44.894442 8.859093 00 00 3231303032334D3032313536            
16/10/23 08:48:35 0108 1                  44.893020 8.859672 00 00 300ED89F3350014A1E0B97EE            
16/10/23 08:50:39 0109 1                  44.892578 8.859817 00 00 3231303032334D3032313538            
16/10/23 08:50:46 0110 1                  44.892588 8.859835 00 00 3231303032334D3032383337            
16/10/23 08:50:53 0111 1                  44.892595 8.859850 00 00 3231303032334D3030343231            
16/10/23 08:51:01 0112 1                  44.892602 8.859868 00 00 3231303032334D3032383334            
16/10/23 08:51:11 0113 1                  44.892605 8.859900 00 00 3231303032334D3032383335            
16/10/23 08:52:31 0114 1                  44.892292 8.859827 00 00 3231303032334D3033313139            
16/10/23 08:52:39 0115 1                  44.892285 8.859823 00 00 3231303032334D3033303037            
16/10/23 08:52:48 0116 1                  44.892272 8.859815 00 00 3231303032334D3032323739            
16/10/23 08:52:52 0117 1                  44.892265 8.859810 00 00 3231303032334D3033313937            
16/10/23 08:53:06 0118 1                  44.892253 8.859800 00 00 3231303032334D3033303035            
16/10/23 08:53:10 0119 1                  44.892248 8.859800 00 00 3231303032334D3033313831            
16/10/23 08:53:30 0120 1                  44.892248 8.859798 00 00 3231303032334D3035313439            
16/10/23 08:53:35 0121 1                  44.892252 8.859798 00 00 3231303032334D3033313935            
16/10/23 08:53:55 0122 1                  44.892262 8.859802 00 00 3231303032334D3033313338            
16/10/23 08:53:59 0123 1                  44.892262 8.859807 00 00 3231303032334D3033313339            
16/10/23 08:57:32 0124 1                  44.892110 8.859370 00 00 3231303234304A3032383831            
16/10/23 09:01:37 0125 1                  44.888028 8.856823 00 00 3231303032334D3034373936            
16/10/23 09:01:47 0126 1                  44.887998 8.856818 00 00 3231303032334D3034323634            
16/10/23 09:01:53 0127 1                  44.887977 8.856817 00 00 3231303032334D3032333430            
16/10/23 09:03:31 0128 1                  44.888042 8.856798 00 00 3231303032334D3034373730            
16/10/23 09:04:32 0129 1                  44.888318 8.856800 00 00 3231303032334D3034373935            
16/10/23 09:06:23 0130 1                  44.888805 8.856768 00 00 3231303032334D3034303532            
16/10/23 09:08:20 0131 1                  44.889000 8.856718 00 00 3231303132304A3037363335            
16/10/23 09:16:09 0132 1                  44.889313 8.856498 00 00 3231303032334D3034353834            
16/10/23 09:17:25 0133 1                  44.888645 8.856332 00 00 3231303032334D3034303531            
16/10/23 09:19:12 0134 1                  44.888220 8.856297 00 00 3231303132304A3035333937            
16/10/23 09:22:58 0135 1                  44.889505 8.853807 00 00 3233303032334D3030333334            
16/10/23 09:23:05 0136 1                  44.889508 8.853788 00 00 3231303032334D3034333535            
16/10/23 09:25:40 0137 1                  44.889912 8.853743 00 00 3231303032334D3034303731            
16/10/23 09:26:33 0138 1                  44.890090 8.853798 00 00 3231303132304A3035323537            
16/10/23 09:29:31 0139 1                  44.890815 8.853380 00 00 3231303032334D3034313634            
16/10/23 09:32:35 0140 1                  44.891238 8.853452 00 00 3231303032334D3034333839            
16/10/23 09:36:24 0141 1                  44.889447 8.854100 00 00 3231303032334D3034333931            
16/10/23 09:36:28 0142 1                  44.889447 8.854107 00 00 3231303032334D3034303136            
16/10/23 09:37:46 0143 1                  44.889707 8.854290 00 00 3231303032334D3034303732            
16/10/23 09:38:30 0144 1                  44.889967 8.854248 00 00 3231303032334D3034303135            
16/10/23 09:39:07 0145 1                  44.890085 8.854192 00 00 3231303032334D3034363938            
16/10/23 09:39:21 0146 1                  44.890097 8.854197 00 00 3231303032334D3033333834            
16/10/23 09:40:40 0147 1                  44.890612 8.854143 00 00 3231303032334D3034313333            
16/10/23 09:41:23 0148 1                  44.890925 8.854173 00 00 3231303032334D3034363431            
16/10/23 09:42:42 0149 1                  44.891147 8.854145 00 00 300ED89F3350014A1E0B97EE            
16/10/23 09:43:42 0150 1                  44.891268 8.854085 00 00 3231303032334D3034303936            
16/10/23 09:45:08 0151 1                  44.891900 8.854133 00 00 3231303234304A3032383638            
16/10/23 09:45:35 0152 1                  44.891957 8.854132 00 00 3231303032334D3034313039            
16/10/23 09:46:25 0153 1                  44.892188 8.854127 00 00 3231303032334D3034303139            
16/10/23 09:47:19 0154 1                  44.892233 8.854125 00 00 3231303032334D3034303138            
16/10/23 09:47:22 0155 1                  44.892235 8.854125 00 00 3232303032334D3031393232            
16/10/23 09:49:51 0156 1                  44.892442 8.853450 00 00 3231303032334D3034393130            
16/10/23 09:51:23 0157 1                  44.891610 8.854287 00 00 3231303032334D3034303935            
16/10/23 09:51:26 0158 1                  44.891600 8.854285 00 00 3231303032334D3034303937            
16/10/23 09:55:27 0159 1                  44.891462 8.854667 00 00 3231303032334D3034303036            
16/10/23 09:56:03 0160 1                  44.891328 8.854677 00 00 3231303032334D3034373636            
16/10/23 09:57:07 0161 1                  44.891132 8.854705 00 00 3231303032334D3034373637            
16/10/23 09:57:26 0162 1                  44.891127 8.854712 00 00 3231303032334D3032303835            
16/10/23 09:57:29 0163 1                  44.891125 8.854712 00 00 3231303032334D3034373335            
16/10/23 09:58:27 0164 1                  44.890862 8.854728 00 00 3231303032334D3034373137            
16/10/23 10:02:22 0165 1                  44.890377 8.854745 00 00 3231303234304A3032383634            
16/10/23 10:05:01 0166 1                  44.889935 8.854637 00 00 3231303234304A3032383735            
16/10/23 10:05:06 0167 1                  44.889928 8.854633 00 00 300ED89F3350014A1E0B97EE            
16/10/23 10:05:35 0168 1                  44.889893 8.854665 00 00 3231303234304A3032373930            
