26/10/23 05:26:15 0000 s 01496ver01 44.882355 8.859705 00 00
26/10/23 05:55:48 0001 1                  44.953123 8.815388 00 00 313831323045303034303632            
26/10/23 05:58:25 0002 1                  44.953767 8.810070 00 00 313931323053303031353537            
26/10/23 05:58:26 0003 1                  44.953767 8.810070 00 00 313931323053703036333039            
26/10/23 06:00:50 0004 1                  44.953975 8.808240 00 00 313831323045303031333839            
26/10/23 06:07:24 0005 1                  44.944452 8.797185 00 00 313831323045303031343935            
26/10/23 06:17:15 0006 1                  44.927493 8.791873 00 00 313831323045303031343239            
26/10/23 06:25:04 0007 1                  44.926632 8.774957 00 00 313831323045303031343236            
26/10/23 06:40:19 0008 1                  44.958590 8.778995 00 00 313831323045303033383332            
26/10/23 06:42:08 0009 1                  44.957715 8.778153 00 00 E20000166610019912709696            
26/10/23 06:52:26 0010 1                  44.964113 8.785235 00 00 313831323055303033313639            
26/10/23 06:52:26 0011 1                  44.964113 8.785235 00 00 313831323045303033313639            
26/10/23 06:54:12 0012 1                  44.964768 8.784827 00 00 313831323045303033353631            
26/10/23 06:58:02 0013 1                  44.964123 8.773182 00 00 313831323045303031383733            
26/10/23 07:00:06 0014 1                  0 0 00 00 313831323045303031393436            
26/10/23 07:04:00 0015 1                  44.964035 8.773125 00 00 31383032334D303132323831            
26/10/23 07:09:58 0016 1                  44.975822 8.771232 00 00 3231303132304A3037323430            
26/10/23 07:09:59 0017 1                  44.975817 8.771225 00 00 3232303132304A3030343530            
26/10/23 07:14:56 0018 1                  44.979388 8.773038 00 00 313931323053303133313735            
26/10/23 07:16:59 0019 1                  44.979080 8.767893 00 00 313831323045303032303335            
26/10/23 07:16:59 0020 1                  44.979080 8.767893 00 00 313831323045303032307335            
26/10/23 07:17:08 0021 1                  44.979042 8.767918 00 00 313931323045303030313636            
26/10/23 07:20:10 0022 1                  44.978977 8.768358 00 00 083862F947933F802D562B12            
26/10/23 07:20:10 0023 1                  44.978977 8.768362 00 00 313831323045303036303932            
26/10/23 07:20:13 0024 1                  44.978977 8.768360 00 00 30340C0000212F5506380404            
26/10/23 07:20:13 0025 1                  44.978977 8.768360 00 00 3034F837340EC64AB41DBAB7            
26/10/23 07:20:35 0026 1                  44.978968 8.768370 00 00 3034F848B848968AB41DBA18            
26/10/23 07:27:18 0027 1                  44.974228 8.776878 00 00 3034F837340BBE8AB41DBB5C            
26/10/23 07:27:19 0028 1                  44.974232 8.776883 00 00 313831323045303033393430            
26/10/23 07:29:11 0029 1                  44.974313 8.779090 00 00 313931323053303038383433            
26/10/23 07:29:11 0030 1                  44.974313 8.779090 00 00 313831323045303031363732            
26/10/23 07:31:35 0031 1                  44.974127 8.780875 00 00 3231303132304A3039333137            
26/10/23 07:38:43 0032 1                  44.972003 8.789052 00 00 313831323045303032323633            
26/10/23 07:40:40 0033 1                  44.969257 8.786698 00 00 313831323045303032323635            
26/10/23 07:42:45 0034 1                  44.968360 8.785862 00 00 3232303132304A3030343532            
26/10/23 07:56:12 0035 1                  44.974372 8.802925 00 00 313831323045303034373235            
26/10/23 08:06:13 0036 1                  44.979940 8.780568 00 00 3233303132304A3031323830            
26/10/23 08:07:50 0037 1                  44.979938 8.780208 00 00 313932343053303030333036            
26/10/23 08:07:50 0038 1                  44.979938 8.780208 00 00 313932343053303030333034            
26/10/23 08:08:41 0039 1                  44.979850 8.780205 00 00 313831323045303036333430            
26/10/23 08:24:10 0040 1                  44.976315 8.813480 00 00 3231303132304A3037333631            
26/10/23 08:26:46 0041 1                  44.983580 8.818913 00 00 313832343045303036313537            
26/10/23 08:28:56 0042 1                  44.986425 8.822582 00 00 313931323053303036313932            
26/10/23 08:30:53 0043 1                  44.986808 8.823645 00 00 3231313130304A3030333630            
26/10/23 08:33:29 0044 1                  44.988447 8.826802 00 00 313831323045303033383234            
26/10/23 08:39:46 0045 1                  44.985257 8.827847 00 00 313831323045303030353938            
26/10/23 08:43:30 0046 1                  44.981233 8.832732 00 00 313832343045303036313138            
26/10/23 08:46:20 0047 1                  44.976593 8.839133 00 00 313831323045303035333336            
26/10/23 08:51:36 0048 1                  44.978790 8.822848 00 00 313831323045303036313937            
26/10/23 08:53:37 0049 1                  44.979320 8.820253 00 00 313831323045303033343835            
26/10/23 08:57:10 0050 1                  44.975397 8.814395 00 00 313931323053303034313730            
26/10/23 09:00:19 0051 1                  44.976952 8.815453 00 00 313831323045303035353734            
26/10/23 09:00:23 0052 1                  44.976955 8.815463 00 00 313831323045303035353734            
26/10/23 09:03:52 0053 1                  44.974277 8.817360 00 00 313831323045303033393537            
26/10/23 09:08:27 0054 1                  44.957327 8.825463 00 00 313831323045303032303430            
26/10/23 09:09:49 0055 1                  44.957813 8.825358 00 00 313831323045303033393039            
26/10/23 09:09:50 0056 1                  44.957813 8.825358 00 00 313831323045303032303433            
26/10/23 09:09:50 0057 1                  44.957813 8.825358 00 00 31B831323045303032303433            
26/10/23 09:12:08 0058 1                  44.961495 8.825475 00 00 313831323045303033393539            
26/10/23 09:14:24 0059 1                  44.959397 8.828383 00 00 313831323045303034303137            
26/10/23 09:19:04 0060 1                  44.963290 8.830143 00 00 313831323045303033393330            
26/10/23 09:20:23 0061 1                  44.963938 8.831433 00 00 313831323045303033373531            
26/10/23 09:22:08 0062 1                  44.965390 8.834255 00 00 31383032334D303035353531            
26/10/23 09:22:39 0063 1                  44.965380 8.834282 00 00 313831323045303030373933            
26/10/23 09:28:14 0064 1                  44.965868 8.834865 00 00 313831323045303033373833            
26/10/23 09:29:21 0065 1                  44.965950 8.835067 00 00 313831323045303031343234            
26/10/23 09:30:52 0066 1                  44.966237 8.835340 00 00 313832343045313036313136            
26/10/23 09:31:01 0067 1                  44.966232 8.835357 00 00 303ACA49838FB5999C82F0AD            
26/10/23 09:32:40 0068 1                  44.968452 8.837112 00 00 313931323053303030333133            
26/10/23 09:32:43 0069 1                  44.968448 8.837115 00 00 313831323045303033373037            
26/10/23 09:35:32 0070 1                  44.969943 8.838013 00 00 313831323045303032323630            
26/10/23 09:37:17 0071 1                  44.968982 8.837912 00 00 30396061C3BCB140000A581E            
26/10/23 09:37:17 0072 1                  44.968982 8.837912 00 00 3035EBC08061A00010010AED            
26/10/23 09:37:18 0073 1                  44.968980 8.837913 00 00 3035EBA1BC5C2AC008016143            
26/10/23 09:37:18 0074 1                  44.968980 8.837913 00 00 303861B841FE948000991D7D            
26/10/23 09:37:18 0075 1                  44.968980 8.837913 00 00 313831323045303033373538            
26/10/23 09:37:19 0076 1                  44.968980 8.837913 00 00 3034F837001E91CAB41E1C82            
26/10/23 09:37:19 0077 1                  44.968980 8.837913 00 00 3035EBC0804729C00800C358            
26/10/23 09:39:13 0078 1                  44.969083 8.836913 00 00 313831323045303036323634            
26/10/23 09:40:03 0079 1                  44.969087 8.836878 00 00 313831323045303031393736            
26/10/23 09:40:03 0080 1                  44.969087 8.836878 00 00 313831323045303031393733            
26/10/23 09:42:09 0081 1                  44.969960 8.833183 00 00 313831323045303034303630            
26/10/23 09:42:20 0082 1                  44.969967 8.833175 00 00 303ACA49838FB5999C82F0AD            
26/10/23 09:48:09 0083 1                  44.957523 8.821292 00 00 313831323045303030373937            
26/10/23 10:00:46 0084 1                  44.932710 8.816993 00 00 313931323053303035343635            
26/10/23 10:02:42 0085 1                  44.932623 8.815162 00 00 313831323045303034303239            
26/10/23 10:02:44 0086 1                  44.932622 8.815160 00 00 3034F80CB011D84AB41EC750            
26/10/23 10:05:19 0087 1                  44.932337 8.812783 00 00 313931323053303036313236            
26/10/23 10:59:42 0000 s 01496ver01 44.908342 8.866903 00 00
