16/10/23 05:32:21 0000 s 01494ver01 44.882287 8.859787 00 00
16/10/23 05:53:01 0001 1                  44.907417 8.908923 00 00 31383132304A303037373735            
16/10/23 05:55:19 0002 1                  44.907277 8.912948 00 00 31383132304A303032333334            
16/10/23 05:55:19 0003 1                  44.907277 8.912948 00 00 313931323045303030353336            
16/10/23 05:57:54 0004 1                  44.907335 8.914802 00 00 31383132304A303036393632            
16/10/23 05:58:53 0005 1                  44.907212 8.915397 00 00 3231303132304A3030373734            
16/10/23 05:58:54 0006 1                  44.907208 8.915397 00 00 31383132304A303038353436            
16/10/23 06:00:48 0007 1                  44.907225 8.916623 00 00 31383132304A303030313833            
16/10/23 06:00:51 0008 1                  44.907223 8.916623 00 00 3036143DD41D5B9749208D34            
16/10/23 06:02:39 0009 1                  44.907152 8.917298 00 00 313931323045303030343430            
16/10/23 06:04:02 0010 1                  44.907115 8.918195 00 00 31383132304A303032303934            
16/10/23 06:04:02 0011 1                  44.907115 8.918195 00 00 3231303132304A3030373436            
16/10/23 06:04:54 0012 1                  44.907135 8.918445 00 00 313931323053303035383336            
16/10/23 06:06:03 0013 1                  44.906870 8.919553 00 00 31383132304A303030363234            
16/10/23 06:06:53 0014 1                  44.906735 8.919763 00 00 31383132304A303036383039            
16/10/23 06:08:14 0015 1                  44.906435 8.921008 00 00 313932343045303030303632            
16/10/23 06:08:14 0016 1                  44.906435 8.921008 00 00 313932343045303030303631            
16/10/23 06:08:37 0017 1                  44.906427 8.921053 00 00 3232303132304A3030333433            
16/10/23 06:08:38 0018 1                  44.906427 8.921053 00 00 313931323045303030343631            
16/10/23 06:10:17 0019 1                  44.906705 8.921187 00 00 3232313130304A3030313434            
16/10/23 06:12:02 0020 1                  44.906243 8.921427 00 00 313931323053303033303334            
16/10/23 06:13:48 0021 1                  44.905097 8.921267 00 00 313931323045303030353837            
16/10/23 06:13:50 0022 1                  44.905098 8.921265 00 00 3232303132304A3030303932            
16/10/23 06:15:15 0023 1                  44.904265 8.920817 00 00 313932343045303030303939            
16/10/23 06:15:50 0024 1                  44.904120 8.920750 00 00 31383132344A303037303237            
16/10/23 06:15:57 0025 1                  44.904108 8.920760 00 00 313931323053303038333036            
16/10/23 06:16:21 0026 1                  44.904085 8.920722 00 00 31383132304A303037303238            
16/10/23 06:17:45 0027 1                  44.903017 8.919812 00 00 31383132304A303038383035            
16/10/23 06:18:46 0028 1                  44.902497 8.919658 00 00 31383132304A303032333335            
16/10/23 06:18:48 0029 1                  44.902498 8.919663 00 00 313931323053303036373436            
16/10/23 06:19:29 0030 1                  44.902532 8.919658 00 00 31383132304A303038383036            
16/10/23 06:22:14 0031 1                  44.903568 8.918738 00 00 31383132304A303038303437            
16/10/23 06:23:13 0032 1                  44.903725 8.918340 00 00 313931323053303036373739            
16/10/23 06:24:23 0033 1                  44.903895 8.917655 00 00 31383132304A303032333936            
16/10/23 06:24:24 0034 1                  44.903895 8.917653 00 00 31383132304A303036353734            
16/10/23 06:24:47 0035 1                  44.903892 8.917658 00 00 3233303132304A3031343432            
16/10/23 06:24:49 0036 1                  44.903892 8.917660 00 00 303ACA498362969AC68916CB            
16/10/23 06:27:05 0037 1                  44.904698 8.916415 00 00 31383132304A303038303430            
16/10/23 06:27:22 0038 1                  44.904668 8.916433 00 00 31383132304A303038303339            
16/10/23 06:28:30 0039 1                  44.904955 8.916548 00 00 303960624366D9800031B11F            
16/10/23 06:28:30 0040 1                  44.904955 8.916548 00 00 31383132304A303037313238            
16/10/23 06:28:30 0041 1                  44.904955 8.916548 00 00 30396062437E5E81D6A7085F            
16/10/23 06:28:31 0042 1                  44.904955 8.916548 00 00 30396062C3A81180002BBFA7            
16/10/23 06:28:31 0043 1                  44.904955 8.916548 00 00 3035EBC0901F8F5748802414            
16/10/23 06:28:31 0044 1                  44.904955 8.916548 00 00 3035EBA87810B900080659C2            
16/10/23 06:29:16 0045 1                  44.905088 8.916597 00 00 313831323045303036393333            
16/10/23 06:30:38 0046 1                  44.906260 8.916832 00 00 31383132304A303036313835            
16/10/23 06:31:09 0047 1                  44.906320 8.916825 00 00 313831323045303036303836            
16/10/23 06:31:32 0048 1                  44.906323 8.916822 00 00 313931323045303030353978            
16/10/23 06:31:32 0049 1                  44.906323 8.916822 00 00 313931323045303030353938            
16/10/23 06:31:33 0050 1                  44.906325 8.916822 00 00 31383132304A303032353837            
16/10/23 06:34:17 0051 1                  44.905775 8.915302 00 00 31383033304D303030303539            
16/10/23 06:34:17 0052 1                  44.905775 8.915302 00 00 31383033304D303030313339            
16/10/23 06:38:16 0053 1                  44.906542 8.913300 00 00 313931323045303030363238            
16/10/23 06:39:06 0054 1                  44.906620 8.913163 00 00 31383132304A303036343934            
16/10/23 06:39:08 0055 1                  44.906618 8.913163 00 00 3233303132304A3030303535            
16/10/23 06:39:51 0056 1                  44.906608 8.913133 00 00 3231303132304A3038343130            
16/10/23 06:41:48 0057 1                  44.906773 8.912543 00 00 3232303234304A3030393133            
16/10/23 06:42:51 0058 1                  44.906992 8.912070 00 00 31383132304A303036363136            
16/10/23 06:43:37 0059 1                  44.907118 8.911383 00 00 31383132304A303038353038            
16/10/23 06:43:53 0060 1                  44.907100 8.911363 00 00 303549A84446540CCE41684C            
16/10/23 06:46:48 0061 1                  44.905755 8.914833 00 00 31383132304A303037343430            
16/10/23 06:48:55 0062 1                  44.905688 8.913915 00 00 31383132304A303037313035            
16/10/23 06:49:22 0063 1                  44.905690 8.913893 00 00 31383132304A303036383036            
16/10/23 06:53:16 0064 1                  44.905320 8.913722 00 00 31383132304A303036383030            
16/10/23 06:56:42 0065 1                  44.904702 8.911140 00 00 31383132304A303036383031            
16/10/23 06:59:12 0066 1                  44.905165 8.912622 00 00 313831323045303037343736            
16/10/23 07:01:12 0067 1                  44.905887 8.912897 00 00 313931323045303030343336            
16/10/23 07:01:54 0068 1                  44.905987 8.912887 00 00 31383132304A303032393531            
16/10/23 07:02:31 0069 1                  44.906097 8.912925 00 00 313831323045303037363734            
16/10/23 07:03:23 0070 1                  44.906238 8.912982 00 00 313831323045303036393337            
16/10/23 07:03:25 0071 1                  44.906238 8.912982 00 00 3039612D4371E6C9502F90ED            
16/10/23 07:03:25 0072 1                  44.906238 8.912982 00 00 3035EB8ADC34E4000400485E            
16/10/23 07:03:26 0073 1                  44.906240 8.912985 00 00 303961194078ADC9502F905E            
16/10/23 07:07:44 0074 1                  44.905015 8.920392 00 00 3231313130304A3031393130            
16/10/23 07:09:08 0075 1                  44.904230 8.920735 00 00 25759769A68311A397C31C79            
16/10/23 07:10:55 0076 1                  44.903062 8.917263 00 00 31383132304A303036373931            
16/10/23 07:10:57 0077 1                  44.903062 8.917262 00 00 31383132304A303030313838            
16/10/23 07:12:35 0078 1                  44.902972 8.917332 00 00 31383132304A303037323230            
16/10/23 07:12:37 0079 1                  44.902968 8.917338 00 00 3231303132304A3038373832            
16/10/23 07:13:02 0080 1                  44.902983 8.917335 00 00 31383132304A303038353030            
16/10/23 07:14:18 0081 1                  44.902642 8.917083 00 00 31383132304A303037323231            
16/10/23 07:15:07 0082 1                  44.902383 8.916915 00 00 3231303132304A3130313136            
16/10/23 07:15:10 0083 1                  44.902382 8.916913 00 00 3039606343CAEB80000B6469            
16/10/23 07:16:09 0084 1                  44.902282 8.916823 00 00 31383132304A303036353139            
16/10/23 07:17:33 0085 1                  44.901957 8.916600 00 00 31383132304A303036353138            
16/10/23 07:18:24 0086 1                  44.901417 8.916222 00 00 31383132304A303038343939            
16/10/23 07:19:39 0087 1                  44.900238 8.915463 00 00 31383132304A303038383336            
16/10/23 07:20:30 0088 1                  44.899873 8.915228 00 00 31383132304A303037373030            
16/10/23 07:21:15 0089 1                  44.899677 8.915083 00 00 3231303132304A3034353338            
16/10/23 07:21:56 0090 1                  44.899508 8.914997 00 00 31383132304A303032313034            
16/10/23 07:22:47 0091 1                  44.899372 8.914917 00 00 31383132304A303036333433            
16/10/23 07:23:38 0092 1                  44.899197 8.914778 00 00 31383132304A303032313431            
16/10/23 07:23:38 0093 1                  44.899197 8.914778 00 00 31383132304A303032313431            
16/10/23 07:23:38 0094 1                  44.899197 8.914778 00 00 31383132304A303030333539            
16/10/23 07:23:41 0095 1                  44.899197 8.914777 00 00 0E6922072614927090720614            
16/10/23 07:24:08 0096 1                  44.899222 8.914788 00 00 31383132304A303030333734            
16/10/23 07:25:23 0097 1                  44.898632 8.914462 00 00 3231303132304A3031323333            
16/10/23 07:25:24 0098 1                  44.898632 8.914462 00 00 313931323050303035373531            
16/10/23 07:28:16 0099 1                  44.898682 8.906375 00 00 313731313030583030303037            
16/10/23 07:31:14 0100 1                  44.897668 8.909857 00 00 313831323045303036343936            
16/10/23 07:35:03 0101 1                  44.902573 8.917328 00 00 31383132304A303038353031            
16/10/23 07:35:06 0102 1                  44.902573 8.917330 00 00 08509A1A655C46001278E8D8            
16/10/23 07:35:56 0103 1                  44.902287 8.918130 00 00 31383132304A303038383037            
16/10/23 07:37:27 0104 1                  44.902488 8.919133 00 00 313932343045303030303932            
16/10/23 07:37:29 0105 1                  44.902488 8.919132 00 00 313932343045303030303935            
16/10/23 07:37:40 0106 1                  44.902483 8.919143 00 00 31383132304A303030353238            
16/10/23 07:42:27 0107 1                  44.907458 8.917300 00 00 31383132304A303032333336            
16/10/23 07:45:03 0108 1                  44.907743 8.916670 00 00 31383132304A303033393536            
16/10/23 07:45:04 0109 1                  44.907743 8.916670 00 00 313931323045303030303630            
16/10/23 07:46:00 0110 1                  44.907682 8.916958 00 00 3232303132304A3030303837            
16/10/23 07:47:18 0111 1                  44.908078 8.917540 00 00 313931323045303030323630            
16/10/23 07:48:04 0112 1                  44.908372 8.917603 00 00 313931323045303030303836            
16/10/23 07:48:06 0113 1                  44.908372 8.917600 00 00 313931323045303030333839            
16/10/23 07:51:45 0114 1                  44.907720 8.917957 00 00 313931323045303030323831            
16/10/23 07:53:25 0115 1                  44.908798 8.918233 00 00 313931323045303030313131            
16/10/23 07:54:20 0116 1                  44.908743 8.918738 00 00 313931323045303030313633            
16/10/23 07:55:02 0117 1                  44.908718 8.918983 00 00 3231303132304A3034303234            
16/10/23 07:56:11 0118 1                  44.908427 8.919645 00 00 3034F836E822274AB41DEF1A            
16/10/23 07:56:13 0119 1                  44.908427 8.919645 00 00 31383132304A303036373336            
16/10/23 07:57:31 0120 1                  44.907800 8.919475 00 00 313931323045303030353935            
16/10/23 07:57:31 0121 1                  44.907800 8.919475 00 00 313931323045303030353930            
16/10/23 07:58:00 0122 1                  44.907787 8.919505 00 00 313931323045303030353933            
16/10/23 07:58:51 0123 1                  44.907428 8.919383 00 00 31383132304A303038303537            
16/10/23 07:59:02 0124 1                  44.907423 8.919383 00 00 31383132304A303038303539            
16/10/23 07:59:06 0125 1                  44.907420 8.919380 00 00 3039606203C36C810E6868F9            
16/10/23 07:59:06 0126 1                  44.907420 8.919380 00 00 30395DFA819EC34000222F68            
16/10/23 07:59:16 0127 1                  44.907398 8.919395 00 00 30395DFA82CF7280001F8550            
16/10/23 08:00:07 0128 1                  44.907242 8.919398 00 00 313931323043303038363930            
16/10/23 08:01:06 0129 1                  44.907503 8.919167 00 00 3232303132304A3030343539            
16/10/23 08:01:56 0130 1                  44.907507 8.918982 00 00 3231303234304A3030313039            
16/10/23 08:02:46 0131 1                  44.907718 8.919102 00 00 313931323045303030363039            
16/10/23 08:45:48 0000 s 01494ver01 44.906665 8.921055 00 00
16/10/23 08:52:36 0132 1                  44.905662 8.924300 00 00 313831323045303033323132            
16/10/23 08:53:19 0133 1                  44.905615 8.924730 00 00 31383132304A303038353931            
16/10/23 08:54:23 0134 1                  44.905597 8.926423 00 00 3231303033304D3034373231            
16/10/23 08:55:06 0135 1                  44.905640 8.927137 00 00 31383132304A303030343336            
16/10/23 08:58:42 0136 1                  44.906083 8.932318 00 00 313932343045303030303434            
16/10/23 09:00:26 0137 1                  44.905307 8.932027 00 00 313931323045303030363033            
16/10/23 09:00:29 0138 1                  44.905312 8.932028 00 00 303ACA4983AA129C650921DF            
16/10/23 09:00:29 0139 1                  44.905312 8.932028 00 00 303ACA49837581D9D8B647AE            
16/10/23 09:00:29 0140 1                  44.905312 8.932028 00 00 303ACB034027411C6484BDA1            
16/10/23 09:00:30 0141 1                  44.905312 8.932028 00 00 303ACA49837D991C64A8A2D9            
16/10/23 09:00:30 0142 1                  44.905312 8.932028 00 00 303ACB034044DD9C67051C86            
16/10/23 09:01:17 0143 1                  44.904925 8.931987 00 00 313931323045303030343733            
16/10/23 09:02:10 0144 1                  44.904218 8.931853 00 00 313831323045303033323134            
16/10/23 09:02:10 0145 1                  44.904218 8.931853 00 00 313831323045303033323134            
16/10/23 09:02:30 0146 1                  44.904197 8.931860 00 00 303ACB03407CCC1AC688BEB3            
16/10/23 09:11:30 0147 1                  44.904985 8.929635 00 00 313931323045303030353838            
16/10/23 09:12:14 0148 1                  44.905052 8.929200 00 00 313831323045303036333839            
16/10/23 09:12:15 0149 1                  44.905052 8.929200 00 00 313931323045303030333135            
16/10/23 09:12:35 0150 1                  44.905065 8.929208 00 00 31383132304A303037383632            
16/10/23 09:13:35 0151 1                  44.905142 8.928422 00 00 313932343045303030303537            
16/10/23 09:14:50 0152 1                  44.905133 8.927990 00 00 313831323045303037363730            
16/10/23 09:15:42 0153 1                  44.905202 8.927615 00 00 313931323045303030323634            
16/10/23 09:16:44 0154 1                  44.905278 8.927057 00 00 313931323045303030353536            
16/10/23 09:17:30 0155 1                  44.904895 8.926953 00 00 313931323045303030333832            
16/10/23 09:19:05 0156 1                  44.904085 8.927367 00 00 313931323045303030363034            
16/10/23 09:19:58 0157 1                  44.904135 8.927002 00 00 31383132304A303030333236            
16/10/23 09:19:59 0158 1                  44.904135 8.927003 00 00 31383132304A303030363236            
16/10/23 09:21:54 0159 1                  44.905162 8.925940 00 00 31383132304A303038343737            
16/10/23 09:21:58 0160 1                  44.905165 8.925942 00 00 3035EB8ADC552AC01200002C            
16/10/23 09:22:48 0161 1                  44.905135 8.925635 00 00 3231313130304A3030393738            
16/10/23 09:23:24 0162 1                  44.905153 8.925600 00 00 3139313130304A3030303834            
16/10/23 09:23:25 0163 1                  44.905150 8.925600 00 00 303515BAE4389388000027C2            
16/10/23 09:24:16 0164 1                  44.905203 8.925433 00 00 313931323045303030303831            
16/10/23 09:25:15 0165 1                  44.905317 8.924375 00 00 313931323045303030353737            
16/10/23 09:26:01 0166 1                  44.905283 8.923738 00 00 31383132304A303036303237            
16/10/23 09:27:02 0167 1                  44.905177 8.923258 00 00 313931323045303030353633            
16/10/23 09:27:26 0168 1                  44.905058 8.923042 00 00 313931323045303030323031            
16/10/23 09:28:35 0169 1                  44.904858 8.922245 00 00 313931323045303030333332            
16/10/23 09:29:28 0170 1                  44.904843 8.921905 00 00 313931323045303030343233            
16/10/23 09:31:11 0171 1                  44.903998 8.921517 00 00 31383132304A303036393431            
16/10/23 09:31:17 0172 1                  44.903993 8.921518 00 00 3231303033304D3033343336            
16/10/23 09:31:26 0173 1                  44.903975 8.921510 00 00 31383132304A303032313339            
16/10/23 09:31:57 0174 1                  44.903953 8.921510 00 00 31383132304A303032373636            
16/10/23 09:33:42 0175 1                  44.904378 8.921733 00 00 31383132304A303033393535            
16/10/23 09:50:14 0176 1                  44.906768 8.909143 00 00 3230313130304A3030343438            
16/10/23 10:07:47 0000 s 01494ver01 44.905343 8.919155 00 00
16/10/23 10:49:54 0177 1                  44.895562 8.862087 00 00 534D5004E700010137303030            
16/10/23 11:03:19 0000 s 01494ver01 44.882423 8.860400 00 00
16/10/23 11:11:02 0000 s 01494ver01 44.882715 8.859772 00 00
16/10/23 11:21:30 0178 1                  44.900112 8.860248 00 00 323032343056303031323538            
16/10/23 11:26:14 0179 1                  44.899088 8.858048 00 00 323032343056303030313334            
16/10/23 11:27:36 0180 1                  44.899170 8.857760 00 00 323032343056303030363931            
16/10/23 11:29:37 0181 1                  44.899162 8.857597 00 00 323032343056303031363130            
16/10/23 11:34:36 0182 1                  44.901840 8.864215 00 00 323032343056303030313432            
16/10/23 11:36:54 0183 1                  44.904687 8.866167 00 00 323032343056303030313433            
16/10/23 11:38:21 0184 1                  44.905783 8.866822 00 00 323032343056303030313231            
16/10/23 11:40:56 0185 1                  44.910368 8.870413 00 00 3231303234304A3033373933            
16/10/23 11:46:15 0186 1                  44.904275 8.866190 00 00 323032343056303031333532            
16/10/23 11:46:17 0187 1                  44.904272 8.866190 00 00 323032343056303031383731            
16/10/23 11:58:30 0188 1                  44.909258 8.868408 00 00 3233303234304A3030323235            
16/10/23 12:01:23 0189 1                  44.907783 8.862390 00 00 323032343056303030313431            
16/10/23 12:02:52 0190 1                  44.907413 8.860327 00 00 3233303234304A3030303830            
16/10/23 12:06:20 0191 1                  44.897973 8.853902 00 00 313832343045303031313838            
16/10/23 12:08:53 0192 1                  44.903908 8.855313 00 00 323032343056303031323134            
16/10/23 12:09:20 0193 1                  44.903907 8.855342 00 00 323032343056303030323838            
16/10/23 12:14:10 0194 1                  44.907557 8.863808 00 00 323032343056303030353632            
16/10/23 12:16:31 0195 1                  44.909935 8.863938 00 00 323032343056303030353734            
16/10/23 12:16:43 0196 1                  44.909945 8.863925 00 00 323032343056303031333631            
16/10/23 12:18:49 0197 1                  44.909850 8.860347 00 00 323032343056303030303733            
16/10/23 12:18:49 0198 1                  44.909850 8.860347 00 00 323032343056303030303733            
16/10/23 12:22:36 0199 1                  44.911868 8.863385 00 00 323032343056303030353232            
16/10/23 12:22:38 0200 1                  44.911868 8.863383 00 00 3230303234304A3030313832            
16/10/23 12:30:08 0201 1                  44.916003 8.871607 00 00 3231303234304A3032373136            
16/10/23 12:44:09 0202 1                  44.912907 8.883133 00 00 323032343056303030303135            
16/10/23 12:44:09 0203 1                  44.912907 8.883133 00 00 323032343056303030303135            
16/10/23 12:45:52 0204 1                  44.911073 8.881390 00 00 323032343056303030363934            
16/10/23 12:48:51 0205 1                  44.914980 8.883498 00 00 3232303234304A3030313437            
16/10/23 12:52:11 0206 1                  44.914643 8.884383 00 00 323032343056303030303232            
16/10/23 12:55:41 0207 1                  44.909638 8.879820 00 00 323032343056303031333639            
16/10/23 12:59:06 0208 1                  44.910257 8.877905 00 00 323032343056303031353536            
16/10/23 12:59:06 0209 1                  44.910257 8.877905 00 00 323032343056303032303436            
16/10/23 13:01:31 0210 1                  44.909832 8.877797 00 00 323032343056303031353630            
16/10/23 13:01:33 0211 1                  44.909833 8.877798 00 00 323032343056303031353538            
16/10/23 13:04:15 0212 1                  44.909453 8.878368 00 00 323032343056303030353330            
16/10/23 13:04:16 0213 1                  44.909453 8.878368 00 00 323032343056303031363038            
16/10/23 13:05:57 0214 1                  44.908677 8.878517 00 00 323032343056303031353431            
16/10/23 13:08:43 0215 1                  44.907917 8.877795 00 00 323032343056303031383430            
16/10/23 13:08:45 0216 1                  44.907915 8.877795 00 00 323032343056303031383339            
16/10/23 13:10:18 0217 1                  44.907923 8.877152 00 00 3230303234304A3030343836            
16/10/23 13:12:53 0218 1                  44.908662 8.875663 00 00 3230303234304A3030353439            
16/10/23 13:13:28 0219 1                  44.908687 8.875675 00 00 323032343056303031303138            
16/10/23 13:14:53 0220 1                  44.908437 8.875965 00 00 3230303234304A3030333330            
16/10/23 13:16:24 0221 1                  44.908617 8.876800 00 00 323032343056303030343839            
16/10/23 13:17:57 0222 1                  44.909317 8.877255 00 00 323032343056303030343139            
16/10/23 13:20:15 0223 1                  44.909083 8.877750 00 00 323032343056303030343039            
16/10/23 13:20:29 0224 1                  44.909083 8.877763 00 00 323032343056303030353636            
16/10/23 13:21:47 0225 1                  44.909007 8.877992 00 00 323032343056303030353431            
16/10/23 13:30:04 0226 1                  44.901838 8.865985 00 00 000000000000000013253617            
16/10/23 13:30:37 0227 1                  44.900938 8.865713 00 00 555338334D84922100211113            
16/10/23 13:33:22 0228 1                  44.900247 8.869250 00 00 015610132572201162200000            
16/10/23 13:33:57 0229 1                  44.900048 8.870242 00 00 000000000000000004920812            
16/10/23 13:38:54 0230 1                  44.901537 8.872863 00 00 3232303234304A3030373630            
16/10/23 13:44:04 0231 1                  44.905307 8.874503 00 00 3230303234304A3030313434            
16/10/23 13:47:24 0232 1                  44.905730 8.875470 00 00 3231303234304A3030353036            
16/10/23 13:47:24 0233 1                  44.905730 8.875470 00 00 3231303234304A3030353035            
16/10/23 13:50:55 0234 1                  44.906318 8.876653 00 00 3230303234304A3030353437            
16/10/23 13:53:55 0235 1                  44.906655 8.876238 00 00 3230303234304A3030363939            
16/10/23 14:00:37 0236 1                  44.902718 8.868480 00 00 3232303234304A3030363439            
16/10/23 14:00:37 0237 1                  44.902718 8.868480 00 00 3232303234304A3030363530            
16/10/23 14:01:17 0238 1                  44.902717 8.868492 00 00 3233303234304A3030343733            
16/10/23 14:12:43 0239 1                  44.903883 8.871485 00 00 3230303234304A3030313635            
16/10/23 14:15:22 0240 1                  44.904450 8.872075 00 00 3230303234304A3030323033            
16/10/23 14:15:22 0241 1                  44.904450 8.872075 00 00 3230303234304A3030363535            
16/10/23 14:18:30 0242 1                  44.905687 8.873187 00 00 3231303234304A3030393736            
16/10/23 14:19:25 0243 1                  44.905710 8.873155 00 00 3231303234304A3030393733            
16/10/23 14:20:50 0244 1                  44.906482 8.873640 00 00 3231303234304A3030343732            
16/10/23 14:22:24 0245 1                  44.907078 8.875422 00 00 3231303234304A3030383032            
16/10/23 14:24:01 0246 1                  44.907128 8.876897 00 00 323032343056303031343434            
16/10/23 14:25:44 0247 1                  44.906932 8.877067 00 00 3231303234304A3031303736            
16/10/23 14:32:02 0248 1                  44.902215 8.886360 00 00 323032343056303031353931            
16/10/23 14:35:40 0249 1                  44.903572 8.887392 00 00 323032343056303031363436            
16/10/23 15:14:43 0000 s 01494ver01 44.901735 8.872347 00 00
16/10/23 15:48:34 0000 s 01494ver01 44.882422 8.860338 00 00
16/10/23 15:51:29 0000 s 01494ver01 44.882287 8.860253 00 00
16/10/23 16:03:14 0000 s 01494ver01 44.882308 8.859698 00 00
