07/11/23 05:28:41 0000 s 01886ver01 44.882475 8.859642 00 00
07/11/23 05:56:09 0001 1                  45.017492 8.890282 00 00 3232303032334D3030383531            
07/11/23 05:56:51 0002 1                  45.017910 8.890368 00 00 33383032334D303131383535            
07/11/23 05:56:53 0003 1                  45.017910 8.890367 00 00 31383032334D303131383535            
07/11/23 05:58:09 0004 1                  45.020400 8.891022 00 00 31383032334D303032393438            
07/11/23 05:58:27 0005 1                  45.020397 8.891025 00 00 31393032334D303130373431            
07/11/23 05:59:11 0006 1                  45.020715 8.891130 00 00 31383032334D303032393535            
07/11/23 05:59:52 0007 1                  45.020738 8.891140 00 00 31383032334D303032383735            
07/11/23 06:01:10 0008 1                  45.021490 8.891283 00 00 31383032334D303130363830            
07/11/23 06:01:23 0009 1                  45.021500 8.891268 00 00 31383032334D303030373633            
07/11/23 06:02:15 0010 1                  45.021628 8.891477 00 00 31383032334D303132353735            
07/11/23 06:02:34 0011 1                  45.021615 8.891472 00 00 31383032334D303030363837            
07/11/23 06:02:54 0012 1                  45.021613 8.891467 00 00 31383032334D303032383335            
07/11/23 06:03:48 0013 1                  45.021495 8.892203 00 00 31383032334D303032383237            
07/11/23 06:03:51 0014 1                  45.021498 8.892208 00 00 31383032334D303130373733            
07/11/23 06:04:03 0015 1                  45.021520 8.892223 00 00 3232303032334D3031303438            
07/11/23 06:04:46 0016 1                  45.021467 8.892480 00 00 31383032334D303032383337            
07/11/23 06:05:30 0017 1                  45.021410 8.892788 00 00 31383032334D303032383239            
07/11/23 06:05:46 0018 1                  45.021425 8.892815 00 00 31383032334D303032383336            
07/11/23 06:05:58 0019 1                  45.021428 8.892815 00 00 31383032334D303135393832            
07/11/23 06:07:03 0020 1                  45.021273 8.893420 00 00 31383032334D303033303831            
07/11/23 06:07:27 0021 1                  45.021238 8.893647 00 00 31383032334D303130343335            
07/11/23 06:08:38 0022 1                  45.021190 8.893848 00 00 31383032334D303032383339            
07/11/23 06:11:02 0023 1                  45.020163 8.894153 00 00 31383032334D303039333836            
07/11/23 06:11:32 0024 1                  45.019917 8.893815 00 00 31383032334D303032383639            
07/11/23 06:14:33 0025 1                  45.018958 8.892780 00 00 31383032334D303135303139            
07/11/23 06:15:21 0026 1                  45.018607 8.892373 00 00 31383032334D303130373530            
07/11/23 06:17:26 0027 1                  45.021923 8.891528 00 00 3232303032334D3030363030            
07/11/23 06:18:24 0028 1                  45.022345 8.891730 00 00 31383032334D303032393836            
07/11/23 06:18:31 0029 1                  45.022345 8.891720 00 00 3232303032334D3030373639            
07/11/23 06:19:26 0030 1                  45.022683 8.891913 00 00 3232303032334D3031373538            
07/11/23 06:22:11 0031 1                  45.022293 8.893763 00 00 3231303032334D3031363835            
07/11/23 06:22:32 0032 1                  45.022290 8.893767 00 00 31383032334D303033303935            
07/11/23 06:22:50 0033 1                  45.022290 8.893770 00 00 31383032334D303033303932            
07/11/23 06:22:53 0034 1                  45.022290 8.893770 00 00 31383032334D303033313034            
07/11/23 06:23:53 0035 1                  45.022385 8.893427 00 00 31383032334D303033303839            
07/11/23 06:24:18 0036 1                  45.022398 8.893322 00 00 31383032334D303033313033            
07/11/23 06:24:50 0037 1                  45.022397 8.893217 00 00 323030323545303033383239            
07/11/23 06:25:36 0038 1                  45.022548 8.892823 00 00 31383032334D303033313035            
07/11/23 06:25:42 0039 1                  45.022550 8.892820 00 00 31383032334D303033303933            
07/11/23 06:28:10 0040 1                  45.022877 8.892630 00 00 31383032334D303036343833            
07/11/23 06:28:46 0041 1                  45.022888 8.892617 00 00 3232303032334D3030373630            
07/11/23 06:29:02 0042 1                  45.022897 8.892613 00 00 31383032334D303033313237            
07/11/23 06:30:52 0043 1                  45.022723 8.892602 00 00 3232303032334D3030323030            
07/11/23 06:32:31 0044 1                  45.022812 8.891960 00 00 3232303032334D3030383831            
07/11/23 06:32:41 0045 1                  45.022805 8.891960 00 00 31383032334D303033303533            
07/11/23 06:33:53 0046 1                  45.023042 8.891975 00 00 3232303032334D3031373439            
07/11/23 06:34:00 0047 1                  45.023043 8.891967 00 00 3232303032334D3030353335            
07/11/23 06:35:37 0048 1                  45.023672 8.892240 00 00 31383032334D303033313831            
07/11/23 06:36:20 0049 1                  45.023892 8.892345 00 00 3231303032334D3033333837            
07/11/23 06:37:09 0050 1                  45.024133 8.892402 00 00 31383032334D303033313735            
07/11/23 06:37:27 0051 1                  45.024278 8.892423 00 00 31383032334D303034333831            
07/11/23 06:37:52 0052 1                  45.024310 8.892450 00 00 31383032334D303033323637            
07/11/23 06:39:25 0053 1                  45.024508 8.892587 00 00 31383032334D303033313734            
07/11/23 06:40:37 0054 1                  45.024742 8.892517 00 00 31383032334D303032393539            
07/11/23 06:41:48 0055 1                  45.025080 8.892622 00 00 31383032334D303033313839            
07/11/23 06:43:01 0056 1                  45.025432 8.892207 00 00 31383032334D303032393630            
07/11/23 06:44:01 0057 1                  45.025510 8.891393 00 00 31383032334D303131363630            
07/11/23 06:44:55 0058 1                  45.025590 8.890593 00 00 31383032334D303032393430            
07/11/23 06:45:05 0059 1                  45.025590 8.890590 00 00 31383032334D303033313633            
07/11/23 06:47:22 0060 1                  45.025528 8.890065 00 00 313831323045303039323333            
07/11/23 06:47:25 0061 1                  45.025528 8.890068 00 00 313831323045303039323333            
07/11/23 06:50:45 0062 1                  45.026003 8.893048 00 00 31383032334D303033313630            
07/11/23 06:53:04 0063 1                  45.028017 8.895842 00 00 31383032334D303033313632            
07/11/23 06:53:14 0064 1                  45.028017 8.895840 00 00 31383032334D303033313538            
07/11/23 06:53:37 0065 1                  45.027988 8.895812 00 00 31383032334D303032393339            
07/11/23 06:59:40 0066 1                  45.028237 8.892733 00 00 31383032334D303033313739            
07/11/23 07:00:29 0067 1                  45.028177 8.893010 00 00 31383032334D303032393137            
07/11/23 07:02:27 0068 1                  45.025652 8.893367 00 00 31383032334D303032393632            
07/11/23 07:02:27 0069 1                  45.025652 8.893367 00 00 31383032334D303033313535            
07/11/23 07:03:09 0070 1                  45.025642 8.893407 00 00 31383032334D303033313534            
07/11/23 07:04:48 0071 1                  45.025755 8.893955 00 00 31383032334D303032383937            
07/11/23 07:05:09 0072 1                  45.025773 8.893972 00 00 3231303032334D3031323939            
07/11/23 07:05:52 0073 1                  45.025830 8.894383 00 00 31383032334D303033313530            
07/11/23 07:07:01 0074 1                  45.026035 8.895305 00 00 31383032334D303032393735            
07/11/23 07:07:04 0075 1                  45.026035 8.895305 00 00 31383032334D303032393233            
07/11/23 07:07:48 0076 1                  45.026037 8.895313 00 00 31383032334D303032393332            
07/11/23 07:07:50 0077 1                  45.026035 8.895313 00 00 31383032334D303032393732            
07/11/23 07:09:26 0078 1                  45.026197 8.896022 00 00 31383032334D303032393336            
07/11/23 07:09:37 0079 1                  45.026217 8.896043 00 00 31383032334D303032393739            
07/11/23 07:11:19 0080 1                  45.026310 8.896275 00 00 31383032334D303032393237            
07/11/23 07:11:26 0081 1                  45.026312 8.896280 00 00 3232303032334D3030303736            
07/11/23 07:11:33 0082 1                  45.026307 8.896287 00 00 31383032334D303032393737            
07/11/23 07:11:43 0083 1                  45.026293 8.896290 00 00 31383032334D303032393734            
07/11/23 07:14:22 0084 1                  45.026237 8.896593 00 00 31383032334D303032393334            
07/11/23 07:14:27 0085 1                  45.026220 8.896580 00 00 31383032334D303032393335            
07/11/23 07:15:28 0086 1                  45.026475 8.897235 00 00 31383032334D303032393235            
07/11/23 07:16:29 0087 1                  45.026570 8.897568 00 00 31383032334D303032393236            
07/11/23 07:17:48 0088 1                  45.026763 8.899198 00 00 31383032334D303030363437            
07/11/23 07:20:05 0089 1                  45.024172 8.896960 00 00 31383032334D303032383130            
07/11/23 07:20:52 0090 1                  45.024270 8.896335 00 00 31383032334D303033303430            
07/11/23 07:21:30 0091 1                  45.024332 8.896115 00 00 323030323545303030373433            
07/11/23 07:21:33 0092 1                  45.024333 8.896115 00 00 323030323545303030373336            
07/11/23 07:23:08 0093 1                  45.024350 8.895865 00 00 31383032334D303030373933            
07/11/23 07:24:10 0094 1                  45.024383 8.895383 00 00 31383032334D303033303732            
07/11/23 07:26:35 0095 1                  45.023252 8.894875 00 00 31383032334D303033313634            
07/11/23 07:28:36 0096 1                  45.023370 8.895680 00 00 31383032334D303032393133            
07/11/23 07:29:34 0097 1                  45.023668 8.895117 00 00 31383032334D303033313635            
07/11/23 07:31:06 0098 1                  45.023613 8.896597 00 00 31383036334D303033303435            
07/11/23 07:31:43 0099 1                  45.023650 8.896620 00 00 31383032334D303032383231            
07/11/23 07:33:18 0100 1                  45.023638 8.896488 00 00 31383032334D303032383431            
07/11/23 07:34:04 0101 1                  45.023718 8.896190 00 00 31383032334D303032393033            
07/11/23 07:35:39 0102 1                  45.023842 8.895647 00 00 31383032334D303032383234            
07/11/23 07:35:54 0103 1                  45.023852 8.895653 00 00 31383032334D303032383235            
07/11/23 07:36:21 0104 1                  45.023860 8.895667 00 00 31383032334D303035373537            
07/11/23 07:37:40 0105 1                  45.023833 8.895418 00 00 31383032334D303032393135            
07/11/23 07:37:57 0106 1                  45.023810 8.895420 00 00 31383032334D303032383438            
07/11/23 07:42:00 0107 1                  45.024268 8.895098 00 00 31383032334D303033303730            
07/11/23 07:42:43 0108 1                  45.024268 8.895102 00 00 323030323545303037313534            
07/11/23 07:45:03 0109 1                  45.024157 8.894510 00 00 31383032334D303038393431            
07/11/23 07:46:21 0110 1                  45.024013 8.894028 00 00 31383032334D303130343933            
07/11/23 07:47:48 0111 1                  45.023857 8.893502 00 00 31383032334D303032383433            
07/11/23 07:49:14 0112 1                  45.023727 8.894168 00 00 31383032334D303033303431            
07/11/23 07:50:04 0113 1                  45.023742 8.893710 00 00 31383032334D303032383531            
07/11/23 07:50:11 0114 1                  45.023748 8.893700 00 00 31383032334D303032383532            
07/11/23 07:52:24 0115 1                  45.023875 8.893097 00 00 31383032334D303035393039            
07/11/23 07:53:28 0116 1                  45.023710 8.892728 00 00 31383032334D303033313737            
07/11/23 07:53:41 0117 1                  45.023715 8.892733 00 00 31383032334D303030373638            
07/11/23 07:59:37 0000 s 01886ver01 0 0 00 00
07/11/23 08:02:23 0118 1                  45.032277 8.875607 00 00 3233303234304A3030393931            
07/11/23 08:05:09 0000 s 01886ver01 0 0 00 00
07/11/23 08:12:08 0119 1                  45.010378 8.883922 00 00 31383032334D303031343237            
07/11/23 08:13:34 0120 1                  45.013588 8.882500 00 00 31383032334D303031343236            
07/11/23 08:13:56 0121 1                  45.013577 8.882517 00 00 31383132304A303039323438            
07/11/23 08:14:18 0122 1                  45.013575 8.882497 00 00 31383132304A303039323439            
07/11/23 08:16:01 0123 1                  45.016090 8.881342 00 00 3232303032334D3031353334            
07/11/23 08:16:01 0124 1                  45.016090 8.881342 00 00 3231303032334D3030333930            
07/11/23 08:17:09 0125 1                  45.016553 8.880358 00 00 31383032334D303039303437            
07/11/23 08:19:15 0126 1                  45.016387 8.880267 00 00 323030323545303032353030            
07/11/23 08:20:05 0127 1                  45.015113 8.880498 00 00 31383032334D303038397830            
07/11/23 08:21:50 0128 1                  45.012867 8.880318 00 00 323030323545303030383930            
07/11/23 08:23:44 0129 1                  45.016872 8.881778 00 00 31383032334D303133363038            
07/11/23 08:24:55 0130 1                  45.017393 8.882648 00 00 31383032334D303031343233            
07/11/23 08:33:52 0131 1                  45.010090 8.896473 00 00 323031323055303030333539            
07/11/23 08:39:10 0132 1                  45.017842 8.882105 00 00 323030323545303034373630            
07/11/23 08:40:06 0133 1                  45.017923 8.882080 00 00 31383234304A303030333939            
07/11/23 08:41:08 0134 1                  45.017790 8.881887 00 00 111150000000001743494695            
07/11/23 08:41:27 0135 1                  45.017857 8.881838 00 00 31383032334D303038393735            
07/11/23 08:42:15 0136 1                  45.017907 8.881518 00 00 31383032334D303031323435            
07/11/23 08:43:11 0137 1                  45.017477 8.881457 00 00 31383032334D303031323433            
07/11/23 08:43:26 0138 1                  45.017435 8.881450 00 00 31383032334D303036363334            
07/11/23 08:43:43 0139 1                  45.017425 8.881450 00 00 31383032334D303033353636            
07/11/23 08:44:13 0140 1                  45.017425 8.881565 00 00 31383032334D303031323533            
07/11/23 08:46:13 0141 1                  45.017990 8.881557 00 00 31383032334D303031323334            
07/11/23 08:47:18 0142 1                  45.018132 8.881015 00 00 31383032334D303031323338            
07/11/23 08:47:22 0143 1                  45.018137 8.881002 00 00 31383032334D303031323331            
07/11/23 08:47:36 0144 1                  45.018168 8.880988 00 00 31383032334D303031323333            
07/11/23 08:48:25 0145 1                  45.018025 8.880638 00 00 31383032334D303031323434            
07/11/23 08:48:42 0146 1                  45.018027 8.880608 00 00 31383032334D303031323335            
07/11/23 08:50:22 0147 1                  45.018478 8.880445 00 00 31383032334D303031333730            
07/11/23 08:51:19 0148 1                  45.018633 8.880605 00 00 31383032334D303133363230            
07/11/23 08:52:21 0149 1                  45.019142 8.880975 00 00 31383032334D303031323134            
07/11/23 08:57:18 0150 1                  45.018805 8.879742 00 00 31383032334D303137363731            
07/11/23 08:58:11 0151 1                  45.018075 8.880158 00 00 31383032334D303133363137            
07/11/23 08:58:30 0152 1                  45.018057 8.880152 00 00 31383032334D303137303937            
07/11/23 08:59:15 0153 1                  45.017805 8.880180 00 00 31383032334D303133363034            
07/11/23 09:00:56 0154 1                  45.017558 8.880150 00 00 31383032334D303133363135            
07/11/23 09:01:07 0155 1                  45.017553 8.880127 00 00 3231303032334D3034383931            
07/11/23 09:02:03 0156 1                  45.017070 8.880213 00 00 31383032334D303133363037            
07/11/23 09:03:15 0157 1                  45.017128 8.880665 00 00 31383032334D303133363035            
07/11/23 09:03:28 0158 1                  45.017140 8.880683 00 00 31383032334D303133363131            
07/11/23 09:13:19 0159 1                  45.017968 8.881620 00 00 31383032334D303031323034            
07/11/23 09:14:12 0160 1                  45.018368 8.881647 00 00 31383032334D303033313532            
07/11/23 09:15:07 0161 1                  45.018925 8.881390 00 00 323030323545303030303635            
07/11/23 09:16:31 0162 1                  45.018822 8.882453 00 00 31383032334D303133363132            
07/11/23 09:17:49 0163 1                  45.018427 8.881893 00 00 31383032334D303039303431            
07/11/23 09:17:57 0164 1                  45.018432 8.881902 00 00 31383032334D303037303933            
07/11/23 09:18:47 0165 1                  45.018367 8.882763 00 00 31383032334D303031343534            
07/11/23 09:20:17 0166 1                  45.018325 8.883278 00 00 31383032334D303133363036            
07/11/23 09:23:07 0167 1                  45.018285 8.883325 00 00 31383032334D303031323039            
07/11/23 09:23:13 0168 1                  45.018285 8.883322 00 00 31383032334D303033383737            
07/11/23 09:24:15 0169 1                  45.018477 8.883948 00 00 31383032334D303135353238            
07/11/23 09:25:04 0170 1                  45.018738 8.884003 00 00 31383032334D303135343930            
07/11/23 09:25:27 0171 1                  45.018788 8.883977 00 00 31383032334D303133363039            
07/11/23 09:25:30 0172 1                  45.018793 8.883975 00 00 31383032334D303133363231            
07/11/23 09:26:48 0173 1                  45.018310 8.884155 00 00 31383032334D303137373939            
07/11/23 09:27:26 0174 1                  45.018282 8.884463 00 00 31383032334D303031343231            
07/11/23 09:28:35 0175 1                  45.018620 8.884980 00 00 31383032334D303031343230            
07/11/23 09:28:58 0176 1                  45.018638 8.884977 00 00 31383032334D303031343132            
07/11/23 09:29:52 0177 1                  45.018242 8.885077 00 00 31383032334D303031343133            
07/11/23 09:30:39 0178 1                  45.018133 8.885962 00 00 313C3032334D303031333534            
07/11/23 09:30:39 0179 1                  45.018133 8.885962 00 00 31383032334D303031333534            
07/11/23 09:31:53 0180 1                  45.017800 8.889005 00 00 31383032334D303133363133            
07/11/23 09:32:35 0181 1                  45.017750 8.889417 00 00 31383032334D303031343139            
07/11/23 09:35:14 0182 1                  45.018548 8.882055 00 00 31383032334D303037303933            
07/11/23 09:52:07 0000 s 01886ver01 45.017268 8.881382 00 00
07/11/23 10:09:07 0183 1                  44.907732 8.866142 00 00 393932303545324D35303135            
07/11/23 10:29:36 0184 1                  44.882808 8.860115 00 00 315206035809462022E20000            
