13/10/23 05:06:20 0000 s 01504ver01 44.792845 8.739522 00 00
13/10/23 05:24:37 0001 1                  44.724352 8.856948 00 00 3231303032334D3031323339            
13/10/23 05:25:46 0002 1                  44.723463 8.857670 00 00 31383032334D303033383537            
13/10/23 05:26:24 0003 1                  44.723407 8.857758 00 00 3231303132304A3037343337            
13/10/23 05:28:13 0004 1                  44.722835 8.857877 00 00 323030323545303033303230            
13/10/23 05:28:15 0005 1                  44.722833 8.857873 00 00 300ED89F3350014A1E0BA08E            
13/10/23 05:28:15 0006 1                  44.722833 8.857873 00 00 31383032334D313037363930            
13/10/23 05:28:21 0007 1                  44.722827 8.857852 00 00 31383032334D303139313033            
13/10/23 05:28:28 0008 1                  44.722820 8.857818 00 00 31383032334D303037363930            
13/10/23 05:29:46 0009 1                  44.722598 8.857870 00 00 31383032334D303139363737            
13/10/23 05:29:52 0010 1                  44.722583 8.857877 00 00 31383032334D303139313435            
13/10/23 05:30:35 0011 1                  44.722518 8.857932 00 00 31383032334D303139323533            
13/10/23 05:31:46 0012 1                  44.722485 8.858357 00 00 313831323045303039303230            
13/10/23 05:33:57 0013 1                  44.722833 8.858938 00 00 3232303032334D3030303839            
13/10/23 05:34:13 0014 1                  44.722828 8.858972 00 00 31383032334D303037393535            
13/10/23 05:34:13 0015 1                  44.722828 8.858972 00 00 3232303032334D3030303938            
13/10/23 05:34:13 0016 1                  44.722828 8.858972 00 00 31383032334D303037383637            
13/10/23 05:34:54 0017 1                  44.722837 8.858982 00 00 31383032334D303033373635            
13/10/23 05:35:52 0018 1                  44.723100 8.858670 00 00 31383032334D303033373733            
13/10/23 05:36:29 0019 1                  44.723198 8.858582 00 00 31383032334D303134393531            
13/10/23 05:37:09 0020 1                  44.723677 8.857827 00 00 31383032334D303139323239            
13/10/23 05:37:21 0021 1                  44.723695 8.857802 00 00 31383032334D303135313535            
13/10/23 05:37:31 0022 1                  44.723703 8.857802 00 00 3232303032334D3031393338            
13/10/23 05:37:37 0023 1                  44.723717 8.857800 00 00 3232303032334D3031343537            
13/10/23 05:37:43 0024 1                  44.723727 8.857802 00 00 31383032334D303036363634            
13/10/23 05:37:51 0025 1                  44.723742 8.857810 00 00 3232303032334D3030343835            
13/10/23 05:38:12 0026 1                  44.723752 8.857840 00 00 31383032334D303033353433            
13/10/23 05:38:20 0027 1                  44.723762 8.857832 00 00 3231303032334D3032373535            
13/10/23 05:38:28 0028 1                  44.723778 8.857812 00 00 31383032334D303137373334            
13/10/23 05:41:14 0029 1                  44.722452 8.858157 00 00 31383032334D303036393930            
13/10/23 05:41:16 0030 1                  44.722453 8.858163 00 00 31383032334D303037363630            
13/10/23 05:41:20 0031 1                  44.722460 8.858178 00 00 31383032334D303033383137            
13/10/23 05:44:03 0032 1                  44.722227 8.857890 00 00 31383032334D303139373135            
13/10/23 05:44:11 0033 1                  44.722193 8.857900 00 00 31383032334D303139333936            
13/10/23 05:44:17 0034 1                  44.722142 8.857910 00 00 31383032334D303130333135            
13/10/23 05:44:26 0035 1                  44.722127 8.857900 00 00 31383032334D303139333533            
13/10/23 05:44:32 0036 1                  44.722127 8.857895 00 00 31383032334D303130333133            
13/10/23 05:44:38 0037 1                  44.722073 8.857888 00 00 31383032334D303130333132            
13/10/23 05:44:46 0038 1                  44.722022 8.857875 00 00 3231303032334D3032343337            
13/10/23 05:45:28 0039 1                  44.721972 8.857790 00 00 31383032334D303037373831            
13/10/23 05:46:07 0040 1                  44.721877 8.857725 00 00 31383032334D303139373339            
13/10/23 05:47:48 0041 1                  44.721955 8.857397 00 00 31383132304A303039323139            
13/10/23 05:49:09 0042 1                  44.721942 8.857568 00 00 31383032334D303139363133            
13/10/23 05:49:23 0043 1                  44.721932 8.857592 00 00 31383032334D303037393639            
13/10/23 05:49:25 0044 1                  44.721935 8.857595 00 00 3232303032334D3030373138            
13/10/23 05:50:17 0045 1                  44.721953 8.857672 00 00 31383032334D303139373333            
13/10/23 05:50:29 0046 1                  44.721955 8.857702 00 00 323030323545303032313635            
13/10/23 05:50:37 0047 1                  44.721950 8.857722 00 00 31383032334D303139323530            
13/10/23 05:51:00 0048 1                  44.721948 8.857747 00 00 31383032334D303032323830            
13/10/23 05:51:54 0049 1                  44.721598 8.857755 00 00 31383032334D303037393437            
13/10/23 05:53:23 0050 1                  44.722367 8.857348 00 00 31383032334D303139323531            
13/10/23 05:54:20 0051 1                  44.722445 8.857857 00 00 31383032334D303133303731            
13/10/23 05:54:24 0052 1                  44.722445 8.857900 00 00 31383032334D303038353230            
13/10/23 05:54:30 0053 1                  44.722432 8.857960 00 00 31383032334D303139353231            
13/10/23 05:54:38 0054 1                  44.722418 8.858028 00 00 31383032334D303138353632            
13/10/23 05:55:29 0055 1                  44.722105 8.858320 00 00 31383032334D303037363732            
13/10/23 05:56:11 0056 1                  44.721820 8.858457 00 00 31383032334D303139333630            
13/10/23 05:56:19 0057 1                  44.721810 8.858470 00 00 313831323045303039313633            
13/10/23 05:56:31 0058 1                  44.721798 8.858483 00 00 31383032334D303130323533            
13/10/23 05:58:06 0059 1                  44.721708 8.858598 00 00 31383032334D303130303132            
13/10/23 05:58:55 0060 1                  44.721522 8.858688 00 00 31383032334D303139333539            
13/10/23 05:59:03 0061 1                  44.721493 8.858690 00 00 31383032334D303037363039            
13/10/23 05:59:39 0062 1                  44.721407 8.858707 00 00 31383032334D303136313431            
13/10/23 06:00:46 0063 1                  44.721313 8.858788 00 00 31383032334D303139303631            
13/10/23 06:01:10 0064 1                  44.721247 8.858850 00 00 31383032334D303130373337            
13/10/23 06:01:16 0065 1                  44.721233 8.858850 00 00 31383032334D303133303133            
13/10/23 06:02:09 0066 1                  44.721193 8.858875 00 00 31383032334D303130333338            
13/10/23 06:02:41 0067 1                  44.721180 8.858990 00 00 3232303032334D3030313837            
13/10/23 06:03:44 0068 1                  44.721078 8.858928 00 00 3232303032334D3031343333            
13/10/23 06:05:31 0069 1                  44.720538 8.859065 00 00 31383032334D303038313037            
13/10/23 06:06:19 0070 1                  44.720498 8.859043 00 00 31383032334D303130313132            
13/10/23 06:06:25 0071 1                  44.720475 8.858992 00 00 31383032334D303130303531            
13/10/23 06:06:32 0072 1                  44.720462 8.858978 00 00 31383032334D303038313038            
13/10/23 06:06:38 0073 1                  44.720470 8.858975 00 00 31383032334D303130313836            
13/10/23 06:06:46 0074 1                  44.720448 8.858957 00 00 31383032334D303139323136            
13/10/23 06:07:58 0075 1                  44.720333 8.858833 00 00 31383032334D303139373734            
13/10/23 06:08:33 0076 1                  44.720387 8.858492 00 00 31383032334D303130313935            
13/10/23 06:09:03 0077 1                  44.720295 8.858303 00 00 31383032334D303130313430            
13/10/23 06:09:07 0078 1                  44.720262 8.858280 00 00 31383032334D303130343030            
13/10/23 06:09:39 0079 1                  44.720015 8.858182 00 00 31383032334D303130333736            
13/10/23 06:09:48 0080 1                  44.720015 8.858188 00 00 31383032334D303130323133            
13/10/23 06:11:43 0081 1                  44.719660 8.858397 00 00 31383032334D303130333835            
13/10/23 06:11:43 0082 1                  44.719660 8.858397 00 00 31383032334D303130333836            
13/10/23 06:12:47 0083 1                  44.719545 8.859018 00 00 31383032334D303037393831            
13/10/23 06:13:38 0084 1                  44.719258 8.859392 00 00 31383032334D303038313434            
13/10/23 06:16:46 0085 1                  44.711390 8.856632 00 00 31383032334D303038333239            
13/10/23 06:18:25 0086 1                  44.715580 8.856667 00 00 31383032334D303038323933            
13/10/23 06:19:56 0087 1                  44.717833 8.858422 00 00 31383032334D303038323935            
13/10/23 06:20:04 0088 1                  44.717842 8.858417 00 00 31383032334D303038323138            
13/10/23 06:21:11 0089 1                  44.717878 8.858683 00 00 31383234304A303030323838            
13/10/23 06:23:16 0090 1                  44.718497 8.859578 00 00 31383032334D303130323730            
13/10/23 06:23:22 0091 1                  44.718495 8.859607 00 00 31383032334D303037393836            
13/10/23 06:24:33 0092 1                  44.718630 8.859452 00 00 31383032334D303038323931            
13/10/23 06:24:45 0093 1                  44.718623 8.859200 00 00 31383032334D303038303232            
13/10/23 06:24:47 0094 1                  44.718627 8.859180 00 00 300ED89F3350014A1E0BA08E            
13/10/23 06:26:00 0095 1                  44.718930 8.858520 00 00 31383032334D303038323136            
13/10/23 06:26:34 0096 1                  44.719002 8.858522 00 00 3232303032334D3031353834            
13/10/23 06:27:43 0097 1                  44.719163 8.858557 00 00 31383032334D303130313730            
13/10/23 06:29:20 0098 1                  44.720240 8.858698 00 00 31383032334D303139353535            
13/10/23 06:29:32 0099 1                  44.720275 8.858725 00 00 3231303032334D3030373533            
13/10/23 06:30:35 0100 1                  44.720535 8.858648 00 00 31383032334D303130313134            
13/10/23 06:31:09 0101 1                  44.720558 8.858602 00 00 31383032334D303139363339            
13/10/23 06:31:48 0102 1                  44.720607 8.858568 00 00 323031323055303030333631            
13/10/23 06:33:29 0103 1                  44.720235 8.858870 00 00 323030323545303039353432            
13/10/23 06:33:35 0104 1                  44.720212 8.858895 00 00 323030323545303037363131            
13/10/23 06:36:12 0105 1                  44.703903 8.855973 00 00 31383032334D303036363335            
13/10/23 06:39:35 0106 1                  44.700153 8.846868 00 00 3231303032334D3030353438            
13/10/23 06:40:01 0107 1                  44.700082 8.846813 00 00 3233303234304A3030323239            
13/10/23 06:58:05 0108 1                  44.719503 8.859755 00 00 31383032334D303130313737            
13/10/23 06:58:55 0109 1                  44.719690 8.859653 00 00 31383032334D303036353139            
13/10/23 06:59:40 0110 1                  44.719802 8.859600 00 00 31383032334D303130313738            
13/10/23 07:00:00 0111 1                  44.719808 8.859545 00 00 31383032334D303130313739            
13/10/23 07:01:05 0112 1                  44.719850 8.859455 00 00 31383032334D303130323531            
13/10/23 07:01:05 0113 1                  44.719850 8.859455 00 00 31383032334D303130313830            
13/10/23 07:03:18 0114 1                  44.720158 8.861403 00 00 31383032334D303038303332            
13/10/23 07:05:13 0115 1                  44.721043 8.862247 00 00 31383032334D303038303738            
13/10/23 07:06:24 0116 1                  44.720780 8.862108 00 00 3232303032334D3031303131            
13/10/23 07:06:32 0117 1                  44.720780 8.862107 00 00 31383032334D303130303630            
13/10/23 07:07:53 0118 1                  44.720337 8.862227 00 00 3231303032334D3031383232            
13/10/23 07:09:28 0119 1                  44.720198 8.863523 00 00 31383234304A303030333539            
13/10/23 07:11:15 0120 1                  44.720225 8.864152 00 00 31383032334D303130313036            
13/10/23 07:11:21 0121 1                  44.720237 8.864150 00 00 3232303032334D3030373536            
13/10/23 07:11:50 0122 1                  44.720305 8.864115 00 00 31383032334D303139363037            
13/10/23 07:11:50 0123 1                  44.720305 8.864115 00 00 300ED89F3350014A1E0BA08E            
13/10/23 07:12:06 0124 1                  44.720295 8.864117 00 00 323030323545303030373530            
13/10/23 07:12:12 0125 1                  44.720295 8.864117 00 00 31383032334D303130313037            
13/10/23 07:12:58 0126 1                  44.720725 8.864372 00 00 31383032334D303130313130            
13/10/23 07:13:47 0127 1                  44.721468 8.864938 00 00 31383032334D303139333439            
13/10/23 07:15:40 0128 1                  44.722162 8.865203 00 00 31383032334D303130313933            
13/10/23 07:15:44 0129 1                  44.722170 8.865202 00 00 31383032334D303130313934            
13/10/23 07:15:50 0130 1                  44.722178 8.865202 00 00 31383032334D303038313634            
13/10/23 07:15:56 0131 1                  44.722187 8.865203 00 00 31383032334D303038313635            
13/10/23 07:16:27 0132 1                  44.722110 8.865127 00 00 31383032334D303038303236            
13/10/23 07:16:57 0133 1                  44.721992 8.865033 00 00 31383032334D303038313637            
13/10/23 07:17:35 0134 1                  44.721620 8.864745 00 00 31383032334D303038313431            
13/10/23 07:17:41 0135 1                  44.721608 8.864747 00 00 3233303032334D3030343336            
13/10/23 07:17:48 0136 1                  44.721603 8.864748 00 00 3232303032334D3030323731            
13/10/23 07:17:52 0137 1                  44.721600 8.864750 00 00 31383032334D303130313931            
13/10/23 07:18:40 0138 1                  44.720823 8.864147 00 00 31383032334D303030303537            
13/10/23 07:19:04 0139 1                  44.720787 8.864172 00 00 3232303032334D3031323237            
13/10/23 07:19:53 0140 1                  44.720945 8.864143 00 00 31383032334D303038323338            
13/10/23 07:20:45 0141 1                  44.721202 8.864160 00 00 31383032334D303130323631            
13/10/23 07:21:22 0142 1                  44.721668 8.863970 00 00 31383032334D303038333738            
13/10/23 07:21:52 0143 1                  44.721895 8.863967 00 00 3232303032334D3030393236            
13/10/23 07:22:08 0144 1                  44.722003 8.863942 00 00 31383032334D303038303835            
13/10/23 07:22:22 0145 1                  44.722033 8.863915 00 00 31383032334D303038313032            
13/10/23 07:23:11 0146 1                  44.722298 8.863790 00 00 31383032334D303038313333            
13/10/23 07:23:51 0147 1                  44.722358 8.863685 00 00 31383032334D303033373433            
13/10/23 07:23:58 0148 1                  44.722358 8.863677 00 00 3232303032334D3030353532            
13/10/23 07:24:14 0149 1                  44.722362 8.863668 00 00 31383032334D303038333733            
13/10/23 07:24:18 0150 1                  44.722363 8.863665 00 00 31383032334D303038313034            
13/10/23 07:25:47 0151 1                  44.722562 8.863603 00 00 31383032334D303038313031            
13/10/23 07:29:47 0152 1                  44.720068 8.864328 00 00 31383032334D303038333131            
13/10/23 07:29:57 0153 1                  44.720060 8.864343 00 00 31383032334D303038323430            
13/10/23 07:30:24 0154 1                  44.720058 8.864355 00 00 31383032334D303033363433            
13/10/23 07:30:34 0155 1                  44.720058 8.864353 00 00 31383032334D303130333838            
13/10/23 07:31:46 0156 1                  44.719453 8.864085 00 00 31383032334D303038333534            
13/10/23 07:32:39 0157 1                  44.719333 8.864652 00 00 31383234304A303030333935            
13/10/23 07:34:34 0158 1                  44.719045 8.864297 00 00 31383032334D303135313931            
13/10/23 07:34:36 0159 1                  44.719040 8.864298 00 00 3231303032334D3030363436            
13/10/23 07:34:38 0160 1                  44.719040 8.864300 00 00 31383032334D303038313237            
13/10/23 07:35:39 0161 1                  44.718348 8.864195 00 00 3231303032334D3031393439            
13/10/23 07:36:29 0162 1                  44.718123 8.864125 00 00 31383032334D303038323030            
13/10/23 07:36:29 0163 1                  44.718123 8.864125 00 00 300ED89F3350014A1E0BA08E            
13/10/23 07:38:10 0164 1                  44.715953 8.864933 00 00 31383032334D303139313238            
13/10/23 07:38:29 0165 1                  44.715942 8.864955 00 00 3232303032334D3031323438            
13/10/23 07:38:33 0166 1                  44.715937 8.864962 00 00 31383032334D303139313239            
13/10/23 07:38:39 0167 1                  44.715928 8.864967 00 00 31383032334D303139373533            
13/10/23 07:38:43 0168 1                  44.715920 8.864967 00 00 31383032334D303136323631            
13/10/23 07:40:18 0169 1                  44.714070 8.864000 00 00 31383032334D303039343235            
13/10/23 07:41:33 0170 1                  44.713050 8.868433 00 00 31383032334D303139353737            
13/10/23 07:42:17 0171 1                  44.712450 8.869183 00 00 31383032334D303134343136            
13/10/23 07:42:23 0172 1                  44.712440 8.869195 00 00 31383032334D303037393835            
13/10/23 07:45:23 0173 1                  44.711857 8.872077 00 00 31383234304A303030323839            
13/10/23 07:48:34 0174 1                  44.715013 8.866737 00 00 31383032334D303139303737            
13/10/23 07:49:33 0175 1                  44.717078 8.866305 00 00 31383032334D303033393932            
13/10/23 07:50:30 0176 1                  44.717882 8.865577 00 00 31383032334D303038323237            
13/10/23 07:51:04 0177 1                  44.718005 8.865585 00 00 3231303032334D3030303232            
13/10/23 07:51:12 0178 1                  44.718002 8.865585 00 00 31383032334D303134343233            
13/10/23 07:51:19 0179 1                  44.718002 8.865583 00 00 31383032334D303038303033            
13/10/23 07:52:15 0180 1                  44.718868 8.865837 00 00 31383032334D303031313837            
13/10/23 07:52:56 0181 1                  44.719323 8.865932 00 00 31383132304A303039313432            
13/10/23 07:54:30 0182 1                  44.719898 8.867058 00 00 3231303032334D3030363038            
13/10/23 07:54:31 0183 1                  44.719898 8.867058 00 00 300ED89F3350014A1E0BA08E            
13/10/23 07:54:36 0184 1                  44.719907 8.867075 00 00 31383032334D303033393731            
13/10/23 07:54:42 0185 1                  44.719910 8.867087 00 00 31383032334D303033373938            
13/10/23 07:55:18 0186 1                  44.719938 8.867270 00 00 3231303132304A3037353936            
13/10/23 07:56:47 0187 1                  44.719980 8.867592 00 00 31383032334D303038333537            
13/10/23 08:05:15 0188 1                  44.720365 8.866885 00 00 31383032334D303130323634            
13/10/23 08:05:23 0189 1                  44.720355 8.866880 00 00 313831323045303039303138            
13/10/23 08:06:56 0190 1                  44.720533 8.867022 00 00 31383234304A303030333536            
13/10/23 08:08:15 0191 1                  44.721018 8.867157 00 00 31383234304A303030323131            
13/10/23 08:11:35 0192 1                  44.721120 8.866798 00 00 313831323045303039313332            
13/10/23 08:12:42 0193 1                  44.721012 8.866737 00 00 31383032334D303130313938            
13/10/23 08:12:46 0194 1                  44.721002 8.866742 00 00 31383032334D303134343135            
13/10/23 08:12:52 0195 1                  44.720987 8.866747 00 00 31383032334D303033393638            
13/10/23 08:13:50 0196 1                  44.721187 8.866498 00 00 31383032334D303139363039            
13/10/23 08:15:50 0197 1                  44.720685 8.863173 00 00 3231303032334D3031373830            
13/10/23 08:15:52 0198 1                  44.720693 8.863168 00 00 300ED89F3350014A1E0BA08E            
13/10/23 08:17:29 0199 1                  44.718232 8.863618 00 00 31383032334D303134343630            
13/10/23 08:18:15 0200 1                  44.717912 8.863603 00 00 31383032334D303134363031            
13/10/23 08:18:21 0201 1                  44.717903 8.863610 00 00 31383032334D303134353836            
13/10/23 08:19:10 0202 1                  44.717720 8.863570 00 00 31383032334D303033363735            
13/10/23 08:24:49 0203 1                  44.720698 8.861165 00 00 31383032334D303038333039            
13/10/23 08:29:00 0204 1                  44.721543 8.859460 00 00 31383032334D303038313530            
13/10/23 08:32:26 0205 1                  44.722112 8.859675 00 00 3231303032334D3031373039            
13/10/23 08:33:11 0206 1                  44.722155 8.859835 00 00 31383032334D303037393433            
13/10/23 08:33:13 0207 1                  44.722157 8.859837 00 00 300ED89F3350014A1E0BA08E            
13/10/23 08:33:35 0208 1                  44.722145 8.859845 00 00 31383032334D303037383137            
13/10/23 08:35:52 0209 1                  44.722692 8.860333 00 00 31383032334D303130333939            
13/10/23 08:36:01 0210 1                  44.722712 8.860333 00 00 31383032334D303130333938            
13/10/23 08:38:04 0211 1                  44.722760 8.859370 00 00 3232303032334D3031383031            
13/10/23 08:38:56 0212 1                  44.723110 8.859288 00 00 3231303132304A3035323333            
13/10/23 08:39:04 0213 1                  44.723113 8.859290 00 00 31383032334D303139333037            
13/10/23 08:40:07 0214 1                  44.723205 8.859295 00 00 313831323045303039313037            
13/10/23 08:42:08 0215 1                  44.726048 8.857177 00 00 31383032334D303134373034            
13/10/23 08:43:19 0216 1                  44.727953 8.856028 00 00 31383032334D303038323633            
13/10/23 08:43:58 0217 1                  44.728782 8.855645 00 00 31383032334D303038323630            
13/10/23 08:44:38 0218 1                  44.729237 8.855535 00 00 3232303032334D3030333537            
13/10/23 09:01:14 0219 1                  44.752952 8.906190 00 00 31383032334D303136333233            
13/10/23 10:09:26 0000 s 01504ver01 44.758568 8.792065 00 00
13/10/23 10:45:15 0000 s 01504ver01 44.792797 8.739442 00 00
