21/10/23 05:15:31 0000 s 01511ver01 44.792485 8.739303 00 00
21/10/23 05:22:20 0001 1                  44.792335 8.740363 00 00 31383132304A303036383630            
21/10/23 05:39:54 0002 1                  44.729530 8.850843 00 00 3139313130304A3030303932            
21/10/23 05:44:36 0003 1                  44.721592 8.858565 00 00 3036037F8808BA4406000B00            
21/10/23 05:44:36 0004 1                  44.721592 8.858565 00 00 31383033304D303030353139            
21/10/23 05:45:51 0005 1                  44.721305 8.858763 00 00 313932343053303030303433            
21/10/23 05:47:54 0006 1                  44.719358 8.859268 00 00 313931323053303039303937            
21/10/23 05:52:16 0007 1                  44.720723 8.859587 00 00 31383033304D303030353439            
21/10/23 05:53:28 0008 1                  44.722897 8.858990 00 00 3231303033304D3034393238            
21/10/23 05:55:55 0009 1                  44.723618 8.857753 00 00 31383033304D303031323133            
21/10/23 05:56:06 0010 1                  44.723600 8.857758 00 00 3230303033304D3030323733            
21/10/23 05:56:18 0011 1                  44.723605 8.857785 00 00 3231303033304D3033363037            
21/10/23 05:57:38 0012 1                  44.723755 8.857815 00 00 3231303033304D3034333631            
21/10/23 05:57:43 0013 1                  44.723740 8.857813 00 00 31383033304D303031333235            
21/10/23 06:02:28 0014 1                  44.728528 8.855610 00 00 31383132304A303030353936            
21/10/23 06:04:47 0015 1                  44.722772 8.859235 00 00 31383132304A303030303438            
21/10/23 06:09:34 0016 1                  44.720237 8.863740 00 00 3232303234304A3030393132            
21/10/23 06:12:37 0017 1                  44.719717 8.864038 00 00 31383132304A303036343734            
21/10/23 06:14:11 0018 1                  44.719265 8.864148 00 00 31383132304A303036373431            
21/10/23 06:15:58 0019 1                  44.714032 8.864038 00 00 31383132304A303038313632            
21/10/23 06:17:48 0020 1                  44.711952 8.867207 00 00 313932343045303030333537            
21/10/23 06:19:29 0021 1                  44.712418 8.869267 00 00 31383132304A303030303735            
21/10/23 06:23:08 0022 1                  44.711645 8.872443 00 00 313931313030533030333333            
21/10/23 06:23:45 0023 1                  44.711672 8.872472 00 00 3139313130304A3030303336            
21/10/23 06:23:45 0024 1                  44.711672 8.872472 00 00 303ACA498393B95C6309DD50            
21/10/23 06:24:37 0025 1                  44.711703 8.872473 00 00 3139313130304A3030313030            
21/10/23 06:24:38 0026 1                  44.711702 8.872472 00 00 303ACA49839DF019D8B66177            
21/10/23 06:24:45 0027 1                  44.711695 8.872473 00 00 303ACB034069219C637E444A            
21/10/23 06:28:24 0028 1                  44.715040 8.866753 00 00 31383132304A303032313535            
21/10/23 06:28:24 0029 1                  44.715040 8.866753 00 00 313931323053303030383534            
21/10/23 06:29:47 0030 1                  44.715378 8.866735 00 00 31383132304A303030303738            
21/10/23 06:31:32 0031 1                  44.717130 8.866223 00 00 31383132304A303030343135            
21/10/23 06:32:53 0032 1                  44.717902 8.865613 00 00 31383132304A303030333334            
21/10/23 06:32:53 0033 1                  44.717902 8.865613 00 00 31383132304A303030393837            
21/10/23 06:32:56 0034 1                  44.717902 8.865617 00 00 30395DFA80165642412E5D3D            
21/10/23 06:32:59 0035 1                  44.717900 8.865617 00 00 31383132304A303030393837            
21/10/23 06:34:26 0036 1                  44.719413 8.866097 00 00 31383132304A303030353631            
21/10/23 06:34:27 0037 1                  44.719413 8.866097 00 00 3BE3000001919E2700001481            
21/10/23 06:39:09 0038 1                  44.721075 8.866820 00 00 31383132304A303030353838            
21/10/23 06:40:31 0039 1                  44.721247 8.866473 00 00 31383132304A303030333631            
21/10/23 06:42:13 0040 1                  44.721765 8.864913 00 00 31383132304A303037393439            
21/10/23 06:43:45 0041 1                  44.721988 8.865018 00 00 31383132304A303037363936            
21/10/23 06:43:48 0042 1                  44.721993 8.865012 00 00 0828991FF82AF3001283FB79            
21/10/23 06:45:51 0043 1                  44.721392 8.864613 00 00 31383132304A303037363937            
21/10/23 06:47:13 0044 1                  44.720737 8.864017 00 00 313931323053303032383737            
21/10/23 06:51:55 0045 1                  44.730648 8.854208 00 00 313932343045303030313435            
21/10/23 06:53:38 0046 1                  44.730968 8.854840 00 00 313931313030533030313036            
21/10/23 06:54:26 0047 1                  44.730963 8.854850 00 00 3139313130304A3030303238            
21/10/23 06:54:29 0048 1                  44.730965 8.854850 00 00 3139313170304A3030303238            
21/10/23 07:00:02 0049 1                  44.731082 8.853443 00 00 313931313030533030313831            
21/10/23 07:01:45 0050 1                  44.731948 8.852163 00 00 313731313030583030303032            
21/10/23 07:02:14 0051 1                  44.731922 8.852242 00 00 313731313030583030303033            
21/10/23 07:02:49 0052 1                  44.731927 8.852205 00 00 313731313030583030303031            
21/10/23 07:03:17 0053 1                  44.731943 8.852203 00 00 313731313030583030303038            
21/10/23 07:04:16 0054 1                  44.731910 8.852280 00 00 313731313030583030303039            
21/10/23 07:04:46 0055 1                  44.731913 8.852272 00 00 313731313030583030303239            
21/10/23 07:06:28 0056 1                  44.732312 8.851827 00 00 3139313130304A3030303839            
21/10/23 07:07:07 0057 1                  44.732312 8.851823 00 00 313931313030533030313834            
21/10/23 07:09:05 0058 1                  44.733817 8.850272 00 00 313932343045303030303335            
21/10/23 07:12:02 0059 1                  44.736028 8.847660 00 00 313731313030583030303231            
21/10/23 07:15:03 0060 1                  44.737813 8.853348 00 00 31383132304A303038383132            
21/10/23 07:15:12 0061 1                  44.737818 8.853332 00 00 30395DFA81874440000BC65A            
21/10/23 07:16:14 0062 1                  44.737150 8.853400 00 00 31383132304A303038383134            
21/10/23 07:17:19 0063 1                  44.736508 8.853350 00 00 31383132304A303032373238            
21/10/23 07:20:40 0064 1                  44.738678 8.850215 00 00 31383132304A303037373631            
21/10/23 07:22:45 0065 1                  44.738732 8.846580 00 00 31383132304A303037303636            
21/10/23 07:24:52 0066 1                  44.741918 8.846598 00 00 31383132304A303030303230            
21/10/23 07:27:10 0067 1                  44.748817 8.848460 00 00 3232303132304A3030353038            
21/10/23 07:32:08 0068 1                  44.753945 8.848562 00 00 313731313030583030303434            
21/10/23 07:34:47 0069 1                  44.755218 8.844302 00 00 313731313030583030303133            
21/10/23 07:40:54 0070 1                  44.753128 8.845728 00 00 3139313130304A3030303438            
21/10/23 07:40:54 0071 1                  44.753128 8.845728 00 00 3039606343B6ED800010CB62            
21/10/23 07:41:28 0072 1                  44.753078 8.845738 00 00 3139313130304A3030303437            
21/10/23 07:45:05 0073 1                  44.752293 8.845862 00 00 313731313030583030303339            
21/10/23 07:49:44 0074 1                  44.747877 8.846362 00 00 31383132304A303030363735            
21/10/23 07:53:04 0075 1                  44.747797 8.845677 00 00 313932343045303030333530            
21/10/23 07:53:06 0076 1                  44.747797 8.845677 00 00 313932343045303030333437            
21/10/23 07:55:08 0077 1                  44.746688 8.847407 00 00 31383132304A303036333935            
21/10/23 07:56:32 0078 1                  44.746373 8.847177 00 00 313731313030583030303139            
21/10/23 07:57:23 0079 1                  44.746385 8.847157 00 00 313731313030583030303138            
21/10/23 08:00:12 0080 1                  44.745610 8.846907 00 00 313932343053303030303735            
21/10/23 08:00:52 0081 1                  44.745592 8.846925 00 00 31383132304A303030303837            
21/10/23 08:02:45 0082 1                  44.742497 8.846215 00 00 31383132304A303037303733            
21/10/23 08:02:45 0083 1                  44.742497 8.846215 00 00 31383132304A303038313431            
21/10/23 08:10:21 0084 1                  44.732690 8.845932 00 00 31383132304A303036313531            
21/10/23 08:10:21 0085 1                  44.732690 8.845932 00 00 31383132304A303036313432            
21/10/23 08:10:55 0086 1                  44.732700 8.845940 00 00 31383132304A303037313537            
21/10/23 08:16:46 0087 1                  44.731718 8.848253 00 00 31383132304A303030323734            
21/10/23 08:16:46 0088 1                  44.731718 8.848253 00 00 3233303132304A3030393138            
21/10/23 08:18:06 0089 1                  44.731963 8.847835 00 00 313932343145303030333432            
21/10/23 08:51:25 0000 s 01511ver01 44.721122 8.853262 00 00
21/10/23 09:13:08 0000 s 01511ver01 44.726808 8.856023 00 00
