24/10/23 10:53:23 0000 s 01503ver01 44.792378 8.739572 00 00
24/10/23 11:16:13 0001 1                  44.755145 8.852932 00 00 313931323050303030363531            
24/10/23 11:16:44 0002 1                  44.755135 8.852937 00 00 313931323050303031313434            
24/10/23 11:17:59 0003 1                  44.756815 8.855248 00 00 313831323045303235323337            
24/10/23 11:18:51 0004 1                  44.757413 8.855910 00 00 313931323045303630353332            
24/10/23 11:20:00 0005 1                  44.758217 8.857688 00 00 31383033304D303034333039            
24/10/23 11:20:05 0006 1                  44.758220 8.857685 00 00 313931323050303036353437            
24/10/23 11:21:11 0007 1                  44.758958 8.858995 00 00 313831323045303235323232            
24/10/23 11:23:11 0008 1                  44.760550 8.859550 00 00 313831323045303236323638            
24/10/23 11:23:17 0009 1                  44.760553 8.859545 00 00 313931323045303630353738            
24/10/23 11:25:05 0010 1                  44.760067 8.858945 00 00 313831323045303236313033            
24/10/23 11:25:15 0011 1                  44.760073 8.858942 00 00 313831323045303236313439            
24/10/23 11:25:16 0012 1                  44.760073 8.858942 00 00 3035EB5FA01D6580100336ED            
24/10/23 11:25:33 0013 1                  44.760087 8.858943 00 00 313831323045303235303335            
24/10/23 11:27:43 0014 1                  44.762802 8.860592 00 00 313831323045303236363135            
24/10/23 11:28:27 0015 1                  44.762907 8.860297 00 00 313831323045303236323136            
24/10/23 11:29:17 0016 1                  44.762792 8.859678 00 00 313831323045303235343131            
24/10/23 11:29:38 0017 1                  44.762788 8.859677 00 00 313931323050303131343230            
24/10/23 11:29:44 0018 1                  44.762783 8.859673 00 00 313831323045303235303236            
24/10/23 11:30:05 0019 1                  44.762790 8.859660 00 00 313831323045303236333839            
24/10/23 11:31:09 0020 1                  44.762388 8.859493 00 00 313831323045303236313839            
24/10/23 11:32:39 0021 1                  44.762682 8.860857 00 00 313831323045303236323234            
24/10/23 11:32:40 0022 1                  44.762682 8.860857 00 00 303ACA498372D95C5D0F6BF9            
24/10/23 11:33:27 0023 1                  44.762700 8.861325 00 00 313831323045303236363233            
24/10/23 11:34:58 0024 1                  44.762782 8.861057 00 00 3139313130304A3032303036            
24/10/23 11:36:56 0025 1                  44.763028 8.862043 00 00 313931313030503030313231            
24/10/23 11:37:50 0026 1                  44.762978 8.862118 00 00 313931313030503030313232            
24/10/23 11:40:19 0027 1                  44.763550 8.862735 00 00 313831323045303236363134            
24/10/23 11:40:26 0028 1                  44.763558 8.862632 00 00 313831323045303234373934            
24/10/23 11:42:00 0029 1                  44.764088 8.862392 00 00 313931323050303039353536            
24/10/23 11:42:07 0030 1                  44.764098 8.862417 00 00 313931323045303630353033            
24/10/23 11:42:25 0031 1                  44.764090 8.862437 00 00 313931323045303630343239            
24/10/23 11:42:31 0032 1                  44.764088 8.862383 00 00 313931323045303630353034            
24/10/23 11:43:09 0033 1                  44.764067 8.862277 00 00 313832343045303034303737            
24/10/23 11:43:10 0034 1                  44.764067 8.862277 00 00 313831323045303235323235            
24/10/23 11:43:10 0035 1                  44.764067 8.862277 00 00 3034F80CBC1F9DCAB41DBC4A            
24/10/23 11:43:53 0036 1                  44.764047 8.862317 00 00 313931313030503030303536            
24/10/23 11:47:33 0037 1                  44.763490 8.861167 00 00 3139313130304A3032303134            
24/10/23 11:49:24 0038 1                  44.763815 8.861318 00 00 313931323045303630343639            
24/10/23 11:49:45 0039 1                  44.763758 8.861305 00 00 313931323050303035323534            
24/10/23 11:50:13 0040 1                  44.763770 8.861335 00 00 313931323050303131393837            
24/10/23 11:52:04 0041 1                  44.764415 8.861462 00 00 3231303234304A3034373439            
24/10/23 11:53:27 0042 1                  44.764598 8.861640 00 00 313931323045303630353739            
24/10/23 11:53:37 0043 1                  44.764618 8.861658 00 00 313831323045303234363631            
24/10/23 11:53:53 0044 1                  44.764643 8.861673 00 00 313831323045303235323731            
24/10/23 11:55:15 0045 1                  44.765273 8.861727 00 00 313831323445303236323439            
24/10/23 11:55:38 0046 1                  44.765282 8.861700 00 00 313831323045303236353937            
24/10/23 11:56:41 0047 1                  44.765242 8.861377 00 00 313931323045303630333031            
24/10/23 11:57:02 0048 1                  44.765210 8.861373 00 00 313932343045303030373736            
24/10/23 11:57:02 0049 1                  44.765210 8.861373 00 00 313932343045303030363131            
24/10/23 11:57:02 0050 1                  44.765210 8.861373 00 00 303960624360BD40000EE0CF            
24/10/23 11:58:45 0051 1                  44.764860 8.860865 00 00 313831323045303236303138            
24/10/23 11:58:56 0052 1                  44.764860 8.860872 00 00 313831323045303236303137            
24/10/23 11:59:39 0053 1                  44.764828 8.860862 00 00 3139313130304A3032313337            
24/10/23 11:59:40 0054 1                  44.764828 8.860862 00 00 303ACA4981304C599C83509B            
24/10/23 12:00:17 0055 1                  44.764828 8.860850 00 00 3139313130304A3032303931            
24/10/23 12:01:34 0056 1                  44.764337 8.860607 00 00 313831323045303236323139            
24/10/23 12:02:17 0057 1                  44.764117 8.860478 00 00 313831323045303236303232            
24/10/23 12:02:59 0058 1                  44.763902 8.860402 00 00 313831323045303236303037            
24/10/23 12:05:17 0059 1                  44.765353 8.862018 00 00 313831323045303235333333            
24/10/23 12:06:47 0060 1                  44.768322 8.863902 00 00 313931323045303630343635            
24/10/23 12:06:59 0061 1                  44.768337 8.863902 00 00 313831323045303236343530            
24/10/23 12:07:06 0062 1                  44.768350 8.863907 00 00 313831323045303236343134            
24/10/23 12:08:15 0063 1                  44.768643 8.863455 00 00 313831323045303236343235            
24/10/23 12:08:51 0064 1                  44.768635 8.863432 00 00 313831323045303236343939            
24/10/23 12:10:20 0065 1                  44.769130 8.863107 00 00 313831323045303236343832            
24/10/23 12:13:07 0066 1                  44.769033 8.861818 00 00 313931323050303032383934            
24/10/23 12:13:46 0067 1                  44.769192 8.861878 00 00 313831323045303236353131            
24/10/23 12:18:18 0068 1                  44.767707 8.865207 00 00 313931313030503030303136            
24/10/23 12:20:33 0069 1                  44.768167 8.864995 00 00 313931323050303133363434            
24/10/23 12:21:15 0070 1                  44.768178 8.865015 00 00 313931323050303131333430            
24/10/23 12:21:22 0071 1                  44.768178 8.865025 00 00 313931323050303133303739            
24/10/23 12:23:39 0072 1                  44.766075 8.862055 00 00 313831323045303236323435            
24/10/23 12:23:47 0073 1                  44.766075 8.862055 00 00 313831323045303235363731            
24/10/23 12:25:24 0074 1                  44.764582 8.861245 00 00 313831323045303236313633            
24/10/23 12:25:31 0075 1                  44.764582 8.861243 00 00 313831323045303235363730            
24/10/23 12:27:14 0076 1                  44.761130 8.859745 00 00 313931323045303630333431            
24/10/23 12:27:22 0077 1                  44.761130 8.859738 00 00 313931323045303630353830            
24/10/23 12:28:24 0078 1                  44.759277 8.858935 00 00 313831323045303236353838            
24/10/23 12:29:50 0079 1                  44.758158 8.856635 00 00 313831323045303236353835            
24/10/23 12:31:30 0080 1                  44.758458 8.854357 00 00 313931313030503030313736            
24/10/23 12:33:40 0081 1                  44.756767 8.854967 00 00 313831323045303235303234            
24/10/23 12:33:45 0082 1                  44.756762 8.854970 00 00 01FF000000000075271A0000            
24/10/23 12:33:54 0083 1                  44.756763 8.854973 00 00 313831323045303235343639            
24/10/23 12:34:48 0084 1                  44.756282 8.854352 00 00 313831323045303235333133            
24/10/23 12:35:09 0085 1                  44.756275 8.854333 00 00 313931323045303630343236            
24/10/23 12:38:41 0086 1                  44.761443 8.860447 00 00 313831323045303235333339            
24/10/23 12:39:43 0087 1                  44.761828 8.860860 00 00 313831323045303235313933            
24/10/23 12:40:00 0088 1                  44.761815 8.860865 00 00 313831323045303235313839            
24/10/23 12:40:08 0089 1                  44.761815 8.860873 00 00 313831323045303236313432            
24/10/23 12:41:46 0090 1                  44.762490 8.861612 00 00 313831323045303235333236            
24/10/23 12:42:09 0091 1                  44.762498 8.861625 00 00 313931323050303035303936            
24/10/23 12:43:46 0092 1                  44.765200 8.863168 00 00 31383033304D303034333236            
24/10/23 12:43:53 0093 1                  44.765205 8.863167 00 00 313931323045303630353734            
24/10/23 12:44:24 0094 1                  44.765218 8.863140 00 00 313931313030503030303237            
24/10/23 12:45:07 0095 1                  44.765238 8.863122 00 00 31383132304A303230323138            
24/10/23 12:45:30 0096 1                  44.765243 8.863073 00 00 31383033304D303033323637            
24/10/23 12:46:09 0097 1                  44.765678 8.863453 00 00 111150000000001492516795            
24/10/23 12:46:50 0098 1                  44.766537 8.864225 00 00 313831323045303236343539            
24/10/23 12:47:11 0099 1                  44.766563 8.864235 00 00 313831323045303236343731            
24/10/23 12:47:18 0100 1                  44.766567 8.864235 00 00 313931323045303630343739            
24/10/23 12:47:44 0101 1                  44.766570 8.864225 00 00 313931323050303038343331            
24/10/23 12:47:51 0102 1                  44.766565 8.864225 00 00 313831323045303236303830            
24/10/23 12:49:37 0103 1                  44.766902 8.864333 00 00 313831323045303236343131            
24/10/23 12:49:58 0104 1                  44.766897 8.864325 00 00 313831323045303236333035            
24/10/23 12:50:05 0105 1                  44.766897 8.864333 00 00 313831323045303236313335            
24/10/23 12:50:25 0106 1                  44.766897 8.864322 00 00 313831323045303234363737            
24/10/23 12:50:32 0107 1                  44.766892 8.864312 00 00 313931323050303037383632            
24/10/23 13:00:48 0108 1                  44.764477 8.862928 00 00 31383033304D303034343338            
24/10/23 13:01:01 0109 1                  44.764490 8.862945 00 00 313931323050303031353138            
24/10/23 13:01:20 0110 1                  44.764510 8.862972 00 00 3139313130304A3032303334            
24/10/23 13:02:48 0111 1                  44.764863 8.862938 00 00 313831323045303235353234            
24/10/23 13:03:43 0112 1                  44.765025 8.863058 00 00 313931323050303035323833            
24/10/23 13:03:57 0113 1                  44.765005 8.863080 00 00 313831323045303236363236            
24/10/23 13:04:47 0114 1                  44.765350 8.863142 00 00 31383033304D303034343034            
24/10/23 13:04:56 0115 1                  44.765365 8.863172 00 00 313831323045303236353334            
24/10/23 13:06:12 0116 1                  44.765847 8.863662 00 00 313831323045303236353735            
24/10/23 13:06:12 0117 1                  44.765847 8.863662 00 00 313831323045303236363231            
24/10/23 13:06:59 0118 1                  44.765863 8.863675 00 00 313831323045303236323833            
24/10/23 13:07:05 0119 1                  44.765877 8.863660 00 00 313931323050303034373236            
24/10/23 13:08:50 0120 1                  44.766018 8.863162 00 00 313831323045303236353232            
24/10/23 13:09:09 0121 1                  44.766017 8.863162 00 00 313931323050303132353936            
24/10/23 13:10:16 0122 1                  44.766160 8.862757 00 00 313831323045303236323438            
24/10/23 13:15:55 0123 1                  44.762948 8.854873 00 00 313931313030503030313537            
24/10/23 13:16:21 0124 1                  44.762937 8.854887 00 00 313931313030503030313539            
24/10/23 13:16:48 0125 1                  44.762930 8.854890 00 00 313931313030503030313536            
24/10/23 13:17:25 0126 1                  44.762923 8.854895 00 00 313931313030503030323737            
24/10/23 13:22:11 0127 1                  44.767848 8.854132 00 00 313931313030503030303137            
24/10/23 13:55:58 0000 s 01503ver01 44.766293 8.854500 00 00
24/10/23 13:58:28 0128 1                  44.766145 8.854103 00 00 313931313030503030303432            
24/10/23 13:58:56 0129 1                  44.766143 8.854110 00 00 313931313030503030303431            
24/10/23 14:02:32 0000 s 01503ver01 44.767775 8.864327 00 00
24/10/23 14:10:54 0000 s 01503ver01 44.767697 8.864398 00 00
24/10/23 14:12:25 0130 1                  44.767697 8.864435 00 00 303ACB034054E49AC6892B8F            
24/10/23 14:12:36 0131 1                  44.767690 8.864447 00 00 303264069403BC4000000141            
24/10/23 14:12:36 0132 1                  44.767690 8.864447 00 00 303ACB034020EE59D8B63F99            
24/10/23 14:12:36 0133 1                  44.767690 8.864447 00 00 303ACA4983B4C81C63DB05DA            
24/10/23 14:12:44 0134 1                  44.767685 8.864455 00 00 3035EB5FA04CD607FE043F4C            
24/10/23 14:13:15 0135 1                  44.767707 8.864473 00 00 303ACB034031D559D8B66600            
24/10/23 14:13:17 0136 1                  44.767707 8.864472 00 00 303ACA498392E39C5DCCE44F            
24/10/23 14:14:15 0137 1                  44.767703 8.864512 00 00 3034F722D44468425E311B4C            
24/10/23 14:14:22 0138 1                  44.767702 8.864538 00 00 3034F722D44B820260C578C5            
24/10/23 14:14:29 0139 1                  44.767697 8.864542 00 00 777777203303045571290000            
24/10/23 14:15:14 0140 1                  44.767663 8.864567 00 00 30395DFA8338EB40003750E3            
24/10/23 14:35:18 0000 s 01503ver01 44.767695 8.864480 00 00
24/10/23 14:44:35 0141 1                  44.789012 8.865040 00 00 000000001426096300000000            
24/10/23 15:31:16 0000 s 01503ver01 44.801412 8.749555 00 00
24/10/23 15:51:18 0000 s 01503ver01 44.801387 8.749590 00 00
24/10/23 15:51:40 0142 1                  44.801327 8.749482 00 00 305A41434E4A454341375050            
24/10/23 16:08:41 0000 s 01503ver01 44.792647 8.739527 00 00
