14/10/23 05:05:36 0000 s 01879ver01 44.882355 8.860012 00 00
14/10/23 05:24:49 0001 1                  44.977232 8.882163 00 00 323030323545303036353635            
14/10/23 05:24:54 0002 1                  44.977230 8.882158 00 00 323030323545303036353634            
14/10/23 05:25:23 0003 1                  44.977243 8.881915 00 00 323030323545303036353636            
14/10/23 05:25:56 0004 1                  44.977148 8.881243 00 00 323030323545303036353536            
14/10/23 05:27:50 0005 1                  44.976383 8.881597 00 00 323030323545303035393435            
14/10/23 05:28:36 0006 1                  44.976927 8.881143 00 00 323030323545303036353538            
14/10/23 05:29:20 0007 1                  44.977412 8.881742 00 00 323030323545303032333339            
14/10/23 05:29:30 0008 1                  44.977422 8.881738 00 00 323030323545303032333236            
14/10/23 05:30:22 0009 1                  44.977590 8.881777 00 00 323030323545303036313238            
14/10/23 05:30:40 0010 1                  44.977660 8.881792 00 00 323030323545303032333234            
14/10/23 05:31:00 0011 1                  44.977748 8.881858 00 00 323030323545303036343731            
14/10/23 05:31:08 0012 1                  44.977755 8.881875 00 00 323030323545303032333137            
14/10/23 05:32:26 0013 1                  44.978073 8.881755 00 00 323030323545303036343631            
14/10/23 05:33:23 0014 1                  44.978358 8.881595 00 00 323030323545303030343936            
14/10/23 05:33:24 0015 1                  44.978358 8.881595 00 00 323030323545303030313730            
14/10/23 05:33:45 0016 1                  44.978322 8.881598 00 00 323030323545303035343939            
14/10/23 05:33:51 0017 1                  44.978313 8.881597 00 00 3232303032334D3030353237            
14/10/23 05:34:29 0018 1                  44.978493 8.881502 00 00 323030323545303036343831            
14/10/23 05:35:15 0019 1                  44.978562 8.880895 00 00 323030323545303036353732            
14/10/23 05:35:46 0020 1                  44.978568 8.880668 00 00 3231303032334D3031323831            
14/10/23 05:36:55 0021 1                  44.978623 8.881335 00 00 323030323545303033313733            
14/10/23 05:37:01 0022 1                  44.978618 8.881337 00 00 3232303032334D3031343539            
14/10/23 05:37:38 0023 1                  44.978863 8.881113 00 00 323030323545303030363234            
14/10/23 05:38:41 0024 1                  44.979353 8.880815 00 00 323030323545303038343031            
14/10/23 05:38:49 0025 1                  44.979340 8.880795 00 00 323030323545303036333736            
14/10/23 05:39:26 0026 1                  44.979443 8.880755 00 00 323030323545303036333430            
14/10/23 05:40:08 0027 1                  44.979653 8.880483 00 00 323030323545303035373334            
14/10/23 05:40:36 0028 1                  44.979702 8.880247 00 00 323030323545303035363635            
14/10/23 05:41:19 0029 1                  44.979777 8.880117 00 00 323030323545303039303239            
14/10/23 05:41:26 0030 1                  44.979767 8.880127 00 00 323030323545303033373237            
14/10/23 05:42:16 0031 1                  44.979867 8.879872 00 00 323030323545303032343933            
14/10/23 05:42:21 0032 1                  44.979868 8.879860 00 00 323030323545303032353035            
14/10/23 05:42:31 0033 1                  44.979835 8.879818 00 00 323030323545303036323639            
14/10/23 05:43:19 0034 1                  44.979962 8.879698 00 00 3231303032334D3031323936            
14/10/23 05:43:24 0035 1                  44.979988 8.879718 00 00 323030323545303036323730            
14/10/23 05:44:03 0036 1                  44.979802 8.879632 00 00 323030323545303036343033            
14/10/23 05:44:46 0037 1                  44.979635 8.879592 00 00 323030323545303030333638            
14/10/23 05:45:33 0038 1                  44.979318 8.879227 00 00 323030323545303037373433            
14/10/23 05:45:42 0039 1                  44.979298 8.879220 00 00 323030323545303030353738            
14/10/23 05:45:46 0040 1                  44.979292 8.879218 00 00 323030323545303030363132            
14/10/23 05:45:57 0041 1                  44.979248 8.879207 00 00 323030323545303030353736            
14/10/23 05:46:03 0042 1                  44.979227 8.879218 00 00 323030323545303030363037            
14/10/23 05:46:09 0043 1                  44.979205 8.879232 00 00 323030323545303030353737            
14/10/23 05:46:45 0044 1                  44.979205 8.878738 00 00 323030323545303036303231            
14/10/23 05:47:12 0045 1                  44.979290 8.878570 00 00 323030323545303030353730            
14/10/23 05:48:21 0046 1                  44.979265 8.879988 00 00 323030323545303036323335            
14/10/23 05:48:36 0047 1                  44.979285 8.879997 00 00 323030323545303036323334            
14/10/23 05:49:12 0048 1                  44.979398 8.880427 00 00 323030323545303036333730            
14/10/23 05:49:55 0049 1                  44.979695 8.880870 00 00 323030323545303035373333            
14/10/23 05:52:46 0050 1                  44.976820 8.877963 00 00 323030323545303036343233            
14/10/23 05:53:27 0051 1                  44.977110 8.877420 00 00 323030323545303036353936            
14/10/23 05:54:10 0052 1                  44.977348 8.876940 00 00 323030323545303035373635            
14/10/23 05:54:17 0053 1                  44.977348 8.876935 00 00 3231303032334D3030393834            
14/10/23 05:55:12 0054 1                  44.977640 8.876468 00 00 3231303032334D3035343339            
14/10/23 05:56:07 0055 1                  44.979198 8.875460 00 00 323030323545303036303535            
14/10/23 05:56:42 0056 1                  44.979353 8.875540 00 00 323030323545303037383135            
14/10/23 05:56:45 0057 1                  44.979353 8.875540 00 00 323030323545303030353131            
14/10/23 05:56:45 0058 1                  44.979353 8.875540 00 00 323030323545303030353132            
14/10/23 05:57:43 0059 1                  44.979542 8.875635 00 00 323030323545303036303433            
14/10/23 05:58:30 0060 1                  44.980123 8.875903 00 00 323030323545303036303432            
14/10/23 05:59:07 0061 1                  44.980407 8.875838 00 00 323030323545303035373833            
14/10/23 05:59:45 0062 1                  44.980713 8.875872 00 00 323030323545303033363233            
14/10/23 06:00:45 0063 1                  44.981585 8.875710 00 00 323032343055303030343233            
14/10/23 06:02:41 0064 1                  44.981708 8.876588 00 00 323030323545303037333530            
14/10/23 06:02:52 0065 1                  44.981743 8.876610 00 00 3233303032334D3030333136            
14/10/23 06:02:57 0066 1                  44.981747 8.876613 00 00 3233303032334D3030333336            
14/10/23 06:03:17 0067 1                  44.981792 8.876650 00 00 323030323545303039303234            
14/10/23 06:03:23 0068 1                  44.981807 8.876660 00 00 323030323545303032373830            
14/10/23 06:03:29 0069 1                  44.981817 8.876670 00 00 323030323545303036393630            
14/10/23 06:05:03 0070 1                  44.981480 8.876642 00 00 323030323545303036303531            
14/10/23 06:05:55 0071 1                  44.981560 8.877155 00 00 323030323545303036333837            
14/10/23 06:06:02 0072 1                  44.981558 8.877160 00 00 323030323545303035363231            
14/10/23 06:06:06 0073 1                  44.981560 8.877162 00 00 323030323545303030353637            
14/10/23 06:06:55 0074 1                  44.981455 8.877617 00 00 323030323545303032383831            
14/10/23 06:06:56 0075 1                  44.981455 8.877617 00 00 3231303032334D3030373936            
14/10/23 06:07:10 0076 1                  44.981448 8.877605 00 00 3232303032334D3031343136            
14/10/23 06:07:50 0077 1                  44.981387 8.877878 00 00 323030323545303030343639            
14/10/23 06:07:54 0078 1                  44.981385 8.877882 00 00 323030323545303037333436            
14/10/23 06:08:34 0079 1                  44.981328 8.878117 00 00 323030323545303033343138            
14/10/23 06:09:17 0080 1                  44.981247 8.878505 00 00 323030323545303038393638            
14/10/23 06:09:18 0081 1                  44.981247 8.878505 00 00 3233303032334D3030333239            
14/10/23 06:09:27 0082 1                  44.981250 8.878508 00 00 323030323545303037333430            
14/10/23 06:09:34 0083 1                  44.981248 8.878508 00 00 323030323545303030363031            
14/10/23 06:11:29 0084 1                  44.981508 8.879308 00 00 323030323545303036333133            
14/10/23 06:11:50 0085 1                  44.981513 8.879310 00 00 323030323545303036353535            
14/10/23 06:11:51 0086 1                  44.981513 8.879310 00 00 323030323545303035363432            
14/10/23 06:11:56 0087 1                  44.981510 8.879312 00 00 323030323545303035363433            
14/10/23 06:13:07 0088 1                  44.981622 8.879317 00 00 323030323545303036333135            
14/10/23 06:13:12 0089 1                  44.981630 8.879315 00 00 323030323545303036333131            
14/10/23 06:14:11 0090 1                  44.981395 8.879340 00 00 323030323545303032313535            
14/10/23 06:14:19 0091 1                  44.981397 8.879347 00 00 323030323545303036323537            
14/10/23 06:16:49 0092 1                  44.981052 8.879837 00 00 323030323545303032393239            
14/10/23 06:17:03 0093 1                  44.981077 8.879840 00 00 3231303032334D3034303939            
14/10/23 06:17:44 0094 1                  44.981008 8.880203 00 00 323030323545303033333937            
14/10/23 06:18:14 0095 1                  44.980812 8.880402 00 00 323030323545303038353834            
14/10/23 06:19:28 0096 1                  44.981317 8.881315 00 00 323030323545303033323131            
14/10/23 06:21:15 0097 1                  44.981263 8.881000 00 00 323030323545303031333132            
14/10/23 06:23:03 0098 1                  44.981645 8.881055 00 00 323031323055303030333231            
14/10/23 06:23:33 0099 1                  44.981668 8.881055 00 00 323030323545303034323136            
14/10/23 06:23:38 0100 1                  44.981672 8.881065 00 00 323030323545303034323137            
14/10/23 06:24:54 0101 1                  44.981675 8.880937 00 00 323030323545303035373131            
14/10/23 06:25:00 0102 1                  44.981673 8.880937 00 00 323030323545303033353036            
14/10/23 06:25:58 0103 1                  44.981715 8.881002 00 00 323030323545303035373231            
14/10/23 06:26:05 0104 1                  44.981740 8.881015 00 00 323030323545303035373230            
14/10/23 06:26:54 0105 1                  44.981618 8.880962 00 00 323032343055303030343137            
14/10/23 06:26:55 0106 1                  44.981618 8.880962 00 00 323031323055303030323739            
14/10/23 06:28:08 0107 1                  44.981615 8.881322 00 00 323030323545303033373034            
14/10/23 06:28:44 0108 1                  44.981797 8.881328 00 00 323030323545303033343630            
14/10/23 06:29:18 0109 1                  44.981968 8.881422 00 00 323030323545303033343530            
14/10/23 06:29:23 0110 1                  44.981978 8.881435 00 00 323030323545303033343637            
14/10/23 06:29:34 0111 1                  44.982010 8.881467 00 00 323030323545303033343539            
14/10/23 06:30:17 0112 1                  44.982127 8.881602 00 00 323030323545303033333635            
14/10/23 06:31:13 0113 1                  44.983477 8.882305 00 00 323030323545303033323433            
14/10/23 06:31:59 0114 1                  44.983663 8.882323 00 00 323030323545303036333931            
14/10/23 06:33:12 0115 1                  44.983260 8.881617 00 00 323030323545303033323533            
14/10/23 06:33:17 0116 1                  44.983252 8.881617 00 00 323030323545303033323630            
14/10/23 06:33:26 0117 1                  44.983242 8.881605 00 00 323030323545303033323439            
14/10/23 06:33:31 0118 1                  44.983242 8.881603 00 00 323030323545303033323539            
14/10/23 06:36:35 0119 1                  44.983292 8.881365 00 00 3232303032334D3030333338            
14/10/23 06:36:39 0120 1                  44.983293 8.881347 00 00 323030323545303032323635            
14/10/23 06:37:14 0121 1                  44.983305 8.880870 00 00 323030323545303032313839            
14/10/23 06:38:10 0122 1                  44.983367 8.880465 00 00 323030323545303032323738            
14/10/23 06:38:15 0123 1                  44.983358 8.880457 00 00 323030323545303032313539            
14/10/23 06:39:46 0124 1                  44.981945 8.880352 00 00 31383032334D303030323632            
14/10/23 06:39:52 0125 1                  44.981983 8.880377 00 00 323030323545303035363435            
14/10/23 06:40:48 0126 1                  44.982012 8.879997 00 00 323030323545303038303037            
14/10/23 06:41:26 0127 1                  44.981983 8.879822 00 00 323030323545303035363434            
14/10/23 06:41:40 0128 1                  44.981970 8.879803 00 00 323030323545303030323430            
14/10/23 06:41:44 0129 1                  44.981972 8.879800 00 00 323030323545303032333632            
14/10/23 06:41:48 0130 1                  44.981967 8.879797 00 00 323030323545303036323737            
14/10/23 06:42:32 0131 1                  44.982005 8.879425 00 00 323030323545303037323535            
14/10/23 06:42:39 0132 1                  44.982008 8.879408 00 00 323030323545303036333838            
14/10/23 06:42:42 0133 1                  44.982013 8.879402 00 00 323030323545303035363139            
14/10/23 06:43:14 0134 1                  44.982075 8.879078 00 00 323030323545303036323736            
14/10/23 06:43:48 0135 1                  44.982118 8.878805 00 00 3232303032334D3031343435            
14/10/23 06:46:43 0136 1                  44.983070 8.878447 00 00 323030323545303035363439            
14/10/23 06:46:50 0137 1                  44.983065 8.878443 00 00 323030323545303035363634            
14/10/23 06:47:25 0138 1                  44.982962 8.878430 00 00 323030323545303035363531            
14/10/23 06:48:12 0139 1                  44.982867 8.878678 00 00 323030323545303035363733            
14/10/23 06:48:19 0140 1                  44.982865 8.878687 00 00 323030323545303035373038            
14/10/23 06:49:04 0141 1                  44.982660 8.878643 00 00 323030323545303035363737            
14/10/23 06:49:09 0142 1                  44.982658 8.878633 00 00 323030323545303035363539            
14/10/23 06:51:09 0143 1                  44.982392 8.878210 00 00 323030323545303035363831            
14/10/23 06:51:14 0144 1                  44.982387 8.878203 00 00 323030323545303035363932            
14/10/23 06:52:13 0145 1                  44.982500 8.878090 00 00 323030323545303035373132            
14/10/23 06:52:19 0146 1                  44.982497 8.878088 00 00 323030323545303034393932            
14/10/23 06:52:26 0147 1                  44.982495 8.878090 00 00 323030323545303035363936            
14/10/23 06:52:38 0148 1                  44.982488 8.878088 00 00 323030323545303032333934            
14/10/23 06:52:40 0149 1                  44.982487 8.878088 00 00 323030323545303035373133            
14/10/23 06:52:44 0150 1                  44.982487 8.878090 00 00 323030323545303035373134            
14/10/23 06:53:49 0151 1                  44.982725 8.877607 00 00 323030323545303032353330            
14/10/23 06:53:56 0152 1                  44.982722 8.877605 00 00 3231303032334D3030343838            
14/10/23 06:55:13 0153 1                  44.982010 8.878687 00 00 323030323545303030353033            
14/10/23 06:55:18 0154 1                  44.982018 8.878692 00 00 3231303032334D3033383632            
14/10/23 06:55:24 0155 1                  44.982023 8.878693 00 00 323030323545303030353031            
14/10/23 06:55:31 0156 1                  44.982028 8.878695 00 00 323030323545303030343831            
14/10/23 06:56:26 0157 1                  44.982010 8.878702 00 00 323031323055303030313734            
14/10/23 06:57:20 0158 1                  44.981875 8.878587 00 00 323030323545303030353032            
14/10/23 06:57:54 0159 1                  44.981708 8.878498 00 00 323030323545303036323633            
14/10/23 06:58:39 0160 1                  44.981577 8.878475 00 00 323030323545303035363736            
14/10/23 06:58:43 0161 1                  44.981580 8.878478 00 00 323030323545303035363734            
14/10/23 06:58:55 0162 1                  44.981587 8.878487 00 00 323030323545303037333837            
14/10/23 06:58:59 0163 1                  44.981587 8.878487 00 00 323030323545303036323239            
14/10/23 07:00:50 0164 1                  44.981255 8.880407 00 00 323030323545303036333938            
14/10/23 07:01:23 0165 1                  44.981298 8.880330 00 00 323030323545303035363631            
14/10/23 07:01:32 0166 1                  44.981303 8.880333 00 00 323030323545303036333235            
14/10/23 07:02:11 0167 1                  44.981395 8.880115 00 00 323030323545303035373235            
14/10/23 07:04:28 0168 1                  44.980608 8.880492 00 00 323030323545303032393330            
14/10/23 07:05:03 0169 1                  44.980582 8.880425 00 00 323030323545303030353931            
14/10/23 07:05:08 0170 1                  44.980580 8.880428 00 00 323030323545303030343834            
14/10/23 07:05:12 0171 1                  44.980580 8.880432 00 00 323030323545303033363332            
14/10/23 07:05:58 0172 1                  44.980557 8.879940 00 00 323030323545303032383835            
14/10/23 07:06:03 0173 1                  44.980562 8.879935 00 00 323030323545303032393431            
14/10/23 07:06:12 0174 1                  44.980568 8.879930 00 00 323030323545303035373238            
14/10/23 07:06:58 0175 1                  44.980552 8.879713 00 00 323030323545303032333838            
14/10/23 07:07:03 0176 1                  44.980548 8.879720 00 00 323030323545303032333435            
14/10/23 07:07:59 0177 1                  44.980753 8.879545 00 00 3232303032334D3030303133            
14/10/23 07:08:04 0178 1                  44.980755 8.879550 00 00 323030323545303033343337            
14/10/23 07:08:10 0179 1                  44.980758 8.879557 00 00 323030323545303032393131            
14/10/23 07:08:44 0180 1                  44.980583 8.879502 00 00 323030323545303033343430            
14/10/23 07:08:48 0181 1                  44.980575 8.879497 00 00 323030323545303033353237            
14/10/23 07:08:55 0182 1                  44.980560 8.879487 00 00 323030323545303033353835            
14/10/23 07:09:31 0183 1                  44.980428 8.879493 00 00 323030323545303033353836            
14/10/23 07:10:22 0184 1                  44.980143 8.879392 00 00 323030323545303033303135            
14/10/23 07:11:06 0185 1                  44.980235 8.878975 00 00 323030323545303036353036            
14/10/23 07:12:09 0186 1                  44.980348 8.878680 00 00 323030323545303036353134            
14/10/23 07:12:24 0187 1                  44.980355 8.878673 00 00 323030323545303036353136            
14/10/23 07:12:29 0188 1                  44.980357 8.878672 00 00 3232303032334D3031363438            
14/10/23 07:12:34 0189 1                  44.980355 8.878668 00 00 323030323545303037393635            
14/10/23 07:12:38 0190 1                  44.980355 8.878665 00 00 323030323545303034323437            
14/10/23 07:13:22 0191 1                  44.980407 8.878500 00 00 323030323545303033313530            
14/10/23 07:13:50 0192 1                  44.980487 8.878335 00 00 323030323545303033313931            
14/10/23 07:14:21 0193 1                  44.980622 8.878087 00 00 323030323545303033313532            
14/10/23 07:14:56 0194 1                  44.980767 8.877738 00 00 323030323545303033313834            
14/10/23 07:15:36 0195 1                  44.980920 8.877378 00 00 323030323545303036303030            
14/10/23 07:16:11 0196 1                  44.980975 8.877190 00 00 323030323545303035393938            
14/10/23 07:16:28 0197 1                  44.980962 8.877192 00 00 323030323545303034313832            
14/10/23 07:17:42 0198 1                  44.981150 8.878140 00 00 323030323545303036333032            
14/10/23 07:18:18 0199 1                  44.980998 8.878067 00 00 323030323545303030353734            
14/10/23 07:18:25 0200 1                  44.980992 8.878058 00 00 323030323545303030363131            
14/10/23 07:18:33 0201 1                  44.980985 8.878048 00 00 323030323545303030363033            
14/10/23 07:18:39 0202 1                  44.980982 8.878033 00 00 323030323545303030363034            
14/10/23 07:19:28 0203 1                  44.980745 8.877968 00 00 323030323545303037363235            
14/10/23 07:21:51 0204 1                  44.980917 8.878618 00 00 323030323545303032383935            
14/10/23 07:22:35 0205 1                  44.980860 8.878853 00 00 323030323545303032323435            
14/10/23 07:22:41 0206 1                  44.980865 8.878862 00 00 323030323545303032353032            
14/10/23 07:22:46 0207 1                  44.980868 8.878862 00 00 323030323545303032343936            
14/10/23 07:22:51 0208 1                  44.980873 8.878858 00 00 323030323545303032343433            
14/10/23 07:23:31 0209 1                  44.980810 8.878985 00 00 323030323545303036363933            
14/10/23 07:23:36 0210 1                  44.980810 8.878987 00 00 323030323545303033353633            
14/10/23 07:24:24 0211 1                  44.980673 8.879263 00 00 323030323545303033353635            
14/10/23 07:26:17 0212 1                  44.981713 8.877355 00 00 323030323545303032393632            
14/10/23 07:26:23 0213 1                  44.981713 8.877357 00 00 323030323545303038333931            
14/10/23 07:26:30 0214 1                  44.981713 8.877355 00 00 323030323545303036333439            
14/10/23 07:27:19 0215 1                  44.981953 8.877363 00 00 323030323545303036333130            
14/10/23 07:27:39 0216 1                  44.981963 8.877380 00 00 323030323545303036313833            
14/10/23 07:27:43 0217 1                  44.981963 8.877380 00 00 323030323545303036323236            
14/10/23 07:27:48 0218 1                  44.981965 8.877375 00 00 323030323545303032343031            
14/10/23 07:28:47 0219 1                  44.982140 8.877442 00 00 323030323545303032333630            
14/10/23 07:28:52 0220 1                  44.982145 8.877440 00 00 323030323545303032333531            
14/10/23 07:29:27 0221 1                  44.982307 8.877555 00 00 323030323545303035363934            
14/10/23 07:29:31 0222 1                  44.982307 8.877558 00 00 323030323545303035363933            
14/10/23 07:30:01 0223 1                  44.982387 8.877673 00 00 323030323545303035353435            
14/10/23 07:32:06 0224 1                  44.983908 8.879008 00 00 323030323545303032323534            
14/10/23 07:32:39 0225 1                  44.983912 8.879203 00 00 323030323545303032323438            
14/10/23 07:33:06 0226 1                  44.983890 8.879395 00 00 323030323545303032323436            
14/10/23 07:33:14 0227 1                  44.983862 8.879385 00 00 323030323545303032323434            
14/10/23 07:33:57 0228 1                  44.983823 8.879780 00 00 323030323545303032323630            
14/10/23 07:34:02 0229 1                  44.983827 8.879790 00 00 323030323545303036323230            
14/10/23 07:34:10 0230 1                  44.983830 8.879798 00 00 3232303032334D3031333837            
14/10/23 07:34:15 0231 1                  44.983830 8.879800 00 00 323030323545303032333336            
14/10/23 07:35:59 0232 1                  44.985082 8.880700 00 00 323030323545303032333138            
14/10/23 07:36:08 0233 1                  44.985090 8.880725 00 00 323030323545303032323537            
14/10/23 07:36:59 0234 1                  44.985098 8.881098 00 00 323030323545303032373937            
14/10/23 07:39:08 0235 1                  44.984938 8.881730 00 00 323030323545303032323636            
14/10/23 07:39:18 0236 1                  44.984950 8.881742 00 00 323030323545303035383739            
14/10/23 07:41:27 0237 1                  44.985005 8.881683 00 00 323030323545303035393333            
14/10/23 07:41:35 0238 1                  44.984997 8.881677 00 00 323030323545303032323639            
14/10/23 07:43:55 0239 1                  44.985657 8.879897 00 00 323030323545303033313539            
14/10/23 07:44:48 0240 1                  44.985645 8.879997 00 00 323030323545303032333133            
14/10/23 07:45:25 0241 1                  44.985608 8.880323 00 00 323030323545303032333032            
14/10/23 07:45:57 0242 1                  44.985645 8.880498 00 00 323030323545303032333039            
14/10/23 07:46:05 0243 1                  44.985648 8.880492 00 00 323030323545303038363438            
14/10/23 07:49:13 0244 1                  44.985340 8.879935 00 00 323030323545303032313732            
14/10/23 07:49:19 0245 1                  44.985338 8.879937 00 00 323030323545303032313731            
14/10/23 07:49:24 0246 1                  44.985335 8.879940 00 00 323030323545303032313730            
14/10/23 07:50:00 0247 1                  44.985278 8.880398 00 00 323030323545303033313538            
14/10/23 07:51:27 0248 1                  44.984338 8.879523 00 00 323030323545303030363136            
14/10/23 07:51:30 0249 1                  44.984338 8.879522 00 00 323030323545303036333939            
14/10/23 07:51:43 0250 1                  44.984337 8.879513 00 00 323030323545303033313031            
14/10/23 07:52:15 0251 1                  44.984330 8.879863 00 00 323030323545303032323932            
14/10/23 07:52:43 0252 1                  44.984318 8.879982 00 00 323030323545303032323931            
14/10/23 07:52:54 0253 1                  44.984322 8.879987 00 00 323030323545303033313436            
14/10/23 08:33:03 0000 s 01879ver01 44.982125 8.875163 00 00
14/10/23 08:39:04 0254 1                  45.004367 8.850610 00 00 323030323545303030313939            
14/10/23 08:44:01 0255 1                  44.982450 8.866692 00 00 323030323545303032373730            
14/10/23 08:45:26 0256 1                  44.982773 8.866088 00 00 323030323545303036333036            
14/10/23 08:46:04 0257 1                  44.982498 8.866053 00 00 323030323545303032343536            
14/10/23 08:48:56 0258 1                  44.981212 8.875157 00 00 3231303234304A3034343632            
14/10/23 08:49:38 0259 1                  44.981183 8.875145 00 00 3231303234304A3034343633            
14/10/23 08:52:48 0260 1                  44.980587 8.874930 00 00 323032343055303030353338            
14/10/23 10:03:12 0000 s 01879ver01 44.878318 8.856180 00 00
14/10/23 10:11:58 0000 s 01879ver01 44.882257 8.860300 00 00
