14/10/23 05:29:36 0000 s 01506ver01 44.792750 8.739460 00 00
14/10/23 05:50:05 0001 1                  44.842510 8.581135 00 00 3231303032334D3030373731            
14/10/23 05:50:16 0002 1                  44.842505 8.581137 00 00 31383032334D303035393738            
14/10/23 05:50:48 0003 1                  44.842543 8.580668 00 00 323031323055303030303733            
14/10/23 05:53:00 0004 1                  44.842455 8.579348 00 00 313831323045303039323239            
14/10/23 05:58:12 0005 1                  44.843080 8.577022 00 00 31383032334D303039373231            
14/10/23 06:06:55 0006 1                  44.843180 8.574993 00 00 31383032334D303130363534            
14/10/23 06:08:37 0007 1                  44.843148 8.576107 00 00 31383032334D303039373530            
14/10/23 06:14:53 0008 1                  44.844753 8.572582 00 00 3232303032334D3030353133            
14/10/23 06:16:41 0009 1                  44.843913 8.574248 00 00 31383032334D303035363034            
14/10/23 06:19:40 0010 1                  44.843802 8.576205 00 00 31383032334D303132373639            
14/10/23 06:22:28 0011 1                  44.844133 8.576800 00 00 31383032334D303035383836            
14/10/23 06:25:07 0012 1                  44.844728 8.575567 00 00 3231303132304A3037363837            
14/10/23 06:25:49 0013 1                  44.845082 8.575448 00 00 3231303234304A3034323131            
14/10/23 06:25:53 0014 1                  44.845083 8.575447 00 00 3231303234304A3034333635            
14/10/23 06:27:44 0015 1                  44.845277 8.575783 00 00 31383032334D303034313631            
14/10/23 06:32:19 0016 1                  44.845455 8.576202 00 00 3231303032334D3030303638            
14/10/23 06:32:39 0017 1                  44.845538 8.576085 00 00 31383032334D303035393132            
14/10/23 06:33:37 0018 1                  44.846230 8.576858 00 00 313831323045303039323131            
14/10/23 06:34:05 0019 1                  44.846268 8.577025 00 00 31383032334D303132373731            
14/10/23 06:43:41 0020 1                  44.844320 8.577557 00 00 313831323045303039303437            
14/10/23 06:45:22 0021 1                  44.844575 8.578555 00 00 31383032334D303039393732            
14/10/23 06:46:22 0022 1                  44.843875 8.578182 00 00 3231303132304A3035323832            
14/10/23 06:46:28 0023 1                  44.843873 8.578182 00 00 3231303132304A3035323833            
14/10/23 06:48:10 0024 1                  44.843803 8.578598 00 00 31383032334D303136383032            
14/10/23 06:48:16 0025 1                  44.843822 8.578620 00 00 31383032334D303033313137            
14/10/23 06:48:21 0026 1                  44.843827 8.578628 00 00 31383032334D303034313938            
14/10/23 06:48:27 0027 1                  44.843830 8.578645 00 00 31383032334D303130383931            
14/10/23 06:54:10 0028 1                  44.847120 8.575072 00 00 31383032334D303035373136            
14/10/23 06:56:09 0029 1                  44.846782 8.574687 00 00 181262307300033650150292            
14/10/23 06:56:11 0030 1                  44.846767 8.574665 00 00 181212306900043400000000            
14/10/23 06:56:20 0031 1                  44.846455 8.575088 00 00 31383032334D303035373531            
14/10/23 07:04:25 0032 1                  44.844712 8.574228 00 00 31383032334D303136393435            
14/10/23 07:05:49 0033 1                  44.844422 8.572832 00 00 3232303032334D3031373032            
14/10/23 07:07:11 0034 1                  44.843710 8.573335 00 00 31383032334D303034313739            
14/10/23 07:09:26 0035 1                  44.843772 8.572227 00 00 31383032334D30B132343334            
14/10/23 07:10:15 0036 1                  44.843678 8.572710 00 00 31383032334D303034313733            
14/10/23 07:12:20 0037 1                  44.843222 8.573235 00 00 31383032334D303039373332            
14/10/23 07:15:28 0038 1                  44.846535 8.574972 00 00 31383032334D303035373531            
14/10/23 08:08:05 0000 s 01506ver01 44.846292 8.575125 00 00
14/10/23 08:09:59 0039 1                  44.844850 8.572192 00 00 000000000000000009646381            
14/10/23 08:35:08 0040 1                  44.859192 8.554305 00 00 31383032334D303039393931            
14/10/23 08:41:20 0041 1                  44.858280 8.549318 00 00 323032343055303030313832            
14/10/23 08:42:11 0042 1                  44.858287 8.549310 00 00 323032343055303030323433            
14/10/23 08:49:47 0043 1                  44.850598 8.515095 00 00 323030323545303033363538            
14/10/23 08:55:59 0044 1                  44.849528 8.544692 00 00 3231303234304A3031313735            
14/10/23 09:01:07 0045 1                  44.861008 8.549447 00 00 31383032334D303130343735            
14/10/23 10:08:31 0000 s 01506ver01 44.844918 8.578252 00 00
14/10/23 10:25:55 0046 1                  44.835307 8.624385 00 00 414D41473032343043433034            
14/10/23 10:31:00 0000 s 01506ver01 44.824133 8.680283 00 00
