14/10/23 05:32:25 0000 s 01486ver01 44.882552 8.859767 00 00
14/10/23 05:50:46 0001 1                  44.971500 8.881685 00 00 31383032334D303035393936            
14/10/23 05:50:53 0002 1                  44.971497 8.881690 00 00 323030323545303039333231            
14/10/23 05:51:54 0003 1                  44.971100 8.881460 00 00 323030323545303038363033            
14/10/23 05:52:55 0004 1                  44.972008 8.881065 00 00 3231303032334D3030343333            
14/10/23 05:53:38 0005 1                  44.973098 8.881530 00 00 3232303032334D3031333930            
14/10/23 05:53:57 0006 1                  44.973272 8.881572 00 00 323030323545303030383839            
14/10/23 05:54:07 0007 1                  44.973278 8.881563 00 00 323030323545303030383838            
14/10/23 05:54:16 0008 1                  44.973332 8.881577 00 00 323030323545303030393230            
14/10/23 05:54:21 0009 1                  44.973330 8.881580 00 00 323030323545303030393136            
14/10/23 05:54:29 0010 1                  44.973377 8.881602 00 00 323030323545303030383538            
14/10/23 05:54:34 0011 1                  44.973382 8.881617 00 00 323030323545303030393139            
14/10/23 05:54:44 0012 1                  44.973467 8.881640 00 00 323030323545303030393138            
14/10/23 05:54:48 0013 1                  44.973468 8.881645 00 00 323030323545303030383539            
14/10/23 05:54:59 0014 1                  44.973538 8.881643 00 00 3231303032334D3034323831            
14/10/23 05:55:03 0015 1                  44.973555 8.881652 00 00 323030323545303030383634            
14/10/23 05:55:24 0016 1                  44.973682 8.881665 00 00 323030323545303035383833            
14/10/23 05:55:37 0017 1                  44.973810 8.881713 00 00 323030323545303037393735            
14/10/23 05:55:41 0018 1                  44.973807 8.881713 00 00 323030323545303036303634            
14/10/23 05:56:04 0019 1                  44.973983 8.881772 00 00 323030323545303030343432            
14/10/23 05:56:10 0020 1                  44.973987 8.881795 00 00 323030323545303035393531            
14/10/23 05:56:28 0021 1                  44.974157 8.881817 00 00 323030323545303035393036            
14/10/23 05:56:47 0022 1                  44.974388 8.881867 00 00 323030323545303035393037            
14/10/23 05:57:17 0023 1                  44.974947 8.881982 00 00 323030323545303030363135            
14/10/23 05:57:26 0024 1                  44.974953 8.881963 00 00 323030323545303035383834            
14/10/23 05:57:36 0025 1                  44.975005 8.881945 00 00 323030323545303035373634            
14/10/23 05:58:17 0026 1                  44.975843 8.882227 00 00 323030323545303035393937            
14/10/23 05:58:33 0027 1                  44.975828 8.882237 00 00 323030323545303036303230            
14/10/23 06:00:01 0028 1                  44.975338 8.881468 00 00 323030323545303038303738            
14/10/23 06:00:06 0029 1                  44.975338 8.881468 00 00 323030323545303037333936            
14/10/23 06:00:11 0030 1                  44.975335 8.881477 00 00 323030323545303038303636            
14/10/23 06:00:19 0031 1                  44.975345 8.881480 00 00 323030323545303038303438            
14/10/23 06:00:27 0032 1                  44.975352 8.881482 00 00 323030323545303038303637            
14/10/23 06:00:33 0033 1                  44.975345 8.881485 00 00 323030323545303030343133            
14/10/23 06:01:23 0034 1                  44.976135 8.882252 00 00 323030323545303036303139            
14/10/23 06:01:40 0035 1                  44.976360 8.882290 00 00 323030323545303038323133            
14/10/23 06:02:17 0036 1                  44.976055 8.883170 00 00 323030323545303036313734            
14/10/23 06:02:42 0037 1                  44.975698 8.883752 00 00 323030323545303036313534            
14/10/23 06:03:09 0038 1                  44.975683 8.884823 00 00 323030323545303036313433            
14/10/23 06:03:31 0039 1                  44.975907 8.885062 00 00 323030323545303035373835            
14/10/23 06:03:53 0040 1                  44.976372 8.885227 00 00 323030323545303033303433            
14/10/23 06:03:58 0041 1                  44.976377 8.885237 00 00 323030323545303035383332            
14/10/23 06:04:03 0042 1                  44.976398 8.885242 00 00 323030323545303035383035            
14/10/23 06:04:08 0043 1                  44.976400 8.885242 00 00 323030323545303035383036            
14/10/23 06:05:33 0044 1                  44.976750 8.885342 00 00 323030323545303035383239            
14/10/23 06:05:47 0045 1                  44.976842 8.885368 00 00 323030323545303035373730            
14/10/23 06:06:21 0046 1                  44.977715 8.885610 00 00 323030323545303035393535            
14/10/23 06:06:41 0047 1                  44.977693 8.885958 00 00 323030323545303036363537            
14/10/23 06:07:10 0048 1                  44.978077 8.886317 00 00 323030323545303036363539            
14/10/23 06:07:18 0049 1                  44.978083 8.886390 00 00 323030323545303036363630            
14/10/23 06:07:49 0050 1                  44.978120 8.886523 00 00 323030323545303032393636            
14/10/23 06:07:53 0051 1                  44.978130 8.886537 00 00 323030323545303032393633            
14/10/23 06:07:59 0052 1                  44.978135 8.886547 00 00 323030323545303032333733            
14/10/23 06:08:03 0053 1                  44.978133 8.886547 00 00 323030323545303032393634            
14/10/23 06:08:08 0054 1                  44.978125 8.886542 00 00 323030323545303032393635            
14/10/23 06:08:38 0055 1                  44.978335 8.886433 00 00 323030323545303036363232            
14/10/23 06:08:49 0056 1                  44.978335 8.886447 00 00 323030323545303036363631            
14/10/23 06:09:01 0057 1                  44.978385 8.886462 00 00 323030323545303036363530            
14/10/23 06:09:19 0058 1                  44.978550 8.886298 00 00 323030323545303030343438            
14/10/23 06:09:30 0059 1                  44.978563 8.886158 00 00 323030323545303030343534            
14/10/23 06:09:35 0060 1                  44.978573 8.886155 00 00 323030323545303030343533            
14/10/23 06:10:12 0061 1                  44.978530 8.885742 00 00 323030323545303032393730            
14/10/23 06:10:17 0062 1                  44.978513 8.885733 00 00 323030323545303035393133            
14/10/23 06:10:35 0063 1                  44.978488 8.885658 00 00 323030323545303032383732            
14/10/23 06:10:46 0064 1                  44.978462 8.885707 00 00 3232303032334D3030393532            
14/10/23 06:11:04 0065 1                  44.978423 8.885875 00 00 323030323545303037383632            
14/10/23 06:12:28 0066 1                  44.977720 8.886753 00 00 3231303032334D3031373432            
14/10/23 06:12:37 0067 1                  44.977720 8.886763 00 00 3231303032334D3032303631            
14/10/23 06:12:41 0068 1                  44.977720 8.886768 00 00 323030323545303032383338            
14/10/23 06:12:49 0069 1                  44.977717 8.886777 00 00 323030323545303030323330            
14/10/23 06:12:53 0070 1                  44.977715 8.886780 00 00 323030323545303032393432            
14/10/23 06:13:17 0071 1                  44.977753 8.886450 00 00 323030323545303030323033            
14/10/23 06:13:21 0072 1                  44.977757 8.886442 00 00 323030323545303032393034            
14/10/23 06:13:56 0073 1                  44.978095 8.885277 00 00 323030323545303035383931            
14/10/23 06:14:24 0074 1                  44.977988 8.884563 00 00 323030323545303036363235            
14/10/23 06:14:41 0075 1                  44.977938 8.884367 00 00 323030323545303035383235            
14/10/23 06:14:56 0076 1                  44.977920 8.884388 00 00 323030323545303030353030            
14/10/23 06:15:19 0077 1                  44.977837 8.884237 00 00 3232303032334D3030373834            
14/10/23 06:15:30 0078 1                  44.977757 8.884043 00 00 323030323545303035383132            
14/10/23 06:15:53 0079 1                  44.977437 8.884047 00 00 323030323545303035383831            
14/10/23 06:16:12 0080 1                  44.977335 8.884145 00 00 323030323545303032323431            
14/10/23 06:16:21 0081 1                  44.977298 8.884190 00 00 323030323545303033303839            
14/10/23 06:16:30 0082 1                  44.977255 8.884178 00 00 323030323545303033303031            
14/10/23 06:16:41 0083 1                  44.977182 8.884233 00 00 323030323545303033303030            
14/10/23 06:16:54 0084 1                  44.977147 8.884267 00 00 3231303032334D3035343433            
14/10/23 06:17:13 0085 1                  44.976880 8.884475 00 00 323030323545303033303838            
14/10/23 06:18:34 0086 1                  44.976345 8.885820 00 00 323030323545303036313030            
14/10/23 06:18:39 0087 1                  44.976338 8.885822 00 00 323030323545303036303939            
14/10/23 06:18:43 0088 1                  44.976343 8.885823 00 00 323030323545303036303938            
14/10/23 06:19:00 0089 1                  44.976560 8.885895 00 00 323030323545303032373832            
14/10/23 06:19:05 0090 1                  44.976573 8.885900 00 00 323030323545303032383632            
14/10/23 06:19:11 0091 1                  44.976573 8.885913 00 00 323030323545303032373936            
14/10/23 06:19:32 0092 1                  44.976777 8.885995 00 00 323030323545303032383638            
14/10/23 06:19:37 0093 1                  44.976785 8.885985 00 00 323030323545303032383730            
14/10/23 06:20:33 0094 1                  44.977067 8.886033 00 00 323030323545303032383535            
14/10/23 06:20:36 0095 1                  44.977082 8.886050 00 00 323030323545303032383536            
14/10/23 06:20:37 0096 1                  44.977082 8.886050 00 00 323030323545303032383537            
14/10/23 06:20:43 0097 1                  44.977090 8.886063 00 00 323030323545303036313537            
14/10/23 06:21:10 0098 1                  44.977340 8.886163 00 00 323030323545303032393139            
14/10/23 06:21:15 0099 1                  44.977347 8.886160 00 00 3232303032334D3031363436            
14/10/23 06:23:54 0100 1                  44.969585 8.885255 00 00 3231303032334D3031303837            
14/10/23 06:23:59 0101 1                  44.969560 8.885242 00 00 323030323545303032353031            
14/10/23 06:24:03 0102 1                  44.969532 8.885228 00 00 323030323545303032313832            
14/10/23 06:24:43 0103 1                  44.968962 8.885063 00 00 323030323545303035383138            
14/10/23 06:25:19 0104 1                  44.968733 8.885002 00 00 323030323545303035383139            
14/10/23 06:25:23 0105 1                  44.968728 8.884995 00 00 3231303032334D3030373938            
14/10/23 06:29:06 0106 1                  44.976830 8.882565 00 00 323030323545303035393636            
14/10/23 06:29:42 0107 1                  44.976942 8.882545 00 00 323030323545303035393635            
14/10/23 06:30:24 0108 1                  44.977415 8.883252 00 00 323030323545303035373734            
14/10/23 06:30:32 0109 1                  44.977468 8.883340 00 00 323030323545303035383636            
14/10/23 06:31:07 0110 1                  44.978177 8.884918 00 00 323030323545303030333432            
14/10/23 06:31:11 0111 1                  44.978185 8.884922 00 00 323030323545303030343237            
14/10/23 06:31:29 0112 1                  44.978470 8.885053 00 00 323030323545303036343833            
14/10/23 06:31:42 0113 1                  44.978587 8.885047 00 00 323030323545303037323834            
14/10/23 06:31:59 0114 1                  44.978802 8.885110 00 00 323030323545303036363233            
14/10/23 06:32:10 0115 1                  44.978910 8.885143 00 00 323030323545303035383536            
14/10/23 06:32:25 0116 1                  44.979075 8.885180 00 00 323030323545303038393637            
14/10/23 06:32:37 0117 1                  44.979098 8.885127 00 00 323030323545303035383937            
14/10/23 06:32:53 0118 1                  44.979055 8.885017 00 00 323030323545303039303439            
14/10/23 06:33:26 0119 1                  44.979272 8.885617 00 00 323030323545303036373636            
14/10/23 06:33:30 0120 1                  44.979282 8.885623 00 00 323030323545303036373635            
14/10/23 06:33:48 0121 1                  44.979222 8.886003 00 00 323030323545303035363233            
14/10/23 06:34:06 0122 1                  44.979197 8.886340 00 00 323030323545303035383631            
14/10/23 06:34:21 0123 1                  44.979152 8.886555 00 00 323030323545303035383538            
14/10/23 06:35:14 0124 1                  44.978693 8.889078 00 00 323030323545303035383234            
14/10/23 06:35:27 0125 1                  44.978692 8.889330 00 00 3231303032334D3031383833            
14/10/23 06:35:54 0126 1                  44.978977 8.889803 00 00 323030323545303032323130            
14/10/23 06:35:57 0127 1                  44.978980 8.889817 00 00 3231303032334D3033393133            
14/10/23 06:36:39 0128 1                  44.979133 8.889857 00 00 323030323545303033383230            
14/10/23 06:36:48 0129 1                  44.979122 8.889850 00 00 323030323545303030343730            
14/10/23 06:36:50 0130 1                  44.979128 8.889852 00 00 323030323545303033383134            
14/10/23 06:36:52 0131 1                  44.979140 8.889865 00 00 323030323545303033373730            
14/10/23 06:36:57 0132 1                  44.979122 8.889838 00 00 323030323545303032323135            
14/10/23 06:37:01 0133 1                  44.979127 8.889847 00 00 323030323545303033383133            
14/10/23 06:37:59 0134 1                  44.979220 8.889747 00 00 323030323545303033383232            
14/10/23 06:38:05 0135 1                  44.979237 8.889778 00 00 323030323545303033383039            
14/10/23 06:38:27 0136 1                  44.979528 8.889935 00 00 323030323545303032323337            
14/10/23 06:38:31 0137 1                  44.979532 8.889925 00 00 323030323545303032323335            
14/10/23 06:38:38 0138 1                  44.979532 8.889912 00 00 323030323545303032323336            
14/10/23 06:38:54 0139 1                  44.979573 8.889903 00 00 323030323545303033383233            
14/10/23 06:38:58 0140 1                  44.979578 8.889915 00 00 323030323545303033383139            
14/10/23 06:39:05 0141 1                  44.979583 8.889927 00 00 323030323545303032313337            
14/10/23 06:39:25 0142 1                  44.979742 8.889965 00 00 323030323545303033383331            
14/10/23 06:39:29 0143 1                  44.979753 8.889980 00 00 323030323545303033383138            
14/10/23 06:39:39 0144 1                  44.979780 8.890040 00 00 323030323545303033383332            
14/10/23 06:39:43 0145 1                  44.979790 8.890068 00 00 323030323545303033383330            
14/10/23 06:39:45 0146 1                  44.979795 8.890078 00 00 323030323545303032323936            
14/10/23 06:41:34 0147 1                  44.978505 8.890473 00 00 323030323545303035363030            
14/10/23 06:41:41 0148 1                  44.978497 8.890477 00 00 323030323545303035363031            
14/10/23 06:42:42 0149 1                  44.978147 8.893258 00 00 323030323545303033303034            
14/10/23 06:42:46 0150 1                  44.978137 8.893248 00 00 323030323545303032383232            
14/10/23 06:42:52 0151 1                  44.978132 8.893243 00 00 323030323545303030343937            
14/10/23 06:45:04 0152 1                  44.976837 8.893555 00 00 323030323545303032313737            
14/10/23 06:45:32 0153 1                  44.976977 8.893595 00 00 323030323545303035363037            
14/10/23 06:45:52 0154 1                  44.976987 8.893618 00 00 323030323545303033303739            
14/10/23 06:46:07 0155 1                  44.977028 8.893637 00 00 323030323545303032373935            
14/10/23 06:46:12 0156 1                  44.977027 8.893632 00 00 323030323545303030353239            
14/10/23 06:46:32 0157 1                  44.977182 8.893660 00 00 323030323545303036333737            
14/10/23 06:46:55 0158 1                  44.977457 8.893735 00 00 323030323545303036373137            
14/10/23 06:47:09 0159 1                  44.977450 8.893727 00 00 323030323545303036363035            
14/10/23 06:47:13 0160 1                  44.977447 8.893722 00 00 323030323545303036363937            
14/10/23 06:50:21 0161 1                  44.976812 8.900797 00 00 323030323545303036373638            
14/10/23 06:52:57 0162 1                  44.977578 8.910155 00 00 323031323055303030323732            
14/10/23 06:54:35 0163 1                  44.977855 8.910248 00 00 323031323055303030323536            
14/10/23 06:59:43 0164 1                  44.978055 8.894313 00 00 323030323545303036363039            
14/10/23 07:01:40 0165 1                  44.979137 8.892907 00 00 323030323545303036373633            
14/10/23 07:01:50 0166 1                  44.979077 8.892877 00 00 323030323545303036363333            
14/10/23 07:02:11 0167 1                  44.978948 8.892813 00 00 323030323545303036373632            
14/10/23 07:03:05 0168 1                  44.978497 8.891210 00 00 323030323545303036303037            
14/10/23 07:03:44 0169 1                  44.978853 8.888985 00 00 323030323545303035373932            
14/10/23 07:04:10 0170 1                  44.978972 8.887997 00 00 323030323545303036363830            
14/10/23 07:04:40 0171 1                  44.979117 8.887043 00 00 323030323545303032393737            
14/10/23 07:05:14 0172 1                  44.979438 8.885910 00 00 323030323545303030353834            
14/10/23 07:05:18 0173 1                  44.979435 8.885898 00 00 323030323545303030353433            
14/10/23 07:05:22 0174 1                  44.979432 8.885885 00 00 323030323545303030313936            
14/10/23 07:05:27 0175 1                  44.979428 8.885877 00 00 3232303032334D3030303630            
14/10/23 07:05:30 0176 1                  44.979425 8.885873 00 00 323030323545303032333730            
14/10/23 07:05:35 0177 1                  44.979427 8.885872 00 00 3232303032334D3031363530            
14/10/23 07:07:13 0178 1                  44.979698 8.885527 00 00 323030323545303032333935            
14/10/23 07:07:18 0179 1                  44.979697 8.885523 00 00 323030323545303032333932            
14/10/23 07:08:40 0180 1                  44.979845 8.885548 00 00 323030323545303035383733            
14/10/23 07:09:05 0181 1                  44.980072 8.885198 00 00 323030323545303036353130            
14/10/23 07:09:21 0182 1                  44.980345 8.885308 00 00 323030323545303036363138            
14/10/23 07:09:39 0183 1                  44.980678 8.885370 00 00 323030323545303036363930            
14/10/23 07:09:53 0184 1                  44.980823 8.885442 00 00 323030323545303036363231            
14/10/23 07:10:15 0185 1                  44.981318 8.885503 00 00 323030323545303035383633            
14/10/23 07:10:20 0186 1                  44.981327 8.885498 00 00 323030323545303035383637            
14/10/23 07:10:37 0187 1                  44.981355 8.885475 00 00 323030323545303035383830            
14/10/23 07:10:59 0188 1                  44.981573 8.885480 00 00 3231303032334D3035333038            
14/10/23 07:11:03 0189 1                  44.981575 8.885475 00 00 323030323545303035383735            
14/10/23 07:11:12 0190 1                  44.981580 8.885445 00 00 323030323545303035383736            
14/10/23 07:11:58 0191 1                  44.981850 8.886147 00 00 323030323545303036353431            
14/10/23 07:12:01 0192 1                  44.981850 8.886157 00 00 323030323545303036353430            
14/10/23 07:12:26 0193 1                  44.981827 8.886692 00 00 323030323545303036353433            
14/10/23 07:13:34 0194 1                  44.982088 8.887357 00 00 323032343055303030353434            
14/10/23 07:14:30 0195 1                  44.981750 8.887420 00 00 323030323545303036343133            
14/10/23 07:14:40 0196 1                  44.981772 8.887462 00 00 323030323545303036353630            
14/10/23 07:15:04 0197 1                  44.981668 8.888045 00 00 323030323545303036343039            
14/10/23 07:17:00 0198 1                  44.982135 8.893892 00 00 3233303032334D3030333834            
14/10/23 07:17:15 0199 1                  44.982173 8.893740 00 00 323030323545303036343132            
14/10/23 07:18:39 0200 1                  44.981515 8.888025 00 00 323030323545303036353539            
14/10/23 07:19:00 0201 1                  44.981100 8.887907 00 00 323030323545303032393337            
14/10/23 07:19:43 0202 1                  44.980645 8.888223 00 00 323030323545303036343930            
14/10/23 07:19:51 0203 1                  44.980642 8.888165 00 00 323030323545303035383335            
14/10/23 07:20:45 0204 1                  44.981648 8.887190 00 00 323030323545303035383034            
14/10/23 07:21:06 0205 1                  44.981122 8.887058 00 00 323030323545303035373632            
14/10/23 07:21:29 0206 1                  44.980355 8.886793 00 00 323030323545303036313038            
14/10/23 07:22:15 0207 1                  44.979943 8.887282 00 00 323030323545303036343739            
14/10/23 07:22:29 0208 1                  44.979963 8.887108 00 00 323030323545303036343131            
14/10/23 07:23:11 0209 1                  44.979672 8.886670 00 00 323030323545303035373931            
14/10/23 07:23:25 0210 1                  44.979522 8.886628 00 00 323030323545303032333230            
14/10/23 07:23:39 0211 1                  44.979430 8.886603 00 00 323030323545303032393538            
14/10/23 07:23:42 0212 1                  44.979422 8.886603 00 00 3232303032334D3030353236            
14/10/23 07:23:47 0213 1                  44.979417 8.886602 00 00 3232303032334D3030353935            
14/10/23 07:23:50 0214 1                  44.979417 8.886600 00 00 3232303032334D3031313737            
14/10/23 07:23:54 0215 1                  44.979415 8.886600 00 00 323030323545303030303935            
14/10/23 07:23:58 0216 1                  44.979417 8.886598 00 00 323030323545303032393736            
14/10/23 07:27:07 0217 1                  44.983505 8.886462 00 00 323030323545303036343935            
14/10/23 07:28:25 0218 1                  44.984317 8.885368 00 00 323030323545303036303133            
14/10/23 07:29:35 0219 1                  44.982783 8.885553 00 00 323030323545303036343735            
14/10/23 07:29:53 0220 1                  44.982635 8.885510 00 00 323030323545303036343736            
14/10/23 07:30:17 0221 1                  44.982540 8.885340 00 00 323030323545303036343632            
14/10/23 07:30:39 0222 1                  44.982670 8.885160 00 00 323030323545303032323838            
14/10/23 07:30:43 0223 1                  44.982675 8.885158 00 00 323030323545303033303933            
14/10/23 07:30:49 0224 1                  44.982678 8.885148 00 00 323030323545303033303935            
14/10/23 07:31:16 0225 1                  44.982823 8.884993 00 00 323030323545303036343435            
14/10/23 07:31:16 0226 1                  44.982823 8.884993 00 00 3232303032334D3031393439            
14/10/23 07:31:46 0227 1                  44.983082 8.884570 00 00 323030323545303036343738            
14/10/23 07:31:46 0228 1                  44.983082 8.884570 00 00 323030323545303030343636            
14/10/23 07:32:06 0229 1                  44.983165 8.884470 00 00 323030323545303036343436            
14/10/23 07:32:35 0230 1                  44.983307 8.884235 00 00 323030323545303033353039            
14/10/23 07:32:59 0231 1                  44.983750 8.883573 00 00 323030323545303036343234            
14/10/23 07:33:20 0232 1                  44.984200 8.882987 00 00 3231303032334D3031393232            
14/10/23 07:33:37 0233 1                  44.984372 8.882722 00 00 3232303032334D3031313830            
14/10/23 07:33:55 0234 1                  44.984497 8.882603 00 00 323030323545303036353139            
14/10/23 07:34:20 0235 1                  44.985095 8.882357 00 00 323030323545303036353230            
14/10/23 07:34:44 0236 1                  44.985725 8.882120 00 00 323030323545303036343432            
14/10/23 07:35:27 0237 1                  44.986383 8.881642 00 00 323032343055303030353234            
14/10/23 07:36:32 0238 1                  44.987175 8.881465 00 00 323030323545303032323839            
14/10/23 07:37:29 0239 1                  44.990260 8.882418 00 00 323030323545303038363134            
14/10/23 07:38:12 0240 1                  44.991625 8.882802 00 00 323030323545303033313339            
14/10/23 07:39:32 0241 1                  44.991840 8.882658 00 00 323030323545303032333333            
14/10/23 07:40:17 0242 1                  44.990538 8.882253 00 00 323030323545303032333239            
14/10/23 07:41:38 0243 1                  44.986610 8.880987 00 00 323030323545303036333433            
14/10/23 07:44:33 0244 1                  44.986385 8.880033 00 00 323030323545303036343238            
14/10/23 07:44:36 0245 1                  44.986382 8.880037 00 00 323030323545303032333235            
14/10/23 07:45:00 0246 1                  44.986010 8.879937 00 00 323030323545303033313337            
14/10/23 07:45:09 0247 1                  44.985988 8.879845 00 00 323030323545303033373135            
14/10/23 07:45:25 0248 1                  44.985763 8.879580 00 00 323030323545303033313230            
14/10/23 07:45:44 0249 1                  44.985672 8.879420 00 00 323030323545303039303330            
14/10/23 07:46:09 0250 1                  44.985445 8.879260 00 00 323030323545303033313331            
14/10/23 07:46:29 0251 1                  44.985150 8.878945 00 00 323030323545303033303039            
14/10/23 07:46:46 0252 1                  44.984957 8.878812 00 00 323030323545303032323539            
14/10/23 07:47:00 0253 1                  44.984938 8.878810 00 00 323030323545303032313636            
14/10/23 07:47:33 0254 1                  44.984673 8.878630 00 00 323030323545303033313131            
14/10/23 07:47:34 0255 1                  44.984673 8.878630 00 00 323030323545303033313039            
14/10/23 07:47:44 0256 1                  44.984625 8.878588 00 00 323030323545303033313036            
14/10/23 07:48:04 0257 1                  44.984683 8.878205 00 00 3231303032334D3030343139            
14/10/23 07:48:18 0258 1                  44.984748 8.878002 00 00 323030323545303032313333            
14/10/23 07:48:37 0259 1                  44.984918 8.878125 00 00 3232303032334D3030363036            
14/10/23 07:48:58 0260 1                  44.985213 8.878403 00 00 323030323545303036353033            
14/10/23 07:49:08 0261 1                  44.985217 8.878410 00 00 323030323545303032323939            
14/10/23 07:49:30 0262 1                  44.985480 8.878457 00 00 323030323545303036343939            
14/10/23 07:51:13 0263 1                  44.985645 8.878670 00 00 3232303032334D3030353834            
14/10/23 07:51:23 0264 1                  44.985715 8.878768 00 00 323030323545303036353034            
14/10/23 07:51:53 0265 1                  44.985853 8.878880 00 00 323030323545303036343931            
14/10/23 07:52:06 0266 1                  44.985925 8.878955 00 00 323030323545303036353734            
14/10/23 07:52:32 0267 1                  44.986092 8.879142 00 00 323030323545303030353833            
14/10/23 07:52:43 0268 1                  44.986105 8.879153 00 00 323030323545303037323738            
14/10/23 07:52:57 0269 1                  44.986260 8.879268 00 00 323030323545303036343531            
14/10/23 07:53:02 0270 1                  44.986258 8.879265 00 00 323030323545303036353436            
14/10/23 07:53:24 0271 1                  44.986407 8.879377 00 00 323030323545303032313931            
14/10/23 07:53:35 0272 1                  44.986415 8.879390 00 00 323030323545303032313930            
14/10/23 07:53:44 0273 1                  44.986418 8.879398 00 00 323030323545303033303035            
14/10/23 07:53:47 0274 1                  44.986417 8.879405 00 00 323030323545303036353437            
14/10/23 07:54:12 0275 1                  44.986555 8.879550 00 00 323030323545303036343938            
14/10/23 07:54:16 0276 1                  44.986555 8.879545 00 00 323030323545303032313932            
14/10/23 07:54:34 0277 1                  44.986688 8.879597 00 00 323030323545303036353435            
14/10/23 07:56:22 0278 1                  44.984672 8.878418 00 00 323030323545303030353631            
14/10/23 07:56:30 0279 1                  44.984567 8.878352 00 00 323030323545303032323432            
14/10/23 07:57:26 0280 1                  44.984443 8.877435 00 00 323030323545303032323531            
14/10/23 07:57:34 0281 1                  44.984483 8.877388 00 00 323030323545303032313637            
14/10/23 07:57:47 0282 1                  44.984455 8.877505 00 00 323030323545303032323237            
14/10/23 07:58:07 0283 1                  44.984392 8.877910 00 00 323030323545303037383439            
14/10/23 07:58:31 0284 1                  44.984115 8.878155 00 00 323030323545303036343038            
14/10/23 07:58:58 0285 1                  44.983958 8.878013 00 00 323030323545303032323234            
14/10/23 07:59:08 0286 1                  44.983892 8.877958 00 00 323030323545303032323632            
14/10/23 07:59:27 0287 1                  44.983593 8.877633 00 00 323030323545303032323236            
14/10/23 07:59:54 0288 1                  44.983282 8.876693 00 00 3231303032334D3034373033            
14/10/23 08:00:06 0289 1                  44.983367 8.876462 00 00 323030323545303038393835            
14/10/23 08:00:42 0290 1                  44.983002 8.876825 00 00 3232303032334D3031333732            
14/10/23 08:01:24 0291 1                  44.982592 8.876317 00 00 3231303032334D3030393032            
14/10/23 08:01:27 0292 1                  44.982593 8.876318 00 00 323030323545303030353337            
14/10/23 08:01:31 0293 1                  44.982588 8.876317 00 00 3232303032334D3030393233            
14/10/23 08:33:07 0000 s 01486ver01 44.982267 8.874892 00 00
14/10/23 08:34:58 0294 1                  44.979600 8.875868 00 00 3231303032334D3032323632            
14/10/23 08:35:12 0295 1                  44.979567 8.876103 00 00 323030323545303030323038            
14/10/23 08:35:27 0296 1                  44.979522 8.876287 00 00 323030323545303032313534            
14/10/23 08:35:46 0297 1                  44.979370 8.876730 00 00 323030323545303032323033            
14/10/23 08:36:13 0298 1                  44.979608 8.877173 00 00 323030323545303038393531            
14/10/23 08:36:31 0299 1                  44.979772 8.877348 00 00 323030323545303036303236            
14/10/23 08:36:48 0300 1                  44.979937 8.877457 00 00 323030323545303036313035            
14/10/23 08:36:52 0301 1                  44.979945 8.877453 00 00 323030323545303036313034            
14/10/23 08:37:17 0302 1                  44.980287 8.877660 00 00 323030323545303035393733            
14/10/23 08:37:22 0303 1                  44.980287 8.877667 00 00 323030323545303030363030            
14/10/23 08:38:00 0304 1                  44.980890 8.877085 00 00 323030323545303036303234            
14/10/23 08:38:20 0305 1                  44.980610 8.876818 00 00 323030323545303036303835            
14/10/23 08:38:52 0306 1                  44.980310 8.876602 00 00 323030323545303030353431            
14/10/23 08:38:53 0307 1                  44.980308 8.876598 00 00 323030323545303030353432            
14/10/23 08:38:54 0308 1                  44.980308 8.876598 00 00 323030323545303030353430            
14/10/23 08:38:55 0309 1                  44.980303 8.876597 00 00 323030323545303030343732            
14/10/23 08:38:58 0310 1                  44.980302 8.876590 00 00 323030323545303030343734            
14/10/23 08:39:28 0311 1                  44.980165 8.876520 00 00 323030323545303032383035            
14/10/23 08:39:32 0312 1                  44.980163 8.876510 00 00 323030323545303032333739            
14/10/23 08:39:39 0313 1                  44.980167 8.876495 00 00 323030323545303038303635            
14/10/23 08:39:39 0314 1                  44.980167 8.876495 00 00 323030323545303032373831            
14/10/23 08:39:44 0315 1                  44.980168 8.876480 00 00 323030323545303032333533            
14/10/23 08:39:51 0316 1                  44.980172 8.876452 00 00 323030323545303032383139            
14/10/23 08:39:55 0317 1                  44.980162 8.876428 00 00 323030323545303032383230            
14/10/23 08:40:51 0318 1                  44.980028 8.876478 00 00 323030323545303036303334            
14/10/23 08:41:00 0319 1                  44.980000 8.876572 00 00 323030323545303032383332            
14/10/23 08:41:04 0320 1                  44.979997 8.876597 00 00 323030323545303032333832            
14/10/23 08:41:09 0321 1                  44.979988 8.876610 00 00 323030323545303032333833            
14/10/23 08:41:45 0322 1                  44.979347 8.876802 00 00 323030323545303036303439            
14/10/23 08:41:59 0323 1                  44.979207 8.876718 00 00 323030323545303036303836            
14/10/23 08:42:16 0324 1                  44.979068 8.876672 00 00 323030323545303036363731            
14/10/23 08:42:20 0325 1                  44.979063 8.876662 00 00 323030323545303036303837            
14/10/23 08:43:27 0326 1                  44.978657 8.875493 00 00 323030323545303039333139            
14/10/23 08:43:41 0327 1                  44.978620 8.875595 00 00 323030323545303036303532            
14/10/23 08:43:50 0328 1                  44.978603 8.875692 00 00 323030323545303035383836            
14/10/23 08:44:06 0329 1                  44.978553 8.875943 00 00 3231303032334D3032343930            
14/10/23 08:44:07 0330 1                  44.978553 8.875943 00 00 323030323545303033383239            
14/10/23 08:44:17 0331 1                  44.978525 8.875930 00 00 323030323545303032343136            
14/10/23 08:44:52 0332 1                  44.978273 8.876075 00 00 323030323545303033373435            
14/10/23 08:45:21 0333 1                  44.978272 8.875882 00 00 323030323545303036353532            
14/10/23 08:45:44 0334 1                  44.978113 8.876350 00 00 323030323545303036343135            
14/10/23 08:46:02 0335 1                  44.978015 8.876860 00 00 323030323545303032343531            
14/10/23 08:46:06 0336 1                  44.978013 8.876863 00 00 323030323545303033373731            
14/10/23 08:46:28 0337 1                  44.977983 8.877017 00 00 323032343055303030343035            
14/10/23 08:47:31 0338 1                  44.978293 8.877168 00 00 323030323545303032333536            
14/10/23 08:47:48 0339 1                  44.978362 8.877040 00 00 3231303032334D3030353036            
14/10/23 08:48:14 0340 1                  44.978468 8.876758 00 00 323030323545303030363230            
14/10/23 08:48:18 0341 1                  44.978472 8.876758 00 00 3232303032334D3031353536            
14/10/23 08:48:21 0342 1                  44.978472 8.876758 00 00 3231303032334D3033303933            
14/10/23 08:48:26 0343 1                  44.978475 8.876758 00 00 323030323545303032333535            
14/10/23 08:48:55 0344 1                  44.978523 8.876592 00 00 323030323545303035393438            
14/10/23 08:49:05 0345 1                  44.978547 8.876553 00 00 323030323545303035393439            
14/10/23 08:49:47 0346 1                  44.979193 8.877277 00 00 323030323545303036303136            
14/10/23 08:49:57 0347 1                  44.979187 8.877247 00 00 323030323545303036303238            
14/10/23 08:50:13 0348 1                  44.979143 8.877368 00 00 323030323545303036313538            
14/10/23 08:50:29 0349 1                  44.979080 8.877657 00 00 323030323545303035393836            
14/10/23 08:50:47 0350 1                  44.978948 8.877875 00 00 323030323545303036303530            
14/10/23 08:50:59 0351 1                  44.978893 8.877960 00 00 323030323545303035393833            
14/10/23 08:51:59 0352 1                  44.979778 8.878508 00 00 323030323545303036303032            
14/10/23 08:52:21 0353 1                  44.979922 8.878610 00 00 323030323545303036353637            
14/10/23 08:52:45 0354 1                  44.979783 8.878585 00 00 323030323545303036353931            
14/10/23 08:52:50 0355 1                  44.979753 8.878570 00 00 323030323545303032383432            
14/10/23 08:52:55 0356 1                  44.979742 8.878557 00 00 323030323545303031343737            
14/10/23 08:52:58 0357 1                  44.979732 8.878550 00 00 323030323545303032383430            
14/10/23 08:53:18 0358 1                  44.979492 8.878383 00 00 323030323545303035393838            
14/10/23 08:53:41 0359 1                  44.978830 8.877885 00 00 323030323545303035393830            
14/10/23 08:53:46 0360 1                  44.978817 8.877860 00 00 323030323545303035393734            
14/10/23 08:54:26 0361 1                  44.977813 8.877617 00 00 323030323545303036303033            
14/10/23 08:54:49 0362 1                  44.977875 8.878022 00 00 323030323545303036303833            
14/10/23 08:55:06 0363 1                  44.977907 8.878227 00 00 323030323545303036303338            
14/10/23 08:55:26 0364 1                  44.977958 8.878520 00 00 323030323545303036303337            
14/10/23 08:55:40 0365 1                  44.977977 8.878645 00 00 323030323545303036353738            
14/10/23 08:56:00 0366 1                  44.978042 8.878933 00 00 323030323545303032393936            
14/10/23 08:56:12 0367 1                  44.978077 8.879070 00 00 3231303032334D3035323031            
14/10/23 08:56:22 0368 1                  44.978078 8.879108 00 00 323030323545303030343435            
14/10/23 08:56:35 0369 1                  44.978100 8.879265 00 00 323030323545303033373131            
14/10/23 08:56:44 0370 1                  44.978120 8.879362 00 00 323030323545303032353433            
14/10/23 08:56:55 0371 1                  44.978132 8.879533 00 00 323030323545303033373031            
14/10/23 08:57:02 0372 1                  44.978167 8.879615 00 00 323030323545303033373132            
14/10/23 08:57:30 0373 1                  44.978387 8.880200 00 00 323030323545303032393137            
14/10/23 08:57:48 0374 1                  44.978580 8.880127 00 00 323030323545303036363032            
14/10/23 08:57:50 0375 1                  44.978587 8.880130 00 00 323030323545303033383334            
14/10/23 08:57:56 0376 1                  44.978605 8.880145 00 00 323030323545303035393935            
14/10/23 08:58:29 0377 1                  44.978840 8.879897 00 00 323030323545303036353839            
14/10/23 08:58:41 0378 1                  44.978953 8.879858 00 00 323030323545303036363033            
14/10/23 08:58:57 0379 1                  44.979060 8.879773 00 00 323030323545303036363031            
14/10/23 08:59:23 0380 1                  44.979098 8.879655 00 00 323030323545303036353930            
14/10/23 08:59:59 0381 1                  44.978492 8.880382 00 00 323030323545303033383238            
14/10/23 09:00:04 0382 1                  44.978455 8.880370 00 00 323030323545303035373236            
14/10/23 09:00:12 0383 1                  44.978400 8.880342 00 00 323030323545303035393731            
14/10/23 09:01:42 0384 1                  44.978060 8.880382 00 00 323030323545303035393932            
14/10/23 09:01:50 0385 1                  44.978015 8.880375 00 00 3232303032334D3030373538            
14/10/23 09:02:22 0386 1                  44.977788 8.880423 00 00 323030323545303035393931            
14/10/23 09:02:46 0387 1                  44.977738 8.880062 00 00 323030323545303035373738            
14/10/23 09:03:02 0388 1                  44.977725 8.879747 00 00 323030323545303035393231            
14/10/23 09:03:15 0389 1                  44.977693 8.879635 00 00 323030323545303035373739            
14/10/23 09:03:29 0390 1                  44.977685 8.879427 00 00 323030323545303035393233            
14/10/23 09:03:41 0391 1                  44.977677 8.879252 00 00 323030323545303035393339            
14/10/23 09:04:41 0392 1                  44.977675 8.880547 00 00 323030323545303036303038            
14/10/23 09:05:00 0393 1                  44.977560 8.880595 00 00 323030323545303035393639            
14/10/23 09:05:28 0394 1                  44.977153 8.880793 00 00 323030323545303036353537            
14/10/23 09:58:23 0000 s 01486ver01 44.882302 8.860195 00 00
