23/10/23 04:23:29 0000 s 01509ver01 44.792370 8.739408 00 00
23/10/23 05:20:07 0001 1                  44.729482 8.850727 00 00 313931313030503030333030            
23/10/23 05:20:59 0002 1                  44.729487 8.850752 00 00 313931313030503030323632            
23/10/23 05:25:41 0003 1                  44.722553 8.857658 00 00 3231303033304D3032373734            
23/10/23 05:26:30 0004 1                  44.722442 8.857555 00 00 313932343045303030373436            
23/10/23 05:30:30 0005 1                  44.722733 8.858588 00 00 3230313130304A3030333534            
23/10/23 05:32:33 0006 1                  44.722400 8.858233 00 00 31383033304D3030333338B5            
23/10/23 05:33:26 0007 1                  44.722167 8.858300 00 00 31383033304D303034323431            
23/10/23 05:34:11 0008 1                  44.721853 8.858438 00 00 31383033304D303034363937            
23/10/23 05:34:46 0009 1                  44.721712 8.858505 00 00 31383033304D303034373436            
23/10/23 05:35:02 0010 1                  44.721692 8.858500 00 00 31383033304D303034323438            
23/10/23 05:35:11 0011 1                  44.721705 8.858505 00 00 31383033324D303033333530            
23/10/23 05:36:15 0012 1                  44.721567 8.858625 00 00 31383132304A303230343139            
23/10/23 05:36:52 0013 1                  44.721548 8.858712 00 00 31383033304D303034373630            
23/10/23 05:37:56 0014 1                  44.721312 8.858763 00 00 31383033304D303034363535            
23/10/23 05:38:01 0015 1                  44.721312 8.858760 00 00 31383033304D303034363533            
23/10/23 05:38:09 0016 1                  44.721312 8.858755 00 00 3231303033304D3032353330            
23/10/23 05:38:24 0017 1                  44.721310 8.858755 00 00 31383033304D303034303634            
23/10/23 05:39:06 0018 1                  44.721310 8.858740 00 00 31383033304D303034323830            
23/10/23 05:39:15 0019 1                  44.721305 8.858762 00 00 31383033304D303033363735            
23/10/23 05:39:39 0020 1                  44.721330 8.858805 00 00 31383132304A303230313334            
23/10/23 05:40:41 0021 1                  44.721320 8.858817 00 00 3230303033304D3038373834            
23/10/23 05:40:46 0022 1                  44.721323 8.858812 00 00 31383033304D303034303931            
23/10/23 05:42:02 0023 1                  44.720890 8.858825 00 00 3231303033304D3032353231            
23/10/23 05:42:51 0024 1                  44.720405 8.858973 00 00 31383033304D303033343333            
23/10/23 05:43:01 0025 1                  44.720430 8.859008 00 00 31383033304D303033343439            
23/10/23 05:44:47 0026 1                  44.720173 8.858913 00 00 3231303033304D3032393836            
23/10/23 05:44:51 0027 1                  44.720168 8.858898 00 00 3230303033304D3035363130            
23/10/23 05:44:56 0028 1                  44.720163 8.858888 00 00 31383033304D303033353438            
23/10/23 05:45:17 0029 1                  44.720155 8.858917 00 00 31383033304D303034313337            
23/10/23 05:46:35 0030 1                  44.719858 8.859033 00 00 31383033304D303034303536            
23/10/23 05:53:49 0031 1                  44.722838 8.858915 00 00 3231303033304D3033303033            
23/10/23 05:54:19 0032 1                  44.722838 8.858913 00 00 30395DFA81236301DEA192EB            
23/10/23 05:54:19 0033 1                  44.722838 8.858913 00 00 3231303033304D3032393531            
23/10/23 05:54:50 0034 1                  44.722825 8.858895 00 00 31383033304D303034363138            
23/10/23 05:54:50 0035 1                  44.722825 8.858895 00 00 31383033304D303034363137            
23/10/23 05:55:27 0036 1                  44.722845 8.858900 00 00 31383132304A303139353133            
23/10/23 05:56:40 0037 1                  44.723150 8.858675 00 00 31383132304A303230303536            
23/10/23 05:58:40 0038 1                  44.723592 8.858408 00 00 313931313030503030313331            
23/10/23 06:00:20 0039 1                  44.723800 8.858008 00 00 313931323050303039343937            
23/10/23 06:01:14 0040 1                  44.723660 8.857800 00 00 31383033304D303034323435            
23/10/23 06:01:20 0041 1                  44.723657 8.857785 00 00 31383033304D303835393338            
23/10/23 06:01:20 0042 1                  44.723657 8.857785 00 00 31383033304D303035393338            
23/10/23 06:01:37 0043 1                  44.723652 8.857745 00 00 3231303033304D3032353332            
23/10/23 06:01:53 0044 1                  44.723645 8.857738 00 00 31383033304D303036323138            
23/10/23 06:02:34 0045 1                  44.723675 8.857772 00 00 313931323050303031333131            
23/10/23 06:03:17 0046 1                  44.723772 8.857813 00 00 3230303033304D3038313638            
23/10/23 06:03:31 0047 1                  44.723793 8.857810 00 00 31383033304D303033343530            
23/10/23 06:03:42 0048 1                  44.723795 8.857795 00 00 3231303033304D3033303634            
23/10/23 06:07:50 0049 1                  44.730775 8.850067 00 00 313832343045303034303530            
23/10/23 06:11:07 0050 1                  44.730942 8.850017 00 00 313931313030503030323639            
23/10/23 06:13:47 0051 1                  44.731685 8.848283 00 00 3233303132304A3030353530            
23/10/23 06:15:01 0052 1                  44.731893 8.847877 00 00 313832343045303034303039            
23/10/23 06:16:18 0053 1                  44.732758 8.846023 00 00 31383132304A303236343830            
23/10/23 06:17:56 0054 1                  44.734667 8.844253 00 00 31383132304A303138353333            
23/10/23 06:21:44 0055 1                  44.743377 8.837340 00 00 313932343050303030313237            
23/10/23 06:24:08 0056 1                  44.743730 8.836840 00 00 3232313130304A3030303937            
23/10/23 06:24:40 0057 1                  44.743737 8.836833 00 00 323031313030503030333033            
23/10/23 06:29:49 0058 1                  44.739120 8.853577 00 00 31383132304A303236383439            
23/10/23 06:29:51 0059 1                  44.739120 8.853582 00 00 31383132304A303236383438            
23/10/23 06:31:29 0060 1                  44.737812 8.853338 00 00 31383132304A303237323734            
23/10/23 06:31:30 0061 1                  44.737808 8.853335 00 00 313931323050303035303434            
23/10/23 06:32:33 0062 1                  44.737670 8.853342 00 00 31383132304A303237323732            
23/10/23 06:34:00 0063 1                  44.736495 8.853282 00 00 31383132304A303236383835            
23/10/23 06:34:00 0064 1                  44.736495 8.853282 00 00 313931323050303132393332            
23/10/23 06:36:28 0065 1                  44.738618 8.853558 00 00 31383132304A303235353638            
23/10/23 06:36:28 0066 1                  44.738618 8.853558 00 00 31383132304A303235393730            
23/10/23 06:37:49 0067 1                  44.738797 8.853653 00 00 31383132304A303236383530            
23/10/23 06:39:28 0068 1                  44.738663 8.850200 00 00 31383132304A303236383532            
23/10/23 06:41:45 0069 1                  44.737352 8.846723 00 00 31383132304A303139393638            
23/10/23 06:43:51 0070 1                  44.735993 8.847682 00 00 313931313030503030333230            
23/10/23 06:46:11 0071 1                  44.732815 8.851472 00 00 31383132304A303235393334            
23/10/23 06:47:41 0072 1                  44.732317 8.851803 00 00 313932343045303030373530            
23/10/23 06:51:13 0073 1                  44.732148 8.853635 00 00 313931313030503030313531            
23/10/23 06:52:15 0074 1                  44.732452 8.853512 00 00 313832343045303034303534            
23/10/23 06:55:10 0075 1                  44.730673 8.854023 00 00 313931313030503030313532            
23/10/23 06:55:58 0076 1                  44.730648 8.853998 00 00 313932343045303030363232            
23/10/23 06:57:37 0077 1                  44.730917 8.854733 00 00 313931313030503030303831            
23/10/23 06:58:13 0078 1                  44.730947 8.854758 00 00 313931313030503030323236            
23/10/23 06:58:57 0079 1                  44.730960 8.854772 00 00 313931313030503030323237            
23/10/23 06:59:44 0080 1                  44.730962 8.854757 00 00 313931313030503030323235            
23/10/23 07:00:29 0081 1                  44.730965 8.854758 00 00 313931313030503030303832            
23/10/23 07:02:40 0082 1                  44.729978 8.854625 00 00 313931313030503030333430            
23/10/23 07:05:00 0083 1                  44.726243 8.856980 00 00 31383132304A303237313839            
23/10/23 07:06:29 0084 1                  44.725603 8.857478 00 00 313931313030503030313738            
23/10/23 07:06:32 0085 1                  44.725603 8.857478 00 00 3034F42A8444750000019511            
23/10/23 07:08:23 0086 1                  44.723602 8.859033 00 00 31383132304A303231323938            
23/10/23 07:08:26 0087 1                  44.723600 8.859035 00 00 31383132304A303231323936            
23/10/23 07:10:12 0088 1                  44.723122 8.859163 00 00 31383033304D303034323336            
23/10/23 07:10:41 0089 1                  44.723122 8.859150 00 00 303ACA49837EFB59D8B63B31            
23/10/23 07:10:42 0090 1                  44.723123 8.859150 00 00 3231303234304A3032303839            
23/10/23 07:10:42 0091 1                  44.723123 8.859150 00 00 31383132304A303231343332            
23/10/23 07:12:01 0092 1                  44.722815 8.859285 00 00 31383132304A303139333232            
23/10/23 07:16:03 0093 1                  44.720265 8.861892 00 00 313931323050303038383435            
23/10/23 07:16:14 0094 1                  44.720258 8.861908 00 00 31383132304A303230323339            
23/10/23 07:17:55 0095 1                  44.720242 8.861923 00 00 31383132304A303230303835            
23/10/23 07:20:05 0096 1                  44.720688 8.863068 00 00 31383132304A303270363034            
23/10/23 07:20:06 0097 1                  44.720687 8.863058 00 00 31383132304A303230363034            
23/10/23 07:20:16 0098 1                  44.720685 8.863038 00 00 313931323050303037363938            
23/10/23 07:23:25 0099 1                  44.720180 8.863658 00 00 313932343045303030373135            
23/10/23 07:23:28 0100 1                  44.720185 8.863662 00 00 313932343045303030363235            
23/10/23 07:24:27 0101 1                  44.720187 8.863648 00 00 31383033304D303033333932            
23/10/23 07:26:39 0102 1                  44.720017 8.864180 00 00 31383132304A303138353534            
23/10/23 07:27:02 0103 1                  44.720045 8.864162 00 00 31383132304A303138353535            
23/10/23 07:28:21 0104 1                  44.719967 8.864377 00 00 313931313030503030313638            
23/10/23 07:31:17 0105 1                  44.720137 8.864438 00 00 313931313030503030303638            
23/10/23 07:35:01 0106 1                  44.720438 8.864163 00 00 313931323050303030333431            
23/10/23 07:35:41 0107 1                  44.720457 8.864180 00 00 31383132304A303231393337            
23/10/23 07:36:00 0108 1                  44.720465 8.864173 00 00 31383033304D303034373831            
23/10/23 07:36:23 0109 1                  44.720458 8.864177 00 00 31383132304A303139393935            
23/10/23 07:36:50 0110 1                  44.720473 8.864180 00 00 01FF00000000007005610000            
23/10/23 07:37:10 0111 1                  44.720485 8.864160 00 00 31383132304A303231343830            
23/10/23 07:37:21 0112 1                  44.720473 8.864150 00 00 313931323050303035353334            
23/10/23 07:39:22 0113 1                  44.720773 8.864122 00 00 313831323045303230313931            
23/10/23 07:39:22 0114 1                  44.720773 8.864122 00 00 313832343045303034303330            
23/10/23 07:40:01 0115 1                  44.720775 8.864125 00 00 31383132304A303138373135            
23/10/23 07:40:26 0116 1                  44.720772 8.864135 00 00 31383132304A303139373333            
23/10/23 07:41:46 0117 1                  44.720997 8.864367 00 00 31383132304A303231343834            
23/10/23 07:42:59 0118 1                  44.721755 8.864965 00 00 30340BB634315E15FEB97404            
23/10/23 07:45:50 0119 1                  44.722195 8.865215 00 00 31383132304A303138363534            
23/10/23 07:46:04 0120 1                  44.722192 8.865212 00 00 31383132304A303138363533            
23/10/23 07:46:18 0121 1                  44.722187 8.865202 00 00 31383132304A303139313335            
23/10/23 07:46:18 0122 1                  44.722187 8.865202 00 00 31383132304A303139313335            
23/10/23 07:47:30 0123 1                  44.721660 8.864708 00 00 31383132304A303139363437            
23/10/23 07:47:39 0124 1                  44.721655 8.864705 00 00 31383132304A303138353338            
23/10/23 07:47:51 0125 1                  44.721683 8.864725 00 00 3233303132304A3030363037            
23/10/23 07:48:14 0126 1                  44.721660 8.864710 00 00 31383132304A303231383339            
23/10/23 07:48:14 0127 1                  44.721657 8.864707 00 00 313931323050303031323132            
23/10/23 07:48:16 0128 1                  44.721657 8.864707 00 00 08886D8A96F184800176E839            
23/10/23 07:49:55 0129 1                  44.719755 8.864057 00 00 31383132304A303139303938            
23/10/23 07:51:03 0130 1                  44.719370 8.864725 00 00 313931313030503030323636            
23/10/23 07:53:56 0131 1                  44.719480 8.864307 00 00 3233303132304A3030363034            
23/10/23 07:55:07 0132 1                  44.718883 8.864283 00 00 31383132304A303230373330            
23/10/23 07:55:08 0133 1                  44.718882 8.864283 00 00 313931323050303031333136            
23/10/23 07:56:44 0134 1                  44.718273 8.864178 00 00 31383132304A303139333639            
23/10/23 07:57:29 0135 1                  44.718063 8.864143 00 00 313931323050303039303030            
23/10/23 07:59:35 0136 1                  44.714073 8.864000 00 00 31383132304A303139333638            
23/10/23 08:03:36 0137 1                  44.712073 8.867290 00 00 313931313030503030313435            
23/10/23 08:05:53 0138 1                  44.712438 8.869267 00 00 31383132304A303139313638            
23/10/23 08:10:24 0139 1                  44.711670 8.872418 00 00 313931313030503030313633            
23/10/23 08:13:22 0140 1                  44.715090 8.866755 00 00 31383132304A303139373937            
23/10/23 08:15:36 0141 1                  44.717505 8.866020 00 00 31383132304A303139383030            
23/10/23 08:16:56 0142 1                  44.717890 8.865623 00 00 31383132304A303138393036            
23/10/23 08:16:59 0143 1                  44.717892 8.865623 00 00 31383132304A303138393039            
23/10/23 08:17:03 0144 1                  44.717890 8.865617 00 00 30361437C057174BA6B3DD4D            
23/10/23 08:18:42 0145 1                  44.719337 8.865995 00 00 31383132304A303139343031            
23/10/23 08:20:04 0146 1                  44.720385 8.866280 00 00 31383132304A303230303933            
23/10/23 08:21:54 0147 1                  44.720332 8.866848 00 00 313931313030503030323239            
23/10/23 08:22:59 0148 1                  44.720297 8.866878 00 00 31383132304A303139333939            
23/10/23 08:24:23 0149 1                  44.720487 8.867102 00 00 313931313030503030323332            
23/10/23 08:25:41 0150 1                  44.721048 8.867017 00 00 313931313030503030323330            
23/10/23 08:26:51 0151 1                  44.721017 8.866768 00 00 313931313030503030313936            
23/10/23 08:27:24 0152 1                  44.720983 8.866753 00 00 313931313030503030323331            
23/10/23 08:28:32 0153 1                  44.720837 8.866623 00 00 313931313030503030313135            
23/10/23 08:29:55 0154 1                  44.721077 8.866380 00 00 31383132304A303139333233            
23/10/23 08:42:16 0155 1                  44.731023 8.849350 00 00 3231313130304A3031373331            
23/10/23 08:45:55 0156 1                  44.741800 8.846313 00 00 31383132304A303236343831            
23/10/23 08:47:18 0157 1                  44.741922 8.846557 00 00 3230313130304A3030343034            
23/10/23 08:50:17 0158 1                  44.745447 8.847207 00 00 313931323050303039383333            
23/10/23 08:52:26 0159 1                  44.745962 8.849203 00 00 313931323050303131343834            
23/10/23 08:54:38 0160 1                  44.746678 8.847403 00 00 31383132304A303236323731            
23/10/23 08:55:56 0161 1                  44.746382 8.847185 00 00 313931313030503030313431            
23/10/23 08:57:55 0162 1                  44.745628 8.846928 00 00 313931313030503030313836            
23/10/23 08:58:55 0163 1                  44.745623 8.846923 00 00 313931313030503030313336            
23/10/23 09:00:23 0164 1                  44.748808 8.848452 00 00 30340BF4781B470340726806            
23/10/23 09:00:55 0165 1                  44.748827 8.848443 00 00 3232313130304A3030333339            
23/10/23 09:02:27 0166 1                  44.748865 8.848440 00 00 323031313030503030343439            
23/10/23 09:04:10 0167 1                  44.747898 8.846373 00 00 31383132304A303139393039            
23/10/23 09:05:36 0168 1                  44.747765 8.845155 00 00 313832343045303034303239            
23/10/23 09:18:58 0169 1                  44.755225 8.844212 00 00 313931313030503030323633            
23/10/23 09:19:32 0170 1                  44.755200 8.844218 00 00 313931313030503030323634            
23/10/23 09:27:02 0171 1                  44.753117 8.845697 00 00 313931313030503030313931            
23/10/23 09:28:08 0172 1                  44.753135 8.845687 00 00 3231313130304A3030323432            
23/10/23 09:31:23 0173 1                  44.752312 8.845855 00 00 313931313030503030313932            
23/10/23 09:32:23 0174 1                  44.752305 8.845858 00 00 31393131303050B030313930            
23/10/23 09:32:23 0175 1                  44.752305 8.845858 00 00 3039606283B1F2C0000B1895            
23/10/23 10:49:07 0000 s 01509ver01 44.792920 8.739713 00 00
