14/10/23 05:26:27 0000 s 01500ver01 44.882470 8.859932 00 00
14/10/23 05:26:30 0000 s 01500ver01 44.882470 8.859932 00 00
14/10/23 05:50:57 0000 s 01500ver01 44.889800 8.860003 00 00
14/10/23 05:51:06 0000 s 01500ver01 44.889785 8.860000 00 00
14/10/23 05:57:59 0001 1                  44.902332 8.874375 00 00 303861B8021D028001131929            
14/10/23 05:58:00 0002 1                  44.902332 8.874375 00 00 323031313030533030303434            
14/10/23 05:58:00 0003 1                  44.902332 8.874375 00 00 303492983C114D4001E84975            
14/10/23 05:58:47 0004 1                  44.902010 8.874665 00 00 3230303033304D3030373434            
14/10/23 05:59:08 0005 1                  44.902003 8.874680 00 00 313931323053303133383335            
14/10/23 05:59:08 0006 1                  44.902003 8.874680 00 00 313931323053303038333232            
14/10/23 05:59:11 0007 1                  44.902002 8.874673 00 00 313931323053303033353334            
14/10/23 05:59:11 0008 1                  44.902002 8.874673 00 00 805959934889725D5A49093B            
14/10/23 05:59:12 0009 1                  44.902002 8.874673 00 00 AAA1000028F377A70000008D            
14/10/23 06:00:39 0010 1                  44.901703 8.874985 00 00 313931323053303036353638            
14/10/23 06:01:22 0011 1                  44.901793 8.875930 00 00 3230303033304D3031303531            
14/10/23 06:02:02 0012 1                  44.901682 8.876610 00 00 313931323053303131353135            
14/10/23 06:02:34 0013 1                  44.901670 8.877010 00 00 313931323053303130373036            
14/10/23 06:03:08 0014 1                  44.901747 8.877255 00 00 3230303033304D3030383736            
14/10/23 06:04:02 0015 1                  44.901425 8.875915 00 00 3231303234304A3030313237            
14/10/23 06:05:13 0016 1                  44.901507 8.875723 00 00 313931323053303130383332            
14/10/23 06:05:51 0017 1                  44.901457 8.875403 00 00 3035EA59442A6040060000F6            
14/10/23 06:05:52 0018 1                  44.901457 8.875403 00 00 3230303033304D3030393633            
14/10/23 06:05:52 0019 1                  44.901460 8.875403 00 00 3035EB8ADC001A8010002101            
14/10/23 06:05:53 0020 1                  44.901460 8.875403 00 00 3035EA59442AB68004000289            
14/10/23 06:05:53 0021 1                  44.901460 8.875403 00 00 3035EB8ADC153C801000080F            
14/10/23 06:05:55 0022 1                  44.901462 8.875403 00 00 313931323053303037383934            
14/10/23 06:06:04 0023 1                  44.901465 8.875397 00 00 3230303033304D3030373033            
14/10/23 06:06:11 0024 1                  44.901458 8.875393 00 00 303ACA498267BA19D8B9CEFD            
14/10/23 06:06:17 0025 1                  44.901448 8.875388 00 00 00B07A14D831D790100011CE            
14/10/23 06:08:36 0026 1                  44.901323 8.874678 00 00 303ACA4982218F19D8BCAC11            
14/10/23 06:08:40 0027 1                  44.901308 8.874660 00 00 313931323053303130323737            
14/10/23 06:08:42 0028 1                  44.901300 8.874652 00 00 313931323053303034343532            
14/10/23 06:08:43 0029 1                  44.901300 8.874652 00 00 08482E593CC18100035FF5C4            
14/10/23 06:08:58 0030 1                  44.901258 8.874592 00 00 3034F836F01D48C094D00121            
14/10/23 06:09:02 0031 1                  44.901258 8.874583 00 00 300ED89F3350014A1E0B940E            
14/10/23 06:09:04 0032 1                  44.901263 8.874580 00 00 3035EB8ADC1242800C0011EF            
14/10/23 06:09:05 0033 1                  44.901263 8.874580 00 00 3039606243866981AFD67B9E            
14/10/23 06:09:05 0034 1                  44.901263 8.874580 00 00 30396062436487C000142B2F            
14/10/23 06:09:06 0035 1                  44.901263 8.874580 00 00 313931323053303132353838            
14/10/23 06:10:11 0036 1                  44.901278 8.873938 00 00 3230313130304A3030343436            
14/10/23 06:10:54 0037 1                  44.901215 8.873888 00 00 3230313130304A3030343435            
14/10/23 06:11:23 0038 1                  44.901232 8.873890 00 00 313931323053303131393832            
14/10/23 06:13:26 0039 1                  44.899715 8.870315 00 00 313931323053303038383633            
14/10/23 06:13:26 0040 1                  44.899715 8.870315 00 00 303ACA49812B451C49B933D6            
14/10/23 06:14:30 0041 1                  44.899380 8.870828 00 00 3230313130304A3030343637            
14/10/23 06:15:14 0042 1                  44.898937 8.871493 00 00 111080000000001457992095            
14/10/23 06:16:04 0043 1                  44.898793 8.871618 00 00 313931323053303130383235            
14/10/23 06:16:47 0044 1                  44.899012 8.872010 00 00 313931323053303132313539            
14/10/23 06:17:49 0045 1                  44.899722 8.872953 00 00 3230303033304D3035363537            
14/10/23 06:18:30 0046 1                  44.899878 8.873157 00 00 313931323053303133383438            
14/10/23 06:19:38 0047 1                  44.900178 8.873628 00 00 3231303132304A3039363439            
14/10/23 06:19:40 0048 1                  44.900177 8.873635 00 00 3035EA5944296187FE0007BA            
14/10/23 06:20:12 0049 1                  44.900328 8.873857 00 00 3231303033304D3035313632            
14/10/23 06:20:16 0050 1                  44.900332 8.873865 00 00 3231303033304D3035303037            
14/10/23 06:20:25 0051 1                  44.900333 8.873902 00 00 3231303132304A3130333337            
14/10/23 06:20:25 0052 1                  44.900333 8.873902 00 00 3230303033304D3030313033            
14/10/23 06:20:30 0053 1                  44.900333 8.873910 00 00 3230303033304D3030313135            
14/10/23 06:22:17 0054 1                  44.900568 8.874192 00 00 3233303132304A3031333635            
14/10/23 06:23:02 0055 1                  44.900778 8.874427 00 00 3230303033304D3030393239            
14/10/23 06:23:09 0056 1                  44.900763 8.874410 00 00 3230303033304D3030393330            
14/10/23 06:23:23 0057 1                  44.900710 8.874343 00 00 3231303132304A3038303232            
14/10/23 06:25:25 0058 1                  44.900103 8.871267 00 00 3231303132304A3030363634            
14/10/23 06:25:30 0059 1                  44.900102 8.871257 00 00 31383033304D303035313031            
14/10/23 06:25:31 0060 1                  44.900102 8.871257 00 00 3233303132304A3030313736            
14/10/23 06:25:39 0061 1                  44.900097 8.871243 00 00 313931323053303031303732            
14/10/23 06:25:58 0062 1                  44.900065 8.871182 00 00 3232303132304A3030363036            
14/10/23 06:26:11 0063 1                  44.900052 8.871167 00 00 313931323053303030393337            
14/10/23 06:26:37 0064 1                  44.900020 8.871147 00 00 08310271EDE26F8019436209            
14/10/23 06:26:59 0065 1                  44.899872 8.871358 00 00 3231303033304D3033353037            
14/10/23 06:27:05 0066 1                  44.899863 8.871350 00 00 3231303033304D3033353131            
14/10/23 06:27:40 0067 1                  44.899893 8.871530 00 00 313931323053303033343330            
14/10/23 06:27:46 0068 1                  44.899898 8.871538 00 00 313931323053303038383132            
14/10/23 06:27:48 0069 1                  44.899898 8.871540 00 00 313931323053303033373736            
14/10/23 06:27:49 0070 1                  44.899898 8.871540 00 00 313931323053303033373736            
14/10/23 06:29:05 0071 1                  44.899752 8.871693 00 00 3231303033304D3033343034            
14/10/23 06:29:38 0072 1                  44.899467 8.872027 00 00 313931323053303033343333            
14/10/23 06:29:53 0073 1                  44.899405 8.871965 00 00 31383033304D303035313134            
14/10/23 06:31:02 0074 1                  44.899237 8.872750 00 00 313931323053303132373131            
14/10/23 06:31:04 0075 1                  44.899238 8.872753 00 00 313931323053303131353838            
14/10/23 06:31:25 0076 1                  44.899257 8.872768 00 00 3231303033304D3034393933            
14/10/23 06:32:03 0077 1                  44.899778 8.872073 00 00 313831313036303731307ED6            
14/10/23 06:32:47 0078 1                  44.900075 8.872385 00 00 303ACA49837F689AC6894DFD            
14/10/23 06:32:48 0079 1                  44.900075 8.872385 00 00 303ACA4983855B59D8B63DDE            
14/10/23 06:32:48 0080 1                  44.900075 8.872385 00 00 313931323053303131363233            
14/10/23 06:33:05 0081 1                  44.900072 8.872377 00 00 3231303132304A3037323335            
14/10/23 06:33:20 0082 1                  44.900072 8.872373 00 00 313931323053303133313831            
14/10/23 06:33:31 0083 1                  44.900073 8.872362 00 00 3231303132304A3031333130            
14/10/23 06:34:57 0084 1                  44.900547 8.872083 00 00 313931323053303133343737            
14/10/23 06:35:16 0085 1                  44.900542 8.872043 00 00 3231303132304A3036383939            
14/10/23 06:35:50 0086 1                  44.900620 8.871900 00 00 3231303132304A3030363633            
14/10/23 06:36:07 0087 1                  44.900650 8.871877 00 00 313931323053303038393131            
14/10/23 06:38:06 0088 1                  44.898890 8.871388 00 00 111080000000001457992095            
14/10/23 06:39:36 0089 1                  44.899247 8.873660 00 00 313931323053303039353430            
14/10/23 06:41:35 0090 1                  44.900143 8.874615 00 00 313931323053303131343439            
14/10/23 06:42:17 0091 1                  44.900060 8.874550 00 00 313931323053303131313831            
14/10/23 06:43:12 0092 1                  44.899800 8.874377 00 00 313931323053303131313635            
14/10/23 06:46:59 0093 1                  44.903580 8.877898 00 00 323031313030533030313332            
14/10/23 06:47:31 0094 1                  44.903597 8.877878 00 00 323031313030533030313333            
14/10/23 06:49:06 0095 1                  44.903203 8.877740 00 00 313931323053303133383338            
14/10/23 06:49:07 0096 1                  44.903203 8.877742 00 00 313931323053303130383237            
14/10/23 06:49:09 0097 1                  44.903203 8.877742 00 00 303ACB034016FC59D8B666CC            
14/10/23 06:49:41 0098 1                  44.903170 8.877810 00 00 3233303132304A3030373636            
14/10/23 06:49:43 0099 1                  44.903170 8.877810 00 00 313931323053303132343533            
14/10/23 06:50:35 0100 1                  44.903295 8.876927 00 00 3230303033304D3034393934            
14/10/23 06:50:40 0101 1                  44.903293 8.876913 00 00 313931323053303133313433            
14/10/23 06:51:50 0102 1                  44.902970 8.876317 00 00 323031313030533030303432            
14/10/23 06:52:49 0103 1                  44.902908 8.876123 00 00 313931323053303131393438            
14/10/23 06:53:19 0104 1                  44.903080 8.875917 00 00 313931323053303131323330            
14/10/23 06:53:36 0105 1                  44.903093 8.875845 00 00 313931323053303131323332            
14/10/23 06:53:57 0106 1                  44.903180 8.875803 00 00 111150000000001535254495            
14/10/23 06:54:53 0107 1                  44.903330 8.875338 00 00 313931323053303132363638            
14/10/23 06:54:53 0108 1                  44.903327 8.875332 00 00 3035EB5C641DA6800806B984            
14/10/23 06:54:53 0109 1                  44.903327 8.875332 00 00 3035EB5C641DA3400609BA47            
14/10/23 06:54:54 0110 1                  44.903327 8.875332 00 00 313931323053303130323538            
14/10/23 06:54:54 0111 1                  44.903327 8.875332 00 00 3035EB5FA0454F40120528BF            
14/10/23 06:54:55 0112 1                  44.903327 8.875332 00 00 3035EB5C641D9E80040699CE            
14/10/23 06:54:55 0113 1                  44.903327 8.875332 00 00 303861B941A0F0C0012C8166            
14/10/23 06:54:55 0114 1                  44.903327 8.875328 00 00 3035EBE314178F80041C68E4            
14/10/23 06:55:18 0115 1                  44.903312 8.875300 00 00 313931323053303132373330            
14/10/23 06:55:18 0116 1                  44.903312 8.875300 00 00 3231303132304A3030373839            
14/10/23 06:57:14 0117 1                  44.904312 8.876900 00 00 313931323053303037383836            
14/10/23 06:57:23 0118 1                  44.904308 8.876902 00 00 313931323053303133343335            
14/10/23 06:57:24 0119 1                  44.904307 8.876900 00 00 30395DFA82D2448000113E4D            
14/10/23 06:57:26 0120 1                  44.904303 8.876900 00 00 30395DFA83278541DE854A01            
14/10/23 06:57:47 0121 1                  44.904283 8.876907 00 00 30395DFA82C1540000094A05            
14/10/23 06:57:49 0122 1                  44.904283 8.876905 00 00 313931323053303132383238            
14/10/23 06:57:49 0123 1                  44.904283 8.876905 00 00 30395DFA82C14B40000982FA            
14/10/23 06:58:43 0124 1                  44.904687 8.877012 00 00 313931323045303030303337            
14/10/23 06:58:43 0125 1                  44.904687 8.877012 00 00 3232303132304A3030303933            
14/10/23 06:59:21 0126 1                  44.904765 8.876983 00 00 313931323053303133343331            
14/10/23 06:59:23 0127 1                  44.904767 8.876983 00 00 313931323053303132333439            
14/10/23 06:59:50 0128 1                  44.904803 8.876998 00 00 313931323053303132383331            
14/10/23 07:03:20 0129 1                  44.905495 8.886793 00 00 323031313030533030313330            
14/10/23 07:05:12 0130 1                  44.905910 8.892232 00 00 313931323053303038333032            
14/10/23 07:05:20 0131 1                  44.905902 8.892232 00 00 313931323053303033393131            
14/10/23 07:05:50 0132 1                  44.905885 8.892238 00 00 3230313130304A3030343631            
14/10/23 07:06:06 0133 1                  44.905882 8.892250 00 00 323031313030533030313038            
14/10/23 07:08:55 0134 1                  44.906698 8.887688 00 00 3231303132304A3033353735            
14/10/23 07:10:19 0135 1                  44.907182 8.886480 00 00 313932343053303030303932            
14/10/23 07:10:19 0136 1                  44.907182 8.886480 00 00 30340BEAC85A32974877409D            
14/10/23 07:11:48 0137 1                  44.907317 8.885808 00 00 3230313130304A3030363939            
14/10/23 07:12:18 0138 1                  44.907298 8.885828 00 00 30395DFA83278541DE854A01            
14/10/23 07:12:49 0139 1                  44.907290 8.885818 00 00 323031313030533030313331            
14/10/23 07:13:35 0140 1                  44.907270 8.885830 00 00 323031313030533030313539            
14/10/23 07:13:58 0141 1                  44.907273 8.885835 00 00 323031313030533030313633            
14/10/23 07:16:14 0142 1                  44.905982 8.885172 00 00 303ACA4983B61B19D8B71881            
14/10/23 07:16:14 0143 1                  44.905982 8.885172 00 00 323031313030533030303435            
14/10/23 07:16:49 0144 1                  44.905982 8.885170 00 00 323031313030533030303436            
14/10/23 07:17:29 0145 1                  44.905985 8.885170 00 00 323031313030533030303437            
14/10/23 07:20:55 0146 1                  44.907628 8.881823 00 00 3230313130304A3030343632            
14/10/23 07:21:18 0147 1                  44.907633 8.881820 00 00 3230313130304A3030343730            
14/10/23 07:22:49 0148 1                  44.906547 8.881628 00 00 313932343053303030363934            
14/10/23 07:23:02 0149 1                  44.906540 8.881607 00 00 303515BCE009B3DC00000379            
14/10/23 07:23:50 0150 1                  44.906532 8.881592 00 00 3231313130304A3031393330            
14/10/23 07:24:14 0151 1                  44.906537 8.881618 00 00 3230313130304A3030343434            
14/10/23 07:25:01 0152 1                  44.906513 8.881593 00 00 3230313130304A3030343437            
14/10/23 07:27:21 0153 1                  44.906690 8.880717 00 00 3231313130304A3030333432            
14/10/23 07:28:09 0154 1                  44.906665 8.880743 00 00 3231313130304A3030333431            
14/10/23 07:31:09 0155 1                  44.905257 8.880473 00 00 323031313030533030303534            
14/10/23 07:31:52 0156 1                  44.905243 8.880487 00 00 3230313130304A3030343836            
14/10/23 07:32:17 0157 1                  44.905247 8.880493 00 00 3230313130304A3030343837            
14/10/23 07:34:40 0158 1                  44.903743 8.879623 00 00 3230313130304A3030343432            
14/10/23 07:36:16 0159 1                  44.903352 8.880233 00 00 313932343053303030323938            
14/10/23 07:37:30 0160 1                  44.903120 8.879872 00 00 313931323053303130353639            
14/10/23 07:38:46 0161 1                  44.902783 8.879522 00 00 313931323053303038303031            
14/10/23 07:45:44 0162 1                  44.905497 8.878222 00 00 313931323053303132313633            
14/10/23 07:45:56 0163 1                  44.905495 8.878222 00 00 313931323053303132393837            
14/10/23 07:46:14 0164 1                  44.905507 8.878225 00 00 1A217BF72EC88900FB28710D            
14/10/23 07:46:52 0165 1                  44.905833 8.877643 00 00 3231303132304A3031313533            
14/10/23 08:29:36 0000 s 01500ver01 44.879158 8.856238 00 00
14/10/23 08:29:41 0000 s 01500ver01 44.879158 8.856238 00 00
14/10/23 09:06:25 0166 1                  44.901500 8.880437 00 00 323031313030533030303234            
14/10/23 09:10:03 0167 1                  44.902362 8.882378 00 00 313931323053303132303236            
14/10/23 09:10:36 0168 1                  44.902388 8.882632 00 00 313931323053303132303233            
14/10/23 09:10:43 0169 1                  44.902388 8.882638 00 00 313931323053303133343634            
14/10/23 09:11:58 0170 1                  44.902878 8.883215 00 00 313931323053303131313738            
14/10/23 09:11:58 0171 1                  44.902878 8.883215 00 00 313931323050303132343135            
14/10/23 09:12:43 0172 1                  44.903005 8.883670 00 00 313931323053303133343632            
14/10/23 09:14:25 0173 1                  44.903127 8.884123 00 00 313931323053303131373939            
14/10/23 09:15:05 0174 1                  44.903158 8.884280 00 00 313931323053303038313232            
14/10/23 09:17:12 0175 1                  44.902575 8.883365 00 00 313931323053303038363734            
14/10/23 09:17:44 0176 1                  44.902637 8.883708 00 00 313931323053303038363736            
14/10/23 09:18:02 0177 1                  44.902657 8.883760 00 00 313931323053303038363634            
14/10/23 09:18:39 0178 1                  44.902707 8.884092 00 00 313931323053303132303135            
14/10/23 09:18:55 0179 1                  44.902688 8.884073 00 00 313931323053303038343037            
14/10/23 09:20:05 0180 1                  44.902237 8.883012 00 00 313931323053303132303134            
14/10/23 09:20:55 0181 1                  44.901842 8.883052 00 00 313931323053303031363736            
14/10/23 09:20:56 0182 1                  44.901845 8.883055 00 00 313931323053303031363735            
14/10/23 09:23:52 0183 1                  44.901278 8.884420 00 00 313931323053303031333737            
14/10/23 09:23:52 0184 1                  44.901278 8.884420 00 00 313931323053303031333732            
14/10/23 09:24:53 0185 1                  44.901002 8.883938 00 00 313931323053303032383338            
14/10/23 09:28:41 0186 1                  44.899195 8.882640 00 00 302EFE0FC9203540000213A8            
14/10/23 09:28:42 0187 1                  44.899195 8.882640 00 00 30395DFA82ED66C001CFCD7F            
14/10/23 09:28:48 0188 1                  44.899193 8.882633 00 00 3230313130304A3031333036            
14/10/23 09:28:48 0189 1                  44.899193 8.882633 00 00 30395DFA82D040400022941B            
14/10/23 09:29:36 0190 1                  44.899180 8.882617 00 00 3231313130304A3032313637            
14/10/23 09:30:22 0191 1                  44.899203 8.882608 00 00 3230313130304A3030363934            
14/10/23 09:31:32 0192 1                  44.899097 8.882597 00 00 3230313130304A3031333439            
14/10/23 09:32:06 0193 1                  44.899073 8.882565 00 00 3230313130304A3031333530            
14/10/23 09:32:57 0194 1                  44.899067 8.882535 00 00 3230313130304A3031333037            
14/10/23 09:33:43 0195 1                  44.899063 8.882515 00 00 3230313130304A3031333531            
14/10/23 09:34:31 0196 1                  44.899072 8.882583 00 00 3230313130304A3030363935            
14/10/23 09:35:19 0197 1                  44.899055 8.882657 00 00 3231313130304A3030393237            
14/10/23 09:36:17 0198 1                  44.899055 8.882672 00 00 303ACA4983796D5AC688CA9D            
14/10/23 09:36:17 0199 1                  44.899055 8.882672 00 00 3231313130304A3032313639            
14/10/23 09:36:55 0200 1                  44.899028 8.882630 00 00 3035EB8ADC355607FE000B71            
14/10/23 09:36:56 0201 1                  44.899028 8.882630 00 00 3035EB8ADC354E87FE000AB9            
14/10/23 09:36:59 0202 1                  44.899027 8.882630 00 00 3230313130304A3030373039            
14/10/23 09:46:23 0203 1                  44.895670 8.862133 00 00 313832554358313235303135            
