23/10/23 10:41:59 0000 s 01503ver01 44.792522 8.739772 00 00
23/10/23 11:22:24 0001 1                  44.845860 8.576908 00 00 313831323045303139353136            
23/10/23 11:22:36 0002 1                  44.845820 8.576917 00 00 313831323045703234393135            
23/10/23 11:22:58 0003 1                  44.845778 8.576930 00 00 313831323045303232303638            
23/10/23 11:23:10 0004 1                  44.845760 8.576928 00 00 313831323045303234343636            
23/10/23 11:25:24 0005 1                  44.845487 8.576615 00 00 313931323050303032373431            
23/10/23 11:25:37 0006 1                  44.845470 8.576617 00 00 313931323050303035303836            
23/10/23 11:27:07 0007 1                  44.845258 8.576350 00 00 313831323045303234343631            
23/10/23 11:27:08 0008 1                  44.845258 8.576350 00 00 313832343045303034323936            
23/10/23 11:28:23 0009 1                  44.844777 8.575718 00 00 313831323045303138373630            
23/10/23 11:30:10 0010 1                  44.844942 8.575295 00 00 313832343045303034333132            
23/10/23 11:30:13 0011 1                  44.844943 8.575293 00 00 3233303234304A3030363433            
23/10/23 11:31:27 0012 1                  44.845242 8.575458 00 00 313831323045303233313730            
23/10/23 11:31:41 0013 1                  44.845285 8.575483 00 00 313831323045303233303830            
23/10/23 11:32:22 0014 1                  44.845575 8.575695 00 00 313831323045303233353835            
23/10/23 11:32:29 0015 1                  44.845597 8.575693 00 00 313831323045303139363734            
23/10/23 11:33:10 0016 1                  44.845762 8.575803 00 00 313831323045303139303338            
23/10/23 11:33:18 0017 1                  44.845780 8.575807 00 00 313831323045303235323939            
23/10/23 11:33:31 0018 1                  44.845813 8.575805 00 00 313831323045303234353037            
23/10/23 11:33:37 0019 1                  44.845820 8.575803 00 00 313831323045303234343135            
23/10/23 11:34:19 0020 1                  44.845832 8.575982 00 00 313931323050303038353833            
23/10/23 11:35:12 0021 1                  44.846068 8.576435 00 00 313831323045303233303839            
23/10/23 11:35:56 0022 1                  44.846147 8.576658 00 00 313831323045303233313233            
23/10/23 11:36:36 0023 1                  44.846207 8.576805 00 00 313831323045303234363332            
23/10/23 11:36:52 0024 1                  44.846210 8.576782 00 00 313831313030533031303434            
23/10/23 11:40:58 0025 1                  44.847533 8.574718 00 00 313831323045303233373636            
23/10/23 11:43:10 0026 1                  44.845120 8.572408 00 00 31383033304D303034373736            
23/10/23 11:43:16 0027 1                  44.845128 8.572402 00 00 313931323050303130343531            
23/10/23 11:43:16 0028 1                  44.845128 8.572402 00 00 30395DFA82DD900000196937            
23/10/23 11:43:16 0029 1                  44.845130 8.572400 00 00 30396062435ED640000CC983            
23/10/23 11:43:19 0030 1                  44.845130 8.572400 00 00 30395DFA82D93700001740EE            
23/10/23 11:43:31 0031 1                  44.845137 8.572403 00 00 31383033304D303034373738            
23/10/23 11:43:34 0032 1                  44.845135 8.572407 00 00 31383033304D303034373739            
23/10/23 11:43:41 0033 1                  44.845128 8.572413 00 00 31383033304D303034373830            
23/10/23 11:44:22 0034 1                  44.844870 8.572057 00 00 000000000000000009646381            
23/10/23 11:44:45 0035 1                  44.844768 8.572110 00 00 313831323045303234393038            
23/10/23 11:46:12 0036 1                  44.844880 8.571503 00 00 313831323045303230333636            
23/10/23 11:46:19 0037 1                  44.844880 8.571488 00 00 313831323045303230313238            
23/10/23 11:46:41 0038 1                  44.844863 8.571463 00 00 313831323045303232313130            
23/10/23 11:46:49 0039 1                  44.844855 8.571457 00 00 313831323045303232313239            
23/10/23 11:47:04 0040 1                  44.844842 8.571423 00 00 313831323045303232343038            
23/10/23 11:47:11 0041 1                  44.844840 8.571398 00 00 313831323045303232313231            
23/10/23 11:47:32 0042 1                  44.844850 8.571413 00 00 313831323045303232343133            
23/10/23 11:47:47 0043 1                  44.844853 8.571422 00 00 313831323045303232313230            
23/10/23 11:48:20 0044 1                  44.844853 8.571388 00 00 313831323045303232303939            
23/10/23 11:49:49 0045 1                  44.844405 8.571668 00 00 313831313030533031303737            
23/10/23 11:53:46 0046 1                  44.843085 8.572302 00 00 313831323045303233303533            
23/10/23 11:57:14 0047 1                  44.842478 8.573112 00 00 313831323045303139393430            
23/10/23 11:57:25 0048 1                  44.842478 8.573112 00 00 313831323045303138353831            
23/10/23 11:58:56 0049 1                  44.841637 8.574212 00 00 313832343045303034323831            
23/10/23 11:58:59 0050 1                  44.841637 8.574213 00 00 313831323045303233343233            
23/10/23 12:00:12 0051 1                  44.841198 8.574438 00 00 313831323045303232363432            
23/10/23 12:00:43 0052 1                  44.841180 8.574455 00 00 313831323045303232363534            
23/10/23 12:03:10 0053 1                  44.840620 8.574140 00 00 313831323045303233363634            
23/10/23 12:03:48 0054 1                  44.840513 8.573682 00 00 313831323045303233363632            
23/10/23 12:03:48 0055 1                  44.840513 8.573682 00 00 393831323045303233363632            
23/10/23 12:05:06 0056 1                  44.840183 8.572850 00 00 313931323050303035333439            
23/10/23 12:05:18 0057 1                  44.840180 8.572855 00 00 313831323045303230393138            
23/10/23 12:05:25 0058 1                  44.840178 8.572855 00 00 313831323045303231353831            
23/10/23 12:06:32 0059 1                  44.840838 8.572898 00 00 313931323050303130353536            
23/10/23 12:06:33 0060 1                  44.840838 8.572898 00 00 30396062C38613800012C390            
23/10/23 12:06:34 0061 1                  44.840837 8.572898 00 00 30396062C38613C00012F3FA            
23/10/23 12:06:46 0062 1                  44.840838 8.572897 00 00 313831323045303232363038            
23/10/23 12:06:56 0063 1                  44.840833 8.572887 00 00 313831323045303230363033            
23/10/23 12:07:55 0064 1                  44.841107 8.572932 00 00 313831323045303233363931            
23/10/23 12:08:05 0065 1                  44.841108 8.572942 00 00 313831323045303233363538            
23/10/23 12:08:08 0066 1                  44.841108 8.572943 00 00 30395DFA82CF48000020DE0E            
23/10/23 12:08:44 0067 1                  44.841238 8.572973 00 00 313831323045303232313738            
23/10/23 12:08:52 0068 1                  44.841238 8.572977 00 00 313831323045303232313735            
23/10/23 12:09:03 0069 1                  44.841248 8.572962 00 00 313831323045303232313832            
23/10/23 12:10:03 0070 1                  44.841595 8.572870 00 00 313831323045303232313736            
23/10/23 12:10:39 0071 1                  44.841918 8.572750 00 00 313831323045303230353139            
23/10/23 12:10:39 0072 1                  44.841918 8.572750 00 00 303ACA400187471BF75E3F07            
23/10/23 12:11:18 0073 1                  44.842002 8.572942 00 00 313931323050303039353033            
23/10/23 12:12:52 0074 1                  44.840695 8.574498 00 00 313831323045303230393032            
23/10/23 12:13:50 0075 1                  44.840032 8.574630 00 00 313931323050303131343836            
23/10/23 12:14:46 0076 1                  44.839417 8.574702 00 00 313831323045303231383632            
23/10/23 12:16:04 0077 1                  44.838728 8.574723 00 00 313831323045303231313738            
23/10/23 12:17:15 0078 1                  44.838210 8.574770 00 00 313931323052303034323033            
23/10/23 12:18:26 0079 1                  44.837323 8.574912 00 00 313831323045303233393536            
23/10/23 12:19:33 0080 1                  44.836340 8.574812 00 00 313831323045303234353531            
23/10/23 12:19:39 0081 1                  44.836342 8.574817 00 00 313831323045303234313637            
23/10/23 12:21:12 0082 1                  44.835290 8.576650 00 00 313831323045303231353934            
23/10/23 12:21:28 0083 1                  44.835292 8.576665 00 00 31383132304A303230343930            
23/10/23 12:22:48 0084 1                  44.835760 8.576622 00 00 313931323050303039343631            
23/10/23 12:23:59 0085 1                  44.835857 8.576375 00 00 313831323045303230313635            
23/10/23 12:24:11 0086 1                  44.835852 8.576370 00 00 313831323045303138393339            
23/10/23 12:24:21 0087 1                  44.835848 8.576373 00 00 313831323045303231383336            
23/10/23 12:25:32 0088 1                  44.836148 8.576343 00 00 313831323045303233313732            
23/10/23 12:25:47 0089 1                  44.836160 8.576343 00 00 313831323045303234333832            
23/10/23 12:27:03 0090 1                  44.835808 8.575795 00 00 313831323045303230333430            
23/10/23 12:27:05 0091 1                  44.835808 8.575795 00 00 30395DFA82EF14C000151409            
23/10/23 12:28:48 0092 1                  44.833903 8.578118 00 00 313831323045303230373830            
23/10/23 12:29:57 0093 1                  44.832537 8.579068 00 00 313831323045303233393532            
23/10/23 12:31:17 0094 1                  44.831738 8.579437 00 00 3139313130304A3032303638            
23/10/23 12:34:11 0095 1                  44.830415 8.583038 00 00 3233313130304A3030313537            
23/10/23 12:36:13 0096 1                  44.830640 8.579960 00 00 313831323045303235363930            
23/10/23 12:40:34 0097 1                  44.812182 8.584563 00 00 313831323045303234343037            
23/10/23 12:43:27 0098 1                  44.827050 8.581693 00 00 313831323045303138393235            
23/10/23 12:45:01 0099 1                  44.832788 8.579113 00 00 313931323050303133303835            
23/10/23 12:46:49 0100 1                  44.835040 8.576670 00 00 313931323050303132343538            
23/10/23 12:48:01 0101 1                  44.836745 8.575088 00 00 313831323045303233383033            
23/10/23 12:48:07 0102 1                  44.836753 8.575090 00 00 313831323045303235393134            
23/10/23 12:49:01 0103 1                  44.837423 8.575087 00 00 31383132304A303237333638            
23/10/23 12:49:51 0104 1                  44.837623 8.575088 00 00 313831323045303138383632            
23/10/23 12:50:52 0105 1                  44.837925 8.575055 00 00 313831323045303230343431            
23/10/23 12:51:00 0106 1                  44.837928 8.575048 00 00 313831323045303231333735            
23/10/23 12:51:14 0107 1                  44.837943 8.575027 00 00 303ACA498398F199D8B63AF2            
23/10/23 12:51:29 0108 1                  44.837945 8.575030 00 00 30395DFA82EF14C000151409            
23/10/23 12:52:26 0109 1                  44.838612 8.575013 00 00 313831323045303231313733            
23/10/23 12:52:32 0110 1                  44.838618 8.575010 00 00 30395DFA80CC2EC00062F6DF            
23/10/23 12:52:43 0111 1                  44.838627 8.575012 00 00 313931323050303030353237            
23/10/23 12:52:49 0112 1                  44.838633 8.575008 00 00 313831323045303230393037            
23/10/23 12:53:00 0113 1                  44.838647 8.574997 00 00 313831323045303231313735            
23/10/23 12:53:54 0114 1                  44.838885 8.574908 00 00 313831323045303231333730            
23/10/23 12:56:15 0115 1                  44.840612 8.575433 00 00 313831323045303231313035            
23/10/23 12:57:01 0116 1                  44.840540 8.575878 00 00 313931323050303132303630            
23/10/23 12:57:12 0117 1                  44.840540 8.575878 00 00 313931323050303038393433            
23/10/23 12:57:19 0118 1                  44.840542 8.575875 00 00 313831323045303232343235            
23/10/23 12:59:10 0119 1                  44.840580 8.576595 00 00 313831323045303233383234            
23/10/23 13:00:28 0120 1                  44.840552 8.577470 00 00 313831323045303232313534            
23/10/23 13:03:08 0121 1                  44.840040 8.579475 00 00 313831323045303232333736            
23/10/23 13:03:17 0122 1                  44.840035 8.579478 00 00 313831323045303232393132            
23/10/23 13:03:23 0123 1                  44.840030 8.579478 00 00 313831323045303230353135            
23/10/23 13:04:16 0124 1                  44.839848 8.580217 00 00 B13831323045303230393235            
23/10/23 13:04:16 0125 1                  44.839848 8.580217 00 00 313831323045303230393235            
23/10/23 13:05:16 0126 1                  44.839748 8.581563 00 00 313831323045303233383939            
23/10/23 13:05:26 0127 1                  44.839747 8.581562 00 00 313831323045303231313037            
23/10/23 13:06:24 0128 1                  44.839685 8.582177 00 00 313831323045303231373936            
23/10/23 13:07:41 0129 1                  44.839465 8.583190 00 00 313831323045303231373333            
23/10/23 13:07:52 0130 1                  44.839448 8.583205 00 00 313831323045303234313531            
23/10/23 13:09:13 0131 1                  44.839217 8.584025 00 00 313831323045303233353136            
23/10/23 13:09:33 0132 1                  44.839207 8.583965 00 00 313831313030533031303235            
23/10/23 13:09:33 0133 1                  44.839203 8.583962 00 00 313831313030533031303235            
23/10/23 13:14:19 0134 1                  44.835062 8.588478 00 00 3139313130304A3032303135            
23/10/23 13:18:57 0135 1                  44.840745 8.581062 00 00 313831323045303234313133            
23/10/23 13:19:04 0136 1                  44.840747 8.581063 00 00 313831323045303233363534            
23/10/23 13:19:12 0137 1                  44.840750 8.581068 00 00 313931323045303630323836            
23/10/23 13:19:55 0138 1                  44.840452 8.580812 00 00 313831323045303233383435            
23/10/23 13:20:14 0139 1                  44.840443 8.580817 00 00 313831323045303232353934            
23/10/23 13:20:27 0140 1                  44.840442 8.580807 00 00 313831323045303233363631            
23/10/23 13:21:11 0141 1                  44.840233 8.580592 00 00 313831323045303234323430            
23/10/23 13:21:31 0142 1                  44.840243 8.580582 00 00 313831323045303233353731            
23/10/23 13:21:39 0143 1                  44.840247 8.580580 00 00 313931323050303036363435            
23/10/23 13:21:39 0144 1                  44.840247 8.580580 00 00 313931323050303036363435            
23/10/23 13:21:41 0145 1                  44.840248 8.580580 00 00 30396062436E9DC000260B18            
23/10/23 13:23:41 0146 1                  44.839600 8.578843 00 00 313831313030533031303335            
23/10/23 13:23:50 0147 1                  44.839575 8.578867 00 00 30395DFA82EF14C000151409            
23/10/23 13:26:18 0148 1                  44.840697 8.575023 00 00 313831323045303232393131            
23/10/23 13:27:24 0149 1                  44.841773 8.574398 00 00 313931323045303630353839            
23/10/23 13:28:08 0150 1                  44.842382 8.574502 00 00 313931323050303035333234            
23/10/23 13:28:42 0151 1                  44.842532 8.574523 00 00 313831323045303232343232            
23/10/23 13:28:44 0152 1                  44.842533 8.574523 00 00 313831323045303233373338            
23/10/23 13:29:01 0153 1                  44.842548 8.574562 00 00 313831323045303138383432            
23/10/23 13:29:01 0154 1                  44.842548 8.574562 00 00 3075E87EE052EA00000005C4            
23/10/23 13:29:02 0155 1                  44.842548 8.574562 00 00 3075E87EE052EA00000005D0            
23/10/23 13:29:59 0156 1                  44.843223 8.574947 00 00 313831323045303232303936            
23/10/23 13:30:46 0157 1                  44.843518 8.575152 00 00 313831323045303232363634            
23/10/23 13:30:46 0158 1                  44.843518 8.575152 00 00 313831323045303234323230            
23/10/23 13:31:52 0159 1                  44.843730 8.575283 00 00 313831323045303231353834            
23/10/23 13:31:54 0160 1                  44.843730 8.575288 00 00 313831323045303232313137            
23/10/23 13:32:50 0161 1                  44.844040 8.575500 00 00 313831323045303230313432            
23/10/23 13:32:58 0162 1                  44.844033 8.575502 00 00 313931323050303035333632            
23/10/23 13:36:38 0163 1                  44.845635 8.573520 00 00 313831323045303233353335            
23/10/23 13:36:55 0164 1                  44.845635 8.573545 00 00 313931323050303039363531            
23/10/23 13:37:05 0165 1                  44.845627 8.573567 00 00 313831323045303233333132            
23/10/23 13:38:14 0166 1                  44.845892 8.573728 00 00 313931323050303037393632            
23/10/23 13:38:42 0167 1                  44.845905 8.573730 00 00 313831323045303233373439            
23/10/23 13:39:43 0168 1                  44.846127 8.573803 00 00 313831323045303232333237            
23/10/23 13:39:43 0169 1                  44.846127 8.573803 00 00 30395DFA82CA1180000A0301            
23/10/23 13:40:52 0170 1                  44.847622 8.575045 00 00 313831323045303234343234            
23/10/23 13:41:00 0171 1                  44.847627 8.575035 00 00 313831323045303138393137            
23/10/23 13:42:01 0172 1                  44.848070 8.574845 00 00 313931323050303037373832            
23/10/23 13:42:36 0173 1                  44.847920 8.574688 00 00 313831323045303232373534            
23/10/23 13:43:24 0174 1                  44.847610 8.574388 00 00 3233313130304A3030323236            
23/10/23 13:44:50 0175 1                  44.846870 8.573813 00 00 313931323050303035393034            
23/10/23 13:45:28 0176 1                  44.846633 8.573620 00 00 313831323045303232333338            
23/10/23 13:46:07 0177 1                  44.846510 8.573270 00 00 313831323045303234373735            
23/10/23 13:46:16 0178 1                  44.846507 8.573275 00 00 313831323045303233323332            
23/10/23 13:47:09 0179 1                  44.846342 8.572957 00 00 313931323050303035353830            
23/10/23 13:47:44 0180 1                  44.846217 8.572813 00 00 30395DFA82DDF8C0000E6AFD            
23/10/23 13:47:44 0181 1                  44.846217 8.572813 00 00 313831323045303232303832            
23/10/23 13:49:02 0182 1                  44.845657 8.572950 00 00 313831313030533030313531            
23/10/23 13:51:17 0183 1                  44.845813 8.571777 00 00 313831313030533031303234            
23/10/23 13:55:28 0184 1                  44.845827 8.571447 00 00 313831323045303232373936            
23/10/23 13:55:35 0185 1                  44.845833 8.571450 00 00 313831323045303230323133            
23/10/23 13:56:30 0186 1                  44.845822 8.570590 00 00 313831323045303233323835            
23/10/23 13:57:20 0187 1                  44.845168 8.570493 00 00 313831323045303234313430            
23/10/23 13:58:02 0188 1                  44.844518 8.570422 00 00 303960624377F6400022A58F            
23/10/23 13:58:04 0189 1                  44.844518 8.570422 00 00 313831323045303234383231            
23/10/23 13:58:04 0190 1                  44.844518 8.570422 00 00 3034F722D44E5F0260FF082A            
23/10/23 13:58:04 0191 1                  44.844518 8.570422 00 00 3034F80CB04AAF8AB41DF2D4            
23/10/23 13:58:05 0192 1                  44.844518 8.570422 00 00 3034F836E801988AB41DC842            
23/10/23 13:58:47 0193 1                  44.844327 8.570355 00 00 317831323045303232313835            
23/10/23 13:58:47 0194 1                  44.844327 8.570355 00 00 313831323045303232313835            
23/10/23 13:59:22 0195 1                  44.844180 8.570380 00 00 313831323045303234313431            
23/10/23 14:00:07 0196 1                  44.843682 8.570490 00 00 313931323050303039353034            
23/10/23 14:01:07 0197 1                  44.843382 8.570545 00 00 31380016661001110680D4E3            
23/10/23 14:03:00 0198 1                  44.842552 8.569577 00 00 313831323045303232313637            
23/10/23 14:03:46 0199 1                  44.842612 8.570175 00 00 313931323050303035383332            
23/10/23 14:03:48 0200 1                  44.842612 8.570175 00 00 30395DFA8116488000B06E00            
23/10/23 14:06:01 0201 1                  44.842562 8.571703 00 00 313931323050303030393732            
23/10/23 14:07:39 0202 1                  44.842078 8.573285 00 00 313831323045303232323533            
23/10/23 14:08:24 0203 1                  44.842018 8.573367 00 00 313931323050303032383935            
23/10/23 14:08:36 0204 1                  44.842027 8.573380 00 00 313831323045303232373930            
23/10/23 14:08:54 0205 1                  44.842038 8.573387 00 00 313831323045303138383934            
23/10/23 14:11:36 0206 1                  44.840105 8.577797 00 00 313831323045303138363836            
23/10/23 14:19:15 0207 1                  44.840168 8.578143 00 00 3034F80CB04AAF8AB41DF2D4            
23/10/23 14:24:40 0208 1                  44.838552 8.580647 00 00 313831313030533031303137            
23/10/23 14:30:05 0209 1                  44.840173 8.578325 00 00 3039606203C0F1800017C05D            
23/10/23 14:31:35 0210 1                  44.840192 8.578323 00 00 3035EB8ADC389907FE00ED60            
23/10/23 14:32:22 0211 1                  44.840192 8.578323 00 00 0018308322670002C82AE045            
23/10/23 14:35:16 0212 1                  44.842343 8.573647 00 00 313831323045303231333639            
23/10/23 14:36:49 0213 1                  44.842613 8.573142 00 00 313831323045303233333734            
23/10/23 14:36:56 0214 1                  44.842615 8.573143 00 00 313832343045303034323832            
23/10/23 14:37:13 0215 1                  44.842623 8.573162 00 00 313832343045303034323937            
23/10/23 14:38:45 0216 1                  44.842973 8.572783 00 00 313831323045303232373932            
23/10/23 14:39:40 0217 1                  44.843195 8.572390 00 00 313831323045303232303637            
23/10/23 14:39:48 0218 1                  44.843195 8.572390 00 00 313931323050303132333739            
23/10/23 14:40:37 0219 1                  44.843365 8.572157 00 00 313831323045303233363833            
23/10/23 14:40:47 0220 1                  44.843363 8.572143 00 00 313831323045303232373838            
23/10/23 14:41:38 0221 1                  44.843577 8.571852 00 00 313831323045303232323436            
23/10/23 14:41:48 0222 1                  44.843582 8.571847 00 00 313831323045303232303732            
23/10/23 14:41:50 0223 1                  44.843582 8.571847 00 00 313831323045323232303732            
23/10/23 14:42:48 0224 1                  44.843558 8.571905 00 00 313831323045303234333433            
23/10/23 14:43:36 0225 1                  44.844082 8.571650 00 00 313931323050303035393032            
23/10/23 14:45:03 0226 1                  44.844415 8.571972 00 00 313831323045303230313535            
23/10/23 14:46:12 0227 1                  44.845103 8.572633 00 00 313831323045303232303737            
23/10/23 14:47:05 0228 1                  44.845497 8.573260 00 00 313931323045303233333239            
23/10/23 14:47:11 0229 1                  44.845483 8.573262 00 00 313831323045303233333135            
23/10/23 14:47:26 0230 1                  44.845465 8.573275 00 00 3233303132304A3030353831            
