16/10/23 05:23:55 0000 s 01486ver01 44.882210 8.860070 00 00
16/10/23 05:45:44 0001 1                  44.983023 8.812157 00 00 31383032334D303037373734            
16/10/23 05:47:05 0002 1                  44.982895 8.812035 00 00 323032343055303030313235            
16/10/23 05:48:51 0003 1                  44.982300 8.811762 00 00 31383032334D303034333838            
16/10/23 05:49:50 0004 1                  44.982182 8.811677 00 00 31383032334D303030373733            
16/10/23 05:49:55 0005 1                  44.982180 8.811670 00 00 31383032334D303037343033            
16/10/23 05:50:19 0006 1                  44.982163 8.811618 00 00 31383032334D303030373035            
16/10/23 05:50:19 0007 1                  44.982163 8.811618 00 00 31383032334D303030373035            
16/10/23 05:50:22 0008 1                  44.982163 8.811625 00 00 31383032334D303036353035            
16/10/23 05:50:36 0009 1                  44.982160 8.811657 00 00 31383032334D303037343034            
16/10/23 05:51:09 0010 1                  44.982160 8.811708 00 00 31383032334D303037343037            
16/10/23 05:52:33 0011 1                  44.981680 8.811335 00 00 31383032334D303031363137            
16/10/23 05:54:22 0012 1                  44.981023 8.809748 00 00 31383032334D303136343432            
16/10/23 05:55:13 0013 1                  44.981125 8.809110 00 00 31383032334D303031393638            
16/10/23 05:55:55 0014 1                  44.981140 8.809160 00 00 31383032334D303031383937            
16/10/23 05:56:47 0015 1                  44.981198 8.808967 00 00 31383032334D303031363233            
16/10/23 05:57:37 0016 1                  44.981497 8.808548 00 00 323030323545303032363930            
16/10/23 05:58:13 0017 1                  44.981768 8.808602 00 00 31383032334D303136363835            
16/10/23 05:58:50 0018 1                  44.981920 8.808677 00 00 31383032334D303031363432            
16/10/23 06:01:15 0019 1                  44.982043 8.809255 00 00 31383032334D303132333638            
16/10/23 06:02:43 0020 1                  44.981900 8.809990 00 00 31383032334D303037353636            
16/10/23 06:02:54 0021 1                  44.981900 8.809992 00 00 31383032334D303035333730            
16/10/23 06:03:02 0022 1                  44.981887 8.809975 00 00 31383032334D303035353835            
16/10/23 06:03:11 0023 1                  44.981887 8.809980 00 00 31383032334D303035353930            
16/10/23 06:04:01 0024 1                  44.981797 8.810150 00 00 31383032334D303132303732            
16/10/23 06:04:36 0025 1                  44.981780 8.810542 00 00 31383032334D303132303734            
16/10/23 06:05:09 0026 1                  44.981778 8.810730 00 00 31383032334D303030313233            
16/10/23 06:05:26 0027 1                  44.981793 8.810753 00 00 31383032334D303032373031            
16/10/23 06:05:38 0028 1                  44.981803 8.810763 00 00 31383032334D303132303635            
16/10/23 06:06:27 0029 1                  44.981802 8.810987 00 00 3232303032334D3030373735            
16/10/23 06:06:50 0030 1                  44.981797 8.810987 00 00 31383032334D303031363132            
16/10/23 06:08:00 0031 1                  44.981438 8.810842 00 00 3231303234304A3031313730            
16/10/23 06:08:10 0032 1                  44.981435 8.810847 00 00 3233303234304A3031303235            
16/10/23 06:09:54 0033 1                  44.981685 8.809483 00 00 31B83032334D303138353235            
16/10/23 06:10:32 0034 1                  44.981717 8.809258 00 00 31383032334D303132333732            
16/10/23 06:11:16 0035 1                  44.981727 8.808995 00 00 31383032334D303138373438            
16/10/23 06:11:22 0036 1                  44.981715 8.809007 00 00 3231303032334D3030393232            
16/10/23 06:11:32 0037 1                  44.981718 8.809013 00 00 31383032334D303134383136            
16/10/23 06:11:47 0038 1                  44.981857 8.808952 00 00 31383032334D303136343631            
16/10/23 06:12:37 0039 1                  44.981827 8.808818 00 00 31383032334D303037353133            
16/10/23 06:14:39 0040 1                  44.982212 8.807907 00 00 31383032334D303132333634            
16/10/23 06:15:35 0041 1                  44.982187 8.808125 00 00 31383032334D303132333635            
16/10/23 06:16:28 0042 1                  44.982185 8.808463 00 00 3232303032334D3031333437            
16/10/23 06:16:33 0043 1                  44.982177 8.808463 00 00 31383032334D303031393536            
16/10/23 06:16:48 0044 1                  44.982142 8.808462 00 00 323030323545303032353132            
16/10/23 06:17:43 0045 1                  44.982328 8.808552 00 00 323031323055303030303234            
16/10/23 06:18:22 0046 1                  44.982340 8.808580 00 00 313831323045303039323139            
16/10/23 06:20:08 0047 1                  44.982500 8.808703 00 00 3231303132304A3037343432            
16/10/23 06:21:41 0048 1                  44.982870 8.808720 00 00 323031323055303030313438            
16/10/23 06:23:00 0049 1                  44.983075 8.808737 00 00 31383032334D303039363330            
16/10/23 06:23:08 0050 1                  44.982970 8.808625 00 00 31383032334D303136363236            
16/10/23 06:23:45 0051 1                  44.983163 8.808740 00 00 31383032334D303037333635            
16/10/23 06:23:53 0052 1                  44.983177 8.808755 00 00 31383032334D303030353532            
16/10/23 06:24:45 0053 1                  44.983303 8.808638 00 00 313831323045303039323233            
16/10/23 06:24:51 0054 1                  44.983313 8.808617 00 00 31383032334D303136343638            
16/10/23 06:26:27 0055 1                  44.983513 8.808662 00 00 3232303032334D3031363834            
16/10/23 06:27:41 0056 1                  44.983952 8.809067 00 00 323031323055303030313839            
16/10/23 06:29:03 0057 1                  44.984087 8.808948 00 00 31383032334D303030313336            
16/10/23 06:29:18 0058 1                  44.984128 8.808943 00 00 31383032334D303039363832            
16/10/23 06:30:48 0059 1                  44.984457 8.809288 00 00 31383032334D303230383737            
16/10/23 06:30:53 0060 1                  44.984455 8.809313 00 00 31383032334D303131383337            
16/10/23 06:31:08 0061 1                  44.984448 8.809347 00 00 31383032334D303037323036            
16/10/23 06:31:12 0062 1                  44.984447 8.809355 00 00 3231303032334D3031393032            
16/10/23 06:31:27 0063 1                  44.984447 8.809358 00 00 3232303032334D3030303338            
16/10/23 06:31:31 0064 1                  44.984448 8.809360 00 00 31383032334D303130363634            
16/10/23 06:31:45 0065 1                  44.984452 8.809367 00 00 31383032334D303030313838            
16/10/23 06:32:38 0066 1                  44.984683 8.809640 00 00 31383032334D303030323638            
16/10/23 06:32:44 0067 1                  44.984687 8.809645 00 00 31383032334D303030323535            
16/10/23 06:33:55 0068 1                  44.984947 8.809530 00 00 31383032334D303030333235            
16/10/23 06:35:42 0069 1                  44.984717 8.808752 00 00 31B83032334D303031373537            
16/10/23 06:35:42 0070 1                  44.984717 8.808752 00 00 31B83032334D303031373537            
16/10/23 06:36:28 0071 1                  44.984617 8.808503 00 00 31383032334D303132303737            
16/10/23 06:36:37 0072 1                  44.984618 8.808490 00 00 31383032334D303132323637            
16/10/23 06:36:44 0073 1                  44.984618 8.808475 00 00 31383032334D303136343633            
16/10/23 06:37:09 0074 1                  44.984640 8.808465 00 00 31383032334D303031363639            
16/10/23 06:37:38 0000 s 01486ver01 44.984640 8.808513 00 00
16/10/23 06:37:59 0075 1                  44.984638 8.808545 00 00 313831323045303039303634            
16/10/23 06:39:03 0076 1                  44.984605 8.808412 00 00 31383032334D303132333432            
16/10/23 06:39:04 0077 1                  44.984598 8.808425 00 00 31383032334D303132303834            
16/10/23 06:40:06 0078 1                  44.984543 8.808105 00 00 31383032334D303132323639            
16/10/23 06:40:24 0079 1                  44.984545 8.808093 00 00 31383032334D303031383232            
16/10/23 06:41:14 0080 1                  44.984498 8.807682 00 00 31383032334D303030333730            
16/10/23 06:41:21 0081 1                  44.984503 8.807683 00 00 31383032334D303030333633            
16/10/23 06:41:46 0082 1                  44.984498 8.807668 00 00 31383032334D303037353634            
16/10/23 06:42:32 0083 1                  44.984278 8.807497 00 00 31383032334D303132333334            
16/10/23 06:42:45 0084 1                  44.984248 8.807477 00 00 31383032334D303032313838            
16/10/23 06:43:31 0085 1                  44.984095 8.807463 00 00 3232303032334D3030363638            
16/10/23 06:43:50 0086 1                  44.984083 8.807460 00 00 31383032334D303031363633            
16/10/23 06:44:54 0087 1                  44.983845 8.807850 00 00 3232303032334D3030303532            
16/10/23 06:45:52 0088 1                  44.983748 8.808065 00 00 31383032334D303030333230            
16/10/23 06:46:03 0089 1                  44.983757 8.808082 00 00 31383032334D303030333232            
16/10/23 06:46:39 0090 1                  44.983753 8.808362 00 00 31383032334D303030333237            
16/10/23 06:47:33 0091 1                  44.983925 8.808623 00 00 323030323545303036393838            
16/10/23 06:47:46 0092 1                  44.983888 8.808610 00 00 323031323055303030313535            
16/10/23 06:47:55 0093 1                  44.983837 8.808583 00 00 313831323045303039303335            
16/10/23 06:48:16 0094 1                  44.983793 8.808563 00 00 313932343050303030313833            
16/10/23 06:49:26 0095 1                  44.983805 8.809315 00 00 31383032334D303037353737            
16/10/23 06:49:41 0096 1                  44.983788 8.809318 00 00 31383032334D303132323437            
16/10/23 06:50:23 0097 1                  44.983773 8.809693 00 00 31383032334D303030303039            
16/10/23 06:51:05 0098 1                  44.983745 8.809800 00 00 31383032334D303030303738            
16/10/23 06:51:19 0099 1                  44.983708 8.809785 00 00 31383032334D303037353735            
16/10/23 06:52:30 0100 1                  44.983675 8.809977 00 00 323032343055303030303237            
16/10/23 06:55:01 0101 1                  44.983528 8.810447 00 00 31383032334D303030313237            
16/10/23 06:55:05 0102 1                  44.983535 8.810450 00 00 31383032334D303030313438            
16/10/23 06:55:18 0103 1                  44.983552 8.810497 00 00 31383032334D303132373535            
16/10/23 06:56:11 0104 1                  44.983433 8.810940 00 00 31383032334D303030323734            
16/10/23 06:56:49 0105 1                  44.983310 8.811190 00 00 31383032334D303030303133            
16/10/23 06:58:25 0106 1                  44.982537 8.811658 00 00 3231303234304A3031313635            
16/10/23 06:59:41 0107 1                  44.982490 8.811425 00 00 3231303032334D3030343432            
16/10/23 06:59:48 0108 1                  44.982502 8.811403 00 00 31383032334D303030323534            
16/10/23 07:00:53 0109 1                  44.982540 8.811057 00 00 3231303032334D3031353937            
16/10/23 07:01:54 0110 1                  44.982525 8.810870 00 00 31383032334D303032353732            
16/10/23 07:02:04 0111 1                  44.982560 8.810803 00 00 3232303032334D3031303439            
16/10/23 07:02:19 0112 1                  44.982585 8.810743 00 00 323030323545303034363939            
16/10/23 07:03:17 0113 1                  44.982635 8.810507 00 00 323030323545303035333931            
16/10/23 07:03:23 0114 1                  44.982628 8.810510 00 00 31383032334D303031313131            
16/10/23 07:03:34 0115 1                  44.982630 8.810503 00 00 31383032334D303136373435            
16/10/23 07:04:55 0116 1                  44.982747 8.810010 00 00 31383032334D303031373036            
16/10/23 07:05:03 0117 1                  44.982745 8.810023 00 00 31383032334D303037323834            
16/10/23 07:05:31 0118 1                  44.982722 8.810068 00 00 31383032334D303133323435            
16/10/23 07:05:43 0119 1                  44.982717 8.810082 00 00 31383032334D303034333432            
16/10/23 07:06:27 0000 s 01486ver01 44.982673 8.810128 00 00
16/10/23 07:08:45 0120 1                  44.982655 8.809553 00 00 31383032334D303034313334            
16/10/23 07:10:16 0121 1                  44.982848 8.809012 00 00 3232303032334D3031353538            
16/10/23 07:10:31 0122 1                  44.982873 8.809022 00 00 31383032334D303039323139            
16/10/23 07:11:02 0123 1                  44.982818 8.808952 00 00 3231303032334D3035363639            
16/10/23 07:11:52 0124 1                  44.982777 8.808465 00 00 31383032334D303031303133            
16/10/23 07:12:40 0125 1                  44.982838 8.808042 00 00 31383032334D303031373131            
16/10/23 07:13:00 0126 1                  44.982847 8.808093 00 00 31383032334D303031383730            
16/10/23 07:13:11 0127 1                  44.982830 8.808110 00 00 31383032334D303030393935            
16/10/23 07:13:51 0128 1                  44.982860 8.807913 00 00 31383032334D303031383434            
16/10/23 07:14:28 0129 1                  44.982905 8.807503 00 00 3233303032334D3030333330            
16/10/23 07:15:34 0130 1                  44.983017 8.807160 00 00 31383032334D303136373034            
16/10/23 07:15:47 0131 1                  44.983017 8.807150 00 00 31383032334D303037343835            
16/10/23 07:15:52 0132 1                  44.983003 8.807158 00 00 3231303032334D3032303437            
16/10/23 07:16:04 0133 1                  44.982990 8.807178 00 00 31383032334D303032383338            
16/10/23 07:17:03 0134 1                  44.983230 8.807473 00 00 31383032334D303030383039            
16/10/23 07:18:36 0135 1                  44.983250 8.807755 00 00 31383032334D303030383437            
16/10/23 07:18:47 0136 1                  44.983238 8.807782 00 00 31383032334D303032363031            
16/10/23 07:25:07 0137 1                  44.983450 8.807328 00 00 31383032334D303031383433            
16/10/23 07:26:17 0138 1                  44.983697 8.807205 00 00 31383032334D303136343637            
16/10/23 07:28:24 0139 1                  44.982643 8.807552 00 00 31383032334D303031393435            
16/10/23 07:28:48 0140 1                  44.982633 8.807567 00 00 31383032334D303031363538            
16/10/23 07:29:33 0141 1                  44.982622 8.807343 00 00 31383032334D3030313633B8            
16/10/23 07:30:22 0142 1                  44.982697 8.807042 00 00 31383032334D303035323831            
16/10/23 07:30:38 0143 1                  44.982670 8.807025 00 00 3232303032334D3030323035            
16/10/23 07:30:44 0144 1                  44.982672 8.807008 00 00 3232303032334D3030303034            
16/10/23 07:31:29 0145 1                  44.982618 8.807013 00 00 31383032334D303031303635            
16/10/23 07:31:43 0146 1                  44.982635 8.806955 00 00 111150000000002427913795            
16/10/23 07:31:48 0147 1                  44.982642 8.806962 00 00 31383032334D303031373431            
16/10/23 07:32:07 0148 1                  44.982643 8.806933 00 00 323030323545303032383639            
16/10/23 07:33:12 0149 1                  44.982410 8.806763 00 00 31383032334D303031363537            
16/10/23 07:34:02 0150 1                  44.982285 8.806813 00 00 31383032334D303031383639            
16/10/23 07:34:46 0151 1                  44.982230 8.806537 00 00 31383032334D303032353131            
16/10/23 07:35:34 0152 1                  44.981988 8.806260 00 00 31383032334D303031393932            
16/10/23 07:36:37 0153 1                  44.981722 8.806482 00 00 31383032334D303031373732            
16/10/23 07:37:31 0154 1                  44.981688 8.806845 00 00 31383032334D303132333335            
16/10/23 07:38:03 0155 1                  44.981643 8.806875 00 00 31383032334D303031363333            
16/10/23 07:38:50 0156 1                  44.981505 8.807438 00 00 31383032334D303031363334            
16/10/23 07:39:07 0157 1                  44.981515 8.807457 00 00 31383032334D303031373735            
16/10/23 07:39:15 0158 1                  44.981523 8.807465 00 00 323030323545303039303132            
16/10/23 07:39:24 0159 1                  44.981530 8.807472 00 00 3232303032334D3031373132            
16/10/23 07:40:22 0160 1                  44.981440 8.807865 00 00 3232303032334D3031333130            
16/10/23 07:40:28 0161 1                  44.981442 8.807852 00 00 3231303032334D3033363736            
16/10/23 07:40:49 0162 1                  44.981417 8.807818 00 00 31383032334D303031373737            
16/10/23 07:41:02 0163 1                  44.981407 8.807813 00 00 31383032334D303035343131            
16/10/23 07:42:00 0164 1                  44.981487 8.808300 00 00 323031323055303030323730            
16/10/23 07:43:18 0165 1                  44.981623 8.808103 00 00 31383032334D303031393939            
16/10/23 07:43:34 0166 1                  44.981643 8.808112 00 00 323030323545303032363839            
16/10/23 07:44:33 0167 1                  44.981885 8.807412 00 00 31383032334D303031393934            
16/10/23 07:44:34 0168 1                  44.981890 8.807412 00 00 31383032334D3030313939B4            
16/10/23 07:45:21 0169 1                  44.982003 8.807113 00 00 31383032334D303031393933            
16/10/23 07:45:28 0170 1                  44.982008 8.807112 00 00 31383032334D303135303932            
16/10/23 07:45:46 0171 1                  44.982022 8.807102 00 00 31383032334D303032303830            
16/10/23 07:47:23 0172 1                  44.982105 8.806188 00 00 31383032334D303031373330            
16/10/23 07:48:22 0173 1                  44.982177 8.805777 00 00 31383032334D303031373738            
16/10/23 07:50:30 0174 1                  44.982895 8.805963 00 00 31383132304A303039313235            
16/10/23 07:50:30 0175 1                  44.982895 8.805963 00 00 31383132304A303039313235            
16/10/23 07:52:43 0176 1                  44.982515 8.805440 00 00 31383032334D303031363330            
16/10/23 07:52:51 0177 1                  44.982520 8.805432 00 00 31383032334D303131343038            
16/10/23 07:53:34 0178 1                  44.982188 8.805378 00 00 31383032334D303031383132            
16/10/23 07:54:19 0179 1                  44.981897 8.805507 00 00 3232303032334D3031353830            
16/10/23 07:54:29 0180 1                  44.981887 8.805510 00 00 31383032334D303030303130            
16/10/23 07:55:22 0181 1                  44.981632 8.805987 00 00 31383032334D303037353739            
16/10/23 07:56:04 0182 1                  44.981532 8.805930 00 00 31383032334D303030393333            
16/10/23 07:56:29 0183 1                  44.981468 8.806000 00 00 31383072334D303037323936            
16/10/23 07:56:47 0184 1                  44.981462 8.806007 00 00 31383032334D303030313732            
16/10/23 07:58:40 0185 1                  44.980835 8.805707 00 00 31383032334D303031393436            
16/10/23 07:58:48 0186 1                  44.980838 8.805705 00 00 31383032334D303031393538            
16/10/23 07:59:35 0187 1                  44.980432 8.805652 00 00 31383032334D303130373334            
16/10/23 07:59:43 0188 1                  44.980408 8.805622 00 00 31383032334D303132333931            
16/10/23 08:00:39 0189 1                  44.979368 8.806012 00 00 323030323545303038353731            
16/10/23 08:00:51 0190 1                  44.979368 8.806025 00 00 31383032334D303031303235            
16/10/23 08:02:04 0191 1                  44.979215 8.806092 00 00 31383032334D303037353032            
16/10/23 08:04:11 0192 1                  44.978918 8.807528 00 00 31383032334D303032353638            
16/10/23 08:04:27 0193 1                  44.978903 8.807522 00 00 31383032334D303032353130            
16/10/23 08:04:33 0194 1                  44.978903 8.807522 00 00 31383032334D303032353237            
16/10/23 08:05:33 0195 1                  44.978972 8.808160 00 00 31383032334D303031363336            
16/10/23 08:05:43 0196 1                  44.978970 8.808157 00 00 31383032334D303035333935            
16/10/23 08:06:28 0197 1                  44.978923 8.808348 00 00 3231303032334D3031363134            
16/10/23 08:06:38 0198 1                  44.978922 8.808345 00 00 31383032334D303035353433            
16/10/23 08:07:09 0199 1                  44.978927 8.808335 00 00 31383032334D303035343038            
16/10/23 08:12:10 0200 1                  44.980650 8.806103 00 00 31383032334D303031383133            
16/10/23 08:12:37 0201 1                  44.980638 8.806092 00 00 31383032334D303030383530            
16/10/23 08:12:55 0202 1                  44.980637 8.806093 00 00 3231303032334D3035333536            
16/10/23 08:13:08 0203 1                  44.980640 8.806100 00 00 31383032334D303136353639            
16/10/23 08:14:01 0204 1                  44.980672 8.806367 00 00 31383032334D303030373339            
16/10/23 08:14:15 0205 1                  44.980658 8.806375 00 00 31383032334D303039363931            
16/10/23 08:14:28 0206 1                  44.980652 8.806375 00 00 31383032334D303130303739            
16/10/23 08:16:02 0207 1                  44.980608 8.806752 00 00 31383032334D303031373039            
16/10/23 08:16:09 0208 1                  44.980608 8.806742 00 00 3231303032334D3030343136            
16/10/23 08:16:18 0209 1                  44.980615 8.806725 00 00 31383032334D303031303738            
16/10/23 08:16:32 0210 1                  44.980623 8.806717 00 00 31383032334D303031383636            
16/10/23 08:17:15 0211 1                  44.980653 8.807043 00 00 31383032334D303031373339            
16/10/23 08:17:35 0212 1                  44.980692 8.807088 00 00 31383032334D303136363831            
16/10/23 08:18:41 0213 1                  44.980663 8.807422 00 00 31383032334D303031303730            
16/10/23 08:18:54 0214 1                  44.980615 8.807425 00 00 31383032334D303030393637            
16/10/23 08:20:17 0215 1                  44.980947 8.807918 00 00 31383032334D303037343233            
16/10/23 08:21:03 0216 1                  44.980910 8.807775 00 00 31383032334D303037333738            
16/10/23 08:21:16 0217 1                  44.980882 8.807782 00 00 31383032334D303136363332            
16/10/23 08:21:16 0218 1                  44.980882 8.807782 00 00 31383032334D303035363434            
16/10/23 08:21:40 0219 1                  44.980863 8.807788 00 00 3232303032334D3030303931            
16/10/23 08:22:39 0220 1                  44.980315 8.807643 00 00 31383032334D303037343539            
16/10/23 08:22:41 0221 1                  44.980312 8.807647 00 00 31383032334D303037343D39            
16/10/23 08:23:38 0222 1                  44.980077 8.807625 00 00 31383032334D303031383836            
16/10/23 08:23:55 0223 1                  44.980050 8.807637 00 00 31383032334D303031383835            
16/10/23 08:24:42 0224 1                  44.979757 8.807765 00 00 31383032334D303031383839            
16/10/23 08:27:18 0225 1                  44.977902 8.806592 00 00 31383032334D303032373232            
16/10/23 08:27:18 0226 1                  44.977902 8.806592 00 00 31383032334D303132323538            
16/10/23 08:28:59 0227 1                  44.977533 8.806708 00 00 31383032334D303030383432            
16/10/23 08:29:08 0228 1                  44.977538 8.806715 00 00 31383032334D303139323132            
16/10/23 08:29:19 0229 1                  44.977523 8.806678 00 00 31383032334D303132333332            
16/10/23 08:29:33 0230 1                  44.977522 8.806673 00 00 31383032334D303132313537            
16/10/23 08:30:22 0231 1                  44.977127 8.806762 00 00 31383032334D303132333338            
16/10/23 08:31:01 0232 1                  44.977000 8.806732 00 00 31383032334D303132313135            
16/10/23 08:31:46 0233 1                  44.976875 8.806782 00 00 31383032334D303030383533            
16/10/23 08:32:05 0234 1                  44.976885 8.806823 00 00 31383032334D303132313935            
16/10/23 08:33:08 0235 1                  44.976332 8.806923 00 00 31383032334D303134383732            
16/10/23 08:34:03 0236 1                  44.975983 8.806975 00 00 31383032334D303137363139            
16/10/23 08:34:45 0237 1                  44.975747 8.806960 00 00 31383032334D303035333034            
16/10/23 08:35:46 0238 1                  44.975623 8.807367 00 00 31383032334D303132343030            
16/10/23 08:36:28 0239 1                  44.975622 8.807750 00 00 31383032334D303039383436            
16/10/23 08:37:13 0240 1                  44.975637 8.808245 00 00 31383032334D303032363039            
16/10/23 08:37:31 0241 1                  44.975647 8.808252 00 00 31383032334D303039363437            
16/10/23 08:38:18 0242 1                  44.975625 8.808872 00 00 31383032334D303032353735            
16/10/23 08:39:20 0243 1                  44.975742 8.809368 00 00 31383032334D303032363037            
16/10/23 08:40:14 0244 1                  44.975958 8.809207 00 00 31383032334D303132303935            
16/10/23 08:40:29 0245 1                  44.975945 8.809228 00 00 31383032334D303132313033            
16/10/23 08:41:13 0246 1                  44.976105 8.809243 00 00 31383032334D303132313032            
16/10/23 08:42:34 0247 1                  44.975613 8.807027 00 00 31383032334D303132323235            
16/10/23 08:46:10 0248 1                  44.975338 8.806945 00 00 3231303032334D3031383635            
16/10/23 08:47:13 0249 1                  44.974452 8.807098 00 00 31383032334D303132323138            
16/10/23 08:48:47 0250 1                  44.973508 8.807048 00 00 31383032334D303132333234            
16/10/23 08:49:32 0251 1                  44.973337 8.807392 00 00 31383032334D303034303639            
16/10/23 08:50:33 0252 1                  44.973293 8.808370 00 00 323030323545303031383138            
16/10/23 09:03:23 0253 1                  44.976625 8.796505 00 00 31383032334D303132303436            
16/10/23 09:03:48 0254 1                  44.976628 8.796513 00 00 31383032334D303132303534            
16/10/23 09:04:00 0255 1                  44.976632 8.796510 00 00 31383032334D303132303537            
16/10/23 09:05:55 0256 1                  44.977042 8.803385 00 00 31383032334D303037353536            
16/10/23 09:06:13 0257 1                  44.977038 8.803383 00 00 31383032334D303132313035            
16/10/23 09:07:14 0258 1                  44.977060 8.803867 00 00 31383032334D303132303936            
16/10/23 09:08:10 0259 1                  44.977522 8.804902 00 00 31383032334D303132323131            
16/10/23 11:07:50 0000 s 01486ver01 44.882857 8.859833 00 00
16/10/23 11:38:01 0260 1                  44.980650 8.806183 00 00 E2F000000000000000000000            
16/10/23 11:38:04 0261 1                  44.980650 8.806182 00 00 313931323045303630333035            
16/10/23 11:42:02 0262 1                  44.980660 8.806815 00 00 313831323045303139313538            
16/10/23 11:42:08 0263 1                  44.980665 8.806823 00 00 313831323045303139313539            
16/10/23 11:44:56 0264 1                  44.980673 8.807472 00 00 313931323050303130343738            
16/10/23 11:45:33 0265 1                  44.980642 8.807443 00 00 313831323045303139323631            
16/10/23 11:47:03 0266 1                  44.980797 8.807807 00 00 313831323045303230363031            
16/10/23 11:47:10 0267 1                  44.980787 8.807813 00 00 313831323045303233323134            
16/10/23 11:48:01 0268 1                  44.980838 8.807773 00 00 313831323045303234343434            
16/10/23 11:48:44 0269 1                  44.980868 8.807737 00 00 313831323045303230353838            
16/10/23 11:49:42 0270 1                  44.980332 8.807635 00 00 3231303234304A3032313134            
16/10/23 11:49:52 0271 1                  44.980307 8.807630 00 00 313831323045303138383430            
16/10/23 11:51:14 0272 1                  44.980075 8.807655 00 00 313831323045303139313939            
16/10/23 11:52:31 0273 1                  44.979785 8.807667 00 00 313931323050303130303933            
16/10/23 11:52:39 0274 1                  44.979795 8.807687 00 00 313831323045303230353338            
16/10/23 11:55:43 0275 1                  44.981877 8.806327 00 00 313831323045303139303435            
16/10/23 11:55:44 0276 1                  44.981877 8.806327 00 00 313831323045303139303530            
16/10/23 11:57:08 0277 1                  44.982077 8.806270 00 00 313831323045303138393636            
16/10/23 11:57:16 0278 1                  44.982073 8.806268 00 00 313831323045303138393833            
16/10/23 11:58:36 0279 1                  44.982170 8.805825 00 00 313831323045303139323234            
16/10/23 11:59:58 0280 1                  44.982388 8.805785 00 00 313831323045303139353430            
16/10/23 12:02:05 0281 1                  44.982902 8.805915 00 00 31383132304A303039313235            
16/10/23 12:02:07 0282 1                  44.982903 8.805913 00 00 31383132304A303039313235            
16/10/23 12:04:10 0283 1                  44.982417 8.805493 00 00 313931323050303033343732            
16/10/23 12:06:12 0284 1                  44.982128 8.805342 00 00 313831323045303139333631            
16/10/23 12:07:42 0285 1                  44.981720 8.806482 00 00 313831323045303139363939            
16/10/23 12:08:55 0286 1                  44.981487 8.807485 00 00 313831323045303139303839            
16/10/23 12:09:53 0287 1                  44.981410 8.807860 00 00 31383032334D303031373737            
16/10/23 12:10:35 0288 1                  44.981408 8.807942 00 00 313831323045303139323233            
16/10/23 12:10:40 0289 1                  44.981428 8.807955 00 00 313931323050303039333832            
16/10/23 12:10:48 0290 1                  44.981448 8.807963 00 00 313931323050303033303632            
16/10/23 12:12:25 0291 1                  44.981590 8.808278 00 00 313831323045303139323033            
16/10/23 12:14:16 0292 1                  44.981897 8.807383 00 00 313831323045303139323236            
16/10/23 12:14:59 0293 1                  44.981982 8.807132 00 00 313831323045303234343833            
16/10/23 12:15:04 0294 1                  44.981980 8.807130 00 00 313831323045303138393634            
16/10/23 12:15:57 0295 1                  44.981983 8.807132 00 00 313931323050303035323731            
16/10/23 12:16:00 0296 1                  44.981983 8.807132 00 00 313831323045303138393638            
16/10/23 12:17:19 0297 1                  44.982078 8.806740 00 00 313831323045303138393539            
16/10/23 12:19:06 0298 1                  44.982098 8.806517 00 00 313931323050303032373238            
16/10/23 12:20:29 0299 1                  44.982277 8.806688 00 00 313931323050303033303534            
16/10/23 12:21:41 0300 1                  44.982472 8.806997 00 00 313831323045303138383135            
16/10/23 12:21:47 0301 1                  44.982465 8.807012 00 00 313831323045303139333432            
16/10/23 12:23:18 0302 1                  44.982557 8.807032 00 00 313831323045303139313339            
16/10/23 12:23:27 0303 1                  44.982547 8.807007 00 00 313931323050303036323237            
16/10/23 12:24:01 0304 1                  44.982638 8.807075 00 00 313831323045303231393136            
16/10/23 12:24:12 0305 1                  44.982653 8.807075 00 00 313831323045303138373230            
16/10/23 12:25:01 0306 1                  44.982675 8.807088 00 00 313931323050303039393133            
16/10/23 12:26:18 0307 1                  44.982633 8.807532 00 00 313831323045303139323730            
16/10/23 12:27:46 0308 1                  44.983020 8.807280 00 00 313831323045303139323239            
16/10/23 12:28:00 0309 1                  44.983002 8.807292 00 00 313931323050303035353533            
16/10/23 12:28:03 0310 1                  44.983002 8.807287 00 00 313931323050303035353236            
16/10/23 12:29:32 0311 1                  44.983225 8.807298 00 00 313831323045303234323830            
16/10/23 12:31:31 0312 1                  44.983262 8.807538 00 00 313831323045303234343437            
16/10/23 12:32:04 0313 1                  44.983265 8.807562 00 00 393831323045303139373533            
16/10/23 12:32:04 0314 1                  44.983265 8.807562 00 00 313831323045303139373533            
16/10/23 12:32:07 0315 1                  44.983268 8.807557 00 00 313831323045303139303533            
16/10/23 12:34:01 0316 1                  44.983403 8.807403 00 00 313831323045303139363634            
16/10/23 12:35:10 0317 1                  44.983343 8.807380 00 00 313931323050303131333835            
16/10/23 12:36:00 0318 1                  44.983593 8.807215 00 00 313831323045303235373834            
16/10/23 12:37:17 0319 1                  44.983775 8.807520 00 00 313831323047303139363537            
16/10/23 12:37:18 0320 1                  44.983772 8.807510 00 00 313831323045303139363537            
16/10/23 12:37:32 0321 1                  44.983762 8.807560 00 00 313831323045303139343235            
16/10/23 12:37:41 0322 1                  44.983750 8.807535 00 00 313931323050303035393138            
16/10/23 12:38:56 0323 1                  44.983767 8.807883 00 00 313831323045303139363536            
16/10/23 12:40:21 0324 1                  44.983757 8.808220 00 00 313C31323045303139363535            
16/10/23 12:41:21 0325 1                  44.983770 8.808368 00 00 313831323045303236353037            
16/10/23 12:41:21 0326 1                  44.983770 8.808368 00 00 313831323045303139333539            
16/10/23 12:42:18 0327 1                  44.983762 8.808365 00 00 313932343050303030313833            
16/10/23 12:45:20 0328 1                  44.984555 8.808545 00 00 313831323045303139363933            
16/10/23 12:45:40 0329 1                  44.984552 8.808533 00 00 313831323045303139343339            
16/10/23 12:46:16 0330 1                  44.984580 8.808528 00 00 313831323045303139343338            
16/10/23 12:46:37 0331 1                  44.984598 8.808515 00 00 313832343045303034303637            
16/10/23 12:47:18 0332 1                  44.984593 8.808528 00 00 31383033304D303034353631            
16/10/23 12:47:47 0333 1                  44.984572 8.808375 00 00 313831323045303232393434            
16/10/23 12:49:11 0334 1                  44.984502 8.807945 00 00 313831323045303139363930            
16/10/23 12:50:48 0335 1                  44.984415 8.807675 00 00 313831323045303139353738            
16/10/23 12:51:31 0336 1                  44.984415 8.807647 00 00 313831323045303139343237            
16/10/23 12:53:28 0337 1                  44.984007 8.807417 00 00 313931323050303035343232            
16/10/23 12:54:36 0338 1                  44.983825 8.807442 00 00 313831323045303139313739            
16/10/23 12:56:28 0339 1                  44.983843 8.809170 00 00 313831323045303138393933            
16/10/23 12:56:32 0340 1                  44.983833 8.809182 00 00 313931323050303038303738            
16/10/23 12:58:51 0341 1                  44.983748 8.809743 00 00 313831323045303138393834            
16/10/23 12:58:59 0342 1                  44.983762 8.809737 00 00 313831323045303139393931            
16/10/23 13:00:19 0343 1                  44.983722 8.809853 00 00 313832343045303034303631            
16/10/23 13:00:28 0344 1                  44.983715 8.809830 00 00 313831323045303139313738            
16/10/23 13:07:57 0345 1                  44.983628 8.810400 00 00 313831323045303139383235            
16/10/23 13:08:30 0346 1                  44.983655 8.810450 00 00 313831323045303233373233            
16/10/23 13:08:48 0347 1                  44.983683 8.810428 00 00 313831323045303139373038            
16/10/23 13:08:56 0348 1                  44.983667 8.810427 00 00 313931323050303033323332            
16/10/23 13:10:30 0349 1                  44.983527 8.810737 00 00 313831323045303139383330            
16/10/23 13:11:43 0350 1                  44.983312 8.811325 00 00 313931323050303035353933            
16/10/23 13:13:14 0351 1                  44.983227 8.811853 00 00 313831323045303230303239            
16/10/23 13:14:39 0352 1                  44.982533 8.811572 00 00 313932343050303030343037            
16/10/23 13:14:53 0353 1                  44.982527 8.811565 00 00 3231303234304A3031323832            
16/10/23 13:15:48 0354 1                  44.982545 8.811588 00 00 313831323045303139373436            
16/10/23 13:17:09 0355 1                  44.982658 8.811395 00 00 313931323050303037313231            
16/10/23 13:18:18 0356 1                  44.982610 8.811062 00 00 313931323045303630333931            
16/10/23 13:18:33 0357 1                  44.982562 8.811032 00 00 313831323045303233393330            
16/10/23 13:19:43 0358 1                  44.982465 8.810945 00 00 313831323045303139313735            
16/10/23 13:19:52 0359 1                  44.982488 8.810930 00 00 313831323045303139353739            
16/10/23 13:21:16 0360 1                  44.982572 8.810637 00 00 313931323050303131363733            
16/10/23 13:21:25 0361 1                  44.982572 8.810632 00 00 313831323045303139353337            
16/10/23 13:24:04 0362 1                  44.982690 8.809997 00 00 313931323045303630303538            
16/10/23 13:24:17 0363 1                  44.982698 8.809967 00 00 313831323045303139313631            
16/10/23 13:24:24 0364 1                  44.982712 8.809965 00 00 313831323045303231393939            
16/10/23 13:26:48 0365 1                  44.982807 8.809493 00 00 313831323045303139313935            
16/10/23 13:27:25 0366 1                  44.982788 8.809357 00 00 313831323045303139333734            
16/10/23 13:28:51 0367 1                  44.982813 8.809095 00 00 313931323050303035323039            
16/10/23 13:29:53 0368 1                  44.982830 8.808992 00 00 31383033304D303033393134            
16/10/23 13:30:26 0369 1                  44.982892 8.808698 00 00 31383033304D303034373833            
16/10/23 13:31:34 0370 1                  44.982818 8.808472 00 00 313931323050303032353230            
16/10/23 13:33:04 0371 1                  44.982777 8.808207 00 00 31383033304D303034353031            
16/10/23 13:33:14 0372 1                  44.982778 8.808198 00 00 313831323045303139353730            
16/10/23 13:34:40 0373 1                  44.982733 8.807978 00 00 313831323045303139343238            
16/10/23 13:34:48 0374 1                  44.982735 8.807962 00 00 313831323045303139343030            
16/10/23 13:35:57 0375 1                  44.982827 8.807625 00 00 3231303033304D3032373639            
16/10/23 13:47:56 0376 1                  44.981407 8.808305 00 00 313932343050303030303034            
16/10/23 14:35:21 0000 s 01486ver01 44.982702 8.812190 00 00
16/10/23 14:47:43 0377 1                  44.981460 8.810783 00 00 E20000166610027717006746            
16/10/23 14:47:49 0378 1                  44.981448 8.810797 00 00 313831323045303139363839            
16/10/23 14:48:55 0379 1                  44.981423 8.810842 00 00 3231303234304A3031333239            
16/10/23 14:48:58 0380 1                  44.981423 8.810843 00 00 3233303234304A3030363439            
16/10/23 14:50:08 0381 1                  44.981488 8.810573 00 00 313831323045303230343631            
16/10/23 14:53:22 0382 1                  44.981675 8.809703 00 00 313831323045303139303832            
16/10/23 14:54:11 0383 1                  44.981742 8.809010 00 00 313831323045303139333232            
16/10/23 14:54:18 0384 1                  44.981737 8.809008 00 00 313831323045303138373635            
16/10/23 14:55:39 0385 1                  44.981800 8.809010 00 00 313831323045303139323333            
16/10/23 14:58:24 0386 1                  44.982295 8.808257 00 00 313931323050303035353530            
16/10/23 14:58:33 0387 1                  44.982322 8.808278 00 00 313831323045303139313338            
16/10/23 15:04:03 0388 1                  44.982068 8.808998 00 00 3231303234304A3034373234            
16/10/23 15:05:43 0389 1                  44.981943 8.810105 00 00 313931323050303033313734            
16/10/23 15:06:01 0390 1                  44.981955 8.810132 00 00 313831323045307230323631            
16/10/23 15:06:30 0391 1                  44.981963 8.810147 00 00 313831323045303230323631            
16/10/23 15:07:45 0392 1                  44.981835 8.811015 00 00 3233303132304A3030373430            
16/10/23 15:13:14 0393 1                  44.987202 8.804260 00 00 313831323045303234363632            
16/10/23 15:15:32 0394 1                  44.985658 8.797202 00 00 313831363045303230353438            
16/10/23 15:16:43 0395 1                  44.985667 8.796885 00 00 313831323045303230333932            
16/10/23 15:16:45 0396 1                  44.985673 8.796882 00 00 313831323045303230333932            
16/10/23 15:18:24 0397 1                  44.985635 8.796843 00 00 31383032334D303132333836            
16/10/23 15:18:49 0398 1                  44.985507 8.796493 00 00 313831323045303230353531            
16/10/23 15:24:00 0399 1                  44.988532 8.805875 00 00 313831323045303230333838            
16/10/23 15:25:31 0400 1                  44.988537 8.804705 00 00 313831323045303230333933            
16/10/23 15:26:44 0401 1                  44.988402 8.803430 00 00 313931323050303035373139            
16/10/23 15:26:53 0402 1                  44.988405 8.803418 00 00 313931323050303035373230            
16/10/23 15:28:14 0403 1                  44.988355 8.802772 00 00 313931323050303132303233            
16/10/23 15:29:20 0404 1                  44.988343 8.802558 00 00 313931323050303132383537            
16/10/23 15:31:14 0405 1                  44.988160 8.801213 00 00 313831323045303139373935            
16/10/23 15:33:13 0406 1                  44.988218 8.799230 00 00 313831323045303139383531            
16/10/23 15:38:04 0407 1                  44.991168 8.803893 00 00 313831323045303231303433            
16/10/23 15:44:34 0408 1                  44.994940 8.790807 00 00 313931323050303034313739            
16/10/23 15:47:22 0409 1                  44.994215 8.789373 00 00 313931323050303033303733            
16/10/23 15:48:09 0410 1                  44.994313 8.789345 00 00 313832343045303034333035            
