23/10/23 10:37:14 0000 s 01510ver01 44.792560 8.739428 00 00
23/10/23 10:56:45 0001 1                  44.859285 8.609295 00 00 313831323045303233353931            
23/10/23 10:59:26 0002 1                  44.859923 8.605643 00 00 313831323045303234343635            
23/10/23 11:01:19 0003 1                  44.857542 8.608955 00 00 313831323045303230343338            
23/10/23 11:02:53 0004 1                  44.854368 8.605367 00 00 313831323045303230343334            
23/10/23 11:03:03 0005 1                  44.854365 8.605365 00 00 313831323045303230343239            
23/10/23 11:05:36 0006 1                  44.850627 8.588343 00 00 313831323045303230343432            
23/10/23 11:11:06 0007 1                  44.848828 8.576482 00 00 313831313030533031303133            
23/10/23 11:11:50 0008 1                  44.848835 8.576498 00 00 313831313030533031303132            
23/10/23 11:12:16 0009 1                  44.848837 8.576503 00 00 313831313030533031303135            
23/10/23 11:29:01 0010 1                  44.847972 8.575778 00 00 31383033304D303034343134            
23/10/23 11:29:57 0011 1                  44.848530 8.577008 00 00 313831323045303230373736            
23/10/23 11:30:05 0012 1                  44.848527 8.577027 00 00 313831323045303230353134            
23/10/23 11:30:17 0013 1                  44.848530 8.577040 00 00 313831323045303233313534            
23/10/23 11:31:23 0014 1                  44.848507 8.577952 00 00 313831323045303233313332            
23/10/23 11:32:42 0015 1                  44.847190 8.580210 00 00 313831323045303230343434            
23/10/23 11:33:41 0016 1                  44.845967 8.580740 00 00 313831323045303233383434            
23/10/23 11:34:24 0017 1                  44.845715 8.580743 00 00 313831323045303232373430            
23/10/23 11:35:01 0018 1                  44.845548 8.580752 00 00 313931323050303132323437            
23/10/23 11:35:20 0019 1                  44.845528 8.580743 00 00 313831323045303234323536            
23/10/23 11:36:18 0020 1                  44.845392 8.580692 00 00 313831323045303138383634            
23/10/23 11:37:32 0021 1                  44.844993 8.580645 00 00 313831323045303234313439            
23/10/23 11:37:46 0022 1                  44.844983 8.580635 00 00 313831323045303232373433            
23/10/23 11:39:16 0023 1                  44.844748 8.580593 00 00 313831313030533031313031            
23/10/23 11:40:41 0024 1                  44.844130 8.580145 00 00 313831323045303232343731            
23/10/23 11:41:55 0025 1                  44.844385 8.580625 00 00 313831323045303230363830            
23/10/23 11:43:20 0026 1                  44.845773 8.581440 00 00 313831323045303232373435            
23/10/23 11:44:02 0027 1                  44.845635 8.581645 00 00 313831323045303233343133            
23/10/23 11:44:38 0028 1                  44.845562 8.581805 00 00 313831323045303232343434            
23/10/23 11:44:48 0029 1                  44.845568 8.581810 00 00 313831323045303232343437            
23/10/23 11:45:30 0030 1                  44.845385 8.582148 00 00 313831323045303234303836            
23/10/23 11:46:06 0031 1                  44.845237 8.582388 00 00 313831323045303234303839            
23/10/23 11:48:43 0032 1                  44.841718 8.584333 00 00 313831323045303230323131            
23/10/23 11:49:49 0033 1                  44.841693 8.585787 00 00 313831323045303232363433            
23/10/23 11:49:52 0034 1                  44.841692 8.585788 00 00 313831323045303233373538            
23/10/23 11:50:18 0035 1                  44.841692 8.585770 00 00 313831323045303234303138            
23/10/23 11:51:12 0036 1                  44.841425 8.586627 00 00 313831323045303233363035            
23/10/23 11:51:56 0037 1                  44.841337 8.586955 00 00 313831323045303233373537            
23/10/23 11:52:59 0038 1                  44.841028 8.588378 00 00 313831323045303230333534            
23/10/23 11:52:59 0039 1                  44.841028 8.588378 00 00 313831323045303233363239            
23/10/23 11:55:16 0040 1                  44.841395 8.589022 00 00 313831313030533030313239            
23/10/23 11:55:50 0041 1                  44.841385 8.589020 00 00 313831313030533030313236            
23/10/23 11:57:27 0042 1                  44.842585 8.588458 00 00 313831323045303139393431            
23/10/23 11:58:12 0043 1                  44.842560 8.587840 00 00 313831323045303232333532            
23/10/23 11:58:40 0044 1                  44.842550 8.587843 00 00 313831323045303230373731            
23/10/23 11:58:40 0045 1                  44.842550 8.587843 00 00 30395DFA83338DC07070C816            
23/10/23 11:59:31 0046 1                  44.842487 8.587238 00 00 313831323045303230373839            
23/10/23 12:00:35 0047 1                  44.842455 8.586850 00 00 313831323045303230323130            
23/10/23 12:02:40 0048 1                  44.842447 8.586258 00 00 313831323045303232353730            
23/10/23 12:02:40 0049 1                  44.842447 8.586258 00 00 313831323045303232363439            
23/10/23 12:03:47 0050 1                  44.842358 8.585772 00 00 313831323045303231363734            
23/10/23 12:11:28 0051 1                  44.842248 8.585388 00 00 313831323045303231333036            
23/10/23 12:12:24 0052 1                  44.842075 8.585022 00 00 313831323045303233313231            
23/10/23 12:12:42 0053 1                  44.842060 8.585022 00 00 313831323045303233383830            
23/10/23 12:13:39 0054 1                  44.841963 8.584690 00 00 313831323045303231393530            
23/10/23 12:15:39 0055 1                  44.842643 8.581727 00 00 313831323045303139303531            
23/10/23 12:15:48 0056 1                  44.842652 8.581728 00 00 313831323045303231353935            
23/10/23 12:16:23 0057 1                  44.842655 8.581737 00 00 313831323045303233373236            
23/10/23 12:18:29 0058 1                  44.842462 8.581233 00 00 313831323045303232373736            
23/10/23 12:19:59 0059 1                  44.842563 8.580675 00 00 313831323045303232373834            
23/10/23 12:20:40 0060 1                  44.842638 8.580385 00 00 313831323045303232373738            
23/10/23 12:21:22 0061 1                  44.842745 8.579968 00 00 313831323045303234323530            
23/10/23 12:22:22 0062 1                  44.842463 8.579312 00 00 323031313030503030343633            
23/10/23 12:23:29 0063 1                  44.842355 8.579228 00 00 313831323045303233353132            
23/10/23 12:23:32 0064 1                  44.842353 8.579235 00 00 313831323045303232363630            
23/10/23 12:25:06 0065 1                  44.843188 8.577697 00 00 313831323045303232333833            
23/10/23 12:25:54 0066 1                  44.842947 8.577345 00 00 313831323045303232303539            
23/10/23 12:27:14 0067 1                  44.842528 8.576785 00 00 313831323045303230393036            
23/10/23 12:27:14 0068 1                  44.842528 8.576785 00 00 313831323045303233313930            
23/10/23 12:27:45 0069 1                  44.842517 8.576800 00 00 313931323045303630313437            
23/10/23 12:28:13 0070 1                  44.842487 8.576810 00 00 313831323045303233323130            
23/10/23 12:28:13 0071 1                  44.842487 8.576810 00 00 313831323045303230393433            
23/10/23 12:29:18 0072 1                  44.842547 8.576625 00 00 313831323045303233393934            
23/10/23 12:30:02 0073 1                  44.842472 8.576273 00 00 313831323045303232383531            
23/10/23 12:31:05 0074 1                  44.842413 8.575657 00 00 313831323045303233373539            
23/10/23 12:32:11 0075 1                  44.842358 8.575458 00 00 313831323045303232353837            
23/10/23 12:32:11 0076 1                  44.842358 8.575458 00 00 313831323045303232313639            
23/10/23 12:33:20 0077 1                  44.842207 8.575023 00 00 313831323045303232333234            
23/10/23 12:33:21 0078 1                  44.842207 8.575023 00 00 313932343045303030363834            
23/10/23 12:34:53 0079 1                  44.842105 8.574732 00 00 313831323045303232383530            
23/10/23 12:34:53 0080 1                  44.842105 8.574732 00 00 313832343045303034313331            
23/10/23 12:35:18 0081 1                  44.842103 8.574740 00 00 313931323050303133383939            
23/10/23 12:38:10 0082 1                  44.842863 8.577453 00 00 313831323045303138383538            
23/10/23 12:40:01 0083 1                  44.842878 8.579035 00 00 313831323045303138353437            
23/10/23 12:41:59 0084 1                  44.843092 8.582208 00 00 313931323050303034383038            
23/10/23 12:42:10 0085 1                  44.843088 8.582207 00 00 313931323050303033323538            
23/10/23 12:42:20 0086 1                  44.843073 8.582225 00 00 313831323045303234303037            
23/10/23 12:43:20 0087 1                  44.843275 8.582367 00 00 31383033304D303034343837            
23/10/23 12:43:42 0088 1                  44.843267 8.582385 00 00 3231303033304D3032353731            
23/10/23 12:44:07 0089 1                  44.843270 8.582395 00 00 31383033304D303033383932            
23/10/23 12:44:16 0090 1                  44.843268 8.582398 00 00 31383033304D303033353634            
23/10/23 12:45:15 0091 1                  44.843473 8.582562 00 00 313831323045303232373737            
23/10/23 12:46:43 0092 1                  44.844462 8.583657 00 00 313831323045303232343433            
23/10/23 12:47:05 0093 1                  44.844465 8.583643 00 00 313831323045303232343733            
23/10/23 12:48:03 0094 1                  44.844057 8.584117 00 00 313831323045303234393231            
23/10/23 12:48:59 0095 1                  44.843557 8.584743 00 00 313831323045303232343430            
23/10/23 12:49:50 0096 1                  44.843095 8.585365 00 00 313831323045303233353038            
23/10/23 12:50:30 0097 1                  44.843110 8.585657 00 00 313831323045303233353037            
23/10/23 12:51:20 0098 1                  44.843105 8.585955 00 00 300ED89F3350014A1E0B93BF            
23/10/23 12:51:20 0099 1                  44.843105 8.585955 00 00 313831323045303230343732            
23/10/23 12:51:29 0100 1                  44.843098 8.585962 00 00 313831323045303234303237            
23/10/23 12:51:39 0101 1                  44.843098 8.585960 00 00 30396062439DF4C0C238CD97            
23/10/23 12:52:27 0102 1                  44.843155 8.586438 00 00 313831323045303234303132            
23/10/23 12:53:18 0103 1                  44.843167 8.586765 00 00 313931323050303031343634            
23/10/23 12:54:25 0104 1                  44.843253 8.587225 00 00 313931323050303037343834            
23/10/23 12:55:19 0105 1                  44.843247 8.587708 00 00 313831323045303233383430            
23/10/23 12:57:08 0106 1                  44.843150 8.585092 00 00 313831323045303234303736            
23/10/23 12:57:57 0107 1                  44.843110 8.584892 00 00 313831323045303139393337            
23/10/23 12:58:55 0108 1                  44.843125 8.584445 00 00 313831323045303234303135            
23/10/23 13:00:30 0109 1                  44.843025 8.584138 00 00 313831323045303232373633            
23/10/23 13:00:32 0110 1                  44.843022 8.584138 00 00 313831323045303234303834            
23/10/23 13:01:00 0111 1                  44.843032 8.584137 00 00 313831323045303232373530            
23/10/23 13:02:41 0112 1                  44.843080 8.583693 00 00 313831323045303234303830            
23/10/23 13:03:49 0113 1                  44.843003 8.583463 00 00 313831323045303234313830            
23/10/23 13:06:50 0114 1                  44.845895 8.581370 00 00 313831323045303232353835            
23/10/23 13:07:55 0115 1                  44.846193 8.581023 00 00 313831323045303232313332            
23/10/23 13:08:44 0116 1                  44.846548 8.581087 00 00 313831323045303213109100            
23/10/23 13:09:24 0117 1                  44.846640 8.581017 00 00 313931323050303037303331            
23/10/23 13:09:34 0118 1                  44.846647 8.581007 00 00 313831323045303233313234            
23/10/23 13:10:00 0119 1                  44.846657 8.580977 00 00 30396062439DF4C0C238CD97            
23/10/23 13:10:45 0120 1                  44.846880 8.580620 00 00 313831323045303233303332            
23/10/23 13:11:54 0121 1                  44.847190 8.580367 00 00 313831323045303233303333            
23/10/23 13:12:48 0122 1                  44.847573 8.579887 00 00 313831323045303232323232            
23/10/23 13:12:49 0123 1                  44.847573 8.579887 00 00 313831323045303232323232            
23/10/23 13:12:50 0124 1                  44.847577 8.579887 00 00 313831323045303232323038            
23/10/23 13:14:43 0125 1                  44.847850 8.579460 00 00 313831323045303233303634            
23/10/23 13:15:39 0126 1                  44.848220 8.578982 00 00 3138B1323045303232323134            
23/10/23 13:15:41 0127 1                  44.848222 8.578982 00 00 3039612A41478FC9502F9206            
23/10/23 13:16:56 0128 1                  44.848567 8.578095 00 00 313831323045303233393931            
23/10/23 13:18:09 0129 1                  44.848732 8.577880 00 00 313831323045303234313231            
23/10/23 13:18:11 0130 1                  44.848730 8.577878 00 00 313831323045303232313032            
23/10/23 13:19:44 0131 1                  44.848935 8.577722 00 00 313831323045303231313036            
23/10/23 13:19:47 0132 1                  44.848933 8.577730 00 00 30395DFA82FABE80003666B0            
23/10/23 13:21:08 0133 1                  44.848757 8.577243 00 00 313831323045303232393134            
23/10/23 13:21:08 0134 1                  44.848757 8.577243 00 00 313831323045303233343536            
23/10/23 13:29:38 0135 1                  44.848522 8.576072 00 00 313831313030533031303233            
23/10/23 13:30:18 0136 1                  44.848528 8.575962 00 00 3139313130304A3032303836            
23/10/23 13:33:25 0137 1                  44.847130 8.576737 00 00 313831323045303233393038            
23/10/23 13:33:25 0138 1                  44.847130 8.576737 00 00 30340BEAB4386E7C14E60404            
23/10/23 13:33:37 0139 1                  44.847105 8.576757 00 00 313831323045303233353933            
23/10/23 13:35:01 0140 1                  44.847237 8.577127 00 00 313832343045303034333931            
23/10/23 13:35:02 0141 1                  44.847235 8.577128 00 00 313831323045303233393039            
23/10/23 13:35:47 0142 1                  44.847227 8.577148 00 00 313831323045303232303131            
23/10/23 13:35:57 0143 1                  44.847230 8.577148 00 00 313831323045303235303437            
23/10/23 13:37:49 0144 1                  44.847578 8.577353 00 00 313831323045303233363539            
23/10/23 13:39:10 0145 1                  44.847855 8.577540 00 00 313831323045303233303438            
23/10/23 13:39:11 0146 1                  44.847857 8.577540 00 00 31383132304A303230393139            
23/10/23 13:41:37 0147 1                  44.848228 8.578083 00 00 313831323045303232373437            
23/10/23 13:42:47 0148 1                  44.848690 8.578685 00 00 313831323045303234313833            
23/10/23 13:43:41 0149 1                  44.848757 8.578917 00 00 313831323045303234383836            
23/10/23 13:44:39 0150 1                  44.848827 8.579102 00 00 313831323045303231333038            
23/10/23 13:44:39 0151 1                  44.848827 8.579102 00 00 313831323045303233363432            
23/10/23 13:45:07 0152 1                  44.848835 8.579093 00 00 313832334459534830303030            
23/10/23 13:46:04 0153 1                  44.849020 8.579362 00 00 313831323045303233303636            
23/10/23 13:47:04 0154 1                  44.849287 8.579855 00 00 313831323045303232373637            
23/10/23 13:47:13 0155 1                  44.849275 8.579855 00 00 313831323045303234313335            
23/10/23 13:47:54 0156 1                  44.849260 8.579867 00 00 313831323045303234323234            
23/10/23 13:47:54 0157 1                  44.849260 8.579867 00 00 313831323045303233323539            
23/10/23 13:48:26 0158 1                  44.849273 8.579853 00 00 313831323045303233303436            
23/10/23 13:49:37 0159 1                  44.849732 8.580760 00 00 313831323045303233353632            
23/10/23 13:50:39 0160 1                  44.849808 8.581007 00 00 313831323045303230333738            
23/10/23 13:51:57 0161 1                  44.849887 8.581425 00 00 313832343045303034323536            
23/10/23 13:51:57 0162 1                  44.849887 8.581425 00 00 313831323045303230343237            
23/10/23 13:53:41 0163 1                  44.849900 8.581838 00 00 313831323045303230333739            
23/10/23 13:53:50 0164 1                  44.849905 8.581837 00 00 313831323045303230343238            
23/10/23 13:55:01 0165 1                  44.849972 8.582587 00 00 313831323045303230333832            
23/10/23 13:55:33 0166 1                  44.849967 8.582588 00 00 313831323045303230333830            
23/10/23 13:58:50 0167 1                  44.850015 8.579763 00 00 313831323045303233303434            
23/10/23 13:59:26 0168 1                  44.850022 8.579770 00 00 313831323045303232303037            
23/10/23 13:59:29 0169 1                  44.850020 8.579772 00 00 313831323045303233393132            
23/10/23 14:01:29 0170 1                  44.850730 8.579638 00 00 313831323045303233313138            
23/10/23 14:03:37 0171 1                  44.851153 8.580415 00 00 313831323045303233363938            
23/10/23 14:05:07 0172 1                  44.851348 8.580800 00 00 313831323045303233393036            
23/10/23 14:06:29 0173 1                  44.851708 8.581607 00 00 313832343045303034333135            
23/10/23 14:08:02 0174 1                  44.852383 8.582400 00 00 313831323045303233303439            
23/10/23 14:12:35 0175 1                  44.854348 8.584130 00 00 313831323045303232333835            
23/10/23 14:13:25 0176 1                  44.854247 8.583907 00 00 313831323045303232333739            
23/10/23 14:15:57 0177 1                  44.853720 8.581307 00 00 3139313130304A3032313131            
23/10/23 14:15:59 0178 1                  44.853722 8.581308 00 00 3139313130304A3032313131            
23/10/23 14:19:35 0179 1                  44.849995 8.576223 00 00 313831323045303233393630            
23/10/23 14:21:16 0180 1                  44.848960 8.575283 00 00 313831323045303232333339            
23/10/23 14:21:16 0181 1                  44.848960 8.575283 00 00 313831323045303234303433            
23/10/23 14:21:58 0182 1                  44.848943 8.575237 00 00 313831323045303234303434            
23/10/23 14:51:19 0000 s 01510ver01 44.855433 8.546867 00 00
23/10/23 15:09:32 0000 s 01510ver01 44.886510 8.615402 00 00
23/10/23 16:34:45 0000 s 01510ver01 44.792955 8.739762 00 00
23/10/23 17:00:48 0000 s 01510ver01 44.792568 8.739427 00 00
