07/11/23 05:03:20 0000 s 01883ver01 44.882182 8.860068 00 00
07/11/23 05:22:50 0001 1                  44.976900 8.881093 00 00 313931323050303133363134            
07/11/23 05:24:17 0002 1                  44.976570 8.881147 00 00 313931323050303036303732            
07/11/23 05:26:32 0003 1                  44.977375 8.881775 00 00 313931323050303133393732            
07/11/23 05:27:46 0004 1                  44.977577 8.881840 00 00 313931323050303133393734            
07/11/23 05:30:14 0005 1                  44.977917 8.881787 00 00 313931323050303130313436            
07/11/23 05:30:14 0006 1                  44.977918 8.881785 00 00 313931323050303133363834            
07/11/23 05:30:18 0007 1                  44.977920 8.881783 00 00 313931323050303130333435            
07/11/23 05:32:14 0008 1                  44.978275 8.881657 00 00 313931323050303131303939            
07/11/23 05:32:52 0009 1                  44.978293 8.881630 00 00 313931323050303132353330            
07/11/23 05:34:37 0010 1                  44.978465 8.881475 00 00 31383033304D303035393335            
07/11/23 05:34:54 0011 1                  44.978507 8.881470 00 00 31383033304D303035393334            
07/11/23 05:34:59 0012 1                  44.978518 8.881468 00 00 31383033304D303035393337            
07/11/23 05:36:05 0013 1                  44.978378 8.880672 00 00 313931323050303130383639            
07/11/23 05:36:15 0014 1                  44.978363 8.880667 00 00 313931323050303130383539            
07/11/23 05:38:04 0015 1                  44.979122 8.880972 00 00 313931323050303133333135            
07/11/23 05:38:39 0016 1                  44.979147 8.881005 00 00 313931323050303133303132            
07/11/23 05:40:04 0017 1                  44.979350 8.880898 00 00 313931323050303131303037            
07/11/23 05:40:16 0018 1                  44.979338 8.880908 00 00 313931323050303133333136            
07/11/23 05:42:35 0019 1                  44.980627 8.880902 00 00 31383033304D303036333538            
07/11/23 05:43:27 0020 1                  44.980605 8.880965 00 00 3231303033304D3033303236            
07/11/23 05:44:59 0021 1                  44.981272 8.881237 00 00 313931323050303132353032            
07/11/23 05:45:30 0022 1                  44.981135 8.881008 00 00 313931323050303030373737            
07/11/23 05:45:33 0023 1                  44.981125 8.880978 00 00 313931323050303039393733            
07/11/23 05:46:56 0024 1                  44.981128 8.880920 00 00 313933323050303030373737            
07/11/23 05:48:16 0025 1                  44.981545 8.880733 00 00 313932343050303030313838            
07/11/23 05:48:24 0026 1                  44.981537 8.880720 00 00 313932343050303030303732            
07/11/23 05:49:14 0027 1                  44.981530 8.880648 00 00 313931323050303131343831            
07/11/23 05:49:21 0028 1                  44.981522 8.880645 00 00 313931323050303035333935            
07/11/23 05:50:06 0029 1                  44.981495 8.880635 00 00 313931323050303031393737            
07/11/23 05:52:10 0030 1                  44.981828 8.881423 00 00 31383033304D303036323534            
07/11/23 05:52:48 0031 1                  44.982025 8.881500 00 00 313931323050303032373834            
07/11/23 05:52:55 0032 1                  44.982037 8.881513 00 00 31383132304A303232353233            
07/11/23 05:54:03 0033 1                  44.982157 8.881632 00 00 313931323050303033393030            
07/11/23 05:57:00 0034 1                  44.983412 8.882180 00 00 313931323050303033393034            
07/11/23 05:57:34 0035 1                  44.983663 8.882225 00 00 313931323050303133323537            
07/11/23 05:57:40 0036 1                  44.983658 8.882208 00 00 313931323050303133323630            
07/11/23 05:59:19 0037 1                  44.984168 8.881602 00 00 313931323050303133323238            
07/11/23 05:59:23 0038 1                  44.984173 8.881605 00 00 313931323050303036313831            
07/11/23 06:00:01 0039 1                  44.984188 8.881618 00 00 313931323050303133313031            
07/11/23 06:00:40 0040 1                  44.984173 8.881602 00 00 313931323050303933313032            
07/11/23 06:00:40 0041 1                  44.984173 8.881602 00 00 313931323050303133313032            
07/11/23 06:02:34 0042 1                  44.984375 8.879545 00 00 313931323050303038363831            
07/11/23 06:02:40 0043 1                  44.984382 8.879542 00 00 3039612D40B152C9502F90DD            
07/11/23 06:02:40 0044 1                  44.984382 8.879542 00 00 313932343050303030313437            
07/11/23 06:04:06 0045 1                  44.984312 8.880005 00 00 31393132305030313034B832            
07/11/23 06:06:41 0046 1                  44.985075 8.881617 00 00 313931323050303133363332            
07/11/23 06:09:41 0047 1                  44.984895 8.881648 00 00 313931323050303133393833            
07/11/23 06:10:50 0048 1                  44.984933 8.881342 00 00 3139313230D0303130383936            
07/11/23 06:12:13 0049 1                  44.985052 8.881105 00 00 313931323050303133303135            
07/11/23 06:14:06 0050 1                  44.985382 8.880007 00 00 313931323050303131353730            
07/11/23 06:16:31 0051 1                  44.985735 8.880093 00 00 313931323050303133303337            
07/11/23 06:17:36 0052 1                  44.985677 8.880230 00 00 313931323050303133303338            
07/11/23 06:18:42 0053 1                  44.985657 8.880440 00 00 313931323050303133303335            
07/11/23 06:21:14 0054 1                  44.986362 8.883328 00 00 313931323050303133393638            
07/11/23 06:24:10 0055 1                  44.984498 8.877430 00 00 313931323050303132363030            
07/11/23 06:25:40 0056 1                  44.984202 8.877922 00 00 313931323050303032363431            
07/11/23 06:27:39 0057 1                  44.983333 8.880520 00 00 313931323050303133303738            
07/11/23 06:28:47 0058 1                  44.983330 8.880862 00 00 313931323050303133303733            
07/11/23 06:29:53 0059 1                  44.983237 8.881190 00 00 313931323050303133303737            
07/11/23 06:36:26 0060 1                  44.982948 8.882237 00 00 313931323050303030373735            
07/11/23 06:37:53 0061 1                  44.982850 8.882558 00 00 313931323050303035323430            
07/11/23 06:41:29 0062 1                  44.982798 8.883668 00 00 313931323050303130313430            
07/11/23 06:43:07 0063 1                  44.982693 8.883618 00 00 313931323050303030313238            
07/11/23 06:43:14 0064 1                  44.982693 8.883625 00 00 313931323050303030313236            
07/11/23 06:45:52 0065 1                  44.981345 8.882520 00 00 313931323050303033323737            
07/11/23 06:45:53 0066 1                  44.981345 8.882520 00 00 313931323050303130313336            
07/11/23 06:46:42 0067 1                  44.981332 8.882557 00 00 313931323050303038303230            
07/11/23 06:46:45 0068 1                  44.981332 8.882553 00 00 31383033304D303036323735            
07/11/23 06:47:01 0069 1                  44.981332 8.882537 00 00 313931323050303033323738            
07/11/23 06:47:03 0070 1                  44.981330 8.882537 00 00 31383033304D303036323734            
07/11/23 06:48:53 0071 1                  44.981213 8.882543 00 00 313931323050303030363932            
07/11/23 06:49:49 0072 1                  44.981233 8.882493 00 00 313931323050303038393830            
07/11/23 06:49:52 0073 1                  44.981233 8.882487 00 00 313931323050303036313832            
07/11/23 06:50:44 0074 1                  44.981193 8.882477 00 00 313931323050303038393739            
07/11/23 06:53:30 0075 1                  44.979743 8.883482 00 00 313931323050303130383436            
07/11/23 06:55:01 0076 1                  44.979657 8.883967 00 00 313931323050303038383235            
07/11/23 06:55:40 0077 1                  44.979618 8.883958 00 00 313931323050303034393232            
07/11/23 06:57:00 0078 1                  44.980042 8.884537 00 00 313931323050303133383232            
07/11/23 06:58:20 0079 1                  44.979807 8.884458 00 00 313931323050303130343635            
07/11/23 06:58:25 0080 1                  44.979808 8.884462 00 00 313931323050303130343636            
07/11/23 06:59:36 0081 1                  44.979588 8.884597 00 00 313931323050303133353236            
07/11/23 07:00:41 0082 1                  44.979570 8.884770 00 00 313931323050303132333436            
07/11/23 07:00:41 0083 1                  44.979570 8.884770 00 00 313931323050303132333437            
07/11/23 07:00:41 0084 1                  44.979570 8.884770 00 00 313931323050303132333435            
07/11/23 07:00:58 0085 1                  44.979585 8.884777 00 00 313931323050303133343131            
07/11/23 07:03:13 0086 1                  44.979877 8.884892 00 00 313931323050303133333435            
07/11/23 07:03:29 0087 1                  44.979877 8.884867 00 00 313931323050303133353337            
07/11/23 07:06:14 0088 1                  44.978678 8.884232 00 00 313931323050303133323336            
07/11/23 07:07:50 0089 1                  44.978912 8.884207 00 00 313931323050303131363734            
07/11/23 07:07:56 0090 1                  44.978915 8.884202 00 00 313931323050303132393131            
07/11/23 07:09:30 0091 1                  44.979198 8.884197 00 00 313931323050303133353237            
07/11/23 07:11:59 0092 1                  44.978377 8.883840 00 00 313931323050303133393232            
07/11/23 07:12:12 0093 1                  44.978360 8.883832 00 00 313931323050303130373635            
07/11/23 07:12:14 0094 1                  44.978357 8.883832 00 00 088831D888DAEC8001725826            
07/11/23 07:14:23 0095 1                  44.978203 8.883443 00 00 313931323050303133313237            
07/11/23 07:15:26 0096 1                  44.978353 8.883415 00 00 31383033304D303035393431            
07/11/23 07:18:33 0097 1                  44.980362 8.883813 00 00 313931323050303130363230            
07/11/23 07:20:14 0098 1                  44.980452 8.883505 00 00 313931323050303130323438            
07/11/23 07:22:53 0099 1                  44.981157 8.883665 00 00 313931323050303035383933            
07/11/23 07:22:56 0100 1                  44.981157 8.883667 00 00 313931323050303035383934            
07/11/23 07:24:14 0101 1                  44.981232 8.883467 00 00 313931323050303030353033            
07/11/23 07:24:51 0102 1                  44.981212 8.883448 00 00 313931323050303035383834            
07/11/23 07:25:11 0103 1                  44.981200 8.883440 00 00 313931323050303031393434            
07/11/23 07:25:23 0104 1                  44.981200 8.883447 00 00 313931323050303035383931            
07/11/23 07:25:30 0105 1                  44.981203 8.883452 00 00 313931323050303030323833            
07/11/23 07:27:20 0106 1                  44.981267 8.883150 00 00 313931323050303038343839            
07/11/23 07:27:20 0107 1                  44.981267 8.883150 00 00 414C54303039353631353830            
07/11/23 07:27:59 0108 1                  44.981295 8.883122 00 00 313931323050303038343838            
07/11/23 07:33:01 0109 1                  44.983060 8.878425 00 00 313931323050303033303938            
07/11/23 07:33:01 0110 1                  44.983060 8.878425 00 00 313931323050303130383437            
07/11/23 07:34:42 0111 1                  44.982727 8.878660 00 00 313931323050303033313032            
07/11/23 07:39:22 0112 1                  44.981213 8.876560 00 00 313931323050303132363839            
07/11/23 07:39:59 0113 1                  44.981488 8.876655 00 00 313931323050303133323633            
07/11/23 07:43:09 0114 1                  44.981450 8.879323 00 00 31383033304D303033363434            
07/11/23 07:43:38 0115 1                  44.981470 8.879353 00 00 3230303033304D3035363032            
07/11/23 07:43:51 0116 1                  44.981467 8.879362 00 00 313931323050303130363737            
07/11/23 07:43:51 0117 1                  44.981467 8.879362 00 00 313931323050303130363839            
07/11/23 07:44:10 0118 1                  44.981463 8.879372 00 00 313931323050303130343132            
07/11/23 07:46:06 0119 1                  44.981338 8.879378 00 00 313931323050303130313133            
07/11/23 07:49:54 0120 1                  44.981410 8.879887 00 00 313931323050303030363033            
07/11/23 07:50:23 0121 1                  44.981362 8.880323 00 00 313931323050303031393830            
07/11/23 07:50:26 0122 1                  44.981363 8.880323 00 00 313931323050303031393739            
07/11/23 07:51:54 0123 1                  44.981355 8.880262 00 00 313931323050303130343034            
07/11/23 08:19:12 0000 s 01883ver01 44.982323 8.875637 00 00
07/11/23 08:31:07 0124 1                  44.980627 8.880460 00 00 313931323050303132333439            
07/11/23 08:33:06 0125 1                  44.980503 8.880243 00 00 313931323050303033383939            
07/11/23 08:33:45 0126 1                  44.980517 8.880275 00 00 313931323050303036323238            
07/11/23 08:34:31 0127 1                  44.980457 8.879925 00 00 313931323050303034393132            
07/11/23 08:34:32 0128 1                  44.980457 8.879925 00 00 313931323050303034393134            
07/11/23 08:34:40 0129 1                  44.980452 8.879925 00 00 313931323050303033393036            
07/11/23 08:36:29 0130 1                  44.980837 8.879568 00 00 313931323050303032363837            
07/11/23 08:37:19 0131 1                  44.980868 8.879545 00 00 313931323050303030323233            
07/11/23 08:37:51 0132 1                  44.980640 8.879567 00 00 313931323050303037303736            
07/11/23 08:43:12 0133 1                  44.980812 8.879018 00 00 313931323050303036323334            
07/11/23 08:43:19 0134 1                  44.980867 8.879042 00 00 313931323050303031363534            
07/11/23 08:44:47 0135 1                  44.980372 8.879447 00 00 011530126676450292200000            
07/11/23 08:45:22 0136 1                  44.980102 8.878670 00 00 313931323050303130333437            
07/11/23 08:46:40 0137 1                  44.979748 8.878537 00 00 3230313130304A3030363735            
07/11/23 08:48:14 0138 1                  44.979412 8.878313 00 00 313931323050303133363132            
07/11/23 08:57:46 0139 1                  44.978715 8.886585 00 00 313931323050303130343233            
07/11/23 08:58:20 0140 1                  44.978713 8.886855 00 00 313932343050303030333133            
07/11/23 08:58:28 0141 1                  44.978733 8.886862 00 00 313931323050303130313033            
07/11/23 08:58:28 0142 1                  44.978733 8.886862 00 00 3034F42A8415950000002540            
07/11/23 08:59:37 0143 1                  44.978635 8.887405 00 00 313931323050303133363438            
07/11/23 09:00:56 0144 1                  44.978482 8.887637 00 00 313931323050303130373633            
07/11/23 09:02:20 0145 1                  44.978085 8.887453 00 00 313931323050303133323437            
07/11/23 09:02:53 0146 1                  44.978062 8.887462 00 00 313931323050303133343531            
07/11/23 09:04:09 0147 1                  44.977868 8.888128 00 00 313931323050303133323433            
07/11/23 09:06:52 0148 1                  44.974523 8.891623 00 00 313931323050303133353939            
07/11/23 09:09:28 0149 1                  44.978698 8.887842 00 00 313931323050303133363130            
07/11/23 09:21:15 0150 1                  44.982082 8.879057 00 00 313931323050303130323534            
07/11/23 10:13:50 0000 s 01883ver01 44.882363 8.860247 00 00
07/11/23 10:16:13 0000 s 01883ver01 44.882220 8.860325 00 00
