14/10/23 05:26:01 0000 s 01886ver01 44.882200 8.859763 00 00
14/10/23 05:26:58 0001 1                  0 0 00 00 3231303234304A3032373535            
14/10/23 05:45:53 0002 1                  44.943397 8.915343 00 00 3231303234304A3032373535            
14/10/23 05:46:08 0003 1                  44.943413 8.915355 00 00 31383234304A303030333837            
14/10/23 05:46:22 0004 1                  44.943415 8.915340 00 00 31383132304A303037393933            
14/10/23 05:51:30 0005 1                  44.952995 8.924752 00 00 31383032334D303033363032            
14/10/23 05:52:20 0006 1                  44.953417 8.925163 00 00 31383032334D303136383535            
14/10/23 05:52:34 0007 1                  44.953550 8.925292 00 00 300ED89F335000800146CE53            
14/10/23 05:52:39 0008 1                  44.953587 8.925325 00 00 31383032334D303034343136            
14/10/23 05:52:57 0009 1                  44.953775 8.925512 00 00 31383032334D303031343438            
14/10/23 05:53:17 0010 1                  44.953930 8.925622 00 00 323030323545303030323336            
14/10/23 05:53:47 0011 1                  44.954412 8.926195 00 00 31383032334D303034363936            
14/10/23 05:54:15 0012 1                  44.954812 8.926667 00 00 31383032334D303136373136            
14/10/23 05:55:16 0013 1                  44.955893 8.928002 00 00 3232303032334D3030353735            
14/10/23 05:56:42 0000 s 01886ver01 44.956260 8.928327 00 00
14/10/23 05:57:26 0014 1                  44.955872 8.928945 00 00 31383032334D303138343534            
14/10/23 05:57:54 0015 1                  44.955743 8.929238 00 00 31383032334D303137343833            
14/10/23 05:57:59 0016 1                  44.955743 8.929243 00 00 3231303234304A3032373535            
14/10/23 05:58:40 0017 1                  44.955862 8.929022 00 00 31383032334D303138363736            
14/10/23 05:58:42 0018 1                  44.955862 8.929023 00 00 3231303032334D3031343739            
14/10/23 05:58:42 0019 1                  44.955862 8.929023 00 00 31383032334D303138343435            
14/10/23 05:59:03 0020 1                  44.955908 8.928943 00 00 31383032334D303031313331            
14/10/23 05:59:40 0021 1                  44.956393 8.928643 00 00 300ED89F335000800146CE53            
14/10/23 06:00:27 0000 s 01886ver01 44.957357 8.929568 00 00
14/10/23 06:00:44 0022 1                  44.957413 8.929568 00 00 31383032334D303133363639            
14/10/23 06:00:52 0023 1                  44.957418 8.929598 00 00 31383132304A303039313734            
14/10/23 06:01:13 0024 1                  44.957412 8.929615 00 00 3231303234304A3032373535            
14/10/23 06:01:44 0025 1                  44.957550 8.929758 00 00 31383032334D303131373636            
14/10/23 06:02:22 0026 1                  44.958585 8.930727 00 00 323030323545303033333732            
14/10/23 06:02:23 0027 1                  44.958590 8.930728 00 00 31383032334D303133333336            
14/10/23 06:02:46 0028 1                  44.958662 8.930778 00 00 31383032334D303136323639            
14/10/23 06:02:59 0029 1                  44.958723 8.930838 00 00 31383032334D303136323638            
14/10/23 06:03:21 0030 1                  44.958785 8.930907 00 00 3232303032334D3031393235            
14/10/23 06:03:49 0031 1                  44.959047 8.931262 00 00 31383032334D303133353632            
14/10/23 06:03:54 0032 1                  44.959105 8.931282 00 00 3231303032334D3031383731            
14/10/23 06:03:56 0033 1                  44.959113 8.931283 00 00 31383032334D303133353530            
14/10/23 06:04:00 0034 1                  44.959127 8.931285 00 00 3232303032334D3030353931            
14/10/23 06:04:35 0035 1                  44.959560 8.931850 00 00 31383032334D303137323635            
14/10/23 06:04:43 0036 1                  44.959615 8.931875 00 00 31383032334D303137323636            
14/10/23 06:04:45 0037 1                  44.959628 8.931878 00 00 31383032334D303137323732            
14/10/23 06:05:15 0038 1                  44.959878 8.932127 00 00 31383032334D303137323933            
14/10/23 06:05:40 0039 1                  44.959973 8.932150 00 00 31383234304A303030333835            
14/10/23 06:06:31 0040 1                  44.960212 8.932442 00 00 31383032334D303134333130            
14/10/23 06:06:42 0041 1                  44.960248 8.932480 00 00 31383032334D303136343030            
14/10/23 06:07:00 0042 1                  44.960360 8.932572 00 00 31383032334D303137323833            
14/10/23 06:07:54 0043 1                  44.961083 8.933452 00 00 31383032334D303133353036            
14/10/23 06:08:26 0044 1                  44.961563 8.933910 00 00 31383132304A303039303133            
14/10/23 06:08:37 0045 1                  44.961555 8.933893 00 00 31383032334D303037383032            
14/10/23 06:09:24 0046 1                  44.961708 8.934050 00 00 31383032334D303137353732            
14/10/23 06:09:28 0047 1                  44.961750 8.934058 00 00 31383032334D303137353734            
14/10/23 06:09:37 0048 1                  44.961778 8.934043 00 00 300ED89F335000800146CE53            
14/10/23 06:09:47 0049 1                  44.961855 8.934127 00 00 31383032334D3031313E3733            
14/10/23 06:09:49 0050 1                  44.961855 8.934120 00 00 31383032334D303131363733            
14/10/23 06:10:38 0051 1                  44.963113 8.935130 00 00 31383032334D303137343239            
14/10/23 06:10:43 0052 1                  44.963142 8.935090 00 00 323030323545303032353736            
14/10/23 06:10:50 0053 1                  44.963155 8.935050 00 00 3232303032334D3030383231            
14/10/23 06:10:51 0054 1                  44.963155 8.935050 00 00 31383032334D303137353033            
14/10/23 06:10:55 0055 1                  44.963158 8.935037 00 00 31383032334D303131363637            
14/10/23 06:11:00 0056 1                  44.963163 8.935022 00 00 3232303032334D3030303739            
14/10/23 06:11:33 0057 1                  44.963452 8.934492 00 00 31383234304A303030323339            
14/10/23 06:12:35 0058 1                  44.964172 8.933168 00 00 31383032334D303138383730            
14/10/23 06:14:21 0059 1                  44.964070 8.932553 00 00 31383032334D303138393835            
14/10/23 06:14:29 0060 1                  44.964010 8.932513 00 00 3232303032334D3031393438            
14/10/23 06:14:56 0061 1                  44.963738 8.932317 00 00 31383032334D303138383630            
14/10/23 06:14:56 0062 1                  44.963738 8.932317 00 00 31383032334D303131393630            
14/10/23 06:14:59 0063 1                  44.963730 8.932315 00 00 31383032334D303131393538            
14/10/23 06:14:59 0064 1                  44.963730 8.932315 00 00 31383832334D303131393538            
14/10/23 06:15:12 0065 1                  44.963700 8.932297 00 00 31383032334D303133323831            
14/10/23 06:15:42 0066 1                  44.963468 8.932103 00 00 31383032334D303133333235            
14/10/23 06:16:15 0067 1                  44.963195 8.931797 00 00 31383032334D303133353737            
14/10/23 06:16:42 0068 1                  44.963062 8.931620 00 00 31383032334D303133353935            
14/10/23 06:16:45 0069 1                  44.963048 8.931610 00 00 31383032334D303138393635            
14/10/23 06:17:06 0070 1                  44.962898 8.931445 00 00 31383032334D303138393839            
14/10/23 06:17:26 0071 1                  44.962738 8.931287 00 00 31383032334D303137353730            
14/10/23 06:17:55 0072 1                  44.962268 8.930770 00 00 3232303032334D3031333131            
14/10/23 06:18:25 0073 1                  44.961527 8.929980 00 00 31383032334D303137323532            
14/10/23 06:18:44 0074 1                  44.961403 8.929903 00 00 31383032334D303133353435            
14/10/23 06:18:55 0075 1                  44.961348 8.929842 00 00 31383032334D303137343330            
14/10/23 06:19:34 0076 1                  44.960657 8.929130 00 00 31383032334D303034353530            
14/10/23 06:19:47 0077 1                  44.960528 8.929015 00 00 31383032334D303034343038            
14/10/23 06:20:04 0078 1                  44.960395 8.928850 00 00 31383032334D303138343531            
14/10/23 06:20:28 0079 1                  44.960000 8.928452 00 00 31383032334D303034373632            
14/10/23 06:20:49 0080 1                  44.959660 8.928118 00 00 31383032334D303034353335            
14/10/23 06:21:07 0081 1                  44.959573 8.928035 00 00 31383032334D303131363034            
14/10/23 06:21:09 0082 1                  44.959575 8.928033 00 00 31383032334D303131363036            
14/10/23 06:21:13 0083 1                  44.959587 8.928030 00 00 31383032334D303131363038            
14/10/23 06:21:36 0084 1                  44.959490 8.927820 00 00 31383032334D303031313539            
14/10/23 06:22:05 0085 1                  44.958990 8.928302 00 00 31383032334D303138343333            
14/10/23 06:22:27 0086 1                  44.958762 8.928680 00 00 31383032334D303136313730            
14/10/23 06:22:30 0087 1                  44.958762 8.928683 00 00 31383032334D303136333339            
14/10/23 06:22:32 0088 1                  44.958763 8.928687 00 00 31383032334D303136313639            
14/10/23 06:23:06 0089 1                  44.958632 8.928913 00 00 31383032334D303034363834            
14/10/23 06:23:39 0090 1                  44.958103 8.929738 00 00 31383032334D303137353639            
14/10/23 06:23:43 0091 1                  44.958108 8.929740 00 00 31383032334D303137323630            
14/10/23 06:23:46 0092 1                  44.958113 8.929743 00 00 31383032334D303133343431            
14/10/23 06:24:37 0093 1                  44.956930 8.929727 00 00 31383032334D303138383136            
14/10/23 06:24:56 0094 1                  44.956867 8.930025 00 00 31383032334D303138343133            
14/10/23 06:25:37 0095 1                  44.956257 8.931798 00 00 31383032334D303138363530            
14/10/23 06:25:52 0096 1                  44.956238 8.932093 00 00 31383032334D303138343639            
14/10/23 06:26:11 0097 1                  44.956325 8.932423 00 00 31383032334D303131393533            
14/10/23 06:26:47 0098 1                  44.956082 8.933172 00 00 31383032334D303138353838            
14/10/23 06:27:29 0099 1                  44.956225 8.933242 00 00 323032343055303030313837            
14/10/23 06:28:38 0100 1                  44.956135 8.933478 00 00 31383032334D303138353831            
14/10/23 06:28:56 0101 1                  44.956115 8.933820 00 00 31383032334D303138383635            
14/10/23 06:29:49 0102 1                  44.957518 8.935242 00 00 31383032334D303138363333            
14/10/23 06:29:50 0103 1                  44.957520 8.935242 00 00 31383032334D303138363334            
14/10/23 06:29:56 0104 1                  44.957523 8.935253 00 00 31383032334D303133353639            
14/10/23 06:30:57 0105 1                  44.958597 8.935455 00 00 31383032334D303134333232            
14/10/23 06:30:59 0106 1                  44.958597 8.935458 00 00 31383032334D303134323734            
14/10/23 06:31:00 0107 1                  44.958597 8.935458 00 00 3232303032334D3031323836            
14/10/23 06:31:02 0108 1                  44.958597 8.935458 00 00 31383032334D303134323733            
14/10/23 06:31:04 0109 1                  44.958597 8.935462 00 00 3231303032334D3031373634            
14/10/23 06:31:05 0110 1                  44.958597 8.935458 00 00 31383032334D303134323737            
14/10/23 06:31:09 0111 1                  44.958598 8.935462 00 00 3231303032334D3031373838            
14/10/23 06:31:12 0112 1                  44.958598 8.935462 00 00 3231303032334D3031373839            
14/10/23 06:31:15 0113 1                  44.958600 8.935465 00 00 31383032334D303133333331            
14/10/23 06:31:17 0114 1                  44.958600 8.935468 00 00 31383032334D303134323732            
14/10/23 06:31:18 0115 1                  44.958600 8.935468 00 00 3232303032334D3030333830            
14/10/23 06:31:18 0116 1                  44.958600 8.935468 00 00 31383032334D303134333238            
14/10/23 06:31:26 0117 1                  44.958600 8.935488 00 00 3232303032334D3031303235            
14/10/23 06:31:29 0118 1                  44.958602 8.935497 00 00 323030323545303036363236            
14/10/23 06:31:29 0119 1                  44.958602 8.935497 00 00 303ACA4982FDA859D8B6B040            
14/10/23 06:32:18 0120 1                  44.959722 8.936102 00 00 31383032334D303134323339            
14/10/23 06:32:25 0121 1                  44.959742 8.936098 00 00 31383032334D303131383835            
14/10/23 06:32:26 0122 1                  44.959742 8.936098 00 00 31383032334D303131383933            
14/10/23 06:32:27 0123 1                  44.959742 8.936097 00 00 31383032334D303131383934            
14/10/23 06:32:28 0124 1                  44.959742 8.936097 00 00 31383032334D303131373633            
14/10/23 06:32:29 0125 1                  44.959742 8.936100 00 00 31383032334D303131393135            
14/10/23 06:32:35 0126 1                  44.959742 8.936102 00 00 31383032334D303037313035            
14/10/23 06:32:37 0127 1                  44.959742 8.936100 00 00 31383032334D303131383834            
14/10/23 06:32:41 0128 1                  44.959742 8.936098 00 00 31383032334D303131383931            
14/10/23 06:32:45 0129 1                  44.959738 8.936100 00 00 31383032334D303131393137            
14/10/23 06:32:51 0130 1                  44.959737 8.936098 00 00 31383032334D303131383935            
14/10/23 06:32:55 0131 1                  44.959735 8.936100 00 00 31383032334D303131393138            
14/10/23 06:33:10 0132 1                  44.959722 8.936113 00 00 31383234304A303030323337            
14/10/23 06:34:09 0133 1                  44.959822 8.936322 00 00 3232303032334D3030393438            
14/10/23 06:34:29 0134 1                  44.959942 8.936417 00 00 31383032334D303138343335            
14/10/23 06:34:47 0135 1                  44.960030 8.936525 00 00 31383032334D303138383535            
14/10/23 06:35:06 0136 1                  44.960202 8.936710 00 00 31383032334D303138393232            
14/10/23 06:35:23 0137 1                  44.960298 8.936777 00 00 31383032334D303138353735            
14/10/23 06:35:41 0138 1                  44.960548 8.937052 00 00 31383032334D303131383939            
14/10/23 06:35:41 0139 1                  44.960548 8.937052 00 00 31383032334D303131383937            
14/10/23 06:35:52 0140 1                  44.960563 8.937077 00 00 31383032334D303131363333            
14/10/23 06:36:02 0141 1                  44.960568 8.937085 00 00 31383032334D303138393033            
14/10/23 06:36:31 0142 1                  44.960748 8.937263 00 00 31383032334D303138393432            
14/10/23 06:36:40 0143 1                  44.960752 8.937262 00 00 31383032334D303138393637            
14/10/23 06:37:06 0144 1                  44.960893 8.937430 00 00 31383032334D303138393738            
14/10/23 06:37:11 0145 1                  44.960893 8.937427 00 00 31383032334D303138393631            
14/10/23 06:37:50 0146 1                  44.961615 8.937942 00 00 31383032334D303134323233            
14/10/23 06:38:03 0147 1                  44.961637 8.937883 00 00 31383032334D303132343135            
14/10/23 06:38:44 0148 1                  44.961880 8.937490 00 00 3231303032334D3034353035            
14/10/23 06:39:14 0149 1                  44.962462 8.936488 00 00 31383032334D303138393832            
14/10/23 06:40:16 0150 1                  44.962843 8.935688 00 00 3231303234304A3034323731            
14/10/23 06:42:09 0151 1                  44.963850 8.932950 00 00 3232303032334D3031363930            
14/10/23 06:42:12 0152 1                  44.963858 8.932950 00 00 31383032334D303131393531            
14/10/23 06:42:14 0153 1                  44.963868 8.932952 00 00 31383032334D303131393937            
14/10/23 06:42:18 0154 1                  44.963870 8.932945 00 00 31383032334D303131393836            
14/10/23 06:42:58 0155 1                  44.963442 8.933513 00 00 31383032334D303131393433            
14/10/23 06:42:58 0156 1                  44.963442 8.933513 00 00 31383032334D303131393435            
14/10/23 06:42:59 0157 1                  44.963442 8.933513 00 00 31383032334D303137333035            
14/10/23 06:43:06 0158 1                  44.963405 8.933560 00 00 3232303032334D3031393230            
14/10/23 06:43:57 0159 1                  44.962892 8.934695 00 00 31383032334D303136313732            
14/10/23 06:44:37 0160 1                  44.962133 8.935865 00 00 31383032334D303137323433            
14/10/23 06:44:40 0161 1                  44.962123 8.935858 00 00 31383032334D303137323531            
14/10/23 06:44:44 0162 1                  44.962105 8.935857 00 00 31383032334D303138393335            
14/10/23 06:44:44 0163 1                  44.962105 8.935857 00 00 31383032334D303138393937            
14/10/23 06:44:44 0164 1                  44.962105 8.935857 00 00 31383032334D303137353737            
14/10/23 06:44:46 0165 1                  44.962092 8.935850 00 00 31383032334D303137323432            
14/10/23 06:44:55 0166 1                  44.962065 8.935848 00 00 31383032334D303137333733            
14/10/23 06:44:59 0167 1                  44.962053 8.935847 00 00 31383032334D303137353830            
14/10/23 06:45:00 0168 1                  44.962055 8.935850 00 00 31383032334D303137323439            
14/10/23 06:45:54 0169 1                  44.961930 8.936728 00 00 31383032334D303137343237            
14/10/23 06:50:03 0170 1                  44.962122 8.933918 00 00 31383032334D303137323335            
14/10/23 06:50:37 0171 1                  44.961803 8.934552 00 00 31383032334D303133323338            
14/10/23 06:51:12 0172 1                  44.961805 8.934595 00 00 323032343055303030343431            
14/10/23 06:51:26 0173 1                  44.961793 8.934598 00 00 3231303132304A3035333035            
14/10/23 06:53:09 0174 1                  44.961195 8.935622 00 00 31383032334D303135353232            
14/10/23 06:53:14 0175 1                  44.961190 8.935642 00 00 31383032334D303132383835            
14/10/23 06:53:52 0176 1                  44.961555 8.936335 00 00 31383032334D303137323234            
14/10/23 06:55:36 0177 1                  44.962510 8.931290 00 00 31383032334D303136313737            
14/10/23 06:55:40 0178 1                  44.962513 8.931293 00 00 31383032334D303033323638            
14/10/23 06:55:40 0179 1                  44.962513 8.931293 00 00 31383032334D303133333030            
14/10/23 06:55:43 0180 1                  44.962512 8.931293 00 00 31383032334D303138383132            
14/10/23 06:56:06 0181 1                  44.962342 8.931523 00 00 31383032334D303136373930            
14/10/23 06:56:13 0182 1                  44.962330 8.931568 00 00 31383032334D303138393837            
14/10/23 06:56:31 0183 1                  44.962175 8.931738 00 00 3232303032334D3030323337            
14/10/23 06:56:34 0184 1                  44.962175 8.931735 00 00 31383032334D303138393938            
14/10/23 06:56:58 0185 1                  44.962062 8.931945 00 00 31383032334D303137343233            
14/10/23 06:57:15 0186 1                  44.962000 8.932042 00 00 31383032334D303138393134            
14/10/23 06:57:42 0187 1                  44.961767 8.932462 00 00 31383032334D303136353038            
14/10/23 06:58:02 0188 1                  44.961595 8.932705 00 00 31383032334D303137353638            
14/10/23 06:58:15 0189 1                  44.961583 8.932780 00 00 31383032334D303137353636            
14/10/23 06:58:39 0190 1                  44.961375 8.933042 00 00 31383032334D303137343635            
14/10/23 06:58:56 0191 1                  44.961358 8.933242 00 00 3232303032334D3031303432            
14/10/23 07:01:02 0192 1                  44.960940 8.933905 00 00 31383032334D303137323530            
14/10/23 07:01:10 0193 1                  44.960947 8.933912 00 00 31383032334D303137323539            
14/10/23 07:01:42 0194 1                  44.960695 8.934445 00 00 31383032334D303133343332            
14/10/23 07:02:20 0195 1                  44.960193 8.935307 00 00 31383032334D303133323330            
14/10/23 07:02:48 0196 1                  44.959947 8.935792 00 00 31383032334D303137333135            
14/10/23 07:02:51 0197 1                  44.959945 8.935792 00 00 31383032334D303137353632            
14/10/23 07:02:54 0198 1                  44.959945 8.935792 00 00 323030323545303031303530            
14/10/23 07:04:01 0199 1                  44.959490 8.934727 00 00 31383032334D303133333630            
14/10/23 07:16:47 0200 1                  44.959597 8.934208 00 00 31383032334D303130383131            
14/10/23 07:16:50 0201 1                  44.959597 8.934210 00 00 31383032334D303131363836            
14/10/23 07:16:56 0202 1                  44.959600 8.934217 00 00 31383032334D303034373131            
14/10/23 07:17:00 0203 1                  44.959605 8.934220 00 00 31383032334D303131363838            
14/10/23 07:17:01 0204 1                  44.959608 8.934220 00 00 31383032334D303131363834            
14/10/23 07:17:03 0205 1                  44.959612 8.934222 00 00 31383032334D303131363830            
14/10/23 07:17:06 0206 1                  44.959615 8.934222 00 00 3231303032334D3031333437            
14/10/23 07:17:25 0207 1                  44.959655 8.934207 00 00 300ED89F335000800146CE53            
14/10/23 07:17:48 0208 1                  44.959730 8.934013 00 00 31383032334D303136323737            
14/10/23 07:17:51 0209 1                  44.959732 8.934013 00 00 31383032334D303136303332            
14/10/23 07:18:10 0210 1                  44.959767 8.933913 00 00 31383032334D303133333133            
14/10/23 07:18:12 0211 1                  44.959765 8.933908 00 00 31383234304A303030333836            
14/10/23 07:18:12 0212 1                  44.959765 8.933908 00 00 3231303032334D3030353236            
14/10/23 07:18:15 0213 1                  44.959763 8.933902 00 00 31383032334D303131373534            
14/10/23 07:19:26 0214 1                  44.959840 8.933745 00 00 31383032334D303131373535            
14/10/23 07:19:27 0215 1                  44.959870 8.933687 00 00 31383032334D303136313738            
14/10/23 07:20:00 0216 1                  44.960053 8.933440 00 00 31383132304A303039303130            
14/10/23 07:21:26 0217 1                  44.960103 8.933303 00 00 31383032334D303133333535            
14/10/23 07:21:49 0218 1                  44.960228 8.933105 00 00 31383032334D303133323336            
14/10/23 07:22:30 0219 1                  44.960648 8.933203 00 00 31383032334D303134353733            
14/10/23 07:22:38 0220 1                  44.960678 8.933357 00 00 31383032334D303131363335            
14/10/23 07:22:39 0221 1                  44.960678 8.933357 00 00 31383032334D303131393439            
14/10/23 07:22:39 0222 1                  44.960678 8.933357 00 00 31383032334D303136353233            
14/10/23 07:23:56 0223 1                  44.960858 8.932072 00 00 31383132304A303039313739            
14/10/23 07:23:58 0224 1                  44.960858 8.932060 00 00 31383132304A303039313831            
14/10/23 07:24:38 0225 1                  44.960882 8.931967 00 00 300ED89F3350014A1E0BA01B            
14/10/23 07:25:29 0226 1                  44.961165 8.931467 00 00 31383032334D303131383737            
14/10/23 07:25:31 0227 1                  44.961175 8.931455 00 00 31383032334D303139303832            
14/10/23 07:25:35 0228 1                  44.961195 8.931433 00 00 31383032334D303133323139            
14/10/23 07:25:39 0229 1                  44.961213 8.931415 00 00 31383032334D303133333335            
14/10/23 07:26:37 0230 1                  44.961475 8.930787 00 00 31383032334D303133353537            
14/10/23 07:27:35 0231 1                  44.960857 8.929760 00 00 31383032334D303137333134            
14/10/23 07:28:04 0232 1                  44.960443 8.930372 00 00 31383032334D303133353739            
14/10/23 07:28:33 0233 1                  44.960190 8.930793 00 00 31383032334D303133353833            
14/10/23 07:28:38 0234 1                  44.960158 8.930808 00 00 31383032334D303133343238            
14/10/23 07:29:05 0235 1                  44.959865 8.931398 00 00 31383032334D303133333436            
14/10/23 07:29:07 0236 1                  44.959848 8.931410 00 00 31383032334D303133353336            
14/10/23 07:29:43 0237 1                  44.959570 8.932128 00 00 31383032334D303137383339            
14/10/23 07:30:20 0238 1                  44.958977 8.933007 00 00 31383032334D303133353732            
14/10/23 07:30:51 0239 1                  44.958622 8.933102 00 00 31383032334D303136303339            
14/10/23 07:31:23 0240 1                  44.958218 8.932500 00 00 31383032334D303133343835            
14/10/23 07:31:49 0241 1                  44.958288 8.932335 00 00 31383032334D303131383636            
14/10/23 07:32:04 0242 1                  44.958323 8.932227 00 00 31383032334D343136323733            
14/10/23 07:32:31 0243 1                  44.958542 8.931870 00 00 31383032334D303133333538            
14/10/23 07:32:50 0244 1                  44.958592 8.931822 00 00 31383032334D303133323737            
14/10/23 07:32:55 0245 1                  44.958610 8.931817 00 00 31383032334D303133343935            
14/10/23 07:34:31 0246 1                  44.958817 8.931393 00 00 3232303032334D3031383532            
14/10/23 07:34:44 0247 1                  44.958847 8.931238 00 00 31383032334D303131363732            
14/10/23 07:34:53 0248 1                  44.958870 8.931208 00 00 31383032334D303137343730            
14/10/23 07:35:09 0249 1                  44.958875 8.931143 00 00 31383032334D303137323434            
14/10/23 07:35:31 0250 1                  44.958940 8.931052 00 00 31383032334D303032313630            
14/10/23 07:35:32 0251 1                  44.958940 8.931052 00 00 31383032334D303173343838            
14/10/23 07:35:32 0252 1                  44.958940 8.931052 00 00 31383032334D303133323431            
14/10/23 07:35:51 0253 1                  44.959023 8.930875 00 00 31383032334D303034373939            
14/10/23 07:36:12 0254 1                  44.959102 8.930757 00 00 31383032334D303137323431            
14/10/23 07:36:37 0255 1                  44.959318 8.930400 00 00 31383032334D303033353933            
14/10/23 07:36:55 0256 1                  44.959477 8.930098 00 00 31383032334D303138343532            
14/10/23 07:37:35 0257 1                  44.959875 8.929487 00 00 323030323545303038393935            
14/10/23 07:39:01 0258 1                  44.959007 8.928882 00 00 25705569A686CB62CEC37DB2            
14/10/23 07:39:22 0259 1                  44.958848 8.929242 00 00 31383032334D303134303637            
14/10/23 07:39:22 0260 1                  44.958848 8.929242 00 00 31383032334D303034373837            
14/10/23 07:40:07 0261 1                  44.958397 8.930000 00 00 31383032334D303034373832            
14/10/23 07:40:10 0262 1                  44.958397 8.930002 00 00 31383032334D303131363632            
14/10/23 07:40:31 0263 1                  44.958330 8.930142 00 00 31383032334D303033353237            
14/10/23 07:40:36 0264 1                  44.958330 8.930140 00 00 31383032334D303032303034            
14/10/23 07:41:05 0265 1                  44.958088 8.930553 00 00 31383032334D303034363833            
14/10/23 07:41:42 0266 1                  44.957628 8.931413 00 00 31383032334D303131363738            
14/10/23 07:41:42 0267 1                  44.957628 8.931413 00 00 3231303032334D3031393933            
14/10/23 07:41:44 0268 1                  44.957628 8.931415 00 00 31383032334D303131363737            
14/10/23 07:41:47 0269 1                  44.957628 8.931418 00 00 3231303032334D3033333832            
14/10/23 07:42:12 0270 1                  44.957538 8.931560 00 00 31383032334D303133343331            
14/10/23 07:42:37 0271 1                  44.957307 8.932023 00 00 31383032334D303136323632            
14/10/23 07:42:46 0272 1                  44.957300 8.932035 00 00 31383032334D303136303439            
14/10/23 07:44:51 0273 1                  44.956528 8.931720 00 00 3232303032334D3031303539            
14/10/23 07:46:23 0274 1                  44.958917 8.936557 00 00 31383032334D303131363831            
14/10/23 07:47:13 0275 1                  44.958850 8.937070 00 00 31383032334D303034353433            
14/10/23 07:47:45 0276 1                  44.958795 8.937257 00 00 31383032334D303138363037            
14/10/23 07:48:08 0277 1                  44.958705 8.937697 00 00 3231303032334D3031353232            
14/10/23 07:48:10 0278 1                  44.958705 8.937695 00 00 31383032334D303038363635            
14/10/23 07:48:11 0279 1                  44.958705 8.937692 00 00 31383032334D303038363634            
14/10/23 07:48:12 0280 1                  44.958705 8.937692 00 00 31383032334D303038363633            
14/10/23 07:48:50 0281 1                  44.958542 8.938508 00 00 31383032334D303137333938            
14/10/23 07:49:31 0282 1                  44.958352 8.938573 00 00 31383032334D303136323238            
14/10/23 07:50:16 0283 1                  44.957793 8.938410 00 00 31383032334D303137343733            
14/10/23 07:50:39 0284 1                  44.957523 8.938325 00 00 31383032334D303136333835            
14/10/23 07:51:32 0285 1                  44.958523 8.938847 00 00 31383032334D303137333937            
14/10/23 07:52:12 0286 1                  44.958007 8.939155 00 00 31383032334D303136303139            
14/10/23 07:52:38 0287 1                  44.957812 8.939115 00 00 31383032334D303136333831            
14/10/23 07:52:46 0288 1                  44.957732 8.939075 00 00 31383032334D303136303134            
14/10/23 07:54:29 0289 1                  44.958450 8.939630 00 00 31383032334D303137353930            
14/10/23 07:54:47 0290 1                  44.958438 8.940190 00 00 31383032334D303136303630            
14/10/23 07:54:51 0291 1                  44.958438 8.940193 00 00 3231303032334D3030373034            
14/10/23 07:56:43 0292 1                  44.958573 8.939892 00 00 31383032334D703133343337            
14/10/23 07:56:59 0293 1                  44.958597 8.939300 00 00 31383032334D303136333633            
14/10/23 07:57:12 0294 1                  44.958610 8.939193 00 00 300ED89F3350014A1E0BA01B            
14/10/23 07:57:21 0295 1                  44.958630 8.939062 00 00 3231303032334D3031353930            
14/10/23 07:57:46 0296 1                  44.958717 8.938433 00 00 3232303032334D3030363538            
14/10/23 07:58:03 0297 1                  44.958807 8.937923 00 00 31383032334D303138363332            
14/10/23 07:58:20 0298 1                  44.958885 8.937523 00 00 31383032334D303138363430            
14/10/23 07:58:51 0299 1                  44.959033 8.936358 00 00 31383032334D303137353634            
14/10/23 07:58:54 0300 1                  44.959035 8.936343 00 00 3231303032334D3033383933            
14/10/23 07:58:57 0301 1                  44.959037 8.936340 00 00 31383032334D303136333333            
14/10/23 07:59:00 0302 1                  44.959042 8.936335 00 00 31383032334D303136313038            
14/10/23 07:59:02 0303 1                  44.959043 8.936332 00 00 31383032334D303136313039            
14/10/23 07:59:03 0304 1                  44.959047 8.936328 00 00 31383032334D303136303938            
14/10/23 08:01:10 0305 1                  44.954948 8.935238 00 00 31383032334D303138363336            
14/10/23 08:02:27 0306 1                  44.954607 8.933257 00 00 31383032334D303131363436            
14/10/23 08:02:44 0307 1                  44.954563 8.933213 00 00 31383032334D303131363530            
14/10/23 08:02:51 0308 1                  44.954555 8.933212 00 00 31383032334DB03131363638            
14/10/23 08:02:53 0309 1                  44.954553 8.933212 00 00 323030323545303035303431            
14/10/23 08:02:55 0310 1                  44.954552 8.933212 00 00 323030323545303034303236            
14/10/23 08:03:38 0311 1                  44.954962 8.933397 00 00 31383032334D303039323630            
14/10/23 08:04:06 0312 1                  44.955322 8.933442 00 00 31383032334D303138343136            
14/10/23 08:04:21 0313 1                  44.955495 8.933458 00 00 31383032334D303138343134            
14/10/23 08:04:40 0314 1                  44.955575 8.933465 00 00 31383072334D303138353830            
14/10/23 08:05:14 0315 1                  44.955477 8.933727 00 00 31383032334D303138353930            
14/10/23 08:05:38 0316 1                  44.955267 8.933702 00 00 31383032334D303138353738            
14/10/23 08:05:52 0317 1                  44.955153 8.933658 00 00 31383032334D303138343138            
14/10/23 08:06:13 0318 1                  44.954973 8.933598 00 00 31383032334D303134383134            
14/10/23 08:08:45 0319 1                  44.953835 8.931947 00 00 31383032334D303138343735            
14/10/23 08:08:56 0320 1                  44.953848 8.931907 00 00 31383032334D303138343637            
14/10/23 08:09:18 0321 1                  44.953907 8.931872 00 00 31383032334D303138363437            
14/10/23 08:09:53 0322 1                  44.955247 8.931188 00 00 3231303032334D3033373235            
14/10/23 08:10:39 0323 1                  44.955993 8.931413 00 00 31383032334D303136343231            
14/10/23 08:11:12 0324 1                  44.956043 8.931348 00 00 300ED89F3350014A1E0BA01B            
14/10/23 08:38:35 0000 s 01886ver01 44.959455 8.936843 00 00
14/10/23 08:40:05 0325 1                  44.959302 8.936655 00 00 31383032334D303030383330            
14/10/23 08:42:10 0326 1                  44.961472 8.936188 00 00 3743020354536220378D0000            
14/10/23 08:46:56 0327 1                  44.960538 8.932622 00 00 31383032334D303137323833            
14/10/23 08:54:09 0328 1                  44.957382 8.927960 00 00 31383032334D303136373237            
14/10/23 08:54:43 0329 1                  44.957353 8.927957 00 00 300ED89F335000800146CE53            
14/10/23 08:54:58 0330 1                  44.957440 8.927493 00 00 31383032334D303138323834            
14/10/23 08:55:26 0331 1                  44.957560 8.926575 00 00 31383032334D303030393236            
14/10/23 08:55:43 0332 1                  44.957640 8.926220 00 00 31383032334DB03138343932            
14/10/23 08:56:08 0333 1                  44.957605 8.926180 00 00 3231303234304A3032373535            
14/10/23 08:56:09 0334 1                  44.957605 8.926180 00 00 31383234304A303031323030            
14/10/23 08:57:23 0335 1                  44.957162 8.925830 00 00 3232303032334D3030343231            
14/10/23 08:57:34 0336 1                  44.957082 8.925815 00 00 31383032334D303137383431            
14/10/23 09:06:31 0000 s 01886ver01 44.957013 8.925840 00 00
14/10/23 09:06:51 0337 1                  44.956998 8.925852 00 00 3231303234304A3032373535            
14/10/23 09:07:08 0338 1                  44.957165 8.925910 00 00 31383032334D303137393631            
14/10/23 09:08:56 0339 1                  44.956765 8.926275 00 00 31383032334D303038383037            
14/10/23 09:09:19 0340 1                  44.956680 8.926203 00 00 31383032334D303138353833            
14/10/23 09:09:29 0341 1                  44.956632 8.926283 00 00 31383032334D303034343137            
14/10/23 09:09:47 0342 1                  44.956528 8.926357 00 00 3138303233CD303034343138            
14/10/23 09:10:15 0343 1                  44.956867 8.926865 00 00 31383032334D303034353336            
14/10/23 09:10:30 0344 1                  44.957090 8.926993 00 00 31383032334D703034753432            
14/10/23 09:10:30 0345 1                  44.957090 8.926993 00 00 31383032334D703034353432            
14/10/23 09:10:31 0346 1                  44.957090 8.926993 00 00 31383032334D303034353432            
14/10/23 09:10:43 0347 1                  44.957230 8.927040 00 00 31383032334D303038383135            
14/10/23 09:12:37 0348 1                  44.956350 8.927630 00 00 31383032334D303136373637            
14/10/23 09:12:39 0349 1                  44.956348 8.927628 00 00 31383032334D303138343530            
14/10/23 09:12:48 0350 1                  44.956340 8.927617 00 00 300ED89F335000800146CE53            
14/10/23 09:13:39 0351 1                  44.956542 8.927172 00 00 31383032334D303038383132            
14/10/23 09:13:58 0352 1                  44.956432 8.927093 00 00 31383032334D303134333736            
14/10/23 09:14:33 0353 1                  44.956140 8.926570 00 00 31383032334D303136373739            
14/10/23 09:15:01 0354 1                  44.955968 8.926598 00 00 3231303032334D3030333839            
14/10/23 09:15:07 0355 1                  44.955945 8.926603 00 00 3231303032334D3034393735            
14/10/23 09:15:28 0356 1                  44.955973 8.926775 00 00 31383032334D303137343232            
14/10/23 09:16:17 0357 1                  44.956293 8.927215 00 00 31383032334D303136373938            
14/10/23 09:17:18 0358 1                  44.955730 8.925883 00 00 31383032334D303137303636            
14/10/23 09:17:26 0359 1                  44.955710 8.925840 00 00 31383032334D303034373933            
14/10/23 09:17:32 0360 1                  44.955697 8.925827 00 00 31383032334D303030353938            
14/10/23 09:17:54 0361 1                  44.955837 8.925418 00 00 31383032334D303138363634            
14/10/23 09:18:55 0362 1                  44.955897 8.924680 00 00 323030323545303034363031            
14/10/23 09:19:21 0363 1                  44.955705 8.925223 00 00 31383032334D303134323831            
14/10/23 09:19:35 0364 1                  44.955623 8.925492 00 00 31383032334D303136353336            
14/10/23 09:20:42 0365 1                  44.954955 8.926162 00 00 31383032334D303134303133            
14/10/23 09:20:42 0366 1                  44.954955 8.926162 00 00 31383032334D313138383139            
14/10/23 09:21:09 0367 1                  44.955307 8.924987 00 00 31383032334D303134333031            
14/10/23 09:25:09 0368 1                  44.954447 8.923620 00 00 31383032334D303136313538            
14/10/23 09:25:22 0369 1                  44.954412 8.923810 00 00 31383032334D303136303638            
14/10/23 09:25:25 0370 1                  44.954412 8.923818 00 00 3232303032334D3031333434            
14/10/23 09:25:57 0371 1                  44.954432 8.924170 00 00 31383032334D303136353631            
14/10/23 09:26:18 0372 1                  44.954458 8.924475 00 00 31383032334D303034373931            
14/10/23 09:26:39 0373 1                  44.954477 8.924883 00 00 31383032334D303034383030            
14/10/23 09:26:41 0374 1                  44.954472 8.924937 00 00 31383032334D303137393033            
14/10/23 09:26:52 0375 1                  44.954470 8.924973 00 00 31383032334D303137373938            
14/10/23 09:27:02 0376 1                  44.954475 8.924985 00 00 300ED89F335000800146CE53            
14/10/23 09:27:28 0377 1                  44.954382 8.925410 00 00 31383032334D303033323139            
14/10/23 09:27:28 0378 1                  44.954382 8.925410 00 00 31383032334D303033353430            
14/10/23 09:27:51 0379 1                  44.954338 8.925640 00 00 31383032334D303137373934            
14/10/23 09:28:54 0380 1                  44.953993 8.924685 00 00 31383032334D303136303438            
14/10/23 09:29:19 0381 1                  44.954082 8.924648 00 00 31383032334D303134303334            
14/10/23 09:30:08 0382 1                  44.953817 8.924908 00 00 31383032334D303136333733            
14/10/23 09:31:23 0383 1                  44.952743 8.926357 00 00 31383032334D303136333731            
14/10/23 09:32:01 0384 1                  44.952130 8.926633 00 00 31383032334D303133323630            
14/10/23 09:47:21 0385 1                  44.920057 8.852967 00 00 3231303234304A3032373535            
14/10/23 10:18:17 0000 s 01886ver01 44.882255 8.860255 00 00
