14/10/23 04:56:51 0000 s 01487ver01 44.882465 8.859870 00 00
14/10/23 05:12:09 0001 1                  44.896877 8.862215 00 00 3138325438454E5435303135            
14/10/23 05:14:57 0002 1                  44.901007 8.866052 00 00 323030323545303031373733            
14/10/23 05:14:58 0003 1                  44.901010 8.866057 00 00 323032343055303030323938            
14/10/23 05:16:13 0004 1                  44.901285 8.866392 00 00 323030323545303036383735            
14/10/23 05:16:14 0005 1                  44.901285 8.866392 00 00 3232303032334D3031353832            
14/10/23 05:17:31 0006 1                  44.901372 8.866862 00 00 323032343055303030343630            
14/10/23 05:18:12 0007 1                  44.901605 8.867367 00 00 3232303032334D3030313836            
14/10/23 05:18:58 0008 1                  44.901598 8.867708 00 00 3231303032334D3030353931            
14/10/23 05:19:01 0009 1                  44.901595 8.867707 00 00 323030323545303034323037            
14/10/23 05:19:03 0010 1                  44.901595 8.867707 00 00 323030323545303034303635            
14/10/23 05:19:54 0011 1                  44.901357 8.867797 00 00 3231303032334D3033373636            
14/10/23 05:19:55 0012 1                  44.901357 8.867797 00 00 323030323545303034323038            
14/10/23 05:20:05 0013 1                  44.901360 8.867778 00 00 323030323545303034303736            
14/10/23 05:20:05 0014 1                  44.901360 8.867778 00 00 323030323545303034323039            
14/10/23 05:20:43 0015 1                  44.901322 8.867570 00 00 323030323545303034303934            
14/10/23 05:21:58 0016 1                  44.901147 8.867292 00 00 3231303234304A3034333837            
14/10/23 05:23:48 0017 1                  44.900798 8.866657 00 00 323032343055303030333534            
14/10/23 05:25:55 0018 1                  44.900945 8.868052 00 00 3231303032334D3030363836            
14/10/23 05:26:00 0019 1                  44.900948 8.868053 00 00 3231303032334D3030373234            
14/10/23 05:26:51 0020 1                  44.900877 8.868267 00 00 3231303032334D3035393438            
14/10/23 05:27:48 0021 1                  44.900893 8.868660 00 00 323031323055303030323738            
14/10/23 05:28:01 0022 1                  44.900897 8.868647 00 00 3231303032334D3030373334            
14/10/23 05:29:57 0023 1                  44.900352 8.869143 00 00 323032343055303030333439            
14/10/23 05:30:50 0024 1                  44.900287 8.869243 00 00 323030323545303035323835            
14/10/23 05:30:50 0025 1                  44.900287 8.869243 00 00 3232303032334D3031363434            
14/10/23 05:31:53 0026 1                  44.900010 8.869568 00 00 323030323545303031353734            
14/10/23 05:34:06 0027 1                  44.900038 8.870530 00 00 323032343055303030333633            
14/10/23 05:34:40 0028 1                  44.900055 8.870572 00 00 300ED89F335001551DD15222            
14/10/23 05:36:10 0029 1                  44.900998 8.870837 00 00 323030323545303036383436            
14/10/23 05:36:10 0030 1                  44.900998 8.870837 00 00 3231303032334D3030343534            
14/10/23 05:37:01 0031 1                  44.901050 8.870642 00 00 323031323055303030313033            
14/10/23 05:38:19 0032 1                  44.901210 8.870050 00 00 37420401889443209A3AE280            
14/10/23 05:39:38 0033 1                  44.901573 8.869670 00 00 323030323545303037343236            
14/10/23 05:39:38 0034 1                  44.901573 8.869670 00 00 323030323545303037343637            
14/10/23 05:39:38 0035 1                  44.901573 8.869670 00 00 323030323545303037343330            
14/10/23 05:39:39 0036 1                  44.901572 8.869672 00 00 323030323545303037343239            
14/10/23 05:40:05 0037 1                  44.901572 8.869680 00 00 323030323545303037343234            
14/10/23 05:42:49 0038 1                  44.901467 8.868738 00 00 323030323545303031353130            
14/10/23 05:43:17 0039 1                  44.901640 8.868660 00 00 313832554353574B35303135            
14/10/23 05:43:40 0040 1                  44.901712 8.868792 00 00 323031323055303030323138            
14/10/23 05:43:59 0041 1                  44.901757 8.868782 00 00 323031323055303030323239            
14/10/23 05:44:26 0042 1                  44.901783 8.868742 00 00 323030323545303038343139            
14/10/23 05:46:13 0043 1                  44.902090 8.869377 00 00 323030323545303038313936            
14/10/23 05:46:14 0044 1                  44.902090 8.869377 00 00 323030323545303038313937            
14/10/23 05:46:24 0045 1                  44.902132 8.869363 00 00 323030323545303038333734            
14/10/23 05:49:13 0046 1                  44.906397 8.874730 00 00 323030323545303038313839            
14/10/23 05:49:13 0047 1                  44.906397 8.874730 00 00 323030323545303038373437            
14/10/23 05:49:14 0048 1                  44.906397 8.874730 00 00 323030323545303038313831            
14/10/23 05:49:19 0049 1                  44.906408 8.874703 00 00 323030323545303039333831            
14/10/23 05:53:35 0050 1                  44.905820 8.874342 00 00 3231303032334D3031333535            
14/10/23 05:53:35 0051 1                  44.905820 8.874342 00 00 323030323545303038333835            
14/10/23 05:53:35 0052 1                  44.905820 8.874342 00 00 323030323545303038333836            
14/10/23 05:53:37 0053 1                  44.905815 8.874347 00 00 323030323545303036393032            
14/10/23 05:54:38 0054 1                  44.905673 8.874245 00 00 323030323545303038313938            
14/10/23 05:54:38 0055 1                  44.905673 8.874245 00 00 323030323545303034363431            
14/10/23 05:54:38 0056 1                  44.905673 8.874245 00 00 323030323545303038333837            
14/10/23 05:54:39 0057 1                  44.905660 8.874230 00 00 323030323545303038343037            
14/10/23 05:59:58 0058 1                  44.903633 8.871748 00 00 323030323545303034323132            
14/10/23 06:00:03 0059 1                  44.903632 8.871752 00 00 323030323545303034323236            
14/10/23 06:00:07 0060 1                  44.903630 8.871757 00 00 323030323545303034323036            
14/10/23 06:00:12 0061 1                  44.903630 8.871755 00 00 323030323545303039313433            
14/10/23 06:00:17 0062 1                  44.903628 8.871755 00 00 323030323545303034313030            
14/10/23 06:00:27 0063 1                  44.903633 8.871720 00 00 323030323545303034303632            
14/10/23 06:00:27 0064 1                  44.903633 8.871720 00 00 323030323545303031353035            
14/10/23 06:00:27 0065 1                  44.903633 8.871720 00 00 323030323545303034323135            
14/10/23 06:05:55 0066 1                  44.902550 8.869342 00 00 3232303032334D3031393734            
14/10/23 06:05:59 0067 1                  44.902555 8.869343 00 00 3231303032334D3035303930            
14/10/23 06:06:19 0068 1                  44.902573 8.869358 00 00 323031323055303030313530            
14/10/23 06:09:17 0069 1                  44.902477 8.868520 00 00 323032343055303030333636            
14/10/23 06:10:02 0070 1                  44.902490 8.868522 00 00 323032343055303030333432            
14/10/23 06:10:08 0071 1                  44.902488 8.868523 00 00 323032343055303030333635            
14/10/23 06:12:13 0072 1                  44.902288 8.868623 00 00 3231303234304A3031323037            
14/10/23 06:12:13 0073 1                  44.902288 8.868623 00 00 300ED89F335001551DD15222            
14/10/23 06:13:42 0074 1                  44.902343 8.868662 00 00 3231303234304A3031323630            
14/10/23 06:15:31 0075 1                  44.901325 8.868358 00 00 000000000000000007675300            
14/10/23 06:15:38 0076 1                  44.901152 8.868740 00 00 313832505634455300000000            
14/10/23 06:16:15 0077 1                  44.901105 8.868998 00 00 3231303234304A3031323239            
14/10/23 06:17:27 0078 1                  44.901092 8.869220 00 00 323030323545303031343732            
14/10/23 06:17:28 0079 1                  44.901092 8.869218 00 00 323031323055303030333935            
14/10/23 06:18:31 0080 1                  44.900730 8.869942 00 00 31383032334D303036323634            
14/10/23 06:19:20 0081 1                  44.900632 8.870162 00 00 3231303032334D3031353933            
14/10/23 06:20:36 0082 1                  44.900543 8.870310 00 00 323032343055303030323336            
14/10/23 06:20:47 0083 1                  44.900538 8.870310 00 00 323031323055303030313231            
14/10/23 06:22:05 0084 1                  44.900475 8.870430 00 00 323031323055303030323632            
14/10/23 06:24:09 0085 1                  44.901335 8.870755 00 00 300ED89F335001551DD15222            
14/10/23 06:24:09 0086 1                  44.901335 8.870755 00 00 323032343055303030353533            
14/10/23 06:24:13 0087 1                  44.901333 8.870755 00 00 323032343055303030343534            
14/10/23 06:24:55 0088 1                  44.901328 8.870638 00 00 323032343055303030343636            
14/10/23 06:27:01 0089 1                  44.901472 8.870285 00 00 323032343055303030343835            
14/10/23 06:35:02 0090 1                  44.899578 8.861957 00 00 000000000000000012644122            
14/10/23 06:46:51 0000 s 01487ver01 44.898430 8.860083 00 00
14/10/23 06:51:30 0091 1                  44.901123 8.871260 00 00 3231303032334D3030353432            
14/10/23 06:51:35 0092 1                  44.901133 8.871258 00 00 323030323545303034343230            
14/10/23 06:51:40 0093 1                  44.901137 8.871263 00 00 323030323545303034323936            
14/10/23 06:52:34 0094 1                  44.901337 8.871237 00 00 323030323545303036393131            
14/10/23 06:52:43 0095 1                  44.901347 8.871240 00 00 323031323055303030323238            
14/10/23 06:54:21 0096 1                  44.901485 8.871130 00 00 4E103FFFC835743DA988CA00            
14/10/23 06:55:21 0097 1                  44.901367 8.871803 00 00 25705569A6B85B0281C35CB4            
14/10/23 07:00:21 0098 1                  44.901338 8.872692 00 00 323030323545303031363731            
14/10/23 07:00:56 0099 1                  44.901378 8.872738 00 00 323030323545303038343535            
14/10/23 07:03:23 0100 1                  44.901618 8.872863 00 00 323030323545303038333139            
14/10/23 07:04:27 0101 1                  44.901608 8.873055 00 00 323031323055303030333938            
14/10/23 07:06:21 0102 1                  44.902235 8.872537 00 00 323032343055303030333032            
14/10/23 07:08:13 0103 1                  44.902660 8.872513 00 00 323032343055303030333039            
14/10/23 07:08:14 0104 1                  44.902660 8.872513 00 00 300ED89F335001551DD15222            
14/10/23 07:08:25 0105 1                  44.902657 8.872513 00 00 323032343055303030333131            
14/10/23 07:11:57 0106 1                  44.902915 8.869882 00 00 323032343055303030333539            
14/10/23 07:12:05 0107 1                  44.902925 8.869892 00 00 323032343055303030333538            
14/10/23 07:12:58 0108 1                  44.902943 8.869897 00 00 323432343055303030333537            
14/10/23 07:12:58 0109 1                  44.902943 8.869897 00 00 323032343055303030333537            
14/10/23 07:13:07 0110 1                  44.902940 8.869890 00 00 323031323055303030313430            
14/10/23 07:15:13 0111 1                  44.903585 8.869828 00 00 3231303132304A3035323237            
14/10/23 07:16:26 0112 1                  44.903620 8.869872 00 00 323031323055303030313331            
14/10/23 07:18:09 0113 1                  44.903155 8.869680 00 00 31383234304A303030333337            
14/10/23 07:19:27 0114 1                  44.903258 8.869977 00 00 323032343055303030323330            
14/10/23 07:21:47 0115 1                  44.903462 8.870985 00 00 323030323545303038323239            
14/10/23 07:21:47 0116 1                  44.903462 8.870985 00 00 323030323545303038323332            
14/10/23 07:21:49 0117 1                  44.903462 8.870983 00 00 323030323545303038323330            
14/10/23 07:21:49 0118 1                  44.903462 8.870983 00 00 3231303032334D3031383939            
14/10/23 07:22:17 0119 1                  44.903420 8.871017 00 00 323030323545303034363734            
14/10/23 07:22:19 0120 1                  44.903420 8.871017 00 00 323030323545303038323331            
14/10/23 07:23:47 0121 1                  44.904083 8.870343 00 00 323030323545303035323134            
14/10/23 07:24:29 0122 1                  44.904272 8.870208 00 00 3232303032334D3031363330            
14/10/23 07:24:47 0123 1                  44.904288 8.870195 00 00 323030323545303037383438            
14/10/23 07:25:52 0124 1                  44.904232 8.870153 00 00 323030323545303035323033            
14/10/23 07:26:44 0125 1                  44.903783 8.870290 00 00 323030323545303037303735            
14/10/23 07:29:58 0126 1                  44.904605 8.870850 00 00 323030323545303035333938            
14/10/23 07:30:31 0127 1                  44.904500 8.870780 00 00 3232303032334D3031313738            
14/10/23 07:30:43 0128 1                  44.904495 8.870780 00 00 323030323545303038363239            
14/10/23 07:31:47 0129 1                  44.904245 8.870630 00 00 323030323545303037303736            
14/10/23 07:33:14 0130 1                  44.904043 8.870617 00 00 323030323545303034373639            
14/10/23 07:33:15 0131 1                  44.904038 8.870615 00 00 3231303032334D3030353630            
14/10/23 07:34:11 0132 1                  44.903830 8.871085 00 00 323030323545303038323339            
14/10/23 07:35:42 0133 1                  44.904152 8.871458 00 00 323031323055303030323231            
14/10/23 07:38:38 0134 1                  44.903422 8.872905 00 00 323032343055303030353537            
14/10/23 07:40:15 0135 1                  44.903120 8.873080 00 00 323030323545303031363738            
14/10/23 07:41:39 0136 1                  44.903045 8.873313 00 00 323030323545303036383838            
14/10/23 07:41:43 0137 1                  44.903033 8.873312 00 00 3231303032334D3031333432            
14/10/23 07:41:51 0138 1                  44.902998 8.873303 00 00 323030323545303036383930            
14/10/23 07:42:22 0139 1                  44.902903 8.873417 00 00 3232303032334D3031323238            
14/10/23 07:44:29 0140 1                  44.902453 8.873450 00 00 323032343055303030343930            
14/10/23 07:48:23 0141 1                  44.901885 8.873242 00 00 3232303032334D3031353137            
14/10/23 07:52:09 0142 1                  44.907082 8.877827 00 00 323030323545303031333037            
14/10/23 07:52:54 0143 1                  44.906368 8.877078 00 00 3232303032334D3030303838            
14/10/23 07:53:31 0144 1                  44.905873 8.876587 00 00 323030323545303037373738            
14/10/23 07:54:15 0145 1                  44.904943 8.875695 00 00 3231303032334D3033333731            
14/10/23 07:54:17 0146 1                  44.904943 8.875695 00 00 323030323545303037373831            
14/10/23 07:57:05 0147 1                  44.903822 8.874153 00 00 30180011DBD81E4000303719            
14/10/23 07:57:05 0148 1                  44.903822 8.874153 00 00 30180011DC219B8000303A23            
14/10/23 07:57:34 0149 1                  44.903542 8.874448 00 00 323030323545303037343037            
14/10/23 07:58:07 0150 1                  44.903450 8.874352 00 00 323030323545303031323832            
14/10/23 07:58:08 0151 1                  44.903447 8.874355 00 00 323030323545303039333038            
14/10/23 07:58:13 0152 1                  44.903423 8.874377 00 00 3232303032334D3031313035            
14/10/23 07:58:53 0153 1                  44.903107 8.874110 00 00 323030323545303037383734            
14/10/23 07:58:54 0154 1                  44.903102 8.874113 00 00 323030323545303039353134            
14/10/23 08:00:20 0155 1                  44.904137 8.872222 00 00 323030323545303035333535            
14/10/23 08:00:58 0156 1                  44.904397 8.872093 00 00 323030323545303037333839            
14/10/23 08:04:09 0157 1                  44.904938 8.871828 00 00 323030323545303037353930            
14/10/23 08:04:22 0158 1                  44.904952 8.871755 00 00 323030323545303037353533            
14/10/23 08:04:26 0159 1                  44.904962 8.871738 00 00 323030323545303037353838            
14/10/23 08:04:32 0160 1                  44.904978 8.871713 00 00 323030323545303037353737            
14/10/23 08:04:37 0161 1                  44.904988 8.871697 00 00 3232303032334D3030363037            
14/10/23 08:05:22 0162 1                  44.905128 8.871580 00 00 3231303032334D3030353235            
14/10/23 08:05:57 0163 1                  44.905280 8.871722 00 00 323030323545303038323337            
14/10/23 08:05:57 0164 1                  44.905280 8.871722 00 00 323030323545303037313131            
14/10/23 08:06:00 0165 1                  44.905262 8.871742 00 00 323030323545303037303635            
14/10/23 08:08:38 0166 1                  44.905428 8.871355 00 00 323030323545303037363031            
14/10/23 08:08:38 0167 1                  44.905428 8.871355 00 00 323030323545303037363136            
14/10/23 08:08:39 0168 1                  44.905428 8.871355 00 00 323030323545303037363138            
14/10/23 08:08:40 0169 1                  44.905435 8.871343 00 00 323030323545303037363232            
14/10/23 08:08:56 0170 1                  44.905450 8.871300 00 00 300ED89F335001551DD15222            
14/10/23 08:09:58 0171 1                  44.904668 8.871767 00 00 3232303032334D3030383838            
14/10/23 08:11:05 0172 1                  44.903993 8.872972 00 00 323030323545303038303939            
14/10/23 08:11:05 0173 1                  44.903993 8.872972 00 00 323030323545303038333733            
14/10/23 08:11:17 0174 1                  44.904010 8.872968 00 00 323030323545303038313737            
14/10/23 08:16:26 0175 1                  44.895072 8.858910 00 00 25705569A686CF9331C35E73            
14/10/23 09:05:10 0000 s 01487ver01 44.882635 8.859747 00 00
14/10/23 09:10:16 0176 1                  44.896247 8.859143 00 00 313832553238534B35303033            
14/10/23 09:10:59 0177 1                  44.896560 8.861273 00 00 0015AD2A4100000000001FFE            
14/10/23 09:11:43 0178 1                  44.899217 8.862120 00 00 25705569A686D32201C77E34            
14/10/23 09:12:41 0179 1                  44.900542 8.863847 00 00 393932303057534D35303135            
14/10/23 09:15:49 0180 1                  44.904455 8.872650 00 00 323031323055303030313539            
14/10/23 09:18:36 0181 1                  44.905437 8.873198 00 00 323030323545303037383335            
14/10/23 09:21:00 0182 1                  44.906408 8.873470 00 00 323030323545303037343534            
14/10/23 09:21:00 0183 1                  44.906408 8.873470 00 00 323030323545303036383639            
14/10/23 09:22:40 0184 1                  44.906863 8.873968 00 00 323030323545303036383731            
14/10/23 09:22:41 0185 1                  44.906863 8.873968 00 00 323030323545303036383634            
14/10/23 09:22:56 0186 1                  44.906872 8.873988 00 00 323030323545303036383636            
14/10/23 09:22:56 0187 1                  44.906872 8.873990 00 00 323030323545303034373138            
14/10/23 09:24:02 0188 1                  44.906783 8.874713 00 00 323030323545303037353033            
14/10/23 09:24:03 0189 1                  44.906783 8.874713 00 00 3232303032334D3030383931            
14/10/23 09:24:15 0190 1                  44.906775 8.874683 00 00 3231303032334D3030343531            
14/10/23 09:24:16 0191 1                  44.906775 8.874682 00 00 323030323545303037353439            
14/10/23 09:25:59 0192 1                  44.906502 8.875097 00 00 323032343055303030333434            
14/10/23 09:30:24 0193 1                  44.906708 8.876303 00 00 323032343055303030333536            
14/10/23 09:30:30 0194 1                  44.906700 8.876323 00 00 323032343055303030333135            
14/10/23 09:31:10 0195 1                  44.906705 8.876340 00 00 300ED89F335001551DD15222            
14/10/23 09:33:22 0196 1                  44.906678 8.876340 00 00 323032343055303030333133            
14/10/23 09:35:51 0197 1                  44.906397 8.876218 00 00 323032343055303030333137            
14/10/23 09:36:30 0198 1                  44.906387 8.876235 00 00 323032343055303030333234            
14/10/23 09:38:20 0199 1                  44.906207 8.876713 00 00 323030323545303031383738            
14/10/23 09:38:32 0200 1                  44.906250 8.876693 00 00 323030323545303038343231            
14/10/23 09:39:32 0201 1                  44.906262 8.876337 00 00 323031323055303030313133            
14/10/23 09:39:35 0202 1                  44.906262 8.876333 00 00 323031323055303030313132            
14/10/23 09:41:11 0203 1                  44.906118 8.876022 00 00 323032343055B03030333630            
14/10/23 09:45:31 0204 1                  44.905467 8.874533 00 00 323032343055303030323932            
14/10/23 09:45:57 0205 1                  44.905437 8.874457 00 00 323032343055303030323931            
14/10/23 09:46:35 0206 1                  44.905410 8.874363 00 00 323032343055303030323933            
14/10/23 09:46:39 0207 1                  44.905403 8.874363 00 00 323032343055303030323930            
14/10/23 09:47:34 0208 1                  44.905418 8.874363 00 00 323032343055303030333638            
14/10/23 09:49:58 0209 1                  44.906777 8.877218 00 00 323031323055303030313439            
14/10/23 09:50:46 0210 1                  44.907217 8.877245 00 00 3231303032334D3030353830            
14/10/23 09:51:40 0211 1                  44.907257 8.876197 00 00 323032343055303030343535            
14/10/23 09:53:28 0212 1                  44.907245 8.875537 00 00 323032343055303030343832            
14/10/23 09:53:33 0213 1                  44.907245 8.875537 00 00 3231303234304A3031313338            
14/10/23 09:55:22 0214 1                  44.907295 8.874563 00 00 323032343055303030333438            
14/10/23 09:59:27 0215 1                  44.905615 8.872887 00 00 323031323055303030313431            
14/10/23 10:01:50 0216 1                  44.905063 8.872675 00 00 323032343055303030333530            
14/10/23 10:02:01 0217 1                  44.905065 8.872672 00 00 323031323055303030323236            
14/10/23 10:06:00 0218 1                  44.899593 8.861840 00 00 000000000000000012644122            
14/10/23 10:12:27 0000 s 01487ver01 44.887467 8.859102 00 00
14/10/23 10:21:30 0000 s 01487ver01 44.882200 8.860343 00 00
14/10/23 10:24:44 0219 1                  44.890833 8.856142 00 00 313832564C43325235303135            
14/10/23 10:57:13 0000 s 01487ver01 44.882562 8.859752 00 00
14/10/23 10:58:01 0220 1                  44.882453 8.860267 00 00 3231303234304A3032363431            
14/10/23 10:59:58 0221 1                  44.882433 8.860208 00 00 3233303234304A3030393838            
14/10/23 11:00:56 0222 1                  44.882467 8.860252 00 00 3231303234304A3032373536            
