07/11/23 05:32:10 0000 s 01888ver01 44.882305 8.860313 00 00
07/11/23 05:34:39 0000 s 01888ver01 44.882395 8.860278 00 00
07/11/23 05:42:46 0000 s 01888ver01 44.882722 8.860013 00 00
07/11/23 05:55:02 0001 1                  44.862625 8.879418 00 00 3231303032334D3035323432            
07/11/23 05:57:05 0002 1                  44.862268 8.879937 00 00 3231303032334D3035333931            
07/11/23 05:59:15 0003 1                  44.862388 8.880167 00 00 3231303032334D3035383839            
07/11/23 06:01:28 0004 1                  44.862233 8.880240 00 00 3231303032334D3035373935            
07/11/23 06:02:55 0005 1                  44.862248 8.879847 00 00 3231303032334D3030373531            
07/11/23 06:04:13 0006 1                  44.862110 8.879237 00 00 3231303032334D3035383436            
07/11/23 06:04:22 0007 1                  44.862070 8.879198 00 00 3231303032334D3035353235            
07/11/23 06:05:44 0008 1                  44.861707 8.878813 00 00 3231303032334D3035343532            
07/11/23 06:08:34 0009 1                  44.861468 8.879883 00 00 3231303032334D3035333839            
07/11/23 06:11:23 0010 1                  44.862075 8.883317 00 00 3231303032334D3032373934            
07/11/23 06:12:44 0011 1                  44.862073 8.883495 00 00 3231303032334D3035313136            
07/11/23 06:36:35 0012 1                  44.862487 8.889215 00 00 3231303032334D3035393831            
07/11/23 06:37:43 0013 1                  44.862687 8.888683 00 00 3231303032334D3035393238            
07/11/23 06:38:40 0014 1                  44.862542 8.887983 00 00 3231303032334D3035393235            
07/11/23 06:40:47 0015 1                  44.862298 8.887417 00 00 3232303032334D3031393437            
07/11/23 06:41:40 0016 1                  44.862200 8.887070 00 00 3231303032334D3031373335            
07/11/23 06:41:53 0017 1                  44.862185 8.887065 00 00 3231303032334D3032373731            
07/11/23 06:46:32 0018 1                  44.861735 8.886085 00 00 3231303032334D3035343331            
07/11/23 06:46:44 0019 1                  44.861743 8.886098 00 00 3231303032334D3032343235            
07/11/23 06:47:57 0020 1                  44.861452 8.885910 00 00 3231303032334D3035343332            
07/11/23 06:50:57 0021 1                  44.861097 8.885378 00 00 3231303032334D3035313538            
07/11/23 06:51:26 0022 1                  44.861072 8.885405 00 00 3231303032334D3030313039            
07/11/23 06:51:30 0023 1                  44.861075 8.885412 00 00 3231303032334D3030323432            
07/11/23 06:55:06 0024 1                  44.860978 8.884793 00 00 3231303032334D3035353836            
07/11/23 06:57:07 0025 1                  44.860057 8.884262 00 00 3231303032334D3032363131            
07/11/23 07:01:26 0026 1                  44.861342 8.885082 00 00 3231303032334D3035343133            
07/11/23 07:01:50 0027 1                  44.861358 8.885102 00 00 3231303032334D3035343132            
07/11/23 07:02:48 0028 1                  44.861428 8.885157 00 00 3231303032334D3032343836            
07/11/23 07:02:55 0029 1                  44.861423 8.885162 00 00 3231303032334D3035313135            
07/11/23 07:03:34 0030 1                  44.861375 8.885138 00 00 3231303032334D3035313134            
07/11/23 07:05:11 0031 1                  44.861365 8.884363 00 00 3231303032334D3035353835            
07/11/23 07:06:34 0032 1                  44.861842 8.883665 00 00 3231303032334D3035323836            
07/11/23 07:10:26 0033 1                  44.862190 8.883325 00 00 3231303032334D3035313536            
07/11/23 07:11:21 0034 1                  44.862297 8.883000 00 00 3231303032334D3035343233            
07/11/23 07:12:16 0035 1                  44.862392 8.882660 00 00 3231303032334D3035343038            
07/11/23 07:15:05 0000 s 01888ver01 0 0 00 00
07/11/23 07:15:40 0036 1                  44.862895 8.880957 00 00 3231303032334D3032343837            
07/11/23 07:16:35 0037 1                  44.862853 8.880143 00 00 3231303032334D3032343232            
07/11/23 07:16:41 0038 1                  44.862848 8.880138 00 00 3231303032334D3032343231            
07/11/23 07:17:30 0039 1                  44.862788 8.879875 00 00 3231303032334D3032343233            
07/11/23 07:20:38 0000 s 01888ver01 0 0 00 00
07/11/23 07:21:56 0040 1                  44.862473 8.876933 00 00 3231303032334D3035393134            
07/11/23 07:22:11 0041 1                  44.862473 8.876920 00 00 3231303032334D3035383337            
07/11/23 07:25:04 0042 1                  44.864145 8.872865 00 00 3231303032334D3035353532            
07/11/23 07:25:09 0043 1                  44.864145 8.872862 00 00 3231303032334D3035353531            
07/11/23 07:40:12 0000 s 01888ver01 44.882393 8.859935 00 00
07/11/23 07:53:37 0000 s 01888ver01 44.882362 8.859975 00 00
07/11/23 08:03:17 0044 1                  44.876167 8.864887 00 00 3231303032334D3030323030            
07/11/23 08:03:27 0045 1                  44.876162 8.864887 00 00 3231303032334D3030323334            
07/11/23 08:05:47 0046 1                  44.875730 8.863048 00 00 3231303032334D3035393437            
07/11/23 08:06:37 0047 1                  44.875743 8.862717 00 00 3231303032334D3035393436            
07/11/23 08:14:23 0048 1                  44.873267 8.873690 00 00 3231303032334D3035383635            
07/11/23 08:16:02 0049 1                  44.873395 8.874220 00 00 3231303032334D3035333836            
07/11/23 08:26:48 0050 1                  44.871377 8.887035 00 00 323030323545303034363234            
07/11/23 08:40:07 0051 1                  44.877790 8.890707 00 00 3231303032334D3035323433            
07/11/23 08:41:51 0052 1                  44.878162 8.890023 00 00 3231303032334D3035373534            
07/11/23 08:45:15 0053 1                  44.877837 8.889093 00 00 3232303032334D3030343730            
07/11/23 08:45:31 0054 1                  44.877837 8.889098 00 00 3231303032334D3035373738            
07/11/23 08:46:43 0055 1                  44.877632 8.889265 00 00 3231303032334D3035373739            
07/11/23 08:47:31 0056 1                  44.877498 8.889185 00 00 3231303032334D3035353332            
07/11/23 08:47:42 0057 1                  44.877500 8.889192 00 00 3231303032334D3035373633            
07/11/23 08:47:49 0058 1                  44.877510 8.889192 00 00 3231303032334D3035373634            
07/11/23 08:49:32 0059 1                  44.877105 8.889083 00 00 3231303032334D3032373838            
07/11/23 08:49:43 0060 1                  44.877108 8.889080 00 00 3231303032334D3035353234            
07/11/23 08:49:55 0061 1                  44.877108 8.889068 00 00 3232303032334D3030343139            
07/11/23 08:50:09 0062 1                  44.877105 8.889053 00 00 3231303032334D3031353331            
07/11/23 08:54:07 0063 1                  44.876092 8.888550 00 00 3231303032334D3035323934            
07/11/23 08:55:47 0064 1                  44.876448 8.888547 00 00 3231303032334D3035383335            
07/11/23 08:56:58 0065 1                  44.876752 8.888188 00 00 3231303032334D3035383334            
07/11/23 08:58:24 0066 1                  44.877007 8.888410 00 00 3231303032334D3035313030            
07/11/23 08:58:37 0067 1                  44.877008 8.888412 00 00 3231303032334D3035363035            
07/11/23 08:59:42 0068 1                  44.877108 8.888493 00 00 3231303032334D3031383734            
07/11/23 09:04:04 0069 1                  44.877232 8.889408 00 00 3231303032334D3035363430            
07/11/23 09:04:22 0070 1                  44.877263 8.889430 00 00 3231303032334D3035373531            
07/11/23 09:04:28 0071 1                  44.877272 8.889425 00 00 3231303032334D3035373533            
07/11/23 09:05:30 0072 1                  44.877330 8.889513 00 00 3231303032334D3035393538            
07/11/23 09:11:03 0073 1                  44.875535 8.883387 00 00 323030323545303030383237            
07/11/23 09:12:54 0074 1                  44.875120 8.881848 00 00 3231303032334D3035393536            
07/11/23 09:20:55 0075 1                  44.869588 8.873693 00 00 3231303032334D3031333932            
07/11/23 09:26:08 0076 1                  44.867633 8.870810 00 00 3231303032334D3035343937            
07/11/23 09:35:15 0077 1                  44.862957 8.873485 00 00 3231303032334D3035353630            
07/11/23 09:36:18 0078 1                  44.862908 8.873792 00 00 3231303032334D3035373938            
07/11/23 09:38:16 0079 1                  44.862908 8.874443 00 00 3231303032334D3035383030            
07/11/23 09:39:26 0080 1                  44.862922 8.874662 00 00 3231303032334D3035373839            
07/11/23 09:40:31 0081 1                  44.862883 8.874882 00 00 3231303032334D3035343530            
07/11/23 09:40:50 0082 1                  44.862867 8.874893 00 00 3231303032334D3035343733            
07/11/23 09:42:11 0083 1                  44.862838 8.875277 00 00 3231303032334D3035343737            
07/11/23 09:44:06 0084 1                  44.862815 8.877225 00 00 3231303032334D3035343930            
07/11/23 09:46:30 0085 1                  44.862787 8.873710 00 00 3231303032334D3035343832            
07/11/23 09:46:38 0086 1                  44.862772 8.873698 00 00 3231303032334D3031373332            
07/11/23 09:47:36 0087 1                  44.862357 8.873943 00 00 3231303032334D3035353231            
07/11/23 09:49:24 0088 1                  44.861920 8.874023 00 00 3231303032334D3035363437            
07/11/23 09:55:05 0089 1                  44.862008 8.875565 00 00 3231303032334D3035363530            
07/11/23 10:07:56 0090 1                  44.838008 8.853442 00 00 3231303032334D3030363138            
07/11/23 10:10:21 0091 1                  44.829568 8.853982 00 00 3231303032334D3035323139            
07/11/23 10:10:29 0092 1                  44.829568 8.853972 00 00 3231303032334D3035323136            
07/11/23 10:12:26 0093 1                  44.825613 8.854188 00 00 3231303032334D3035343932            
07/11/23 10:14:54 0094 1                  44.824258 8.854512 00 00 3231303032334D3035353432            
07/11/23 10:16:51 0095 1                  44.827993 8.854263 00 00 3231303032334D3035313433            
07/11/23 10:16:57 0096 1                  44.827993 8.854260 00 00 3231303032334D3035333732            
07/11/23 10:17:02 0097 1                  44.827995 8.854260 00 00 3231303032334D3035313435            
07/11/23 10:18:38 0098 1                  44.828405 8.854188 00 00 3231303032334D3035373936            
07/11/23 10:19:25 0099 1                  44.828458 8.853965 00 00 3231303032334D3035373337            
07/11/23 10:19:42 0100 1                  44.828470 8.853955 00 00 3231303032334D3035373336            
07/11/23 10:21:34 0101 1                  44.828440 8.853252 00 00 3231303032334D3035313839            
07/11/23 10:23:15 0102 1                  44.828505 8.852527 00 00 3231303032334D3035333730            
07/11/23 10:23:26 0103 1                  44.828498 8.852522 00 00 3231303032334D3035373131            
07/11/23 10:23:34 0104 1                  44.828508 8.852520 00 00 3231303032334D3035373832            
07/11/23 10:24:45 0105 1                  44.828405 8.851927 00 00 3231303032334D3035333831            
07/11/23 10:25:00 0106 1                  44.828352 8.851897 00 00 3231303032334D3035373139            
07/11/23 10:26:56 0107 1                  44.827923 8.851768 00 00 3231303032334D3035303538            
07/11/23 10:29:02 0108 1                  44.828630 8.851920 00 00 3231303032334D3035373933            
07/11/23 10:30:00 0109 1                  44.828703 8.851737 00 00 3231303032334D3035373934            
07/11/23 10:32:15 0110 1                  44.828862 8.850930 00 00 3231303032334D3031353738            
07/11/23 10:40:29 0111 1                  44.829068 8.851945 00 00 3231303032334D3035323238            
07/11/23 10:41:45 0112 1                  44.829977 8.852317 00 00 3231303032334D3035353131            
07/11/23 10:42:52 0113 1                  44.830433 8.852335 00 00 3231303032334D3035323937            
07/11/23 10:45:00 0114 1                  44.830057 8.851762 00 00 3231303032334D3035323739            
07/11/23 10:48:27 0115 1                  44.829020 8.853487 00 00 3231303032334D3035343432            
07/11/23 10:49:20 0116 1                  44.828967 8.853818 00 00 3231303032334D3035343431            
