14/10/23 05:15:54 0000 s 01884ver01 44.882510 8.859902 00 00
14/10/23 05:29:13 0000 s 01884ver01 44.882558 8.859838 00 00
14/10/23 05:48:38 0001 1                  44.971282 8.882355 00 00 300ED89F33500086844FC3AB            
14/10/23 05:51:02 0002 1                  44.977418 8.882518 00 00 323030323545303036343230            
14/10/23 05:51:47 0003 1                  44.977515 8.882407 00 00 323030323545303036353837            
14/10/23 05:51:59 0004 1                  44.977492 8.882388 00 00 3232303032334D3030383731            
14/10/23 05:52:35 0005 1                  44.977560 8.882307 00 00 323030323545303034353234            
14/10/23 05:52:46 0006 1                  44.977565 8.882273 00 00 3231303032334D3032303134            
14/10/23 05:53:27 0007 1                  44.977907 8.882205 00 00 323030323545303036313434            
14/10/23 05:53:34 0008 1                  44.977918 8.882203 00 00 3231303032334D3030393835            
14/10/23 05:54:27 0009 1                  44.978367 8.881808 00 00 323030323545303039343335            
14/10/23 05:54:33 0010 1                  44.978358 8.881807 00 00 323030323545303036313231            
14/10/23 05:55:19 0011 1                  44.979100 8.881460 00 00 323030323545303032323139            
14/10/23 05:56:01 0012 1                  44.979445 8.881312 00 00 323030323545303035383635            
14/10/23 05:56:05 0013 1                  44.979447 8.881320 00 00 323030323545303036313937            
14/10/23 05:57:04 0014 1                  44.979775 8.881455 00 00 31383032334D303136333634            
14/10/23 05:57:09 0015 1                  44.979818 8.881440 00 00 323030323545303032343834            
14/10/23 05:57:14 0016 1                  44.979842 8.881432 00 00 31383032334D303032393136            
14/10/23 05:58:03 0017 1                  44.979712 8.881847 00 00 323030323545303037303732            
14/10/23 05:59:00 0018 1                  44.979927 8.882205 00 00 323030323545303036383133            
14/10/23 06:00:18 0019 1                  44.980055 8.882225 00 00 323032343055303030353439            
14/10/23 06:02:14 0020 1                  44.980415 8.881810 00 00 323030323545303030323537            
14/10/23 06:03:11 0021 1                  44.980468 8.881083 00 00 323030323545303036313935            
14/10/23 06:03:41 0022 1                  44.980362 8.881040 00 00 323030323545303033373933            
14/10/23 06:03:49 0023 1                  44.980370 8.881043 00 00 323030323545303036333437            
14/10/23 06:04:34 0024 1                  44.980257 8.880870 00 00 323030323545303032373838            
14/10/23 06:04:47 0025 1                  44.980233 8.880828 00 00 323030323545303032343437            
14/10/23 06:04:51 0026 1                  44.980235 8.880827 00 00 323030323545303032393134            
14/10/23 06:05:26 0027 1                  44.980267 8.880858 00 00 3232303032334D3031333833            
14/10/23 06:05:32 0028 1                  44.980270 8.880863 00 00 323030323545303032393234            
14/10/23 06:05:51 0029 1                  44.980192 8.880865 00 00 323030323545303035363536            
14/10/23 06:06:09 0030 1                  44.980110 8.880983 00 00 323030323545303032383235            
14/10/23 06:06:22 0031 1                  44.980065 8.881030 00 00 323030323545303035373335            
14/10/23 06:07:04 0032 1                  44.979993 8.881155 00 00 323030323545303035393031            
14/10/23 06:07:56 0033 1                  44.979042 8.882242 00 00 323030323545303035353734            
14/10/23 06:08:43 0034 1                  44.979030 8.882847 00 00 323030323545303035373030            
14/10/23 06:08:49 0035 1                  44.979035 8.882870 00 00 3232303032334D3030323439            
14/10/23 06:09:17 0036 1                  44.979072 8.882952 00 00 323030323545303032313736            
14/10/23 06:09:17 0037 1                  44.979072 8.882952 00 00 323030323545303032343138            
14/10/23 06:09:54 0038 1                  44.979278 8.883097 00 00 323030323545303036363634            
14/10/23 06:10:15 0039 1                  44.979358 8.882897 00 00 323030323545303036323535            
14/10/23 06:10:48 0040 1                  44.979352 8.882328 00 00 323030323545303030343933            
14/10/23 06:13:15 0041 1                  44.980390 8.883792 00 00 323030323545303035353839            
14/10/23 06:13:21 0042 1                  44.980400 8.883833 00 00 323030323545303035353930            
14/10/23 06:14:00 0043 1                  44.980355 8.883512 00 00 323030323545303035363937            
14/10/23 06:14:53 0044 1                  44.980187 8.883137 00 00 323030323545303038393934            
14/10/23 06:15:22 0045 1                  44.980210 8.883007 00 00 323030323545303035363939            
14/10/23 06:15:30 0046 1                  44.980212 8.883010 00 00 323030323545303036383033            
14/10/23 06:16:10 0047 1                  44.980472 8.882998 00 00 323030323545303036323934            
14/10/23 06:16:35 0048 1                  44.980567 8.882930 00 00 323030323545303030323733            
14/10/23 06:16:35 0049 1                  44.980567 8.882930 00 00 323030323545303030343437            
14/10/23 06:16:36 0050 1                  44.980567 8.882930 00 00 323030323545303030353434            
14/10/23 06:16:37 0051 1                  44.980583 8.882947 00 00 323030323545303039303331            
14/10/23 06:16:37 0052 1                  44.980583 8.882947 00 00 323030323545303034303735            
14/10/23 06:16:37 0053 1                  44.980583 8.882947 00 00 323030323545303035373232            
14/10/23 06:20:25 0054 1                  44.981075 8.883593 00 00 323030323545303033323039            
14/10/23 06:20:27 0055 1                  44.981080 8.883593 00 00 323030323545303033313936            
14/10/23 06:20:39 0056 1                  44.981097 8.883595 00 00 323030323545303033313937            
14/10/23 06:20:54 0057 1                  44.981107 8.883587 00 00 323030323545303033343134            
14/10/23 06:20:54 0058 1                  44.981107 8.883587 00 00 323030323545303033353630            
14/10/23 06:21:03 0059 1                  44.981128 8.883603 00 00 323030323545303037343135            
14/10/23 06:21:52 0060 1                  44.981192 8.883470 00 00 323030323545303033343130            
14/10/23 06:23:44 0061 1                  44.981322 8.882665 00 00 323030323545303038303439            
14/10/23 06:23:52 0062 1                  44.981353 8.882690 00 00 323030323545303034393437            
14/10/23 06:23:57 0063 1                  44.981370 8.882702 00 00 323030323545303037393031            
14/10/23 06:24:03 0064 1                  44.981387 8.882713 00 00 3231303032334D3030333134            
14/10/23 06:24:57 0065 1                  44.981293 8.883042 00 00 323030323545303037383834            
14/10/23 06:25:05 0066 1                  44.981287 8.883042 00 00 323030323545303039303336            
14/10/23 06:25:09 0067 1                  44.981283 8.883048 00 00 323030323545303037393134            
14/10/23 06:25:43 0068 1                  44.981453 8.883325 00 00 323030323545303036363736            
14/10/23 06:25:54 0069 1                  44.981482 8.883368 00 00 323030323545303035393038            
14/10/23 06:25:58 0070 1                  44.981488 8.883378 00 00 323030323545303030353332            
14/10/23 06:26:29 0071 1                  44.981705 8.883355 00 00 323030323545303033363138            
14/10/23 06:27:14 0072 1                  44.981873 8.883017 00 00 323030323545303033343837            
14/10/23 06:27:44 0073 1                  44.981490 8.882693 00 00 323030323545303033363231            
14/10/23 06:27:49 0074 1                  44.981475 8.882685 00 00 3231303032334D3030323137            
14/10/23 06:28:23 0075 1                  44.981327 8.882588 00 00 323030323545303033363230            
14/10/23 06:28:27 0076 1                  44.981283 8.882553 00 00 323030323545303032343335            
14/10/23 06:28:27 0077 1                  44.981283 8.882553 00 00 323030323545303032353130            
14/10/23 06:28:27 0078 1                  44.981283 8.882553 00 00 323030323545303032353037            
14/10/23 06:28:28 0079 1                  44.981265 8.882550 00 00 323030323545303032353131            
14/10/23 06:28:59 0080 1                  44.981202 8.882477 00 00 323030323545303032353137            
14/10/23 06:29:44 0081 1                  44.981297 8.882313 00 00 323030323545303032343131            
14/10/23 06:29:44 0082 1                  44.981297 8.882313 00 00 3231303032334D3033323037            
14/10/23 06:29:44 0083 1                  44.981297 8.882313 00 00 3232303032334D3030303934            
14/10/23 06:29:46 0084 1                  44.981303 8.882268 00 00 323030323545303032393639            
14/10/23 06:29:54 0085 1                  44.981317 8.882278 00 00 3232303032334D3031363732            
14/10/23 06:30:29 0086 1                  44.981278 8.882100 00 00 323030323545303032343130            
14/10/23 06:30:42 0087 1                  44.981273 8.882032 00 00 323030323545303032353038            
14/10/23 06:30:46 0088 1                  44.981297 8.882028 00 00 323030323545303032343432            
14/10/23 06:30:50 0089 1                  44.981303 8.882022 00 00 323030323545303033353332            
14/10/23 06:32:07 0090 1                  44.981277 8.881910 00 00 323030323545303034313738            
14/10/23 06:32:28 0091 1                  44.981245 8.881872 00 00 323030323545303033343137            
14/10/23 06:33:15 0092 1                  44.980378 8.881217 00 00 323030323545303032383235            
14/10/23 06:34:09 0093 1                  44.979647 8.883452 00 00 323030323545303036323532            
14/10/23 06:34:42 0094 1                  44.979668 8.883787 00 00 323030323545303036323834            
14/10/23 06:34:54 0095 1                  44.979678 8.883838 00 00 323030323545303036333237            
14/10/23 06:35:26 0096 1                  44.979682 8.884003 00 00 3232303032334D3030373937            
14/10/23 06:35:36 0097 1                  44.979663 8.884010 00 00 323030323545303032373731            
14/10/23 06:35:59 0098 1                  44.979628 8.884048 00 00 25754169A686CF1371E70DB0            
14/10/23 06:36:19 0099 1                  44.979577 8.884113 00 00 323030323545303032393439            
14/10/23 06:37:29 0100 1                  44.979938 8.884585 00 00 323030323545303036313839            
14/10/23 06:38:09 0101 1                  44.979690 8.884562 00 00 323030323545303036373833            
14/10/23 06:38:36 0102 1                  44.979640 8.884768 00 00 323030323545303032393535            
14/10/23 06:38:53 0103 1                  44.979612 8.884790 00 00 323030323545303035383734            
14/10/23 06:40:25 0104 1                  44.979835 8.884888 00 00 323030323545303036313838            
14/10/23 06:40:25 0105 1                  44.979835 8.884888 00 00 323030323545303036313738            
14/10/23 06:42:23 0106 1                  44.979003 8.886880 00 00 323030323545303035383537            
14/10/23 06:42:52 0107 1                  44.978815 8.886920 00 00 323030323545303036373130            
14/10/23 06:43:57 0108 1                  44.978153 8.887432 00 00 323030323545303036363635            
14/10/23 06:43:58 0109 1                  44.978153 8.887432 00 00 3231303032334D3031373431            
14/10/23 06:44:03 0110 1                  44.978155 8.887432 00 00 323030323545303036363734            
14/10/23 06:45:25 0111 1                  44.977683 8.888253 00 00 323030323545303036363733            
14/10/23 06:45:30 0112 1                  44.977685 8.888257 00 00 323030323545303036363732            
14/10/23 06:47:51 0113 1                  44.974552 8.891543 00 00 323030323545303038303239            
14/10/23 06:49:19 0114 1                  44.978710 8.887838 00 00 3232303032334D3030393336            
14/10/23 06:51:04 0115 1                  44.978988 8.885103 00 00 181232307400102700000000            
14/10/23 06:51:04 0116 1                  44.978988 8.885103 00 00 181152308300031550155271            
14/10/23 06:51:21 0117 1                  44.978673 8.884865 00 00 323030323545303036373835            
14/10/23 06:51:26 0118 1                  44.978657 8.884835 00 00 323030323545303038363133            
14/10/23 06:51:35 0119 1                  44.978623 8.884812 00 00 323030323545303036373538            
14/10/23 06:52:13 0120 1                  44.978608 8.884538 00 00 323030323545303036323136            
14/10/23 06:52:23 0121 1                  44.978627 8.884508 00 00 323030323545303036333432            
14/10/23 06:52:39 0122 1                  44.978618 8.884498 00 00 323030323545303035393236            
14/10/23 06:53:26 0123 1                  44.978887 8.884277 00 00 323030323545303032393531            
14/10/23 06:53:31 0124 1                  44.978900 8.884282 00 00 323030323545303030353934            
14/10/23 06:53:36 0125 1                  44.978913 8.884287 00 00 323030323545303038363135            
14/10/23 06:54:04 0126 1                  44.979053 8.884357 00 00 323030323545303035393539            
14/10/23 06:54:26 0127 1                  44.979247 8.884278 00 00 323030323545303036373031            
14/10/23 06:54:35 0128 1                  44.979273 8.884257 00 00 323030323545303035393536            
14/10/23 06:55:58 0129 1                  44.978607 8.884207 00 00 323030323545303036363135            
14/10/23 06:56:03 0130 1                  44.978593 8.884182 00 00 323030323545303036373831            
14/10/23 06:56:06 0131 1                  44.978590 8.884175 00 00 323030323545303036373837            
14/10/23 06:56:59 0132 1                  44.978482 8.883450 00 00 323030323545303036363132            
14/10/23 06:57:18 0133 1                  44.978435 8.883437 00 00 323030323545303034323138            
14/10/23 06:59:30 0134 1                  44.978395 8.882913 00 00 323030323545303030353233            
14/10/23 06:59:37 0135 1                  44.978392 8.882882 00 00 323030323545303032343538            
14/10/23 06:59:42 0136 1                  44.978387 8.882872 00 00 323030323545303036373134            
14/10/23 07:00:12 0137 1                  44.978373 8.882665 00 00 323031323055303030323438            
14/10/23 07:00:22 0138 1                  44.978377 8.882668 00 00 323030323545303036373135            
14/10/23 07:00:28 0139 1                  44.978373 8.882672 00 00 323030323545303030393137            
14/10/23 07:00:55 0140 1                  44.978350 8.882422 00 00 3232303032334D3031313937            
14/10/23 07:05:11 0141 1                  44.982255 8.880963 00 00 323031323055303030323535            
14/10/23 07:06:57 0142 1                  44.982205 8.881733 00 00 3231303032334D3032363235            
14/10/23 07:07:01 0143 1                  44.982173 8.881735 00 00 323030323545303033353037            
14/10/23 07:07:30 0144 1                  44.982107 8.882092 00 00 323030323545303033353539            
14/10/23 07:07:36 0145 1                  44.982098 8.882127 00 00 323030323545303033353437            
14/10/23 07:08:11 0146 1                  44.982083 8.882280 00 00 323030323545303033353433            
14/10/23 07:08:19 0147 1                  44.982075 8.882272 00 00 323030323545303037383132            
14/10/23 07:08:33 0148 1                  44.982048 8.882363 00 00 323030323545303033353536            
14/10/23 07:08:45 0149 1                  44.982005 8.882448 00 00 323030323545303033343833            
14/10/23 07:08:47 0150 1                  44.981998 8.882455 00 00 323030323545303033343835            
14/10/23 07:09:00 0151 1                  44.981990 8.882472 00 00 323030323545303033343730            
14/10/23 07:09:51 0152 1                  44.981845 8.883252 00 00 323030323545303033353535            
14/10/23 07:10:19 0153 1                  44.981888 8.883387 00 00 323030323545303033353137            
14/10/23 07:10:46 0154 1                  44.981935 8.883493 00 00 323030323545303038363932            
14/10/23 07:10:53 0155 1                  44.981932 8.883513 00 00 323030323545303033353234            
14/10/23 07:11:03 0156 1                  44.981932 8.883545 00 00 323030323545303033353138            
14/10/23 07:11:34 0157 1                  44.981998 8.883933 00 00 323030323545303033343830            
14/10/23 07:11:40 0158 1                  44.981998 8.883952 00 00 323030323545303033303737            
14/10/23 07:12:20 0159 1                  44.982043 8.884183 00 00 323030323545303037333838            
14/10/23 07:12:43 0160 1                  44.982047 8.884373 00 00 323030323545303036343330            
14/10/23 07:13:10 0161 1                  44.982048 8.884688 00 00 323030323545303033343234            
14/10/23 07:14:02 0162 1                  44.982203 8.884775 00 00 323030323545303033353830            
14/10/23 07:14:38 0163 1                  44.982332 8.884688 00 00 3232303032334D3030313433            
14/10/23 07:15:06 0164 1                  44.982425 8.884350 00 00 323030323545303033353434            
14/10/23 07:15:46 0165 1                  44.982497 8.884215 00 00 323030323545303033353339            
14/10/23 07:15:59 0166 1                  44.982478 8.884230 00 00 323030323545303033353436            
14/10/23 07:16:00 0167 1                  44.982478 8.884230 00 00 323030323545303037353139            
14/10/23 07:16:14 0168 1                  44.982460 8.884228 00 00 323030323545303033353435            
14/10/23 07:16:25 0169 1                  44.982477 8.884178 00 00 323030323545303033353432            
14/10/23 07:17:50 0170 1                  44.982488 8.883998 00 00 323030323545303033343237            
14/10/23 07:18:52 0171 1                  44.982825 8.883692 00 00 323030323545303036303536            
14/10/23 07:19:19 0172 1                  44.982693 8.883653 00 00 323030323545303033353335            
14/10/23 07:19:53 0173 1                  44.982600 8.883617 00 00 323030323545303033353733            
14/10/23 07:20:43 0174 1                  44.982787 8.882662 00 00 3233303032334D3030333935            
14/10/23 07:21:17 0175 1                  44.982868 8.882272 00 00 323030323545303033353737            
14/10/23 07:23:46 0176 1                  44.982727 8.882825 00 00 323032343055303030323635            
14/10/23 07:24:16 0177 1                  44.982687 8.882853 00 00 300ED89F33500086844FC3AB            
14/10/23 07:25:28 0178 1                  44.983148 8.882960 00 00 323032343055303030323636            
14/10/23 07:26:00 0179 1                  44.983160 8.882933 00 00 323032343055303030323638            
14/10/23 07:28:06 0180 1                  44.982678 8.882807 00 00 323030323545303033353637            
14/10/23 07:28:10 0181 1                  44.982665 8.882808 00 00 323030323545303033353639            
14/10/23 07:28:41 0182 1                  44.982432 8.882792 00 00 323030323545303033323032            
14/10/23 07:28:42 0183 1                  44.982432 8.882792 00 00 323030323545303033323036            
14/10/23 07:28:55 0184 1                  44.982382 8.882783 00 00 323030323545303033303134            
14/10/23 07:29:14 0185 1                  44.982360 8.882783 00 00 323030323545303032383939            
14/10/23 07:29:43 0186 1                  44.982260 8.882767 00 00 323030323545303032393032            
14/10/23 07:29:57 0187 1                  44.982195 8.882663 00 00 323030323545303038333932            
14/10/23 07:30:04 0188 1                  44.982170 8.882572 00 00 323030323545303032393438            
14/10/23 07:30:08 0189 1                  44.982153 8.882535 00 00 323030323545303032343639            
14/10/23 07:30:50 0190 1                  44.981988 8.883350 00 00 323030323545303033353138            
14/10/23 07:30:54 0191 1                  44.982022 8.883677 00 00 323030323545303033303737            
14/10/23 07:31:13 0192 1                  44.982060 8.884445 00 00 323030323545303033353738            
14/10/23 07:31:40 0193 1                  44.982075 8.884890 00 00 323030323545303033323130            
14/10/23 07:32:00 0194 1                  44.982082 8.884918 00 00 323030323545303033343330            
14/10/23 07:32:12 0195 1                  44.982077 8.884915 00 00 323030323545303033353931            
14/10/23 07:33:22 0196 1                  44.981508 8.885270 00 00 000000000000000007338688            
14/10/23 07:33:45 0197 1                  44.981047 8.884743 00 00 323030323545303033353131            
14/10/23 07:34:01 0198 1                  44.980993 8.884658 00 00 C30C30C30C30C30C30C30C30            
14/10/23 07:34:14 0199 1                  44.981033 8.884488 00 00 323030323545303033333135            
14/10/23 07:34:26 0200 1                  44.981022 8.884473 00 00 3231303032334D3030383734            
14/10/23 07:34:59 0201 1                  44.981242 8.884478 00 00 25705569A6866702F2C37CB0            
14/10/23 07:35:14 0202 1                  44.981353 8.884213 00 00 323030323545303033353130            
14/10/23 07:35:19 0203 1                  44.981368 8.884178 00 00 323030323545303033323839            
14/10/23 07:36:15 0204 1                  44.981457 8.883767 00 00 323030323545303033343335            
14/10/23 07:38:06 0205 1                  44.981313 8.882267 00 00 323030323545303032343130            
14/10/23 07:39:08 0206 1                  44.982177 8.880312 00 00 323030323545303036313836            
14/10/23 07:39:49 0207 1                  44.982435 8.880213 00 00 323030323545303030343234            
14/10/23 07:39:53 0208 1                  44.982440 8.880210 00 00 323030323545303030343230            
14/10/23 07:39:57 0209 1                  44.982445 8.880207 00 00 323030323545303030343231            
14/10/23 07:41:10 0210 1                  44.982832 8.880050 00 00 323030323545303032323734            
14/10/23 07:41:10 0211 1                  44.982832 8.880050 00 00 323030323545303032313631            
14/10/23 07:41:32 0212 1                  44.983047 8.880057 00 00 323030323545303030333730            
14/10/23 07:41:55 0213 1                  44.983138 8.880075 00 00 323030323545303033313137            
14/10/23 07:42:28 0214 1                  44.983390 8.880197 00 00 323030323545303037333934            
14/10/23 07:43:18 0215 1                  44.983878 8.880310 00 00 323030323545303033303032            
14/10/23 07:43:24 0216 1                  44.983880 8.880332 00 00 3231303032334D3030383732            
14/10/23 07:44:24 0217 1                  44.984198 8.880293 00 00 323030323545303032333634            
14/10/23 07:44:26 0218 1                  44.984200 8.880292 00 00 3232303032334D3030313239            
14/10/23 07:44:30 0219 1                  44.984203 8.880287 00 00 323030323545303032333635            
14/10/23 07:44:58 0220 1                  44.984318 8.880340 00 00 323030323545303032333332            
14/10/23 07:45:40 0221 1                  44.984580 8.880390 00 00 323030323545303033303238            
14/10/23 07:45:43 0222 1                  44.984582 8.880387 00 00 323030323545303033303138            
14/10/23 07:46:19 0223 1                  44.984758 8.880460 00 00 323030323545303032313638            
14/10/23 07:46:53 0224 1                  44.985163 8.880563 00 00 323030323545303033313632            
14/10/23 07:47:12 0225 1                  44.985248 8.880577 00 00 323030323545303033313630            
14/10/23 07:47:17 0226 1                  44.985248 8.880578 00 00 323030323545303030363231            
14/10/23 07:47:55 0227 1                  44.985483 8.880705 00 00 323030323545303033313439            
14/10/23 07:47:57 0228 1                  44.985490 8.880715 00 00 323030323545303033313631            
14/10/23 07:48:26 0229 1                  44.985748 8.880865 00 00 323030323545303033313830            
14/10/23 07:48:31 0230 1                  44.985772 8.880858 00 00 323030323545303033313837            
14/10/23 07:48:33 0231 1                  44.985778 8.880858 00 00 323030323545303033313836            
14/10/23 07:49:07 0232 1                  44.985980 8.880880 00 00 3232303032334D3030363033            
14/10/23 07:49:44 0233 1                  44.986248 8.881043 00 00 323030323545303033313639            
14/10/23 07:50:12 0234 1                  44.986045 8.880960 00 00 323030323545303033313738            
14/10/23 07:50:21 0235 1                  44.986037 8.880953 00 00 323030323545303032323631            
14/10/23 07:50:56 0236 1                  44.985857 8.880850 00 00 323030323545303033313534            
14/10/23 07:51:01 0237 1                  44.985842 8.880847 00 00 323030323545303033313637            
14/10/23 08:33:09 0000 s 01884ver01 44.982255 8.875120 00 00
14/10/23 08:34:34 0238 1                  44.983905 8.879288 00 00 323030323545303032323434            
14/10/23 08:36:18 0239 1                  44.983852 8.883162 00 00 323030323545303036313131            
14/10/23 08:37:08 0240 1                  44.983810 8.882943 00 00 323030323545303036343637            
14/10/23 08:37:23 0241 1                  44.983692 8.882862 00 00 323030323545303036333935            
14/10/23 08:38:02 0242 1                  44.983728 8.882665 00 00 323030323545303032373739            
14/10/23 08:38:33 0243 1                  44.983762 8.882068 00 00 323030323545303033313930            
14/10/23 08:38:49 0244 1                  44.983860 8.881960 00 00 323030323545303032353933            
14/10/23 08:39:21 0245 1                  44.984080 8.881777 00 00 323030323545303033313434            
14/10/23 08:39:39 0246 1                  44.983990 8.881718 00 00 323030323545303033303137            
14/10/23 08:40:16 0247 1                  44.984012 8.881560 00 00 323030323545303032333035            
14/10/23 08:40:25 0248 1                  44.984152 8.881622 00 00 323030323545303033313731            
14/10/23 08:40:41 0249 1                  44.984213 8.881607 00 00 323030323545303033313533            
14/10/23 08:41:42 0250 1                  44.984060 8.881322 00 00 323030323545303032333030            
14/10/23 08:42:18 0251 1                  44.984007 8.881065 00 00 323030323545303037383139            
14/10/23 08:42:22 0252 1                  44.983992 8.881062 00 00 323030323545303037373935            
14/10/23 08:42:54 0253 1                  44.984070 8.880737 00 00 323030323545303032323933            
14/10/23 08:43:54 0254 1                  44.982568 8.880113 00 00 323030323545303036323030            
14/10/23 08:44:31 0255 1                  44.982305 8.879627 00 00 000000000000000008357577            
14/10/23 08:47:45 0256 1                  44.981898 8.852475 00 00 111320000000000130136095            
14/10/23 08:48:52 0257 1                  44.977828 8.850715 00 00 323030323545303032393537            
14/10/23 08:51:26 0258 1                  44.974043 8.852242 00 00 323030323545303037303835            
14/10/23 08:51:33 0259 1                  44.974043 8.852242 00 00 323030323545303037313137            
14/10/23 08:55:55 0260 1                  44.969848 8.839018 00 00 323030323545303039303232            
14/10/23 08:56:37 0261 1                  44.969943 8.838712 00 00 323030323545303037373439            
14/10/23 08:59:11 0262 1                  44.976540 8.841265 00 00 323030323545303037303837            
14/10/23 08:59:46 0263 1                  44.976503 8.840580 00 00 323030323545303038393739            
