26/10/23 04:33:59 0000 s 01882ver01 44.882565 8.859915 00 00
26/10/23 04:34:01 0000 s 01882ver01 44.882565 8.859915 00 00
26/10/23 05:08:45 0001 1                  44.882968 8.860033 00 00 3231303234304A3031333034            
26/10/23 05:10:11 0002 1                  44.883245 8.859092 00 00 3231313130304A3031323238            
26/10/23 05:11:02 0003 1                  44.883433 8.859075 00 00 3231313130304A3031333934            
26/10/23 05:11:16 0004 1                  44.883418 8.859065 00 00 303960624362F400000CB7ED            
26/10/23 05:11:28 0005 1                  44.883423 8.859070 00 00 30340255C435A900000578CC            
26/10/23 05:11:45 0006 1                  44.883432 8.859085 00 00 3231313130304A3031333935            
26/10/23 05:13:17 0007 1                  44.884540 8.859062 00 00 313931323050303032323238            
26/10/23 05:14:18 0008 1                  44.884627 8.859025 00 00 3231313130304A3031323739            
26/10/23 05:14:18 0009 1                  44.884627 8.859025 00 00 3035EBDF7800F3800F315C19            
26/10/23 05:14:41 0010 1                  44.884647 8.858965 00 00 3231313130304A3031323930            
26/10/23 05:15:28 0011 1                  44.884822 8.859252 00 00 313931323050303034363437            
26/10/23 05:15:36 0012 1                  0 0 00 00 313931323050303034343439            
26/10/23 05:16:02 0013 1                  44.884912 8.858973 00 00 313932343050303030333731            
26/10/23 05:16:15 0014 1                  44.884915 8.858980 00 00 313931323050303036393331            
26/10/23 05:16:41 0015 1                  44.884918 8.858987 00 00 313931323050303036393332            
26/10/23 05:17:34 0016 1                  44.885203 8.859108 00 00 3231313130304A3031333936            
26/10/23 05:17:49 0017 1                  44.885198 8.859097 00 00 3231313130304A3031333135            
26/10/23 05:17:56 0018 1                  44.885192 8.859090 00 00 300ED89F335000B999DD97D7            
26/10/23 05:17:59 0019 1                  44.885188 8.859087 00 00 300ED89F3350004001C6E6A8            
26/10/23 05:18:20 0020 1                  44.885190 8.859080 00 00 3231313130304A3031333137            
26/10/23 05:18:37 0021 1                  44.885185 8.859108 00 00 30395DFA81A48B000010303F            
26/10/23 05:18:53 0022 1                  44.885175 8.859110 00 00 313931323050303036343530            
26/10/23 05:19:55 0023 1                  44.885352 8.859152 00 00 3230303033304D3035353833            
26/10/23 05:20:05 0024 1                  44.885355 8.859160 00 00 313931323050303034323039            
26/10/23 05:20:11 0025 1                  44.885350 8.859158 00 00 313931323050303034323436            
26/10/23 05:20:17 0026 1                  44.885343 8.859152 00 00 313931323050303035353330            
26/10/23 05:21:44 0027 1                  44.885658 8.859172 00 00 3231313130304A3031323738            
26/10/23 05:23:57 0028 1                  44.885905 8.859430 00 00 30395DFA82D8628000031DD8            
26/10/23 05:24:05 0029 1                  44.885913 8.859442 00 00 3231313130304A3031323834            
26/10/23 05:24:21 0030 1                  44.885882 8.859415 00 00 3231313130304A3031323836            
26/10/23 05:24:42 0031 1                  44.885887 8.859437 00 00 30395DFA82BF4E4000092A1B            
26/10/23 05:24:43 0032 1                  44.885887 8.859435 00 00 3231313130304A3031333232            
26/10/23 05:26:13 0033 1                  44.886980 8.859472 00 00 3230303033304D3039303437            
26/10/23 05:26:29 0034 1                  44.887030 8.859512 00 00 313931323050303034383537            
26/10/23 05:26:55 0035 1                  44.887045 8.859482 00 00 313931323050303038383537            
26/10/23 05:27:02 0036 1                  44.887035 8.859467 00 00 313931323050303037363430            
26/10/23 05:27:03 0037 1                  44.887035 8.859467 00 00 313931323050343037363430            
26/10/23 05:27:53 0038 1                  44.887237 8.859437 00 00 313931323050303030333634            
26/10/23 05:27:55 0039 1                  44.887242 8.859433 00 00 313931323050303034323235            
26/10/23 05:28:20 0040 1                  44.887260 8.859412 00 00 313931323050303030333632            
26/10/23 05:28:21 0041 1                  44.887268 8.859410 00 00 313931323050303030333631            
26/10/23 05:28:33 0042 1                  44.887292 8.859408 00 00 3231303234304A3031333036            
26/10/23 05:30:17 0043 1                  44.887362 8.859832 00 00 3231313130304A3031333830            
26/10/23 05:30:17 0044 1                  44.887362 8.859832 00 00 303ACB0340514B5AC688C85D            
26/10/23 05:31:03 0045 1                  44.887338 8.860017 00 00 3231313130304A3031323239            
26/10/23 05:32:20 0046 1                  44.887318 8.860278 00 00 3231313130304A3031323933            
26/10/23 05:32:58 0047 1                  44.887297 8.860362 00 00 313931323050303034393731            
26/10/23 05:33:37 0048 1                  44.887337 8.860588 00 00 313931323050303036393836            
26/10/23 05:34:18 0049 1                  44.887333 8.860858 00 00 313931323050303036393838            
26/10/23 05:34:57 0050 1                  44.887287 8.860940 00 00 313931323050303034333832            
26/10/23 05:35:04 0051 1                  44.887285 8.860942 00 00 313931323050303036353235            
26/10/23 05:35:04 0052 1                  44.887285 8.860942 00 00 3230303033304D3032383139            
26/10/23 05:35:21 0053 1                  44.887288 8.860953 00 00 313931323050303035303837            
26/10/23 05:35:30 0054 1                  44.887293 8.860962 00 00 313931323050303037383435            
26/10/23 05:38:21 0055 1                  44.888025 8.859400 00 00 313931323050303039363037            
26/10/23 05:39:01 0056 1                  44.888310 8.859570 00 00 313932343050303030333232            
26/10/23 05:40:33 0057 1                  44.888342 8.859883 00 00 3231313130304A3030363034            
26/10/23 05:40:47 0058 1                  44.888328 8.859873 00 00 3231313130304A3030363033            
26/10/23 05:41:14 0059 1                  44.888322 8.859875 00 00 3231313130304A3030363135            
26/10/23 05:42:35 0060 1                  44.888527 8.859600 00 00 3231303234304A3032303534            
26/10/23 05:42:42 0061 1                  44.888557 8.859642 00 00 313931323050303034383831            
26/10/23 05:42:45 0062 1                  44.888558 8.859668 00 00 30317D7A7286A140000B3B3C            
26/10/23 05:43:46 0063 1                  44.889088 8.859698 00 00 3231313130304A3031333234            
26/10/23 05:44:08 0064 1                  44.889078 8.859680 00 00 3231313130304A3031333331            
26/10/23 05:45:10 0065 1                  44.889515 8.859885 00 00 3231313130304A3030323335            
26/10/23 05:46:04 0066 1                  44.889570 8.859865 00 00 3231313130304A3031333938            
26/10/23 05:46:23 0067 1                  44.889563 8.859870 00 00 08485BE0F3AD91800432D170            
26/10/23 05:46:27 0068 1                  44.889567 8.859867 00 00 303ACA4983579F209E46EEC4            
26/10/23 05:46:28 0069 1                  44.889567 8.859867 00 00 303ACA49834BDBDAC688C305            
26/10/23 05:46:51 0070 1                  44.889578 8.859852 00 00 3231303234304A3032333038            
26/10/23 05:52:07 0000 s 01882ver01 44.889623 8.859885 00 00
26/10/23 05:52:09 0000 s 01882ver01 44.889623 8.859885 00 00
26/10/23 05:54:23 0071 1                  44.889918 8.859212 00 00 3230303033304D3038313432            
26/10/23 05:54:25 0072 1                  44.889913 8.859210 00 00 08485BE0F3AD91800432D170            
26/10/23 05:54:27 0073 1                  44.889908 8.859210 00 00 303ACA4983579F209E46EEC4            
26/10/23 05:54:28 0074 1                  44.889902 8.859208 00 00 303ACA49834BDBDAC688C305            
26/10/23 05:54:57 0075 1                  44.889878 8.859205 00 00 3231313130304A3030363939            
26/10/23 05:55:14 0076 1                  44.889898 8.859207 00 00 3231313130304A3030363832            
26/10/23 05:55:37 0077 1                  44.889862 8.859227 00 00 000000100000017417905055            
26/10/23 05:56:32 0078 1                  44.889870 8.859530 00 00 3231313130304A3030373234            
26/10/23 05:57:15 0079 1                  44.889820 8.859530 00 00 3231313130304A3030373235            
26/10/23 05:57:36 0080 1                  44.889810 8.859548 00 00 3231303234304A3031333038            
26/10/23 05:58:34 0081 1                  44.889820 8.859912 00 00 3230303033304D3038343337            
26/10/23 05:59:28 0082 1                  44.890172 8.860162 00 00 3231303234304A3031323938            
26/10/23 05:59:29 0083 1                  44.890172 8.860162 00 00 3231303234304A3031333030            
26/10/23 06:00:21 0084 1                  44.890430 8.860327 00 00 313931323050303034303135            
26/10/23 06:00:36 0085 1                  44.890458 8.860328 00 00 3230303033304D3032383433            
26/10/23 06:00:44 0086 1                  44.890490 8.860303 00 00 3230303033304D3038383130            
26/10/23 06:00:47 0087 1                  44.890508 8.860287 00 00 3230303033304D3038313834            
26/10/23 06:01:03 0088 1                  44.890543 8.860273 00 00 3230303033304D3032383132            
26/10/23 06:01:16 0089 1                  44.890532 8.860302 00 00 3230303033304D3032383131            
26/10/23 06:02:26 0090 1                  44.890870 8.860587 00 00 3231303234304A3032333035            
26/10/23 06:03:33 0091 1                  44.891162 8.860960 00 00 313931323050303131393539            
26/10/23 06:03:34 0092 1                  44.891167 8.860962 00 00 313931323050303038313030            
26/10/23 06:03:59 0093 1                  44.891200 8.860968 00 00 313931323050303038303938            
26/10/23 06:05:17 0094 1                  44.891792 8.861363 00 00 3231313130304A3031333639            
26/10/23 06:05:22 0095 1                  44.891792 8.861362 00 00 30395DFA81A369C0000F5311            
26/10/23 06:05:25 0096 1                  44.891792 8.861362 00 00 3230303033304D3032373339            
26/10/23 06:05:29 0097 1                  44.891802 8.861360 00 00 3230303033304D3032373337            
26/10/23 06:06:36 0098 1                  44.892225 8.861640 00 00 313931323050303037313734            
26/10/23 06:07:32 0099 1                  44.892907 8.861893 00 00 3230303033304D3035353536            
26/10/23 06:10:03 0100 1                  44.886650 8.859490 00 00 313931323050303036343531            
26/10/23 06:10:04 0101 1                  44.886650 8.859490 00 00 313931323050303037353539            
26/10/23 06:10:38 0102 1                  44.886635 8.859558 00 00 3231313130304A3031333238            
26/10/23 06:11:28 0103 1                  44.886567 8.859735 00 00 3230303033304D3038343436            
26/10/23 06:11:32 0104 1                  44.886567 8.859742 00 00 313931323050303033343437            
26/10/23 06:11:58 0105 1                  44.886565 8.859780 00 00 313931323050303038343137            
26/10/23 06:12:03 0106 1                  44.886565 8.859785 00 00 313931323050303034373736            
26/10/23 06:13:28 0107 1                  44.886413 8.860327 00 00 313931323050303038343136            
26/10/23 06:15:08 0108 1                  44.885932 8.861317 00 00 3231313130304A3031323938            
26/10/23 06:16:45 0109 1                  44.885977 8.861483 00 00 3231313130304A3031323237            
26/10/23 06:18:30 0110 1                  44.886413 8.861765 00 00 313931323050303036333236            
26/10/23 06:18:30 0111 1                  44.886413 8.861765 00 00 31393132305030B036333236            
26/10/23 06:18:36 0112 1                  44.886413 8.861765 00 00 3231313130304A3031323838            
26/10/23 06:19:28 0113 1                  44.886423 8.861807 00 00 313931323050303130343735            
26/10/23 06:19:34 0114 1                  44.886422 8.861812 00 00 313931323050303038373632            
26/10/23 06:21:37 0115 1                  44.889695 8.864558 00 00 3231313130304A3031333235            
26/10/23 06:22:11 0116 1                  44.889687 8.864588 00 00 3231313130304A3031333233            
26/10/23 06:22:40 0117 1                  44.889672 8.864633 00 00 303ACB034002FC59D8B66A3E            
26/10/23 06:22:42 0118 1                  44.889673 8.864633 00 00 3231313130304A3031383034            
26/10/23 06:23:27 0119 1                  44.889692 8.864610 00 00 E59AD35B1C72C32CB3DB3D39            
26/10/23 06:23:52 0120 1                  44.889795 8.864633 00 00 313931323050303034343533            
26/10/23 06:24:57 0121 1                  44.889818 8.864653 00 00 3231313130304A3031323835            
26/10/23 06:25:53 0122 1                  44.890192 8.865040 00 00 3231303234304A3031333138            
26/10/23 06:26:59 0123 1                  44.890055 8.865380 00 00 313931323050303035323134            
26/10/23 06:27:39 0124 1                  44.889652 8.865342 00 00 313931323050303036363332            
26/10/23 06:28:36 0125 1                  44.889695 8.865323 00 00 3231303234304A3031333932            
26/10/23 06:29:34 0126 1                  44.889825 8.865395 00 00 313931323050303038353734            
26/10/23 06:30:12 0127 1                  44.889935 8.865395 00 00 313931323050303036363334            
26/10/23 06:31:07 0128 1                  44.890033 8.865385 00 00 313931323050303036363331            
26/10/23 06:32:19 0129 1                  44.890150 8.865823 00 00 313931323050303037343030            
26/10/23 06:32:20 0130 1                  44.890150 8.865823 00 00 313931323050303039353831            
26/10/23 06:33:30 0131 1                  44.889895 8.865977 00 00 313931323050303032303739            
26/10/23 06:34:39 0132 1                  44.890135 8.866160 00 00 313931323050303038373037            
26/10/23 06:35:44 0133 1                  44.890035 8.866383 00 00 3231313130304A3031333332            
26/10/23 06:37:05 0134 1                  44.890110 8.866498 00 00 3231313130304A3031333037            
26/10/23 06:38:01 0135 1                  44.889623 8.866563 00 00 313931323050303130343830            
26/10/23 06:38:11 0136 1                  44.889610 8.866577 00 00 313931323050303032303831            
26/10/23 06:39:04 0137 1                  44.889368 8.866605 00 00 3231303234304A3031323835            
26/10/23 06:39:05 0138 1                  44.889368 8.866605 00 00 3231303234304A3031323836            
26/10/23 06:40:04 0139 1                  44.889122 8.866553 00 00 313931323050303037393434            
26/10/23 06:40:40 0140 1                  44.888685 8.866543 00 00 3233303132304A3030363837            
26/10/23 06:42:21 0141 1                  44.887698 8.867320 00 00 313931323050303038373130            
26/10/23 06:42:33 0142 1                  44.887697 8.867310 00 00 313931323050303038373038            
26/10/23 06:43:53 0143 1                  44.886825 8.867282 00 00 313931323050303036313432            
26/10/23 06:45:17 0144 1                  44.886063 8.867795 00 00 313931323050303038333430            
26/10/23 06:45:18 0145 1                  44.886062 8.867793 00 00 313931323050303130393837            
26/10/23 06:46:29 0146 1                  44.885487 8.868167 00 00 313931323050303037363139            
26/10/23 06:46:58 0147 1                  44.885413 8.868135 00 00 313931323050303037363230            
26/10/23 06:47:15 0148 1                  44.885412 8.868138 00 00 313931323050343034333033            
26/10/23 06:47:20 0149 1                  44.885410 8.868125 00 00 313931323050303034333033            
26/10/23 06:47:36 0150 1                  44.885403 8.868128 00 00 313931323050303034333032            
26/10/23 06:49:25 0151 1                  44.885797 8.869142 00 00 313931323050303130393835            
26/10/23 06:50:12 0152 1                  44.885705 8.869760 00 00 313931323050303132363632            
26/10/23 06:50:22 0153 1                  44.885710 8.869768 00 00 313931323050303131333530            
26/10/23 06:51:40 0154 1                  44.885730 8.870042 00 00 313931323050303130393836            
26/10/23 06:52:25 0155 1                  44.885758 8.870442 00 00 313931323050303132363539            
26/10/23 06:53:17 0156 1                  44.885827 8.870857 00 00 313931323050303131373438            
26/10/23 06:54:18 0157 1                  44.886152 8.872398 00 00 313931323050303131323530            
26/10/23 06:54:38 0158 1                  44.886165 8.872412 00 00 313931323050303130343831            
26/10/23 06:55:41 0159 1                  44.886187 8.872777 00 00 313931323050303038343435            
26/10/23 06:56:22 0160 1                  44.886192 8.872932 00 00 313931323050303039333633            
26/10/23 06:56:51 0161 1                  44.886210 8.872942 00 00 313931323050303037353031            
26/10/23 06:57:58 0162 1                  44.886110 8.873683 00 00 313931323050303039333532            
26/10/23 06:58:50 0163 1                  44.886200 8.874050 00 00 313931323050303039333632            
26/10/23 07:03:15 0164 1                  44.888242 8.870757 00 00 313931323050303038323833            
26/10/23 07:04:41 0165 1                  44.888613 8.870553 00 00 313931323050303131393730            
26/10/23 07:05:52 0166 1                  44.888648 8.870422 00 00 313931323050303130323236            
26/10/23 07:06:33 0167 1                  44.888750 8.869933 00 00 313931323050303130323237            
26/10/23 07:07:35 0168 1                  44.888868 8.869338 00 00 313931323050303035303133            
26/10/23 07:08:36 0169 1                  44.888995 8.868612 00 00 313931323050303037333939            
26/10/23 07:09:17 0170 1                  44.889087 8.868233 00 00 313931323050303130303534            
26/10/23 07:10:16 0171 1                  44.889123 8.867858 00 00 313931323050303131323939            
26/10/23 07:10:18 0172 1                  44.889122 8.867858 00 00 313931323050303131323837            
26/10/23 07:10:31 0173 1                  44.889112 8.867852 00 00 313931323050303130303535            
26/10/23 07:11:34 0174 1                  44.889317 8.867487 00 00 313931323050303130303536            
26/10/23 07:11:46 0175 1                  44.889313 8.867482 00 00 313931323050303130373437            
26/10/23 07:12:00 0176 1                  44.889305 8.867477 00 00 313931323050303037303831            
26/10/23 07:13:06 0177 1                  44.889488 8.867143 00 00 3231313130304A3031333836            
26/10/23 07:15:35 0178 1                  44.890473 8.863895 00 00 3030353035343639313430303031        
26/10/23 07:28:07 0000 s 01882ver01 44.882217 8.860260 00 00
26/10/23 07:57:01 0000 s 01882ver01 44.882532 8.859905 00 00
26/10/23 07:57:03 0000 s 01882ver01 44.882532 8.859905 00 00
26/10/23 08:01:50 0179 1                  44.886122 8.860950 00 00 3231303234304A3032333336            
26/10/23 08:03:17 0180 1                  44.885953 8.860762 00 00 3231313130304A3031323736            
26/10/23 08:03:52 0181 1                  44.885923 8.860730 00 00 313931323050303036363433            
26/10/23 08:04:55 0182 1                  44.885663 8.860728 00 00 3231313130304A3031333132            
26/10/23 08:06:13 0183 1                  44.885238 8.860692 00 00 3231313130304A3030373536            
26/10/23 08:07:08 0184 1                  44.885233 8.860673 00 00 3231313130304A3030373535            
26/10/23 08:09:11 0185 1                  44.884098 8.861082 00 00 313931323050303032323731            
26/10/23 08:09:54 0186 1                  44.884040 8.861047 00 00 313931323050303033353630            
26/10/23 08:10:28 0187 1                  44.884043 8.860987 00 00 313931323050303032323730            
26/10/23 08:11:02 0188 1                  44.883977 8.860877 00 00 313931323050303035383236            
26/10/23 08:11:53 0189 1                  44.883937 8.860683 00 00 313931323050303034393839            
26/10/23 08:12:01 0190 1                  44.883937 8.860688 00 00 313931323050303032323639            
26/10/23 08:12:10 0191 1                  44.883935 8.860692 00 00 313931323050303035363633            
26/10/23 08:13:02 0192 1                  44.883943 8.860493 00 00 313931323050303038393332            
26/10/23 08:13:54 0193 1                  44.883967 8.860308 00 00 313931323050303034373638            
26/10/23 08:14:30 0194 1                  44.884015 8.860253 00 00 313931323050303130303337            
26/10/23 08:14:41 0195 1                  44.884022 8.860268 00 00 313931323050303030333630            
26/10/23 08:16:32 0196 1                  44.884390 8.860183 00 00 313931323050303034343536            
26/10/23 08:17:10 0197 1                  44.884295 8.860170 00 00 31383132304A303234323136            
26/10/23 08:18:21 0198 1                  44.884117 8.859948 00 00 3231313130304A3030363830            
26/10/23 08:19:05 0199 1                  44.884112 8.859927 00 00 3231313130304A3030363436            
26/10/23 08:19:29 0200 1                  44.884130 8.859952 00 00 3231313130304A3030363435            
26/10/23 08:19:29 0201 1                  44.884130 8.859952 00 00 3036143DD42ABD8000000669            
26/10/23 08:21:26 0202 1                  44.883897 8.861883 00 00 3034FA39905AEA82E90EE5C0            
26/10/23 08:22:37 0203 1                  44.883835 8.861998 00 00 3231313130304A3031333031            
26/10/23 08:23:58 0204 1                  44.883665 8.861642 00 00 313931323050303030323437            
26/10/23 08:23:59 0205 1                  44.883665 8.861642 00 00 313931323050303035313739            
26/10/23 08:25:06 0206 1                  44.883183 8.861530 00 00 3231313130304A3031323936            
26/10/23 08:25:54 0207 1                  44.883017 8.861657 00 00 313931323050303038313232            
26/10/23 08:26:02 0208 1                  44.883020 8.861667 00 00 313931323050303038313231            
26/10/23 08:27:22 0209 1                  44.882765 8.862122 00 00 313931323050303038313138            
26/10/23 08:27:22 0210 1                  44.882765 8.862122 00 00 313931323050303038313139            
26/10/23 08:28:09 0211 1                  44.882752 8.862347 00 00 313931323050303038313230            
26/10/23 08:28:51 0212 1                  44.882790 8.862260 00 00 3232313130304A3030333132            
26/10/23 08:31:57 0213 1                  44.885567 8.861573 00 00 313931323050303132383138            
26/10/23 08:32:48 0214 1                  44.885468 8.861753 00 00 313931323050303036393736            
26/10/23 08:33:09 0215 1                  44.885252 8.862027 00 00 313931323050303131393336            
26/10/23 08:33:38 0216 1                  44.885260 8.862010 00 00 313931323050303131383930            
26/10/23 08:33:39 0217 1                  44.885260 8.862010 00 00 313931323050303132353937            
26/10/23 08:34:20 0218 1                  44.885163 8.862097 00 00 313931323050303037393439            
26/10/23 08:34:42 0219 1                  44.885113 8.862158 00 00 313931323050303032353738            
26/10/23 08:34:46 0220 1                  44.885113 8.862158 00 00 313931323050303032353738            
26/10/23 08:35:36 0221 1                  44.884997 8.862480 00 00 313931323050303030343731            
26/10/23 08:36:53 0222 1                  44.884780 8.862817 00 00 3231313130304A3031333733            
26/10/23 08:38:34 0223 1                  44.884310 8.863648 00 00 3231313130304A3030363733            
26/10/23 08:40:01 0224 1                  44.885200 8.863915 00 00 3231313130304A3030373831            
26/10/23 08:40:56 0225 1                  44.885233 8.863935 00 00 3231313130304A3030373830            
26/10/23 08:44:38 0226 1                  44.884822 8.863687 00 00 3231313130304A3030363838            
26/10/23 08:45:07 0227 1                  44.884822 8.863678 00 00 3231313130304A3030363837            
26/10/23 08:46:33 0228 1                  44.883697 8.863555 00 00 313931323050303034323833            
26/10/23 08:46:36 0229 1                  44.883697 8.863545 00 00 313931323050303030323432            
26/10/23 08:46:47 0230 1                  44.883690 8.863512 00 00 303ACA49829CA2DAC688C1FF            
26/10/23 08:47:06 0231 1                  44.883682 8.863497 00 00 313931323050303034323835            
26/10/23 08:47:06 0232 1                  44.883682 8.863497 00 00 313931323050303034333036            
26/10/23 08:47:26 0233 1                  44.883683 8.863520 00 00 3231303033304D3033313031            
26/10/23 08:47:31 0234 1                  44.883682 8.863518 00 00 313931323050303034323735            
26/10/23 08:48:39 0235 1                  44.883398 8.863482 00 00 3231313130304A3031333731            
26/10/23 08:49:41 0236 1                  44.883302 8.863458 00 00 323031313030503030353336            
26/10/23 08:52:18 0237 1                  44.882917 8.864965 00 00 313932343050303030353739            
26/10/23 08:52:19 0238 1                  44.882918 8.864968 00 00 313932343050303030303838            
26/10/23 08:53:21 0239 1                  44.882565 8.864988 00 00 313931323050303034303835            
26/10/23 08:54:33 0240 1                  44.881998 8.864953 00 00 313931323050303034313937            
26/10/23 08:55:56 0241 1                  44.881847 8.865058 00 00 313931323050303033373232            
26/10/23 08:56:58 0242 1                  44.881715 8.865118 00 00 313931323050303036323531            
26/10/23 08:57:00 0243 1                  44.881713 8.865118 00 00 313931323050303037313536            
26/10/23 08:57:58 0244 1                  44.881412 8.865277 00 00 313931323050303036323530            
26/10/23 08:57:59 0245 1                  44.881412 8.865273 00 00 313931323050303036323439            
26/10/23 08:58:59 0246 1                  44.881175 8.865410 00 00 313931323050303037313532            
26/10/23 08:58:59 0247 1                  44.881175 8.865410 00 00 313931323050303037313534            
26/10/23 09:00:41 0248 1                  44.879630 8.866838 00 00 313931323050303038373631            
26/10/23 09:00:55 0249 1                  44.879638 8.866855 00 00 25705569A6866762F2C30D33            
26/10/23 09:01:35 0250 1                  44.879228 8.867587 00 00 313931323050303037313531            
26/10/23 09:02:52 0251 1                  44.879405 8.868813 00 00 313931323050303036383338            
26/10/23 09:03:41 0252 1                  44.879655 8.868940 00 00 313931323050303034333835            
26/10/23 09:04:22 0253 1                  44.879857 8.869082 00 00 313931323050303037333339            
26/10/23 09:04:51 0254 1                  44.879910 8.869132 00 00 313931323050303037333430            
26/10/23 09:05:49 0255 1                  44.880083 8.869297 00 00 313931323050303033393237            
26/10/23 09:05:50 0256 1                  44.880083 8.869297 00 00 313931323050303037333431            
26/10/23 09:06:58 0257 1                  44.880612 8.869442 00 00 313931323050303032323933            
26/10/23 09:07:53 0258 1                  44.880808 8.869468 00 00 313931323050303033373230            
26/10/23 09:08:39 0259 1                  44.881095 8.869532 00 00 313931323050303033373231            
26/10/23 09:10:05 0260 1                  44.881652 8.868782 00 00 313931323050303036333132            
26/10/23 09:10:42 0261 1                  44.881627 8.868558 00 00 313931323050303036353331            
26/10/23 09:12:42 0262 1                  44.882227 8.867437 00 00 313931323050303037393837            
26/10/23 09:12:51 0263 1                  44.882227 8.867435 00 00 313931323050303032363838            
26/10/23 09:14:02 0264 1                  44.881415 8.867437 00 00 313931323050303037333433            
26/10/23 09:14:02 0265 1                  44.881415 8.867437 00 00 313931323050303037333432            
26/10/23 09:14:49 0266 1                  44.881175 8.867413 00 00 313931323050303037333434            
26/10/23 09:16:00 0267 1                  44.880952 8.867415 00 00 313931323050303034333836            
26/10/23 09:16:00 0268 1                  44.880952 8.867415 00 00 313931323050303036333038            
26/10/23 09:17:04 0269 1                  44.880505 8.867367 00 00 313931323050303037303933            
26/10/23 09:17:57 0270 1                  44.880360 8.867363 00 00 313931323050303036343337            
26/10/23 09:18:41 0271 1                  44.880212 8.866940 00 00 313931323050303036363234            
26/10/23 09:19:57 0272 1                  44.880247 8.866950 00 00 300ED89F3350005FE29A5F69            
26/10/23 09:21:50 0273 1                  44.880415 8.866460 00 00 313931323050303036363233            
26/10/23 09:25:53 0274 1                  44.885688 8.859068 00 00 313931323050303034333838            
26/10/23 09:27:25 0275 1                  44.884977 8.858937 00 00 3231313130304A3031333239            
26/10/23 09:30:40 0276 1                  44.888363 8.859775 00 00 313931323050303031313532            
26/10/23 09:32:02 0277 1                  44.888582 8.859663 00 00 301619A7F000120107714565            
26/10/23 09:33:48 0278 1                  44.888400 8.860730 00 00 3231313130304A3030363937            
26/10/23 09:34:33 0279 1                  44.888398 8.860712 00 00 3231313130304A3030363936            
26/10/23 10:42:39 0000 s 01882ver01 44.879190 8.856225 00 00
26/10/23 10:42:41 0000 s 01882ver01 44.879190 8.856225 00 00
26/10/23 11:11:58 0000 s 01882ver01 44.882447 8.859903 00 00
26/10/23 11:12:02 0000 s 01882ver01 44.882447 8.859903 00 00
26/10/23 11:29:37 0280 1                  44.898672 8.858328 00 00 313931323043303132343538            
26/10/23 11:30:13 0281 1                  44.898687 8.858372 00 00 313931323043303132313833            
26/10/23 11:30:16 0282 1                  44.898685 8.858375 00 00 313931323043303132313935            
26/10/23 11:33:07 0283 1                  44.901455 8.861800 00 00 313831323045303136363335            
26/10/23 11:36:29 0284 1                  44.900953 8.858230 00 00 323031313030433030333539            
26/10/23 11:37:48 0285 1                  44.900510 8.858103 00 00 323031313030433030323638            
26/10/23 11:38:58 0286 1                  44.900295 8.858582 00 00 313832343045303035333039            
26/10/23 11:41:20 0287 1                  44.898035 8.856277 00 00 313931323043303037313035            
26/10/23 11:42:03 0288 1                  44.898023 8.856260 00 00 3231313130304A3030313337            
26/10/23 11:42:47 0289 1                  44.898602 8.857815 00 00 313831323045303131373430            
26/10/23 11:43:49 0290 1                  44.899038 8.858105 00 00 313831323045303039323936            
26/10/23 11:44:24 0291 1                  44.899128 8.857800 00 00 313831323045303136383433            
26/10/23 11:45:04 0292 1                  44.899145 8.857625 00 00 313931323043303033383632            
26/10/23 11:50:15 0293 1                  44.899710 8.851058 00 00 323031313030433030333038            
26/10/23 11:51:09 0294 1                  44.899570 8.851470 00 00 323031313030433030323733            
26/10/23 11:53:08 0295 1                  44.898505 8.850013 00 00 940100111030742000307420            
26/10/23 11:53:13 0296 1                  44.898503 8.850012 00 00 323031313030433030363332            
26/10/23 11:56:15 0297 1                  44.897825 8.854045 00 00 323031313030433030343439            
26/10/23 11:56:17 0298 1                  44.897818 8.854050 00 00 30340BEAAC3196BCBE4ED804            
26/10/23 11:56:19 0299 1                  44.897815 8.854055 00 00 303515BAE438944800001C63            
26/10/23 11:57:43 0300 1                  44.898417 8.853838 00 00 323031313030433030333939            
26/10/23 11:58:02 0301 1                  44.898428 8.853822 00 00 3231313130304A3032323333            
26/10/23 11:59:16 0302 1                  44.899178 8.854087 00 00 313831323045303136343735            
26/10/23 11:59:52 0303 1                  44.899185 8.854067 00 00 3232313130304A3030303237            
26/10/23 12:01:30 0304 1                  44.899913 8.853638 00 00 323031313030433030333937            
26/10/23 12:03:30 0305 1                  44.899968 8.853255 00 00 323031313030433030353130            
26/10/23 12:05:22 0306 1                  44.902190 8.854292 00 00 323031313030433030333238            
26/10/23 12:07:08 0307 1                  44.903603 8.855148 00 00 313932343043303030343436            
26/10/23 12:07:53 0308 1                  44.903893 8.855335 00 00 313932343043303030343437            
26/10/23 12:09:31 0309 1                  44.906007 8.856148 00 00 313931323043303037363632            
26/10/23 12:10:53 0310 1                  44.906518 8.856372 00 00 313831323045303136383434            
26/10/23 12:10:56 0311 1                  44.906515 8.856368 00 00 3034858DB8C7C4C0005ADC70            
26/10/23 12:13:02 0312 1                  44.905048 8.856038 00 00 313931323043303033353230            
26/10/23 12:14:04 0313 1                  44.904728 8.856263 00 00 313831323045303039333438            
26/10/23 12:14:06 0314 1                  44.904727 8.856263 00 00 313931323045303330333635            
26/10/23 12:15:00 0315 1                  44.904537 8.856680 00 00 313831323045303136383432            
26/10/23 12:15:56 0316 1                  44.904455 8.857163 00 00 313831323045303136383038            
26/10/23 12:17:15 0317 1                  44.904583 8.858177 00 00 313932343045303030353039            
26/10/23 12:18:12 0318 1                  44.904918 8.858438 00 00 323031313030433030333133            
26/10/23 12:20:11 0319 1                  44.906952 8.860107 00 00 313932343043303030303732            
26/10/23 12:20:11 0320 1                  44.906952 8.860107 00 00 313932343043303030343532            
26/10/23 12:22:17 0321 1                  44.907563 8.865130 00 00 3139313130304A3031303438            
26/10/23 12:24:04 0322 1                  44.907540 8.866142 00 00 323031313030433030333637            
26/10/23 12:24:38 0323 1                  44.907567 8.866152 00 00 3232313130304A3030303132            
26/10/23 12:24:56 0324 1                  44.907568 8.866172 00 00 313832303541593030303030            
26/10/23 12:25:19 0325 1                  44.907560 8.866178 00 00 323031313030433030333039            
26/10/23 12:34:08 0326 1                  44.907620 8.881812 00 00 3230313130304A3030323030            
26/10/23 12:35:04 0327 1                  44.907623 8.881828 00 00 3231313130304A3030353431            
26/10/23 12:36:02 0328 1                  44.907578 8.881845 00 00 3230313130304A3030323031            
26/10/23 12:36:43 0329 1                  44.907590 8.881848 00 00 323031313030433030343435            
26/10/23 12:37:44 0330 1                  44.907620 8.881835 00 00 3231313130304A3030353430            
26/10/23 12:38:52 0331 1                  44.907657 8.881822 00 00 3230313131304A3030313939            
26/10/23 12:39:27 0332 1                  44.907683 8.881823 00 00 3230313130304A3030303930            
26/10/23 12:39:58 0333 1                  44.907720 8.881830 00 00 3231313130304A3030353438            
26/10/23 12:41:06 0334 1                  44.907680 8.881843 00 00 3230313130304A3030303931            
26/10/23 12:59:22 0000 s 01882ver01 44.907642 8.881853 00 00
26/10/23 12:59:25 0000 s 01882ver01 44.907642 8.881853 00 00
26/10/23 13:19:45 0000 s 01882ver01 44.907912 8.882467 00 00
26/10/23 13:19:49 0000 s 01882ver01 44.907912 8.882467 00 00
26/10/23 13:23:50 0335 1                  44.907312 8.885860 00 00 3230313130304A3030313938            
26/10/23 13:24:26 0336 1                  44.907298 8.885888 00 00 3230313138304A3030393839            
26/10/23 13:25:17 0337 1                  44.907315 8.885897 00 00 3230313130304A3030313937            
26/10/23 13:27:54 0338 1                  44.908023 8.877930 00 00 323032343055303030313233            
26/10/23 13:28:26 0339 1                  44.907923 8.877795 00 00 3230313130304A3030383033            
26/10/23 13:28:26 0340 1                  44.907923 8.877795 00 00 30395DFA818B2680002C1976            
26/10/23 13:29:00 0341 1                  44.907945 8.877742 00 00 323031313030433030343833            
26/10/23 13:30:56 0342 1                  44.907862 8.877180 00 00 323031313030433030313838            
26/10/23 13:30:56 0343 1                  44.907862 8.877180 00 00 303ACA4982847319D8B63729            
26/10/23 13:30:58 0344 1                  44.907860 8.877178 00 00 303ACA498384DA5AC6890E90            
26/10/23 13:31:24 0345 1                  44.907845 8.877172 00 00 323031313030433030313839            
26/10/23 13:31:55 0346 1                  44.907845 8.877223 00 00 3034F82248345F4097D00B88            
26/10/23 13:31:55 0347 1                  44.907845 8.877223 00 00 30395DFA8308E002274B120F            
26/10/23 13:31:56 0348 1                  44.907845 8.877223 00 00 303614440C4FB58BA8164509            
26/10/23 13:31:56 0349 1                  44.907845 8.877223 00 00 323031313030433030313837            
26/10/23 13:31:57 0350 1                  44.907845 8.877227 00 00 3036143BAC54B9CBA7F14D9E            
26/10/23 13:31:57 0351 1                  44.907845 8.877227 00 00 30395DFA82CA830000061625            
26/10/23 13:34:40 0352 1                  44.907947 8.871107 00 00 323031313030433030343030            
26/10/23 13:35:47 0353 1                  44.908155 8.870228 00 00 313932343043303030343539            
26/10/23 13:37:15 0354 1                  44.908618 8.870135 00 00 313832534534375A35303033            
26/10/23 13:37:42 0355 1                  44.908795 8.870245 00 00 313931323043303039373737            
26/10/23 13:38:11 0356 1                  44.908802 8.870305 00 00 323031313030433030333037            
26/10/23 13:39:35 0357 1                  44.909327 8.870325 00 00 313831323045303136303036            
26/10/23 13:39:35 0358 1                  44.909327 8.870325 00 00 303ACA4980A1FE59BA50A76F            
26/10/23 13:39:37 0359 1                  44.909328 8.870322 00 00 303ACA498230129AC688CB3D            
26/10/23 13:40:32 0360 1                  44.910425 8.870443 00 00 313931323043303033303132            
26/10/23 13:43:15 0361 1                  44.908565 8.873857 00 00 3231313130304A3030353135            
26/10/23 13:44:50 0362 1                  44.909100 8.873353 00 00 3231313130304A3030303538            
26/10/23 13:46:59 0363 1                  44.909072 8.873367 00 00 323031313030433030343838            
26/10/23 13:48:49 0364 1                  44.909833 8.873690 00 00 323031313030433030353139            
26/10/23 13:50:40 0365 1                  44.910977 8.872098 00 00 323031313030433030323331            
26/10/23 13:53:31 0366 1                  44.909585 8.869702 00 00 313831323045303039323930            
26/10/23 13:55:07 0367 1                  44.909270 8.868425 00 00 313831323045303136383039            
26/10/23 13:56:01 0368 1                  44.909177 8.868015 00 00 313931323045303330333334            
26/10/23 13:56:16 0369 1                  44.909167 8.868012 00 00 3231303234304A3034393137            
26/10/23 13:58:57 0370 1                  44.910075 8.867398 00 00 323031313030433030323536            
26/10/23 14:01:46 0371 1                  44.909663 8.866132 00 00 323031313030533030303830            
26/10/23 14:02:04 0372 1                  44.909687 8.866140 00 00 323031313030433030343230            
26/10/23 14:04:23 0373 1                  44.908133 8.867430 00 00 313931323043303030353939            
26/10/23 14:05:17 0374 1                  44.908045 8.867353 00 00 313931323043303132323939            
26/10/23 14:06:52 0375 1                  44.908213 8.866867 00 00 30340BEA9C1A6360B4C91004            
26/10/23 14:06:52 0376 1                  44.908213 8.866867 00 00 30340BDF0C50803A66307C06            
26/10/23 14:06:59 0377 1                  44.908222 8.866868 00 00 3231313130304A3030333832            
26/10/23 14:07:29 0378 1                  44.908218 8.866872 00 00 313932343045303030353035            
26/10/23 14:09:10 0379 1                  44.907700 8.863742 00 00 313831323045303039343337            
26/10/23 14:09:59 0380 1                  44.907693 8.863365 00 00 323031313030433030333331            
26/10/23 14:11:24 0381 1                  44.907670 8.863367 00 00 323031313030433030323031            
26/10/23 14:12:20 0382 1                  44.907720 8.863172 00 00 313831323045303136353134            
26/10/23 14:12:22 0383 1                  44.907722 8.863173 00 00 30340BD1D851FC482A4F5803            
26/10/23 14:12:22 0384 1                  44.907722 8.863173 00 00 30340BBFCC515A4C62156401            
26/10/23 14:12:57 0385 1                  44.907737 8.862432 00 00 313831323045303136373831            
26/10/23 14:14:34 0386 1                  44.907750 8.862058 00 00 323031313030433030323136            
26/10/23 14:16:36 0387 1                  44.908043 8.861427 00 00 313931323043303131373133            
26/10/23 14:17:41 0388 1                  44.908432 8.861798 00 00 323031313030433030353138            
26/10/23 14:20:10 0389 1                  44.908573 8.861878 00 00 323031313030433030343135            
26/10/23 14:22:44 0390 1                  44.907007 8.859628 00 00 313931323043303033383633            
26/10/23 14:22:46 0391 1                  44.907005 8.859628 00 00 313932343045303030343437            
26/10/23 14:23:50 0392 1                  44.906768 8.859280 00 00 323031313030433030343231            
26/10/23 14:27:10 0393 1                  44.902353 8.856588 00 00 323031313030433030353236            
26/10/23 14:28:30 0394 1                  44.901873 8.856310 00 00 313831323045303136393130            
26/10/23 14:29:54 0395 1                  44.900897 8.855662 00 00 30340C00041604117B37A006            
26/10/23 14:30:29 0396 1                  44.900897 8.855675 00 00 3231313130304A3030353437            
26/10/23 14:31:58 0397 1                  44.900612 8.855503 00 00 323031313030433030323137            
26/10/23 14:36:54 0398 1                  44.901583 8.856535 00 00 313831323045303136383431            
26/10/23 14:36:55 0399 1                  44.901583 8.856535 00 00 313932343043303030343332            
26/10/23 14:36:58 0400 1                  44.901582 8.856533 00 00 3034F83728154E8AB41DBB0B            
26/10/23 14:38:27 0401 1                  44.901807 8.856572 00 00 323031313030433030363338            
26/10/23 14:39:51 0402 1                  44.901978 8.856682 00 00 3233313130304A3030313431            
26/10/23 14:41:22 0403 1                  44.901997 8.856660 00 00 3232313130304A3030323738            
26/10/23 14:43:13 0404 1                  44.901982 8.856658 00 00 323031313030433030333239            
26/10/23 14:44:45 0405 1                  44.902510 8.856998 00 00 08288E5B412C723F0315FCC0            
26/10/23 14:44:48 0406 1                  44.902508 8.857005 00 00 323031313030433030333738            
26/10/23 14:46:04 0407 1                  44.902470 8.857042 00 00 323031313030433030343732            
26/10/23 14:48:35 0408 1                  44.903018 8.857455 00 00 323031313030433030333337            
26/10/23 14:49:13 0409 1                  44.903015 8.857457 00 00 313931313030433030313737            
26/10/23 14:51:54 0410 1                  44.902313 8.862742 00 00 313931323045303330333436            
26/10/23 14:52:33 0411 1                  44.902220 8.862873 00 00 313931323045303330333437            
26/10/23 14:52:33 0412 1                  44.902220 8.862873 00 00 303613BD004B68C00000333A            
26/10/23 14:52:33 0413 1                  44.902220 8.862873 00 00 303613BD004ACB0000012991            
26/10/23 14:54:22 0414 1                  44.902888 8.863502 00 00 3230313130304A3030303133            
26/10/23 14:55:44 0415 1                  44.902930 8.863478 00 00 3232313130304A3030303034            
26/10/23 14:57:07 0416 1                  44.902950 8.863245 00 00 313831323045303136383430            
26/10/23 14:58:21 0417 1                  44.902197 8.863017 00 00 313831323045303136373739            
26/10/23 14:58:21 0418 1                  44.902197 8.863017 00 00 313831323045303136373738            
26/10/23 14:59:06 0419 1                  44.902058 8.863185 00 00 313931323045303330333732            
26/10/23 14:59:51 0420 1                  44.901767 8.863698 00 00 313931323043303032363139            
26/10/23 15:00:02 0421 1                  44.901762 8.863697 00 00 313931323045303330333538            
26/10/23 15:00:53 0422 1                  44.901758 8.863928 00 00 313831323045303136353530            
26/10/23 15:01:58 0423 1                  44.902903 8.865720 00 00 313931323043303034333432            
26/10/23 15:03:00 0424 1                  44.903148 8.865878 00 00 3231303234304A3034383436            
26/10/23 15:03:00 0425 1                  44.903148 8.865878 00 00 313932343043303030313834            
26/10/23 15:03:36 0426 1                  44.903143 8.865907 00 00 323031313030433030333633            
26/10/23 15:03:36 0427 1                  44.903143 8.865907 00 00 323031313230433030333633            
26/10/23 15:04:28 0428 1                  44.903157 8.865867 00 00 111450000000000350285795            
26/10/23 15:05:07 0429 1                  44.903292 8.865922 00 00 323031313030433030353137            
26/10/23 15:07:28 0430 1                  44.903625 8.865765 00 00 323031313030433030363235            
26/10/23 15:09:11 0431 1                  44.904608 8.866153 00 00 313831323045303136373834            
26/10/23 15:25:49 0432 1                  44.908233 8.869745 00 00 990301D1A94B2E980000113E            
26/10/23 15:26:04 0433 1                  44.908237 8.869740 00 00 30340BEAAC30E101B68BE004            
26/10/23 15:26:04 0434 1                  44.908237 8.869740 00 00 9903074E6083F9A900003059            
26/10/23 15:26:05 0435 1                  44.908237 8.869740 00 00 323031313030433030323833            
26/10/23 15:26:29 0436 1                  44.908248 8.869745 00 00 3231313130304A3030303433            
26/10/23 15:32:29 0437 1                  44.904730 8.866257 00 00 313931323043303037343238            
26/10/23 15:33:43 0438 1                  44.905345 8.866578 00 00 3034F80CB011D98AB41F0796            
26/10/23 15:33:48 0439 1                  44.905353 8.866572 00 00 313831323045303132343539            
26/10/23 15:33:48 0440 1                  44.905353 8.866572 00 00 313831323045303136353531            
26/10/23 15:33:52 0441 1                  44.905355 8.866572 00 00 3034F80CB011D90AB41F0CE4            
26/10/23 15:33:52 0442 1                  44.905355 8.866572 00 00 3036141EFC3695D74932ED3D            
26/10/23 15:33:53 0443 1                  44.905355 8.866572 00 00 30396061C3C2864231FA76BE            
26/10/23 15:33:53 0444 1                  44.905355 8.866573 00 00 30396061C3C3A181E98879A4            
26/10/23 15:33:53 0445 1                  44.905355 8.866573 00 00 30396062436DC2400028A350            
26/10/23 15:33:54 0446 1                  44.905355 8.866573 00 00 3034F80CB01413CAB41E49E8            
26/10/23 15:34:15 0447 1                  44.905352 8.866578 00 00 313931323045303330303636            
26/10/23 15:34:15 0448 1                  44.905352 8.866578 00 00 313931323045303330303634            
26/10/23 15:35:09 0449 1                  44.906175 8.866965 00 00 3231303033304D3031383630            
26/10/23 15:35:28 0450 1                  44.906192 8.866935 00 00 313931323043303037353636            
26/10/23 15:36:10 0451 1                  44.906402 8.866995 00 00 313932343043303030343930            
26/10/23 15:37:08 0452 1                  44.906970 8.867217 00 00 323031313030433030333130            
26/10/23 15:37:59 0453 1                  44.906947 8.867220 00 00 3231313130304A3030353534            
26/10/23 15:38:55 0454 1                  44.907062 8.867245 00 00 323031313030433030323732            
26/10/23 15:39:28 0455 1                  44.907053 8.867238 00 00 323031313030433030333739            
26/10/23 15:40:40 0456 1                  44.907245 8.867323 00 00 313831323045303136353533            
26/10/23 15:41:28 0457 1                  44.907383 8.867403 00 00 323031313030433030323834            
26/10/23 15:42:08 0458 1                  44.907377 8.867440 00 00 3230313130304A3030353132            
26/10/23 15:46:00 0459 1                  44.908427 8.864580 00 00 3039612A4376DD49502F906E            
26/10/23 15:46:08 0460 1                  44.908420 8.864573 00 00 313932343043303030343231            
26/10/23 15:46:09 0461 1                  44.908420 8.864573 00 00 313932343043303030343232            
26/10/23 15:46:10 0462 1                  44.908420 8.864572 00 00 30340591105E3072D46E8003            
26/10/23 15:46:10 0463 1                  44.908420 8.864572 00 00 350014981197200000000000            
26/10/23 15:46:48 0464 1                  44.908413 8.864582 00 00 313932343043303030363534            
26/10/23 15:48:21 0465 1                  44.909838 8.864215 00 00 313931323045303330333835            
26/10/23 15:49:21 0466 1                  44.910080 8.864080 00 00 313831323045303136383635            
26/10/23 15:50:21 0467 1                  44.910165 8.863988 00 00 A00000000000002661007428            
26/10/23 15:50:29 0468 1                  44.910162 8.863960 00 00 323031313030433030343139            
26/10/23 15:50:31 0469 1                  44.910162 8.863955 00 00 A00000000000001314578317            
26/10/23 15:51:12 0470 1                  44.910155 8.863863 00 00 A00000000000002595977511            
26/10/23 15:51:17 0471 1                  44.910157 8.863865 00 00 3230313130304A3030383135            
26/10/23 15:51:17 0472 1                  44.910157 8.863865 00 00 A00000000000002595977280            
26/10/23 15:51:43 0473 1                  44.910163 8.863865 00 00 A00000000000001532631129            
26/10/23 15:51:43 0474 1                  44.910163 8.863865 00 00 A00000000000002736446361            
26/10/23 15:51:48 0475 1                  44.910167 8.863870 00 00 A00000000000002736006134            
26/10/23 15:51:48 0476 1                  44.910167 8.863870 00 00 A00000000000002369799246            
26/10/23 15:51:48 0477 1                  44.910167 8.863870 00 00 A00000000000002719293392            
26/10/23 15:51:49 0478 1                  44.910167 8.863870 00 00 A00000000000002753685845            
26/10/23 15:51:49 0479 1                  44.910167 8.863870 00 00 A00000000000002531241923            
26/10/23 15:51:49 0480 1                  44.910167 8.863870 00 00 A00000000000002681767810            
26/10/23 15:52:16 0481 1                  44.910162 8.863872 00 00 323031313030433030343136            
26/10/23 15:53:52 0482 1                  44.909812 8.860985 00 00 313931323045303330333834            
26/10/23 15:54:32 0483 1                  44.909838 8.860737 00 00 313931323045303330333833            
26/10/23 15:55:24 0484 1                  44.909872 8.860287 00 00 313931323045303330333832            
26/10/23 15:59:33 0485 1                  44.915338 8.862838 00 00 313931323045303330333237            
26/10/23 16:03:05 0486 1                  44.911623 8.862845 00 00 313931323045303330333639            
