23/10/23 04:48:51 0000 s 01494ver01 44.882290 8.859803 00 00
23/10/23 05:16:30 0001 1                  44.908327 8.907840 00 00 313931313030433030323939            
23/10/23 05:16:30 0002 1                  44.908327 8.907840 00 00 313931313030433030323939            
23/10/23 05:16:50 0003 1                  44.908323 8.907815 00 00 3230313130304A3030303130            
23/10/23 05:18:05 0004 1                  44.908357 8.907778 00 00 313931313030433030333030            
23/10/23 05:19:12 0005 1                  44.908398 8.907825 00 00 313931313030433030333031            
23/10/23 05:21:30 0006 1                  44.908093 8.907520 00 00 313931323045303330333135            
23/10/23 05:22:59 0007 1                  44.907440 8.908928 00 00 31383132304A303136393835            
23/10/23 05:24:15 0008 1                  44.907215 8.910257 00 00 31383132304A303136383435            
23/10/23 05:24:15 0009 1                  44.907215 8.910257 00 00 31383132304A303136383532            
23/10/23 05:25:53 0010 1                  44.907305 8.912950 00 00 313931323045303330353434            
23/10/23 05:27:00 0011 1                  44.907337 8.914205 00 00 31383132304A303136343836            
23/10/23 05:27:00 0012 1                  44.907337 8.914205 00 00 31383132304A303136383136            
23/10/23 05:28:24 0013 1                  44.907300 8.914773 00 00 31383132304A303136333330            
23/10/23 05:28:24 0014 1                  44.907300 8.914773 00 00 31383132304A303136343930            
23/10/23 05:29:46 0015 1                  44.907270 8.915067 00 00 313831323045303135343936            
23/10/23 05:30:22 0016 1                  44.907270 8.915252 00 00 31383132304A303136393834            
23/10/23 05:30:22 0017 1                  44.907270 8.915252 00 00 31383132304A303136B93834            
23/10/23 05:30:55 0018 1                  44.907275 8.915367 00 00 313831323045303135363234            
23/10/23 05:30:56 0019 1                  44.907275 8.915367 00 00 434C30303033333832383832            
23/10/23 05:31:37 0020 1                  44.907302 8.915698 00 00 313931323045303330343332            
23/10/23 05:32:41 0021 1                  44.907255 8.916072 00 00 313931323045303330353131            
23/10/23 05:32:41 0022 1                  44.907253 8.916070 00 00 31383132304A303130333138            
23/10/23 05:33:31 0023 1                  44.907197 8.916262 00 00 31383132304A303137393639            
23/10/23 05:33:31 0024 1                  44.907197 8.916262 00 00 3034F80CB03FCC0AB41E43EE            
23/10/23 05:33:34 0025 1                  44.907197 8.916260 00 00 3034F8370023DD0AB41DC3B4            
23/10/23 05:34:13 0026 1                  44.907172 8.916443 00 00 313931313030433038333630            
23/10/23 05:35:30 0027 1                  44.907232 8.916653 00 00 31383132304A303137313134            
23/10/23 05:35:31 0028 1                  44.907238 8.916657 00 00 31383132304A303136393630            
23/10/23 05:35:33 0029 1                  44.907243 8.916662 00 00 303534CD9C2B5B80000004E5            
23/10/23 05:36:07 0030 1                  44.907257 8.916680 00 00 31383132304A303137373830            
23/10/23 05:37:49 0031 1                  44.907178 8.918238 00 00 313931313030533030303530            
23/10/23 05:38:25 0032 1                  44.907225 8.918315 00 00 313931313030433030303636            
23/10/23 05:38:26 0033 1                  44.907225 8.918315 00 00 303ACA4002DDDFD99C82D526            
23/10/23 05:40:19 0034 1                  44.906905 8.919243 00 00 31383132304A303137323537            
23/10/23 05:40:20 0035 1                  44.906905 8.919243 00 00 3035EBC08060808008023450            
23/10/23 05:40:20 0036 1                  44.906905 8.919243 00 00 3035EBC08060838004022A26            
23/10/23 05:41:27 0037 1                  44.906893 8.919607 00 00 31383132304A303136363436            
23/10/23 05:41:29 0038 1                  44.906895 8.919607 00 00 355AB1C8E0061A90009D18CC            
23/10/23 05:41:29 0039 1                  44.906895 8.919607 00 00 355AB1C8E0061A90009D18C2            
23/10/23 05:42:04 0040 1                  44.906707 8.919635 00 00 31383132304A303136383633            
23/10/23 05:42:29 0041 1                  44.906688 8.919675 00 00 313931313030433030323630            
23/10/23 05:43:32 0042 1                  44.906800 8.919953 00 00 313931313030433030323937            
23/10/23 05:44:05 0043 1                  44.906825 8.919987 00 00 31383132304A303137323536            
23/10/23 05:45:11 0044 1                  44.906598 8.920682 00 00 31383132304A303039333234            
23/10/23 05:45:38 0045 1                  44.906597 8.920695 00 00 313931313030433030323039            
23/10/23 05:47:19 0046 1                  44.906722 8.921128 00 00 313931313030433030323239            
23/10/23 05:48:44 0047 1                  44.906503 8.921125 00 00 31383132304A303137353839            
23/10/23 05:49:18 0048 1                  44.906542 8.921137 00 00 313931313030433030303830            
23/10/23 05:50:33 0049 1                  44.906127 8.922240 00 00 313931323043303038363032            
23/10/23 05:50:35 0050 1                  44.906128 8.922243 00 00 313931323045303330323933            
23/10/23 05:51:16 0051 1                  44.906193 8.922402 00 00 3233313130304A3030303837            
23/10/23 05:51:51 0052 1                  44.906212 8.922412 00 00 323031313030433030303037            
23/10/23 05:52:42 0053 1                  44.906125 8.922307 00 00 313931313030433030333736            
23/10/23 05:53:50 0054 1                  44.905905 8.922988 00 00 313931323045303330323932            
23/10/23 05:53:52 0055 1                  44.905907 8.922993 00 00 313931323045303330323932            
23/10/23 05:54:55 0056 1                  44.905563 8.924770 00 00 31383132304A303137363932            
23/10/23 05:54:55 0057 1                  44.905563 8.924770 00 00 31383132304A303137363838            
23/10/23 05:54:57 0058 1                  44.905560 8.924773 00 00 30396062438455C20F9ABA5A            
23/10/23 05:54:57 0059 1                  44.905560 8.924773 00 00 30340BF21C3B4300000F474B            
23/10/23 05:54:59 0060 1                  44.905558 8.924775 00 00 303ACA49837B0A9C5A5BC98B            
23/10/23 05:55:48 0061 1                  44.905620 8.924362 00 00 313831323045303039323535            
23/10/23 05:56:43 0062 1                  44.905573 8.926085 00 00 3035EBA6000D314000002798            
23/10/23 05:56:50 0063 1                  44.905553 8.926078 00 00 30396061C3C34642517FCAD6            
23/10/23 05:56:50 0064 1                  44.905553 8.926078 00 00 30396062436AD7C00020B244            
23/10/23 05:56:51 0065 1                  44.905553 8.926078 00 00 313931313030433030303836            
23/10/23 05:58:17 0066 1                  44.905575 8.926397 00 00 313931313030433030303835            
23/10/23 05:59:24 0067 1                  44.905612 8.927175 00 00 3035EB8ADC1A7B87FE0077A8            
23/10/23 06:00:12 0068 1                  44.905700 8.927808 00 00 31383132304A303136323335            
23/10/23 06:01:31 0069 1                  44.906167 8.928233 00 00 31383132304A303137393931            
23/10/23 06:01:31 0070 1                  44.906167 8.928233 00 00 31383932304A303137393932            
23/10/23 06:01:54 0071 1                  44.906172 8.928252 00 00 30396061C3C89240003C02FD            
23/10/23 06:01:54 0072 1                  44.906172 8.928252 00 00 31383132304A303137393930            
23/10/23 06:01:56 0073 1                  44.906173 8.928253 00 00 31383132304A303039383233            
23/10/23 06:01:56 0074 1                  44.906173 8.928253 00 00 30396061C3C89240003C0B2D            
23/10/23 06:01:57 0075 1                  44.906173 8.928253 00 00 30396061C3C89240003C0B30            
23/10/23 06:01:57 0076 1                  44.906175 8.928253 00 00 30342C3CE839A1400001A1F9            
23/10/23 06:01:59 0077 1                  44.906177 8.928255 00 00 30342C3CE839A1400001A1FA            
23/10/23 06:02:16 0078 1                  44.906177 8.928263 00 00 31383133304A303137393839            
23/10/23 06:02:18 0079 1                  44.906175 8.928265 00 00 31383132304A303137393839            
23/10/23 06:03:25 0080 1                  44.905783 8.926997 00 00 31383132304A303137373333            
23/10/23 06:03:29 0081 1                  44.905778 8.926990 00 00 303ACA49836AC559D8B6648E            
23/10/23 06:03:29 0082 1                  44.905778 8.926990 00 00 30340BF72032328000000634            
23/10/23 06:04:05 0083 1                  44.905765 8.926787 00 00 313831323045303135363038            
23/10/23 06:04:39 0084 1                  44.905765 8.926602 00 00 313931323043303031373539            
23/10/23 06:06:57 0085 1                  44.906140 8.921305 00 00 313931313030433030353030            
23/10/23 06:07:12 0086 1                  44.906133 8.921312 00 00 3034F8370C1D2E6C48381C02            
23/10/23 06:07:19 0087 1                  44.906128 8.921310 00 00 30395DFA8337BC0222A8E21A            
23/10/23 06:07:20 0088 1                  44.906128 8.921310 00 00 3230313130304A3030313838            
23/10/23 06:07:34 0089 1                  44.906125 8.921307 00 00 3036001D403475B9FC42E145            
23/10/23 06:08:32 0090 1                  44.906318 8.921508 00 00 31383132304A303137353535            
23/10/23 06:09:55 0091 1                  44.905472 8.921377 00 00 31383132304A303136353333            
23/10/23 06:10:40 0092 1                  44.905307 8.921308 00 00 313931313030433030313037            
23/10/23 06:11:21 0093 1                  44.905177 8.921293 00 00 3034F837001E350AB41DF378            
23/10/23 06:11:21 0094 1                  44.905177 8.921293 00 00 313931323045303330313437            
23/10/23 06:11:23 0095 1                  44.905175 8.921290 00 00 30395DFA8311B30206C8F04A            
23/10/23 06:11:23 0096 1                  44.905175 8.921290 00 00 30343639202C6F400C0AE27C            
23/10/23 06:11:24 0097 1                  44.905175 8.921290 00 00 30343639201B4F84101AF4DB            
23/10/23 06:12:07 0098 1                  44.905122 8.921297 00 00 313831323045303136383536            
23/10/23 06:12:08 0099 1                  44.905122 8.921298 00 00 313932343045303030343735            
23/10/23 06:13:28 0100 1                  44.905023 8.920498 00 00 313931313030433030323338            
23/10/23 06:15:16 0101 1                  44.905402 8.919515 00 00 313931313030433030323935            
23/10/23 06:17:14 0102 1                  44.904685 8.921040 00 00 313931323043303038383030            
23/10/23 06:17:40 0103 1                  44.904383 8.920872 00 00 25759769A68311A397C31C79            
23/10/23 06:18:07 0104 1                  44.904133 8.920688 00 00 31383132304A303138323336            
23/10/23 06:18:08 0105 1                  44.904133 8.920688 00 00 31383132304A303137333834            
23/10/23 06:18:33 0106 1                  44.904140 8.920707 00 00 31383132304A303138313231            
23/10/23 06:18:36 0107 1                  44.904140 8.920705 00 00 303ACB03407B8D1C6494CB16            
23/10/23 06:18:36 0108 1                  44.904140 8.920705 00 00 303ACA4983C298D9D8B63297            
23/10/23 06:18:36 0109 1                  44.904140 8.920705 00 00 313931323043303038323934            
23/10/23 06:18:37 0110 1                  44.904140 8.920707 00 00 303ACB03401D7FDAC68943E4            
23/10/23 06:18:55 0111 1                  44.904137 8.920703 00 00 31383132304A303137333833            
23/10/23 06:20:06 0112 1                  44.903708 8.920540 00 00 31383132304A303138323334            
23/10/23 06:20:07 0113 1                  44.903708 8.920540 00 00 31383132304A303136383035            
23/10/23 06:21:23 0114 1                  44.903183 8.919880 00 00 30395DFA82E444C000237AE6            
23/10/23 06:21:23 0115 1                  44.903183 8.919880 00 00 30395DFA82FAA340002F941C            
23/10/23 06:21:24 0116 1                  44.903183 8.919880 00 00 313931313030433030303336            
23/10/23 06:22:49 0117 1                  44.902490 8.919633 00 00 31383132304A303136383038            
23/10/23 06:22:50 0118 1                  44.902490 8.919633 00 00 31383132304A303130373239            
23/10/23 06:23:11 0119 1                  44.902492 8.919635 00 00 31383132304A303135373031            
23/10/23 06:25:01 0120 1                  44.903523 8.918720 00 00 31383132304A303039333238            
23/10/23 06:25:01 0121 1                  44.903523 8.918720 00 00 31383132304A303136333831            
23/10/23 06:25:22 0122 1                  44.903567 8.918757 00 00 31383132304A303138323430            
23/10/23 06:25:24 0123 1                  44.903567 8.918757 00 00 31383132304A303137323635            
23/10/23 06:26:20 0124 1                  44.903680 8.918428 00 00 31383132304A303137373938            
23/10/23 06:26:39 0125 1                  44.903702 8.918417 00 00 313931323045303330343236            
23/10/23 06:26:41 0126 1                  44.903703 8.918417 00 00 31383132304A303136393430            
23/10/23 06:26:42 0127 1                  44.903703 8.918417 00 00 3035EBC09046E9D7488C776D            
23/10/23 06:27:32 0128 1                  44.903850 8.918183 00 00 31383132304A303130373535            
23/10/23 06:28:21 0129 1                  44.903352 8.917585 00 00 31383132304A303039343134            
23/10/23 06:29:13 0130 1                  44.903012 8.917358 00 00 31383132304A303135363530            
23/10/23 06:29:15 0131 1                  44.903013 8.917357 00 00 31383132304A303135353839            
23/10/23 06:29:34 0132 1                  44.903027 8.917330 00 00 313931313030433030303738            
23/10/23 06:29:35 0133 1                  44.903028 8.917328 00 00 303ACA4981CF2C99D8B710C0            
23/10/23 06:29:35 0134 1                  44.903028 8.917328 00 00 303ACA498067CAD99C841FF0            
23/10/23 06:30:11 0135 1                  44.902930 8.917262 00 00 31383132304A303136373435            
23/10/23 06:30:35 0136 1                  44.902933 8.917220 00 00 313931323043303032363633            
23/10/23 06:30:38 0137 1                  44.902932 8.917217 00 00 30395DFA8317AB421B30A984            
23/10/23 06:31:50 0138 1                  44.902512 8.916977 00 00 31383132304A303136393831            
23/10/23 06:32:41 0139 1                  44.902373 8.916875 00 00 31383132304A303136393830            
23/10/23 06:33:20 0140 1                  44.902088 8.916698 00 00 31383132304A303137353131            
23/10/23 06:34:14 0141 1                  44.901960 8.916618 00 00 31383132304A303137353134            
23/10/23 06:35:13 0142 1                  44.901525 8.916355 00 00 31383132304A303137393037            
23/10/23 06:36:30 0143 1                  44.900315 8.915498 00 00 31383132304A303137353935            
23/10/23 06:37:09 0144 1                  44.900078 8.915348 00 00 31383132304A303136303936            
23/10/23 06:37:55 0145 1                  44.899900 8.915240 00 00 31383132304A303138313230            
23/10/23 06:37:55 0146 1                  44.899900 8.915240 00 00 313931323043303037373730            
23/10/23 06:38:42 0147 1                  44.899688 8.915097 00 00 313931323043303130323432            
23/10/23 06:39:20 0148 1                  44.899518 8.915002 00 00 31383132304A303136313131            
23/10/23 06:40:18 0149 1                  44.899228 8.914785 00 00 30340BEAA047BED4ADAE7406            
23/10/23 06:40:21 0150 1                  44.899233 8.914777 00 00 31383132304A303136343034            
23/10/23 06:40:22 0151 1                  44.899233 8.914777 00 00 31383132304A303136323439            
23/10/23 06:40:40 0152 1                  44.899257 8.914783 00 00 31383132304A303136323530            
23/10/23 06:40:40 0153 1                  44.899257 8.914783 00 00 30340BF8E0027E7919EFFC04            
23/10/23 06:41:20 0154 1                  44.898992 8.914613 00 00 31383132304A303130393930            
23/10/23 06:41:34 0155 1                  44.898965 8.914622 00 00 3034F836F00C64809370003A            
23/10/23 06:41:35 0156 1                  44.898965 8.914622 00 00 3039606283B29BC00022E2D2            
23/10/23 06:42:22 0157 1                  44.898633 8.914503 00 00 313931323043303037343233            
23/10/23 06:42:24 0158 1                  44.898632 8.914502 00 00 30361429583A994BA90026B1            
23/10/23 06:42:25 0159 1                  44.898632 8.914502 00 00 0C210550065553372202268F            
23/10/23 06:44:45 0160 1                  44.898680 8.906395 00 00 313931313030433030323533            
23/10/23 06:48:46 0161 1                  44.902578 8.917397 00 00 31383132304A303136373437            
23/10/23 06:48:50 0162 1                  44.902582 8.917402 00 00 30D5EBED000D0E2DDB056A38            
23/10/23 06:49:19 0163 1                  44.902412 8.917867 00 00 31383132304A303138303330            
23/10/23 06:50:22 0164 1                  44.902385 8.918008 00 00 313931313030433030323330            
23/10/23 06:51:13 0165 1                  44.902377 8.918012 00 00 313931313030433030323331            
23/10/23 06:52:31 0166 1                  44.902283 8.918167 00 00 31383132304A303136383039            
23/10/23 06:53:49 0167 1                  44.902490 8.919213 00 00 313931313030433030323337            
23/10/23 06:55:40 0168 1                  44.902830 8.919443 00 00 31383132304A303135373039            
23/10/23 06:56:47 0169 1                  44.903018 8.919485 00 00 31383132304A303130323235            
23/10/23 06:56:47 0170 1                  44.903018 8.919485 00 00 31383132304A303135373032            
23/10/23 06:58:31 0171 1                  44.903888 8.917668 00 00 31383132304A303137323739            
23/10/23 06:58:32 0172 1                  44.903890 8.917668 00 00 31383132304A303136303932            
23/10/23 06:58:51 0173 1                  44.903890 8.917665 00 00 3233303132304A3030343032            
23/10/23 06:58:52 0174 1                  44.903890 8.917665 00 00 30340591081DF9BD1B3C8C06            
23/10/23 07:00:02 0175 1                  44.904322 8.916803 00 00 31383132304A303137313733            
23/10/23 07:00:04 0176 1                  44.904322 8.916802 00 00 31383132304A303136313733            
23/10/23 07:00:51 0177 1                  44.904420 8.916715 00 00 31383132304A303135323634            
23/10/23 07:01:25 0178 1                  44.904537 8.916590 00 00 31383132304A303135323635            
23/10/23 07:02:24 0179 1                  44.904680 8.916473 00 00 31383132304A303137313736            
23/10/23 07:02:24 0180 1                  44.904680 8.916473 00 00 31383132304A303137323331            
23/10/23 07:03:25 0181 1                  44.904878 8.916595 00 00 31383132304A303136313732            
23/10/23 07:03:56 0182 1                  44.904953 8.916638 00 00 30340C05A010F40005292C06            
23/10/23 07:04:08 0183 1                  44.904960 8.916638 00 00 3232313130304A3030323638            
23/10/23 07:04:09 0184 1                  44.904963 8.916638 00 00 3035EB8ADC1A6447FE009164            
23/10/23 07:04:30 0185 1                  44.904965 8.916630 00 00 313931323045303330323637            
23/10/23 07:05:03 0186 1                  44.904985 8.916643 00 00 3036143DD41D5B97487CF20F            
23/10/23 07:05:03 0187 1                  44.904985 8.916643 00 00 313931313030433030323734            
23/10/23 07:05:03 0188 1                  44.904985 8.916643 00 00 3036143DD41D5B57487D0BC6            
23/10/23 07:05:04 0189 1                  44.904985 8.916643 00 00 3035EBDF7802E347FE0F17AD            
23/10/23 07:06:22 0190 1                  44.905580 8.916203 00 00 31383132304A303137303035            
23/10/23 07:07:11 0191 1                  44.905745 8.915572 00 00 31383132304A303138313734            
23/10/23 07:07:56 0192 1                  44.905857 8.915323 00 00 31383132304A303137353330            
23/10/23 07:07:56 0193 1                  44.905857 8.915323 00 00 31383132304A303130303535            
23/10/23 07:08:34 0194 1                  44.905890 8.915257 00 00 31383033304D303031383935            
23/10/23 07:08:46 0195 1                  44.905890 8.915252 00 00 31383132304A303137383031            
23/10/23 07:08:55 0196 1                  44.905883 8.915257 00 00 313831323045303136363130            
23/10/23 07:09:16 0197 1                  44.905865 8.915238 00 00 31383132304A303039373435            
23/10/23 07:10:11 0198 1                  44.905998 8.914888 00 00 31383132304A303137353635            
23/10/23 07:10:14 0199 1                  44.906000 8.914887 00 00 31383132304A313137353635            
23/10/23 07:11:01 0200 1                  44.906173 8.914432 00 00 31383132304A303130363935            
23/10/23 07:11:04 0201 1                  44.906175 8.914432 00 00 3036143BB403A94BA902A0F2            
23/10/23 07:11:04 0202 1                  44.906175 8.914432 00 00 303614441045CB0BA8760799            
23/10/23 07:12:01 0203 1                  44.906457 8.913535 00 00 31383132304A303137333535            
23/10/23 07:12:51 0204 1                  44.906618 8.913297 00 00 313831323045303136353435            
23/10/23 07:12:51 0205 1                  44.906618 8.913297 00 00 313931323043303034303934            
23/10/23 07:12:54 0206 1                  44.906618 8.913295 00 00 30340BDF08595FBD89D8E403            
23/10/23 07:13:35 0207 1                  44.906648 8.913180 00 00 31383132304A303137393033            
23/10/23 07:14:19 0208 1                  44.906732 8.912933 00 00 313831323045303136353031            
23/10/23 07:14:23 0209 1                  44.906728 8.912930 00 00 3035EBDF782E17C008047F5F            
23/10/23 07:14:59 0210 1                  44.906747 8.912753 00 00 31383132304A303138313939            
23/10/23 07:15:58 0211 1                  44.906967 8.912007 00 00 313931323045303330323730            
23/10/23 07:16:00 0212 1                  44.906970 8.912003 00 00 313931323043303037343430            
23/10/23 07:16:18 0213 1                  44.906970 8.912023 00 00 31383132304A303135343932            
23/10/23 07:16:20 0214 1                  44.906968 8.912027 00 00 31383132304A303137303130            
23/10/23 07:16:59 0215 1                  44.907125 8.911623 00 00 30340BDF0C2AE4B514695806            
23/10/23 07:17:21 0216 1                  44.907113 8.911608 00 00 3233303132304A3030333733            
23/10/23 07:18:17 0217 1                  44.907137 8.911322 00 00 313831323045303135383332            
23/10/23 07:19:19 0218 1                  44.907250 8.910657 00 00 31383132304A303137333736            
23/10/23 07:19:19 0219 1                  44.907250 8.910657 00 00 3034F836EC040724BCEF2A3E            
23/10/23 07:19:19 0220 1                  44.907250 8.910657 00 00 3034F836F433CD34142E6C89            
23/10/23 07:19:22 0221 1                  44.907253 8.910657 00 00 31383132304A303135383937            
23/10/23 07:19:42 0222 1                  44.907253 8.910643 00 00 31383132304A303136353336            
23/10/23 07:19:45 0223 1                  44.907248 8.910645 00 00 08280BD0748F51001DD154D8            
23/10/23 07:21:53 0224 1                  44.905702 8.914540 00 00 31383132304A303137373335            
23/10/23 07:23:09 0225 1                  44.905818 8.913658 00 00 31383132304A303138313432            
23/10/23 07:23:18 0226 1                  44.905820 8.913647 00 00 31383132304A303138313433            
23/10/23 07:23:29 0227 1                  44.905818 8.913613 00 00 31383132304A303135323738            
23/10/23 07:24:23 0228 1                  44.905772 8.913778 00 00 31383132304A303138313437            
23/10/23 07:24:23 0229 1                  44.905772 8.913778 00 00 31383132304A303137373334            
23/10/23 07:24:27 0230 1                  44.905777 8.913775 00 00 3034F836E8122E4099200738            
23/10/23 07:24:29 0231 1                  44.905778 8.913772 00 00 3034F82248311A0095B0019F            
23/10/23 07:24:45 0232 1                  44.905818 8.913845 00 00 313931323043303037393533            
23/10/23 07:25:38 0233 1                  44.905683 8.914358 00 00 313931323043303039393832            
23/10/23 07:25:41 0234 1                  44.905690 8.914365 00 00 303435EB50485AD924101C03            
23/10/23 07:25:41 0235 1                  44.905690 8.914365 00 00 303435EB50485AF66EB29634            
23/10/23 07:26:31 0236 1                  44.905293 8.913700 00 00 31383132304A303137383939            
23/10/23 07:27:25 0237 1                  44.905177 8.913415 00 00 3231303234304A3032333337            
23/10/23 07:27:25 0238 1                  44.905177 8.913415 00 00 303ACA4783AFEFDAC688D4D4            
23/10/23 07:27:55 0239 1                  44.905055 8.913043 00 00 303ACA4983C16A99D8B63F25            
23/10/23 07:28:07 0240 1                  44.905055 8.913043 00 00 31383132304A303137393634            
23/10/23 07:29:43 0241 1                  44.904057 8.911892 00 00 31383132304A303137363934            
23/10/23 07:30:54 0242 1                  44.905003 8.912587 00 00 313831323045303039363232            
23/10/23 07:31:33 0243 1                  44.905078 8.912692 00 00 313931323045303330313233            
23/10/23 07:31:33 0244 1                  44.905078 8.912692 00 00 313931323045303330303532            
23/10/23 07:32:03 0245 1                  44.905205 8.912725 00 00 31383033304D303032323133            
23/10/23 07:32:42 0246 1                  44.905470 8.912755 00 00 31383132304A303135373531            
23/10/23 07:33:37 0247 1                  44.906013 8.912963 00 00 31383132304A303137363037            
23/10/23 07:34:01 0248 1                  44.906115 8.913035 00 00 313831323045303136353030            
23/10/23 07:34:14 0249 1                  44.906112 8.913060 00 00 313931323045303330313232            
23/10/23 07:34:58 0250 1                  44.906240 8.913065 00 00 313831323045303039363236            
23/10/23 07:35:40 0251 1                  44.906345 8.913072 00 00 313931323043303037343135            
23/10/23 07:38:01 0252 1                  44.906358 8.916790 00 00 313931313030433030303839            
23/10/23 07:38:02 0253 1                  44.906358 8.916790 00 00 30396062436CE5400017BAF4            
23/10/23 07:38:10 0254 1                  44.906357 8.916802 00 00 434C30303134393032393431            
23/10/23 07:38:20 0255 1                  44.906358 8.916805 00 00 31383132304A303039323536            
23/10/23 07:38:29 0256 1                  44.906362 8.916812 00 00 313931323043303036303234            
23/10/23 07:38:52 0257 1                  44.906358 8.916843 00 00 313931323043303037353537            
23/10/23 07:40:03 0258 1                  44.906987 8.917102 00 00 31383132304A303137383836            
23/10/23 07:41:20 0259 1                  44.907332 8.917410 00 00 31383033304D303032383635            
23/10/23 07:41:41 0260 1                  44.907437 8.917457 00 00 31383132304A303130363934            
23/10/23 07:41:56 0261 1                  44.907415 8.917438 00 00 313931323043303037323030            
23/10/23 07:43:39 0262 1                  44.907857 8.916165 00 00 313931313030433030303137            
23/10/23 07:43:40 0263 1                  44.907857 8.916165 00 00 3034363E604DC3574876FB11            
23/10/23 07:44:48 0264 1                  44.907772 8.916690 00 00 313932343045303030333933            
23/10/23 07:44:48 0265 1                  44.907772 8.916690 00 00 313931323045303330353139            
23/10/23 07:45:49 0266 1                  44.907697 8.917043 00 00 313931323043303038383436            
23/10/23 07:45:50 0267 1                  44.907695 8.917040 00 00 313831323045303039363234            
23/10/23 07:45:54 0268 1                  44.907690 8.917040 00 00 30396061C3C5B48089681FDB            
23/10/23 07:46:11 0269 1                  44.907683 8.917048 00 00 31383132304A303137323235            
23/10/23 07:46:11 0270 1                  44.907683 8.917048 00 00 313931323043303131333534            
23/10/23 07:47:09 0271 1                  44.907895 8.917523 00 00 313931323045303330343331            
23/10/23 07:47:58 0272 1                  44.908387 8.917557 00 00 313931323045303330333131            
23/10/23 07:49:24 0273 1                  44.908757 8.916887 00 00 31383132304A303138323034            
23/10/23 07:50:16 0274 1                  44.908762 8.917432 00 00 31383132304A303137313738            
23/10/23 07:51:19 0275 1                  44.908830 8.917845 00 00 313931323045303330303539            
23/10/23 07:52:04 0276 1                  44.908808 8.918222 00 00 313831323045303136333838            
23/10/23 07:52:58 0277 1                  44.908720 8.918407 00 00 313831323045303136373431            
23/10/23 07:53:00 0278 1                  44.908718 8.918407 00 00 313931323045303330303239            
23/10/23 07:53:57 0279 1                  44.908705 8.919025 00 00 313931323043303130333930            
23/10/23 07:55:20 0280 1                  44.908733 8.919158 00 00 31383132304A303137303435            
23/10/23 07:55:20 0281 1                  44.908733 8.919158 00 00 31383132304A303136353337            
23/10/23 07:56:22 0282 1                  44.908448 8.919613 00 00 313931323045303330303535            
23/10/23 07:56:59 0283 1                  44.908468 8.919698 00 00 31383132304A303130393931            
23/10/23 07:57:43 0284 1                  44.908135 8.919640 00 00 31383132304A303039343932            
23/10/23 07:58:58 0285 1                  44.907793 8.919495 00 00 313931323043303035363434            
23/10/23 07:58:58 0286 1                  44.907793 8.919495 00 00 31383132304A303135383933            
23/10/23 07:59:19 0287 1                  44.907795 8.919482 00 00 313831323045303136383439            
23/10/23 08:00:20 0288 1                  44.907552 8.919427 00 00 313931323043303038383533            
23/10/23 08:00:46 0289 1                  44.907567 8.919515 00 00 303ACB0340632459D8B64024            
23/10/23 08:00:46 0290 1                  44.907567 8.919515 00 00 303ACA49837FFC19D8B676F3            
23/10/23 08:00:46 0291 1                  44.907567 8.919515 00 00 3035EBB32001CE47CE000620            
23/10/23 08:00:47 0292 1                  44.907567 8.919523 00 00 313931313030433030303831            
23/10/23 08:00:47 0293 1                  44.907567 8.919523 00 00 303ACA4983B051D9D8B6AB7A            
23/10/23 08:00:50 0294 1                  44.907567 8.919528 00 00 303ACA4983B05319D8B738AC            
23/10/23 08:00:58 0295 1                  44.907573 8.919543 00 00 3035EB8ADC495647FE000EF7            
23/10/23 08:02:15 0296 1                  44.907153 8.919472 00 00 313931323043303130363934            
23/10/23 08:02:17 0297 1                  44.907152 8.919468 00 00 313931323043303130333435            
23/10/23 08:02:57 0298 1                  44.907132 8.919477 00 00 313931323043303037373833            
23/10/23 08:02:59 0299 1                  44.907132 8.919478 00 00 313931323043303037393633            
23/10/23 08:03:01 0300 1                  44.907132 8.919483 00 00 30395DFA82C58880000B2EB2            
23/10/23 08:03:01 0301 1                  44.907132 8.919483 00 00 3036144408072D4BA87E772A            
23/10/23 08:04:02 0302 1                  44.907443 8.919117 00 00 313931323043303037353436            
23/10/23 08:04:05 0303 1                  44.907445 8.919120 00 00 3035EB5FA034E58010012B42            
23/10/23 08:04:06 0304 1                  44.907445 8.919120 00 00 31383132304A303136353338            
23/10/23 08:04:41 0305 1                  44.907492 8.919157 00 00 31383132304A303137363933            
23/10/23 08:05:30 0306 1                  44.907488 8.918968 00 00 313931313030433030323837            
23/10/23 08:06:08 0307 1                  44.907428 8.919050 00 00 313931313030433030323836            
23/10/23 08:07:12 0308 1                  44.907640 8.919048 00 00 313931323045303330323931            
23/10/23 08:07:16 0309 1                  44.907653 8.919035 00 00 303402C7F810DBC00007FDF5            
23/10/23 08:07:50 0310 1                  44.907778 8.919045 00 00 313831323045303136393230            
23/10/23 08:08:48 0311 1                  44.908200 8.919145 00 00 31383132304A303130373336            
23/10/23 08:28:07 0000 s 01494ver01 44.906462 8.921015 00 00
23/10/23 08:53:53 0312 1                  44.907332 8.907708 00 00 313831323045303039353233            
23/10/23 08:54:11 0313 1                  44.907348 8.907703 00 00 313931313030433030303634            
23/10/23 08:54:43 0314 1                  44.907350 8.907720 00 00 313931313030433030303635            
23/10/23 08:56:32 0315 1                  44.906812 8.909695 00 00 313931313030433030303338            
23/10/23 08:56:57 0316 1                  44.906805 8.909732 00 00 313931313030433030303832            
23/10/23 08:58:42 0317 1                  44.906763 8.908902 00 00 313931313030433030333934            
23/10/23 09:00:29 0318 1                  44.906237 8.908777 00 00 313931313030433030303339            
23/10/23 09:01:21 0319 1                  44.906233 8.908740 00 00 313931313030433030303430            
23/10/23 09:02:47 0320 1                  44.905293 8.908617 00 00 313831323045303136373432            
23/10/23 09:05:28 0321 1                  44.906540 8.906882 00 00 313931323043303132303436            
23/10/23 09:06:21 0322 1                  44.906630 8.905795 00 00 313831323045303136373433            
23/10/23 09:06:22 0323 1                  44.906632 8.905795 00 00 30340BDF18503E1A85C56004            
23/10/23 09:07:09 0324 1                  44.906637 8.905798 00 00 313931313030433030303534            
23/10/23 09:12:13 0325 1                  44.905742 8.927728 00 00 31383132304A303137383930            
23/10/23 09:14:15 0326 1                  44.905647 8.928182 00 00 31383132304A303136323334            
23/10/23 09:16:28 0327 1                  44.906108 8.932307 00 00 313931313030433030333130            
23/10/23 09:17:49 0328 1                  44.905813 8.932165 00 00 313931323043303035383732            
23/10/23 09:18:28 0329 1                  44.905578 8.932073 00 00 313931323045303330323734            
23/10/23 09:19:07 0330 1                  44.905455 8.932038 00 00 313831323045303136353033            
23/10/23 09:19:48 0331 1                  44.905237 8.931998 00 00 313931323043303037393834            
23/10/23 09:19:48 0332 1                  44.905237 8.931998 00 00 313931323043303037333031            
23/10/23 09:19:51 0333 1                  44.905237 8.931997 00 00 303ACA4983649C99D8B6781C            
23/10/23 09:19:52 0334 1                  44.905238 8.931993 00 00 3034F836E820EECAB41E6A2A            
23/10/23 09:20:44 0335 1                  44.904627 8.931862 00 00 313931323045303330323736            
23/10/23 09:21:23 0336 1                  44.904395 8.931868 00 00 313931323045303330323737            
23/10/23 09:21:24 0337 1                  44.904395 8.931868 00 00 313931323045303330323830            
23/10/23 09:25:11 0338 1                  44.904315 8.931197 00 00 313931323045303330313838            
23/10/23 09:25:13 0339 1                  44.904315 8.931202 00 00 31383132304A303137323237            
23/10/23 09:25:13 0340 1                  44.904315 8.931202 00 00 303952B4427AAE80000020A2            
23/10/23 09:26:19 0341 1                  44.905010 8.929615 00 00 313831323045303039323832            
23/10/23 09:26:20 0342 1                  44.905010 8.929615 00 00 313831323045303039323833            
23/10/23 09:26:25 0343 1                  44.905010 8.929617 00 00 434C30303032343832343235            
23/10/23 09:27:05 0344 1                  44.905072 8.928960 00 00 313931323043303039303433            
23/10/23 09:27:40 0345 1                  44.905075 8.928645 00 00 313931323043303039333232            
23/10/23 09:28:06 0346 1                  44.905068 8.928438 00 00 313931323045303330313837            
23/10/23 09:28:27 0347 1                  44.905062 8.928440 00 00 313931313030433030323237            
23/10/23 09:30:25 0348 1                  44.905118 8.927963 00 00 313931323045303330313238            
23/10/23 09:31:41 0349 1                  44.905165 8.927628 00 00 313931323045303330313236            
23/10/23 09:31:43 0350 1                  44.905163 8.927628 00 00 313931323045303330313330            
23/10/23 09:32:33 0351 1                  44.905217 8.926997 00 00 313931323045303330313237            
23/10/23 09:32:53 0352 1                  44.905198 8.926990 00 00 31383132304A303136323338            
23/10/23 09:32:54 0353 1                  44.905198 8.926990 00 00 3034326DA81090CD17EFE804            
23/10/23 09:32:55 0354 1                  44.905198 8.926990 00 00 31383132304A303136323336            
23/10/23 09:34:21 0355 1                  44.904097 8.927385 00 00 31383132304A303030333239            
23/10/23 09:34:43 0356 1                  44.904105 8.927408 00 00 313931323045303330313634            
23/10/23 09:35:15 0357 1                  44.904105 8.927247 00 00 313931323045303330313636            
23/10/23 09:35:45 0358 1                  44.904125 8.927138 00 00 31383132304A303130323539            
23/10/23 09:36:18 0359 1                  44.904117 8.926985 00 00 31383132304A303137303031            
23/10/23 09:36:18 0360 1                  44.904117 8.926985 00 00 31383132304A303130373932            
23/10/23 09:36:39 0361 1                  44.904108 8.926977 00 00 31383132304A303135353331            
23/10/23 09:38:19 0362 1                  44.904573 8.927482 00 00 313931323045303330313631            
23/10/23 09:38:51 0363 1                  44.904607 8.927317 00 00 313831323045303136353034            
23/10/23 09:40:33 0364 1                  44.905223 8.925603 00 00 313931313030433030323339            
23/10/23 09:41:56 0365 1                  44.905212 8.925367 00 00 31383132304A303130363936            
23/10/23 09:41:56 0366 1                  44.905212 8.925367 00 00 313931323045303330333138            
23/10/23 09:43:13 0367 1                  44.904550 8.924213 00 00 31383132304A303137313638            
23/10/23 09:44:53 0368 1                  44.905292 8.924285 00 00 313831323045303136373936            
23/10/23 09:44:55 0369 1                  44.905292 8.924282 00 00 313831323045303136373937            
23/10/23 09:45:34 0370 1                  44.905297 8.924287 00 00 313831323045303136393035            
23/10/23 09:45:35 0371 1                  44.905297 8.924287 00 00 30340BEAAC311ACE753CF404            
23/10/23 10:17:43 0000 s 01494ver01 44.905073 8.919337 00 00
23/10/23 11:06:16 0372 1                  44.913150 8.871272 00 00 30340BCA083A4916E7674C06            
23/10/23 11:18:43 0373 1                  44.896487 8.855110 00 00 313832594250324B30303030            
23/10/23 11:18:46 0374 1                  44.896328 8.855097 00 00 313832435233305530303030            
23/10/23 11:18:46 0375 1                  44.896328 8.855097 00 00 3138324144324B3435303135            
23/10/23 11:30:23 0000 s 01494ver01 44.882352 8.860223 00 00
23/10/23 11:47:58 0376 1                  44.988360 8.822328 00 00 313931323050303032373531            
23/10/23 11:48:00 0377 1                  44.988360 8.822328 00 00 313831323045303234353238            
23/10/23 11:50:06 0378 1                  44.988795 8.822603 00 00 313831323045303234343831            
23/10/23 11:50:07 0379 1                  44.988795 8.822602 00 00 3138B1323045303234353634            
23/10/23 11:52:23 0380 1                  44.992170 8.823890 00 00 313831323045303231303134            
23/10/23 11:53:28 0381 1                  44.991780 8.823335 00 00 313831323045303230313436            
23/10/23 11:54:55 0382 1                  44.990253 8.821120 00 00 313831323045303139363338            
23/10/23 11:54:56 0383 1                  44.990253 8.821117 00 00 313831323045303139353234            
23/10/23 11:56:07 0384 1                  44.989315 8.820922 00 00 313831323045303234393033            
23/10/23 11:57:08 0385 1                  44.988225 8.820783 00 00 313831323045303230313534            
23/10/23 11:57:09 0386 1                  44.988225 8.820783 00 00 313831323045303230313633            
23/10/23 11:58:24 0387 1                  44.986937 8.820290 00 00 313831323045303230313737            
23/10/23 12:00:09 0388 1                  44.986257 8.820100 00 00 313831323045303233323237            
23/10/23 12:01:46 0389 1                  44.985942 8.818897 00 00 313831323045303234343632            
23/10/23 12:02:48 0390 1                  44.985807 8.818445 00 00 313831323045303139363633            
23/10/23 12:04:34 0391 1                  44.985113 8.818412 00 00 313832343045303034313533            
23/10/23 12:04:37 0392 1                  44.985112 8.818408 00 00 313832343045303034313531            
23/10/23 12:06:35 0393 1                  44.985247 8.816143 00 00 313831323045303139363131            
23/10/23 12:06:35 0394 1                  44.985247 8.816143 00 00 313831323045303139363538            
23/10/23 12:07:40 0395 1                  44.985147 8.815432 00 00 313831323045303139343239            
23/10/23 12:08:39 0396 1                  44.984992 8.814033 00 00 313831323045303232373037            
23/10/23 12:09:43 0397 1                  44.984852 8.813465 00 00 313831323045303230343232            
23/10/23 12:10:29 0398 1                  44.984820 8.813448 00 00 313831313030533031303838            
23/10/23 12:11:51 0399 1                  44.984728 8.813182 00 00 313831323045303230353238            
23/10/23 12:13:53 0400 1                  44.984727 8.812857 00 00 313931323050303031313438            
23/10/23 12:15:02 0401 1                  44.985118 8.812538 00 00 313831323045303139323336            
23/10/23 12:16:10 0402 1                  44.985447 8.812263 00 00 313931323050303033363036            
23/10/23 12:16:12 0403 1                  44.985445 8.812262 00 00 313831323045303139343138            
23/10/23 12:16:49 0404 1                  44.985475 8.812250 00 00 313931323050303033343535            
23/10/23 12:16:51 0405 1                  44.985477 8.812250 00 00 313831323045303139343230            
23/10/23 12:17:59 0406 1                  44.985743 8.811957 00 00 3233303132304A3030373530            
23/10/23 12:18:01 0407 1                  44.985745 8.811953 00 00 313931323050303034313830            
23/10/23 12:18:39 0408 1                  44.985753 8.811912 00 00 313831323045303139393033            
23/10/23 12:19:42 0409 1                  44.986033 8.811682 00 00 313831323045303139373230            
23/10/23 12:21:35 0410 1                  44.986973 8.812595 00 00 313831323045303139333434            
23/10/23 12:22:27 0411 1                  44.986883 8.812437 00 00 313831323045303139393638            
23/10/23 12:23:22 0412 1                  44.986637 8.812000 00 00 313831323045303230323138            
23/10/23 12:24:52 0413 1                  44.987205 8.811425 00 00 313831323045303231303338            
23/10/23 12:26:27 0414 1                  44.987472 8.811252 00 00 313831323045303230343932            
23/10/23 12:27:28 0415 1                  44.986920 8.811213 00 00 313831323045303233383535            
23/10/23 12:28:15 0416 1                  44.986695 8.811117 00 00 313831323045303139393330            
23/10/23 12:29:20 0417 1                  44.986385 8.810902 00 00 313831323045303139393730            
23/10/23 12:29:21 0418 1                  44.986383 8.810902 00 00 313831323045303230323833            
23/10/23 12:30:30 0419 1                  44.986213 8.810855 00 00 313831323045303139343139            
23/10/23 12:30:30 0420 1                  44.986213 8.810855 00 00 313831323045303230333131            
23/10/23 12:31:26 0421 1                  44.986200 8.810850 00 00 313831323045303230323835            
23/10/23 12:32:39 0422 1                  44.985707 8.810473 00 00 313831323045303230323738            
23/10/23 12:32:39 0423 1                  44.985707 8.810473 00 00 313831323045303230333133            
23/10/23 12:33:47 0424 1                  44.985462 8.810383 00 00 313831323045303230323034            
23/10/23 12:33:47 0425 1                  44.985462 8.810383 00 00 313831323045303230313933            
23/10/23 12:34:52 0426 1                  44.985297 8.810203 00 00 313831323045303230323837            
23/10/23 12:34:52 0427 1                  44.985297 8.810203 00 00 313831323045303230323039            
23/10/23 12:36:32 0428 1                  44.984598 8.809780 00 00 313831323045303234383830            
23/10/23 12:37:43 0429 1                  44.984438 8.810132 00 00 313831323045303138393934            
23/10/23 12:39:16 0430 1                  44.983935 8.810870 00 00 313831323045303139343530            
23/10/23 12:39:17 0431 1                  44.983935 8.810870 00 00 313831323045303138393233            
23/10/23 12:39:54 0432 1                  44.983955 8.810865 00 00 313931323050303130303238            
23/10/23 12:40:40 0433 1                  44.983945 8.810865 00 00 313831323045303139363832            
23/10/23 12:40:41 0434 1                  44.983945 8.810867 00 00 313831323045303139363832            
23/10/23 12:40:41 0435 1                  44.983945 8.810867 00 00 313831323045303231313137            
23/10/23 12:42:21 0436 1                  44.983012 8.812078 00 00 31383132304A303138363734            
23/10/23 12:42:22 0437 1                  44.983013 8.812078 00 00 313831323045303230393033            
23/10/23 12:43:19 0438 1                  44.982848 8.811995 00 00 3231303234304A3034373436            
23/10/23 12:43:58 0439 1                  44.982700 8.811998 00 00 31383033304D303034343735            
23/10/23 12:45:08 0440 1                  44.982167 8.811857 00 00 313831323045303230313236            
23/10/23 12:45:12 0441 1                  44.982162 8.811852 00 00 31383033304D303034353330            
23/10/23 12:45:17 0442 1                  44.982155 8.811850 00 00 31383033304D303034353331            
23/10/23 12:45:27 0443 1                  44.982143 8.811850 00 00 313832343045303034333730            
23/10/23 12:46:18 0444 1                  44.982023 8.811928 00 00 31383033304D303034353236            
23/10/23 12:46:24 0445 1                  44.982010 8.811952 00 00 31383033304D303034353238            
23/10/23 12:46:30 0446 1                  44.982000 8.811973 00 00 31383033304D303034373939            
23/10/23 12:46:57 0447 1                  44.982025 8.811963 00 00 313831323045303232393639            
23/10/23 12:48:00 0448 1                  44.981778 8.811705 00 00 313831323045303230323031            
23/10/23 12:49:27 0449 1                  44.980863 8.810510 00 00 313831323045303037363138            
23/10/23 12:50:38 0450 1                  44.981108 8.809307 00 00 313831323045303139323131            
23/10/23 12:50:39 0451 1                  44.981110 8.809307 00 00 313931323050303032383834            
23/10/23 12:51:47 0452 1                  44.981185 8.808947 00 00 313831323045303139333931            
23/10/23 12:52:46 0453 1                  44.981357 8.808663 00 00 313831323045303139333932            
23/10/23 12:53:33 0454 1                  44.981558 8.808532 00 00 3231303033304D3033313837            
23/10/23 12:53:39 0455 1                  44.981562 8.808528 00 00 3230303033304D3038343039            
23/10/23 12:54:31 0456 1                  44.981763 8.808683 00 00 31383033304D303034343734            
23/10/23 12:54:44 0457 1                  44.981773 8.808702 00 00 313831323045303231323331            
23/10/23 12:56:19 0458 1                  44.982223 8.808657 00 00 313831323045303139323738            
23/10/23 12:56:20 0459 1                  44.982223 8.808657 00 00 313931323050303036373430            
23/10/23 12:57:30 0460 1                  44.982428 8.808590 00 00 313832343045303034333639            
23/10/23 12:57:32 0461 1                  44.982428 8.808590 00 00 313832343045303034303135            
23/10/23 12:58:32 0462 1                  44.982430 8.808560 00 00 313931323050303130333333            
23/10/23 12:58:32 0463 1                  44.982430 8.808560 00 00 313832343045303034303132            
23/10/23 12:59:35 0464 1                  44.982562 8.808555 00 00 313832343045303034333839            
23/10/23 12:59:55 0465 1                  44.982560 8.808552 00 00 313831323045303139353933            
23/10/23 13:01:25 0466 1                  44.983210 8.808742 00 00 313832343045303034313137            
23/10/23 13:02:34 0467 1                  44.983435 8.808683 00 00 313832343045303034333539            
23/10/23 13:02:34 0468 1                  44.983435 8.808683 00 00 313831323045303139333234            
23/10/23 13:03:38 0469 1                  44.983597 8.808690 00 00 313931323050303031313339            
23/10/23 13:04:54 0470 1                  44.983838 8.808905 00 00 313832343045303034333733            
23/10/23 13:05:21 0471 1                  44.983812 8.808902 00 00 31383033304D303034353335            
23/10/23 13:06:02 0472 1                  44.984010 8.808787 00 00 31383033304D303034383032            
23/10/23 13:06:17 0473 1                  44.984027 8.808773 00 00 313831323045303139363736            
23/10/23 13:07:47 0474 1                  44.984480 8.808923 00 00 313931323050303039383230            
23/10/23 13:09:02 0475 1                  44.984412 8.809118 00 00 31383033304D303035393938            
23/10/23 13:09:13 0476 1                  44.984407 8.809100 00 00 31383033304D303034363038            
23/10/23 13:09:16 0477 1                  44.984407 8.809098 00 00 31383033304D303033393432            
23/10/23 13:09:36 0478 1                  44.984407 8.809100 00 00 31383033304D303033383839            
23/10/23 13:09:39 0479 1                  44.984407 8.809100 00 00 31383033304D303033393939            
23/10/23 13:09:56 0480 1                  44.984405 8.809105 00 00 3230303033304D3035343838            
23/10/23 13:10:11 0481 1                  44.984415 8.809118 00 00 313831323045303139393833            
23/10/23 13:11:36 0482 1                  44.984562 8.809587 00 00 313831323045303139363831            
23/10/23 13:11:37 0483 1                  44.984562 8.809587 00 00 313831323045303139373233            
23/10/23 13:13:17 0484 1                  44.986030 8.808678 00 00 313831323045303139383931            
23/10/23 13:13:18 0485 1                  44.986030 8.808678 00 00 313831323045303230333332            
23/10/23 13:14:09 0486 1                  44.986057 8.808657 00 00 313831323045303230313734            
23/10/23 13:14:09 0487 1                  44.986057 8.808657 00 00 313831323045303139383932            
23/10/23 13:14:57 0488 1                  44.986005 8.808745 00 00 313831323045303139393939            
23/10/23 13:14:58 0489 1                  44.986000 8.808750 00 00 313831323045303230313736            
23/10/23 13:16:34 0490 1                  44.986378 8.808927 00 00 313831323045303139353936            
23/10/23 13:16:34 0491 1                  44.986378 8.808927 00 00 313831323045303139383838            
23/10/23 13:17:03 0492 1                  44.986422 8.808937 00 00 313831323045303232373036            
23/10/23 13:17:05 0493 1                  44.986423 8.808938 00 00 313831323045303139323237            
23/10/23 13:17:32 0494 1                  44.986417 8.808965 00 00 313831323045303230393035            
23/10/23 13:19:40 0495 1                  44.986465 8.808648 00 00 313A31323045303139373139            
23/10/23 13:19:41 0496 1                  44.986467 8.808650 00 00 313831323045303139393933            
23/10/23 13:20:30 0497 1                  44.986482 8.808662 00 00 313831323045303139393937            
23/10/23 13:21:38 0498 1                  44.986655 8.808622 00 00 313831323045303139393935            
23/10/23 13:21:40 0499 1                  44.986662 8.808620 00 00 30395DFA81A369C0001F485B            
23/10/23 13:22:36 0500 1                  44.986788 8.808598 00 00 313831323045303139343735            
23/10/23 13:22:45 0501 1                  44.986787 8.808588 00 00 313831323045303139383839            
23/10/23 13:23:33 0502 1                  44.986797 8.808578 00 00 313831323045303139383933            
23/10/23 13:26:16 0503 1                  44.989283 8.806592 00 00 313831323045303232323636            
23/10/23 13:26:16 0504 1                  44.989283 8.806592 00 00 313831323045303232723636            
23/10/23 13:27:13 0505 1                  44.989920 8.805973 00 00 313931323050303130383133            
23/10/23 13:30:29 0506 1                  44.998690 8.797627 00 00 313931323050303039393936            
23/10/23 13:33:16 0507 1                  44.987020 8.808467 00 00 313831323045703230333339            
23/10/23 13:34:56 0508 1                  44.986693 8.809773 00 00 313831323045303139343634            
23/10/23 13:35:43 0509 1                  44.986708 8.810115 00 00 313831323045303139393934            
23/10/23 13:36:54 0510 1                  44.986755 8.810362 00 00 313831323045303232303232            
23/10/23 13:36:55 0511 1                  44.986753 8.810367 00 00 313831323045303139393535            
23/10/23 13:39:23 0512 1                  44.991245 8.811577 00 00 313831323045303232323633            
23/10/23 13:41:54 0513 1                  44.995710 8.812668 00 00 313831323045303232323931            
23/10/23 13:43:14 0514 1                  44.998563 8.814025 00 00 313831323045303230363139            
23/10/23 13:44:45 0515 1                  45.001782 8.817562 00 00 313831323045303230313836            
23/10/23 13:46:29 0516 1                  45.003507 8.817190 00 00 313831323045303232373135            
23/10/23 13:46:29 0517 1                  45.003507 8.817190 00 00 313831323045303232323537            
23/10/23 13:48:09 0518 1                  45.003453 8.816305 00 00 313831323045303139323739            
23/10/23 13:50:06 0519 1                  45.004607 8.817797 00 00 313831323045303231353938            
23/10/23 13:51:11 0520 1                  45.005218 8.817797 00 00 313931323050303038363333            
23/10/23 13:52:33 0521 1                  45.006460 8.818680 00 00 313931323050303033383432            
23/10/23 13:54:08 0522 1                  45.007177 8.818987 00 00 31383132304A303234323235            
23/10/23 13:57:13 0523 1                  45.008417 8.819053 00 00 31383132304A303234323230            
23/10/23 13:59:25 0524 1                  45.008352 8.820612 00 00 313831323045303230313831            
23/10/23 14:33:47 0000 s 01494ver01 44.982348 8.811722 00 00
23/10/23 14:38:53 0525 1                  44.988307 8.818355 00 00 313831323045303232393738            
23/10/23 14:43:21 0526 1                  44.995020 8.823135 00 00 313831323045303234343738            
23/10/23 14:43:22 0527 1                  44.995022 8.823135 00 00 313831323045303234343830            
23/10/23 14:45:43 0528 1                  44.995087 8.826658 00 00 313831323045303231303832            
23/10/23 14:45:44 0529 1                  44.995087 8.826658 00 00 313831323045303231303531            
23/10/23 14:47:03 0530 1                  44.995427 8.827007 00 00 313831323045303235323239            
23/10/23 14:49:04 0531 1                  44.998328 8.826565 00 00 313831323045303234353538            
23/10/23 14:59:29 0532 1                  44.999597 8.831850 00 00 313831323045303234353331            
23/10/23 15:00:40 0533 1                  44.999820 8.832508 00 00 313831323045303139383536            
23/10/23 15:02:08 0534 1                  44.999977 8.833135 00 00 313931323050303039353037            
23/10/23 15:03:16 0535 1                  45.000095 8.833963 00 00 313931323050303039373135            
23/10/23 15:04:38 0536 1                  45.000477 8.835175 00 00 313831323045303231303538            
23/10/23 15:05:28 0537 1                  45.000493 8.835215 00 00 313831323045303236333436            
23/10/23 15:06:46 0538 1                  45.000557 8.835718 00 00 313831323045303232333134            
23/10/23 15:07:45 0539 1                  45.000707 8.836160 00 00 313831323045303231363030            
23/10/23 15:08:59 0540 1                  45.001132 8.837405 00 00 313831323045303231303534            
23/10/23 15:19:52 0541 1                  45.005215 8.842145 00 00 313831323045303234353330            
23/10/23 15:22:37 0542 1                  44.996068 8.842773 00 00 313831323045303231303136            
23/10/23 15:28:19 0543 1                  44.996478 8.840558 00 00 313831323045303230353934            
23/10/23 15:29:36 0544 1                  44.996437 8.839258 00 00 313831323045303138373337            
23/10/23 15:30:39 0545 1                  44.996430 8.838757 00 00 313831323045303231303539            
23/10/23 15:30:39 0546 1                  44.996430 8.838757 00 00 313831323045303231303537            
23/10/23 15:32:21 0547 1                  44.994188 8.838567 00 00 313831323045303231303535            
23/10/23 15:34:34 0548 1                  44.992445 8.837017 00 00 313831323045303231323632            
23/10/23 15:36:50 0549 1                  44.996438 8.837510 00 00 313831323045303231303838            
23/10/23 16:26:56 0000 s 01494ver01 44.882350 8.860322 00 00
