14/10/23 05:32:34 0000 s 01889ver01 44.882417 8.859735 00 00
14/10/23 05:43:20 0001 1                  44.844042 8.853100 00 00 313931323050303039393334            
14/10/23 05:43:20 0002 1                  44.844042 8.853100 00 00 313931323050303039373536            
14/10/23 05:45:42 0003 1                  44.837975 8.853485 00 00 313931323050303039393333            
14/10/23 05:47:48 0004 1                  44.829468 8.853990 00 00 313931323050303036363430            
14/10/23 05:48:52 0005 1                  44.829248 8.854043 00 00 313931323050303039323737            
14/10/23 05:49:47 0006 1                  44.829005 8.854012 00 00 313931323050303035353037            
14/10/23 05:50:38 0007 1                  44.828758 8.854072 00 00 313931323050303039393337            
14/10/23 05:51:42 0008 1                  44.828618 8.854127 00 00 313931323050303039393432            
14/10/23 05:51:45 0009 1                  44.828618 8.854130 00 00 313931323050303039393432            
14/10/23 05:53:22 0010 1                  44.825823 8.854285 00 00 313931323050303133343937            
14/10/23 05:54:10 0011 1                  44.825493 8.854242 00 00 313931323050303036343238            
14/10/23 05:55:44 0012 1                  44.823488 8.854322 00 00 313931323050303039323139            
14/10/23 05:58:11 0013 1                  44.824318 8.854475 00 00 313931323050303039333432            
14/10/23 06:01:26 0014 1                  44.827410 8.855925 00 00 313931323050303131303539            
14/10/23 06:02:55 0015 1                  44.827577 8.855253 00 00 313931323050303039333033            
14/10/23 06:02:56 0016 1                  44.827580 8.855257 00 00 30395DFA8310C8822619F458            
14/10/23 06:04:07 0017 1                  44.828002 8.854273 00 00 313931323050303039393431            
14/10/23 06:04:07 0018 1                  44.828002 8.854273 00 00 313931323050303039393532            
14/10/23 06:04:40 0019 1                  44.828007 8.854287 00 00 313931323050303039393331            
14/10/23 06:04:41 0020 1                  44.828007 8.854285 00 00 313931323050303039333437            
14/10/23 06:05:51 0021 1                  44.828453 8.854000 00 00 313931323050303039363334            
14/10/23 06:07:01 0022 1                  44.828422 8.852960 00 00 313931323050303039343734            
14/10/23 06:07:48 0023 1                  44.828445 8.852663 00 00 313931323050303039373232            
14/10/23 06:08:39 0024 1                  44.828462 8.852455 00 00 313931323050303039303337            
14/10/23 06:08:41 0025 1                  44.828460 8.852457 00 00 313931323050303039393536            
14/10/23 06:09:17 0026 1                  44.828442 8.852433 00 00 313931323050303039393339            
14/10/23 06:10:18 0027 1                  44.828320 8.851903 00 00 313931323050303039393430            
14/10/23 06:11:03 0028 1                  44.828168 8.851850 00 00 313931323050303039373437            
14/10/23 06:12:31 0029 1                  44.827413 8.851547 00 00 313931323050303039373435            
14/10/23 06:18:12 0030 1                  44.834680 8.850292 00 00 313931323050303039373933            
14/10/23 06:18:12 0031 1                  44.834680 8.850292 00 00 313931323050303130383834            
14/10/23 06:18:50 0032 1                  44.834688 8.850290 00 00 313931323050303039343632            
14/10/23 06:21:24 0033 1                  44.832627 8.850305 00 00 313931323050303039393534            
14/10/23 06:23:35 0034 1                  44.829870 8.850850 00 00 313931323050303130383833            
14/10/23 06:24:54 0000 s 01889ver01 44.829550 8.851043 00 00
14/10/23 06:25:23 0035 1                  44.829535 8.851035 00 00 313931323050303039363235            
14/10/23 06:26:14 0036 1                  44.829302 8.851145 00 00 313931323050303039333134            
14/10/23 06:27:25 0037 1                  44.829160 8.852145 00 00 313931323050303035353238            
14/10/23 06:28:59 0038 1                  44.830272 8.852267 00 00 313931323050303039353539            
14/10/23 06:28:59 0039 1                  44.830272 8.852267 00 00 313931323050303130383732            
14/10/23 06:29:51 0040 1                  44.830282 8.852312 00 00 313931323050303039353538            
14/10/23 06:32:16 0041 1                  44.830060 8.851255 00 00 313931323050303130383738            
14/10/23 06:33:33 0042 1                  44.830035 8.851817 00 00 313931323050303039353430            
14/10/23 06:33:34 0043 1                  44.830032 8.851815 00 00 313931323050303130383832            
14/10/23 06:35:23 0044 1                  44.829042 8.853178 00 00 313931323050303039353534            
14/10/23 06:36:08 0045 1                  44.829043 8.853478 00 00 313931323050303039353532            
14/10/23 06:37:17 0046 1                  44.829020 8.853870 00 00 313931323050303039353531            
14/10/23 06:37:17 0047 1                  44.829020 8.853870 00 00 313931323050303039333436            
14/10/23 06:39:38 0048 1                  44.836245 8.853737 00 00 3231303234304A3034363238            
14/10/23 06:39:42 0049 1                  44.836245 8.853737 00 00 30380875806D63000000020A            
14/10/23 06:46:41 0050 1                  44.875578 8.862647 00 00 313931323050303036353733            
14/10/23 06:47:44 0051 1                  44.875680 8.863017 00 00 313931323050303037313837            
14/10/23 06:49:08 0052 1                  44.875975 8.864535 00 00 313931323050303037313838            
14/10/23 06:50:10 0053 1                  44.876092 8.864957 00 00 313931323050303036353736            
14/10/23 06:50:49 0000 s 01889ver01 44.876130 8.865252 00 00
14/10/23 06:52:05 0054 1                  44.876363 8.866767 00 00 313931323050303039313933            
14/10/23 06:57:11 0055 1                  44.868888 8.867703 00 00 313931323050303039313935            
14/10/23 07:01:08 0056 1                  44.866923 8.870530 00 00 313931323050303039303237            
14/10/23 07:02:21 0057 1                  44.867445 8.870528 00 00 313931323050303039303238            
14/10/23 07:03:23 0058 1                  44.867473 8.870795 00 00 313931323050303039323936            
14/10/23 07:05:57 0059 1                  44.864767 8.871982 00 00 3231313130304A3032353730            
14/10/23 07:06:32 0060 1                  44.864763 8.871960 00 00 313931323050303039323632            
14/10/23 07:08:24 0061 1                  44.862628 8.873643 00 00 313931323050303039303733            
14/10/23 07:08:24 0062 1                  44.862628 8.873643 00 00 313931323050303039303735            
14/10/23 07:09:03 0063 1                  44.862633 8.873638 00 00 313931323050303039303737            
14/10/23 07:09:03 0064 1                  44.862633 8.873638 00 00 313931323050303039303931            
14/10/23 07:10:12 0065 1                  44.862448 8.873832 00 00 3231313130304A3032363133            
14/10/23 07:10:50 0066 1                  44.862437 8.873855 00 00 313931323050303039343032            
14/10/23 07:13:27 0067 1                  44.861688 8.873405 00 00 313931323050303039373439            
14/10/23 07:14:22 0068 1                  44.861715 8.873633 00 00 313931323050303039343430            
14/10/23 07:15:26 0069 1                  44.861782 8.873833 00 00 313931323050303039313337            
14/10/23 07:18:15 0070 1                  44.855442 8.882237 00 00 313931323050303039343539            
14/10/23 07:22:07 0071 1                  44.862088 8.875525 00 00 313931323050303039343431            
14/10/23 07:22:07 0072 1                  44.862088 8.875525 00 00 313931323050303039323838            
14/10/23 07:23:04 0073 1                  44.862047 8.875092 00 00 313931323050303039373531            
14/10/23 07:23:51 0074 1                  44.861998 8.874555 00 00 313931323050303039303336            
14/10/23 07:25:26 0075 1                  44.862930 8.873872 00 00 313931323050303039343336            
14/10/23 07:25:26 0076 1                  44.862930 8.873872 00 00 313931323050303037373935            
14/10/23 07:25:30 0077 1                  44.862930 8.873870 00 00 1A5C28ED47E9F4025BA26F4F            
14/10/23 07:27:05 0078 1                  44.862877 8.874458 00 00 313931323050303038333533            
14/10/23 07:27:05 0079 1                  44.862877 8.874458 00 00 313931323050303033383735            
14/10/23 07:27:40 0080 1                  44.862883 8.874452 00 00 313931323050303039343537            
14/10/23 07:27:43 0081 1                  44.862883 8.874455 00 00 313931323050303039303638            
14/10/23 07:28:04 0082 1                  44.862863 8.874438 00 00 313931323050303039343334            
14/10/23 07:29:48 0083 1                  44.862870 8.874968 00 00 393931323050303039333137            
14/10/23 07:29:48 0084 1                  44.862870 8.874968 00 00 313931323050303039303732            
14/10/23 07:30:27 0085 1                  44.862830 8.874992 00 00 313931323050303039303731            
14/10/23 07:30:27 0086 1                  44.862830 8.874992 00 00 313931323050303039303637            
14/10/23 07:31:46 0087 1                  44.862845 8.875345 00 00 313931323050303039353636            
14/10/23 07:32:50 0088 1                  44.862763 8.876172 00 00 313931323050303132363633            
14/10/23 07:33:50 0089 1                  44.862367 8.876863 00 00 313931323050303132363732            
14/10/23 07:35:28 0090 1                  44.862153 8.877788 00 00 313931323050303039313333            
14/10/23 07:37:02 0091 1                  44.862763 8.877502 00 00 313931323050303132363734            
14/10/23 07:38:00 0092 1                  44.862770 8.877498 00 00 313931323050303039383633            
14/10/23 08:20:17 0000 s 01889ver01 44.879022 8.856463 00 00
14/10/23 08:25:17 0093 1                  44.861465 8.879878 00 00 313931323050303039383635            
14/10/23 08:26:30 0094 1                  44.861777 8.881127 00 00 313931323050303130333733            
14/10/23 08:27:49 0095 1                  44.861508 8.882373 00 00 313931323050303130333732            
14/10/23 08:30:10 0096 1                  44.861432 8.884023 00 00 313931323050303035313433            
14/10/23 08:30:10 0097 1                  44.861432 8.884023 00 00 313931323050303036333830            
14/10/23 08:30:35 0098 1                  44.861438 8.884028 00 00 313931323050303036333739            
14/10/23 08:31:40 0099 1                  44.861163 8.884725 00 00 3034F822605DFBCAB41DC86D            
14/10/23 08:31:40 0100 1                  44.861162 8.884725 00 00 313931323050303039313930            
14/10/23 08:34:07 0101 1                  44.860077 8.884290 00 00 313931323050303039313334            
14/10/23 08:35:27 0102 1                  44.860937 8.884735 00 00 313931323050303036333833            
14/10/23 08:37:17 0103 1                  44.861115 8.885140 00 00 313931323050303036323434            
14/10/23 08:38:06 0104 1                  44.861080 8.885345 00 00 313931323050303039363330            
14/10/23 08:38:06 0105 1                  44.861080 8.885345 00 00 313931323050303132353338            
14/10/23 08:39:22 0106 1                  44.861080 8.885642 00 00 313931323050303033343035            
14/10/23 08:40:26 0107 1                  44.861400 8.886055 00 00 313931323050303039303831            
14/10/23 08:40:27 0108 1                  44.861402 8.886058 00 00 313931323050303039323138            
14/10/23 08:40:50 0109 1                  44.861403 8.886087 00 00 313931323050303035373636            
14/10/23 08:41:46 0110 1                  44.861522 8.886170 00 00 313931323050303035373635            
14/10/23 08:43:01 0111 1                  44.862098 8.885805 00 00 313931323050303030333235            
14/10/23 08:44:13 0112 1                  44.862175 8.883818 00 00 313931323050303037313935            
14/10/23 08:45:10 0113 1                  44.862075 8.883357 00 00 313931323050303037313933            
14/10/23 08:46:05 0114 1                  44.862202 8.883073 00 00 313931323050303039383434            
14/10/23 08:46:53 0115 1                  44.862323 8.882668 00 00 313931323050303035353137            
14/10/23 08:47:35 0116 1                  44.862403 8.882455 00 00 313931323050303035373631            
14/10/23 08:48:34 0117 1                  44.862495 8.882188 00 00 313931323050303033343039            
14/10/23 08:49:20 0118 1                  44.862512 8.882143 00 00 313931323050303035373630            
14/10/23 08:50:29 0119 1                  44.862527 8.881467 00 00 313931323050303039313539            
14/10/23 08:51:38 0120 1                  44.862845 8.881143 00 00 313931323050303034343530            
14/10/23 08:52:27 0121 1                  44.862905 8.880925 00 00 313931323050303033323132            
14/10/23 08:52:27 0122 1                  44.862905 8.880927 00 00 313931323050303039313932            
14/10/23 08:53:43 0123 1                  44.862817 8.880072 00 00 313931323050303036303336            
14/10/23 08:54:32 0124 1                  44.862828 8.879855 00 00 313931323050303036303337            
14/10/23 08:55:20 0125 1                  44.862683 8.879382 00 00 313931323050303039313931            
14/10/23 08:58:22 0126 1                  44.864108 8.872747 00 00 313931323050303039393935            
14/10/23 09:01:35 0127 1                  44.873235 8.873705 00 00 313931323050303039343534            
14/10/23 09:02:35 0128 1                  44.873347 8.874200 00 00 3231303033304D3033313839            
14/10/23 09:03:18 0129 1                  44.873442 8.874940 00 00 313931323050303039343533            
14/10/23 09:07:27 0130 1                  44.872040 8.888157 00 00 3231313130304A3030363932            
14/10/23 09:07:30 0131 1                  44.872040 8.888158 00 00 303960624386E48226CDE84E            
14/10/23 09:08:10 0132 1                  44.872030 8.888163 00 00 323031313030503030313233            
14/10/23 09:08:44 0133 1                  44.872037 8.888165 00 00 3231313130304A3032343135            
14/10/23 09:11:10 0134 1                  44.876825 8.890970 00 00 313931323050303039393539            
14/10/23 09:12:25 0135 1                  44.877812 8.890577 00 00 3230303033304D3038363437            
14/10/23 09:12:42 0136 1                  44.877827 8.890578 00 00 313931323050303039393630            
14/10/23 09:14:03 0137 1                  44.878397 8.889413 00 00 313931323050303039323437            
14/10/23 09:14:24 0138 1                  44.878417 8.889417 00 00 313931323050303033333635            
14/10/23 09:16:10 0139 1                  44.878413 8.889040 00 00 313931323050303039383431            
14/10/23 09:16:42 0140 1                  44.878430 8.889032 00 00 313931323050303039383832            
14/10/23 09:16:42 0141 1                  44.878430 8.889032 00 00 313931323050303039383830            
14/10/23 09:17:48 0142 1                  44.878627 8.889207 00 00 313931323050303039313339            
14/10/23 09:19:11 0143 1                  44.878923 8.889375 00 00 313931323050303039363230            
14/10/23 09:20:11 0144 1                  44.879188 8.889520 00 00 313931323050303039313430            
14/10/23 09:21:18 0145 1                  44.879647 8.890135 00 00 313931323050303031313336            
14/10/23 09:22:27 0146 1                  44.879945 8.890407 00 00 313931323050303039323038            
14/10/23 09:22:55 0147 1                  44.879922 8.890437 00 00 313931323050303039383831            
14/10/23 09:24:07 0148 1                  44.880377 8.890508 00 00 313931323050303033383733            
14/10/23 09:24:08 0149 1                  44.880378 8.890507 00 00 313931323050303039383739            
14/10/23 09:27:33 0150 1                  44.883567 8.891080 00 00 313931323050303032393138            
14/10/23 09:28:15 0151 1                  44.883623 8.890673 00 00 313931323050303132333931            
14/10/23 09:29:19 0152 1                  44.882602 8.889952 00 00 313931323050303033343231            
14/10/23 09:30:16 0153 1                  44.882103 8.889740 00 00 313931323050303036313533            
14/10/23 09:30:35 0154 1                  44.882088 8.889732 00 00 3231303132304A3039393138            
14/10/23 09:31:05 0155 1                  44.881892 8.889625 00 00 313931323050303039323238            
14/10/23 09:32:10 0156 1                  44.880957 8.889190 00 00 313931323050303033363236            
14/10/23 09:33:08 0157 1                  44.880458 8.889133 00 00 313931323050303039313433            
14/10/23 09:34:51 0158 1                  44.880335 8.888947 00 00 3231313130304A3032353639            
14/10/23 09:34:53 0159 1                  44.880335 8.888947 00 00 FF00341C32DCB28432C30CB2            
14/10/23 09:34:53 0160 1                  44.880335 8.888947 00 00 09CA3EB09589E2802BCD0B36            
14/10/23 09:35:08 0161 1                  44.880330 8.888943 00 00 313931323050303132363731            
14/10/23 09:37:41 0162 1                  44.879835 8.888425 00 00 313931323050303131393634            
14/10/23 09:39:11 0163 1                  44.879687 8.887885 00 00 3231303234304A3034363135            
14/10/23 09:39:11 0164 1                  44.879687 8.887885 00 00 313931323050303132353434            
14/10/23 09:40:12 0165 1                  44.879590 8.887537 00 00 313931323050303039313834            
14/10/23 09:41:10 0166 1                  44.879442 8.887152 00 00 313931323050303130373033            
14/10/23 09:42:22 0167 1                  44.878868 8.887608 00 00 313931323050303039313835            
14/10/23 09:43:22 0168 1                  44.878453 8.888307 00 00 313931323050303039373830            
14/10/23 09:43:24 0169 1                  44.878453 8.888307 00 00 30340C05A0097028B5404C05            
14/10/23 09:43:52 0170 1                  44.878450 8.888298 00 00 313931323050303039303332            
14/10/23 09:43:52 0171 1                  44.878450 8.888298 00 00 313931323050303039393438            
14/10/23 09:49:05 0172 1                  44.876358 8.889003 00 00 313931323050303039343435            
14/10/23 09:53:04 0173 1                  44.880165 8.886578 00 00 313931323050303039363238            
14/10/23 09:55:17 0174 1                  44.881282 8.883170 00 00 313931323050303035313234            
14/10/23 09:56:33 0175 1                  44.881098 8.882803 00 00 313931323050303039373031            
14/10/23 09:56:33 0176 1                  44.881098 8.882803 00 00 313931323050303132363730            
14/10/23 10:00:56 0000 s 01889ver01 44.882413 8.884863 00 00
14/10/23 10:02:36 0177 1                  44.882707 8.883902 00 00 313931323050303130383739            
14/10/23 10:02:38 0178 1                  44.882708 8.883900 00 00 313931323050303130383735            
14/10/23 10:04:37 0179 1                  44.884325 8.881655 00 00 FF00341C32DCB28432C30CB2            
14/10/23 10:04:50 0180 1                  44.884327 8.881652 00 00 3231313130304A3032353832            
14/10/23 10:07:37 0181 1                  44.884762 8.882353 00 00 313831323045303235323332            
14/10/23 10:09:13 0182 1                  44.884073 8.886315 00 00 313931323050303039343731            
14/10/23 10:09:13 0183 1                  44.884073 8.886315 00 00 313931323050303039343637            
14/10/23 10:11:06 0184 1                  44.883407 8.892520 00 00 3231303033304D3033313333            
14/10/23 10:11:11 0185 1                  44.883407 8.892518 00 00 3230303033304D3038363035            
14/10/23 10:11:28 0186 1                  44.883412 8.892520 00 00 313931323050303036353439            
14/10/23 10:12:56 0187 1                  44.883050 8.896632 00 00 313931323050303039363239            
14/10/23 10:15:14 0188 1                  44.879243 8.901398 00 00 313931323050303039373739            
14/10/23 10:16:27 0189 1                  44.878512 8.901613 00 00 3231303234304A3034363139            
14/10/23 10:17:36 0190 1                  44.877707 8.901888 00 00 313931323050303032393136            
14/10/23 10:20:36 0191 1                  44.879803 8.901282 00 00 313931323050303039373738            
14/10/23 10:21:36 0192 1                  44.880808 8.900857 00 00 313931323050303039343439            
14/10/23 10:22:50 0193 1                  44.881597 8.900548 00 00 313931323050303039353439            
14/10/23 10:22:50 0194 1                  44.881597 8.900548 00 00 313931323050303039353530            
14/10/23 10:24:11 0195 1                  44.882648 8.899633 00 00 313931323050303039383533            
14/10/23 10:25:39 0196 1                  44.883375 8.894702 00 00 313931323050303035343538            
14/10/23 10:28:08 0197 1                  44.884682 8.884560 00 00 313931323050303130383737            
14/10/23 10:29:41 0198 1                  44.884812 8.883485 00 00 313931323050303039373930            
14/10/23 10:29:42 0199 1                  44.884812 8.883485 00 00 313931323050303039353236            
14/10/23 10:34:51 0200 1                  44.892688 8.864013 00 00 25705569A686CF0371C37CF2            
14/10/23 11:06:23 0000 s 01889ver01 44.882227 8.860378 00 00
