14/10/23 05:14:21 0000 s 01496ver01 44.882098 8.859687 00 00
14/10/23 05:34:44 0001 1                  44.857760 8.865225 00 00 313832343045303033333630            
14/10/23 05:37:15 0002 1                  44.856022 8.867818 00 00 31383234304A303030383530            
14/10/23 05:43:54 0003 1                  44.849122 8.887517 00 00 313932343056303030303930            
14/10/23 05:50:07 0004 1                  44.849672 8.889545 00 00 313832343045303032303538            
14/10/23 05:57:39 0005 1                  44.852073 8.888505 00 00 313832343045303030343436            
14/10/23 05:59:28 0006 1                  44.851633 8.888050 00 00 313832343045303031373234            
14/10/23 06:03:01 0007 1                  44.848102 8.889363 00 00 313932343056303030343739            
14/10/23 06:05:11 0008 1                  44.847400 8.889498 00 00 323032343056303030303631            
14/10/23 06:08:54 0009 1                  44.847187 8.891010 00 00 3230303234304A3030343530            
14/10/23 06:11:29 0010 1                  44.848435 8.891202 00 00 3233303234304A3030333539            
14/10/23 06:11:43 0011 1                  44.848443 8.891205 00 00 313932343056303030303135            
14/10/23 06:15:11 0012 1                  44.848372 8.890202 00 00 313932343056303030343930            
14/10/23 06:32:13 0013 1                  44.850257 8.891613 00 00 313832343045303031343330            
14/10/23 06:35:08 0014 1                  44.849318 8.886598 00 00 31383234304A303030383034            
14/10/23 06:39:04 0015 1                  44.854682 8.884122 00 00 313932343056303030343133            
14/10/23 06:44:48 0016 1                  44.854638 8.883892 00 00 313832343045303030353939            
14/10/23 06:49:31 0017 1                  44.855457 8.882817 00 00 313832343045303031373631            
14/10/23 06:53:45 0018 1                  44.850353 8.886097 00 00 313832343045303032343239            
14/10/23 07:02:04 0019 1                  44.846013 8.891945 00 00 313932343056303030303432            
14/10/23 07:12:40 0020 1                  44.847278 8.888640 00 00 313832343045303030353538            
14/10/23 07:15:00 0021 1                  44.848282 8.887502 00 00 313832343045303030343336            
14/10/23 07:24:03 0000 s 01496ver01 44.848973 8.887298 00 00
14/10/23 07:36:49 0022 1                  44.849223 8.869003 00 00 323032343056303030363938            
14/10/23 07:38:48 0023 1                  44.849648 8.868958 00 00 323032343056303030303538            
14/10/23 07:38:48 0024 1                  44.849648 8.868958 00 00 313932343056303030363937            
14/10/23 07:41:24 0025 1                  44.849752 8.869750 00 00 313832343045303032343238            
14/10/23 07:46:30 0026 1                  44.850172 8.868832 00 00 3231303234304A3030373631            
14/10/23 08:00:48 0027 1                  44.851050 8.867385 00 00 313832343045303033333432            
14/10/23 08:06:15 0028 1                  44.850527 8.870108 00 00 313832343045303033323930            
14/10/23 08:07:53 0029 1                  44.849968 8.870578 00 00 000000000000000005160342            
14/10/23 08:09:52 0030 1                  44.850242 8.870997 00 00 313832343045303030343136            
14/10/23 08:22:53 0000 s 01496ver01 44.849283 8.870592 00 00
14/10/23 08:26:03 0031 1                  44.849082 8.868213 00 00 313832343045303033333130            
14/10/23 08:28:18 0032 1                  44.849045 8.867445 00 00 313832343045303033323833            
14/10/23 08:31:23 0033 1                  44.848785 8.865728 00 00 313832343045303030353434            
14/10/23 08:34:38 0034 1                  44.850655 8.860578 00 00 3233303234304A3030333439            
14/10/23 08:36:11 0035 1                  44.850932 8.860492 00 00 313832343045303030353832            
14/10/23 08:37:35 0036 1                  44.851085 8.860470 00 00 313832343045303030353831            
14/10/23 08:39:25 0037 1                  44.851193 8.860450 00 00 313932343056303030303832            
14/10/23 08:39:25 0038 1                  44.851193 8.860450 00 00 313832343045303031343433            
14/10/23 08:41:14 0039 1                  44.851362 8.860332 00 00 313832343045303030363036            
14/10/23 08:45:32 0040 1                  44.849352 8.860792 00 00 3230303234304A3030323135            
14/10/23 08:47:55 0041 1                  44.848083 8.860903 00 00 3231303234304A3031363235            
14/10/23 08:50:21 0042 1                  44.847128 8.861408 00 00 313832343045303033333539            
14/10/23 08:52:12 0043 1                  44.846828 8.861680 00 00 313832343045303033323536            
14/10/23 08:56:04 0044 1                  44.845540 8.865893 00 00 313832343045303033323830            
14/10/23 08:58:00 0045 1                  44.846122 8.866412 00 00 313832343045303033323834            
14/10/23 09:02:34 0046 1                  44.847455 8.870625 00 00 313832343045303033323630            
14/10/23 09:13:14 0047 1                  44.848135 8.859443 00 00 313832343045303033333631            
14/10/23 09:41:39 0000 s 01496ver01 44.882715 8.859968 00 00
14/10/23 10:18:22 0000 s 01496ver01 44.908472 8.866605 00 00
14/10/23 10:36:00 0000 s 01496ver01 44.882512 8.860255 00 00
14/10/23 10:41:46 0000 s 01496ver01 44.882520 8.859793 00 00
14/10/23 13:35:38 0000 s 01496ver01 44.882318 8.859820 00 00
14/10/23 15:14:44 0000 s 01496ver01 44.900177 8.863618 00 00
14/10/23 15:36:22 0000 s 01496ver01 44.900133 8.863798 00 00
14/10/23 15:39:00 0048 1                  44.894282 8.862183 00 00 555338334D86802100201103            
