21/10/23 05:39:52 0000 s 01483ver01 44.882365 8.859665 00 00
21/10/23 05:40:26 0000 s 01483ver01 44.882367 8.860080 00 00
21/10/23 05:44:12 0000 s 01483ver01 44.882270 8.860045 00 00
21/10/23 05:47:40 0001 1                  44.883203 8.859358 00 00 313931323045303030333936            
21/10/23 05:50:07 0002 1                  44.890935 8.861008 00 00 25705569A6866752B2C32DB9            
21/10/23 05:54:41 0003 1                  44.891017 8.870837 00 00 3231303234304A3032323137            
21/10/23 05:54:49 0004 1                  44.891018 8.870852 00 00 3231303234304A3032323134            
21/10/23 05:56:35 0005 1                  44.890995 8.870823 00 00 30396061C3BF2500004A2E81            
21/10/23 06:04:48 0006 1                  44.862883 8.874190 00 00 313931323043303130373036            
21/10/23 06:05:11 0007 1                  44.862342 8.876878 00 00 313931323050303132363732            
21/10/23 06:07:12 0008 1                  44.861953 8.886650 00 00 313931323043303039333339            
21/10/23 06:07:28 0009 1                  44.862417 8.888095 00 00 313931323050303130353833            
21/10/23 06:07:28 0010 1                  44.862417 8.888095 00 00 313931323043303033373339            
21/10/23 06:11:57 0011 1                  44.862412 8.887832 00 00 313931323050303039383232            
21/10/23 06:14:10 0012 1                  44.862205 8.887558 00 00 313931323050303036363831            
21/10/23 06:16:12 0013 1                  44.862205 8.887308 00 00 313931323050303036363739            
21/10/23 06:16:22 0014 1                  44.862197 8.887308 00 00 313931323050303039383433            
21/10/23 06:17:48 0015 1                  44.862160 8.887040 00 00 313931323050303037323132            
21/10/23 06:18:01 0016 1                  44.862173 8.887053 00 00 313931323050303036363738            
21/10/23 06:19:06 0017 1                  44.862160 8.887020 00 00 313931323043303039333339            
21/10/23 06:19:59 0018 1                  44.862148 8.886963 00 00 313931323050303039383432            
21/10/23 06:21:32 0019 1                  44.862132 8.886830 00 00 313931323043303036313333            
21/10/23 06:22:04 0020 1                  44.861312 8.885937 00 00 3231303032334D3035393738            
21/10/23 06:23:00 0021 1                  44.861058 8.885355 00 00 313931323050303130383238            
21/10/23 06:24:15 0022 1                  44.861070 8.885368 00 00 313931323043303039383539            
21/10/23 06:25:14 0023 1                  44.860888 8.885240 00 00 313931323050303033343036            
21/10/23 06:29:06 0024 1                  44.861290 8.885143 00 00 313931323050303035373632            
21/10/23 06:29:06 0025 1                  44.861290 8.885143 00 00 3231303032334D3032343836            
21/10/23 06:29:08 0026 1                  44.861307 8.885150 00 00 313931323050303033323130            
21/10/23 06:30:32 0027 1                  44.861467 8.885050 00 00 313931323050303037393433            
21/10/23 06:30:32 0028 1                  44.861467 8.885050 00 00 313931323050303039363232            
21/10/23 06:33:48 0029 1                  44.861542 8.885087 00 00 313931323043303131353231            
21/10/23 06:33:49 0030 1                  44.861542 8.885087 00 00 313931323043303038333734            
21/10/23 06:35:26 0031 1                  44.862860 8.880023 00 00 30340BC9FC42B7232523A806            
21/10/23 06:35:26 0032 1                  44.862863 8.879945 00 00 313931323050303036303337            
21/10/23 06:36:40 0033 1                  44.862330 8.879950 00 00 313931323050303039383534            
21/10/23 06:38:24 0034 1                  44.862405 8.880018 00 00 313931323050303036383634            
21/10/23 06:39:23 0035 1                  44.862422 8.880032 00 00 313931323050303036303338            
21/10/23 06:39:27 0036 1                  44.862425 8.880025 00 00 313931323050303036383633            
21/10/23 06:42:01 0037 1                  44.862262 8.880182 00 00 313931323050303039363331            
21/10/23 06:43:59 0038 1                  44.862120 8.879562 00 00 313931323050303035343134            
21/10/23 06:44:56 0039 1                  44.862087 8.879548 00 00 313931323043303038343131            
21/10/23 06:46:13 0040 1                  44.861563 8.878808 00 00 313931323050303039313335            
21/10/23 06:47:40 0041 1                  44.861568 8.878827 00 00 313931323043303036343438            
21/10/23 06:48:30 0042 1                  44.862748 8.876348 00 00 313931323050303132363633            
21/10/23 06:48:40 0043 1                  44.862905 8.874862 00 00 08C8EFC308C6428011C1BF1B            
21/10/23 06:50:18 0044 1                  44.867588 8.871913 00 00 313931323043303130343637            
21/10/23 06:54:31 0045 1                  44.867832 8.872858 00 00 313931323050303039383539            
21/10/23 06:57:07 0046 1                  44.867653 8.871850 00 00 313931323050303039383632            
21/10/23 07:11:11 0047 1                  44.870957 8.886898 00 00 313931323043303037353731            
21/10/23 07:12:49 0048 1                  44.870443 8.886893 00 00 313931323050303039303333            
21/10/23 07:14:34 0049 1                  44.870805 8.887062 00 00 313931323050303039343233            
21/10/23 07:24:52 0050 1                  44.879273 8.901545 00 00 111080000000000639756595            
21/10/23 07:27:21 0051 1                  44.879073 8.889123 00 00 313931323050303039303838            
21/10/23 07:27:21 0052 1                  44.879073 8.889123 00 00 313931323043303130343635            
21/10/23 07:28:11 0053 1                  44.878163 8.888697 00 00 313931323050303039303331            
21/10/23 07:28:27 0054 1                  44.878150 8.888698 00 00 313931323050303039343437            
21/10/23 07:29:56 0055 1                  44.877808 8.889033 00 00 313931323050303039333234            
21/10/23 07:31:14 0056 1                  44.877612 8.889210 00 00 313931323050303132333734            
21/10/23 07:31:34 0057 1                  44.877598 8.889223 00 00 313931323050303039333233            
21/10/23 07:32:18 0058 1                  44.877552 8.889273 00 00 313931323050303039323934            
21/10/23 07:33:07 0059 1                  44.877567 8.889252 00 00 313931323043303036343534            
21/10/23 07:34:08 0060 1                  44.877430 8.889178 00 00 313931323043303036373338            
21/10/23 07:35:06 0061 1                  44.877058 8.889123 00 00 313931323050303131303633            
21/10/23 07:35:17 0062 1                  44.877058 8.889117 00 00 313931323050303132353339            
21/10/23 07:36:09 0063 1                  44.877048 8.889125 00 00 313931323050303039343438            
21/10/23 07:36:09 0064 1                  44.877048 8.889125 00 00 313931323050303039323034            
21/10/23 07:37:06 0065 1                  44.877047 8.889042 00 00 313931323050303030333234            
21/10/23 07:41:01 0066 1                  44.876790 8.889258 00 00 313931323050303039383732            
21/10/23 07:43:19 0067 1                  44.876413 8.888757 00 00 313931323050303039303836            
21/10/23 07:45:05 0068 1                  44.876473 8.888388 00 00 3034F42A84448E000002A99C            
21/10/23 07:45:05 0069 1                  44.876473 8.888388 00 00 313931323050303039353238            
21/10/23 07:46:14 0070 1                  44.876773 8.888192 00 00 313931323050303039333136            
21/10/23 07:47:57 0071 1                  44.877030 8.888348 00 00 302655C8E52161400000E126            
21/10/23 07:47:57 0072 1                  44.877030 8.888348 00 00 302655C8E521614000009A5C            
21/10/23 07:47:57 0073 1                  44.877030 8.888348 00 00 313931323050303039323330            
21/10/23 07:47:58 0074 1                  44.877030 8.888348 00 00 313931323050303039353331            
21/10/23 07:47:58 0075 1                  44.877030 8.888348 00 00 302655C8E52161400000E2E5            
21/10/23 07:47:58 0076 1                  44.877030 8.888348 00 00 302655C8E52161400000E499            
21/10/23 07:48:02 0077 1                  44.877028 8.888345 00 00 3035E8BF6050760000002589            
21/10/23 07:48:42 0078 1                  44.877052 8.888332 00 00 313931323050303039383738            
21/10/23 07:49:28 0079 1                  44.877057 8.888392 00 00 313931323043303130373139            
21/10/23 07:49:28 0080 1                  44.877057 8.888392 00 00 313931323043303032323432            
21/10/23 07:49:55 0081 1                  44.877080 8.888475 00 00 313931323050303039353332            
21/10/23 07:50:10 0082 1                  44.877085 8.888482 00 00 211539641205082207010000            
21/10/23 07:52:03 0083 1                  44.877310 8.889362 00 00 313931323050303132363639            
21/10/23 07:53:53 0084 1                  44.877307 8.889572 00 00 313931323050303033383736            
21/10/23 07:54:01 0085 1                  44.877302 8.889570 00 00 313931323050303033303538            
21/10/23 07:55:26 0086 1                  44.877605 8.890015 00 00 313931323050303039323432            
21/10/23 07:58:41 0087 1                  44.877638 8.888632 00 00 3231303033304D3032393331            
21/10/23 08:01:03 0088 1                  44.877728 8.888145 00 00 313931323050303039353635            
21/10/23 08:02:52 0089 1                  44.878128 8.885455 00 00 313931323050303030343639            
21/10/23 08:05:26 0090 1                  44.875532 8.883332 00 00 313931323050303130303332            
21/10/23 08:07:19 0091 1                  44.875048 8.881765 00 00 313931323050303130393734            
21/10/23 08:08:52 0092 1                  44.875437 8.880352 00 00 313931323050303132353333            
21/10/23 08:12:50 0093 1                  44.873673 8.867775 00 00 313931323050303039343530            
21/10/23 08:15:17 0094 1                  44.873420 8.866258 00 00 313931323050303039343538            
21/10/23 08:17:10 0095 1                  44.874620 8.866927 00 00 313931323050303037373835            
21/10/23 08:20:41 0096 1                  44.885628 8.860953 00 00 3138325A4B30504C35303135            
21/10/23 08:20:41 0097 1                  44.885628 8.860953 00 00 3138324237414B4B30303030            
21/10/23 08:20:41 0098 1                  44.885628 8.860953 00 00 313832353949535A35303135            
21/10/23 08:39:51 0000 s 01483ver01 44.882760 8.859765 00 00
21/10/23 08:46:18 0099 1                  44.883187 8.859203 00 00 313931323045303030333936            
21/10/23 08:58:14 0100 1                  44.912895 8.871298 00 00 302655C8E52161400000E499            
21/10/23 09:13:25 0101 1                  44.862765 8.876108 00 00 313931323050303132363633            
21/10/23 09:14:09 0102 1                  44.862618 8.879615 00 00 313931323050303036303337            
21/10/23 09:14:09 0103 1                  44.862618 8.879615 00 00 313931323043303130323337            
21/10/23 09:14:31 0104 1                  44.862405 8.882182 00 00 25705569A686CB434EC36DB8            
21/10/23 09:14:47 0105 1                  44.862070 8.883222 00 00 313931323043303130313239            
21/10/23 09:17:15 0106 1                  44.862597 8.888095 00 00 313931323043303033373339            
21/10/23 09:18:33 0107 1                  44.862348 8.887597 00 00 313931323043303132363836            
21/10/23 09:19:36 0108 1                  44.862223 8.887267 00 00 1AE5C41791D2718EDF259A04            
21/10/23 09:19:36 0109 1                  44.862223 8.887267 00 00 313931323043303036313334            
21/10/23 09:21:03 0110 1                  44.862063 8.886960 00 00 313931323043303039333339            
21/10/23 09:21:16 0111 1                  44.862057 8.886970 00 00 313931323043303132363835            
21/10/23 09:22:31 0112 1                  44.862128 8.886773 00 00 313931323043303036313333            
21/10/23 09:23:43 0113 1                  44.861288 8.885765 00 00 3231303032334D3035393738            
21/10/23 09:23:53 0114 1                  44.861282 8.885257 00 00 313931323043303038363131            
21/10/23 09:24:28 0115 1                  44.861400 8.885082 00 00 313931323043303131353231            
21/10/23 09:24:28 0116 1                  44.861400 8.885082 00 00 313931323050303039363232            
21/10/23 09:24:29 0117 1                  44.861400 8.885082 00 00 313931323050303033323130            
21/10/23 09:25:24 0118 1                  44.861412 8.885212 00 00 313931323043303130303733            
21/10/23 09:25:30 0119 1                  44.861425 8.885220 00 00 313931323043303130303738            
21/10/23 09:25:49 0120 1                  44.861442 8.885188 00 00 313931323050303037393433            
21/10/23 09:26:19 0121 1                  44.861485 8.885178 00 00 313931323043303035383032            
21/10/23 09:27:39 0122 1                  44.861428 8.885212 00 00 313931323043303038333734            
21/10/23 09:28:42 0123 1                  44.861430 8.885118 00 00 3231303032334D3032343836            
21/10/23 09:29:33 0124 1                  44.860732 8.884768 00 00 313931323043303035383033            
21/10/23 09:29:45 0125 1                  44.860720 8.884758 00 00 313931323043303037383432            
21/10/23 09:36:56 0126 1                  44.862862 8.880062 00 00 313931323043303130323337            
21/10/23 09:38:12 0127 1                  44.862467 8.880032 00 00 313931323043303132393639            
21/10/23 09:39:01 0128 1                  44.862453 8.880007 00 00 313931323043303130323336            
21/10/23 09:39:17 0129 1                  44.862435 8.880037 00 00 313931323043303039313639            
21/10/23 09:40:50 0130 1                  44.862240 8.879533 00 00 313931323043303038343131            
21/10/23 09:40:50 0131 1                  44.862240 8.879533 00 00 805755728863600000000000            
21/10/23 09:42:06 0132 1                  44.862120 8.879203 00 00 313931323043303036343437            
21/10/23 09:44:32 0133 1                  44.861808 8.878867 00 00 313931323043303039373438            
21/10/23 09:45:54 0134 1                  44.861598 8.878765 00 00 313931323043303036343438            
21/10/23 09:49:18 0135 1                  44.867605 8.871927 00 00 313931323043303130343637            
21/10/23 09:50:02 0136 1                  44.867825 8.872885 00 00 313931323050303039383539            
21/10/23 09:50:37 0137 1                  44.867870 8.872848 00 00 313931323043303130343536            
21/10/23 09:52:59 0138 1                  44.867692 8.871867 00 00 313931323050303039383632            
21/10/23 09:55:08 0139 1                  44.869590 8.873562 00 00 313931323043303038393433            
21/10/23 09:55:36 0140 1                  44.869572 8.873635 00 00 00B07A14D05395D41B7BE4D6            
21/10/23 10:00:58 0141 1                  44.870860 8.877357 00 00 313931323043303036303239            
21/10/23 10:06:20 0142 1                  44.870507 8.886873 00 00 313931323043303036363436            
21/10/23 10:07:51 0143 1                  44.870837 8.887030 00 00 313931323043303037353731            
21/10/23 10:11:02 0144 1                  44.877832 8.890277 00 00 3156060359144410C4930000            
21/10/23 10:11:05 0145 1                  44.877778 8.890060 00 00 313931323050303039323432            
21/10/23 10:11:41 0146 1                  44.877463 8.889577 00 00 313931323043303130373133            
21/10/23 10:11:51 0147 1                  44.877450 8.889573 00 00 313931323043303131333031            
21/10/23 10:13:31 0148 1                  44.877515 8.889188 00 00 313931323043303036363939            
21/10/23 10:13:39 0149 1                  44.877522 8.889183 00 00 313931323043303036373338            
21/10/23 10:14:25 0150 1                  44.877555 8.889158 00 00 313931323043303037343435            
21/10/23 10:16:27 0151 1                  44.877023 8.888997 00 00 313931323043303030373732            
21/10/23 10:16:39 0152 1                  44.877023 8.888993 00 00 313931323043303036353234            
21/10/23 10:17:30 0153 1                  44.877023 8.889013 00 00 313931323043303038333736            
21/10/23 10:17:33 0154 1                  44.877023 8.889017 00 00 313931323043303130393136            
21/10/23 10:18:30 0155 1                  44.877037 8.889012 00 00 313931323043303038343934            
21/10/23 10:20:59 0156 1                  44.876995 8.889120 00 00 313931323043303036303335            
21/10/23 10:24:10 0157 1                  44.876722 8.889227 00 00 313931323043303036363933            
21/10/23 10:26:23 0158 1                  44.876447 8.888678 00 00 313931323043303130343631            
21/10/23 10:28:59 0159 1                  44.876863 8.888168 00 00 313931323043303036363739            
21/10/23 10:29:08 0160 1                  44.876872 8.888162 00 00 313931323043303038343233            
21/10/23 10:29:57 0161 1                  44.876875 8.888150 00 00 313931323043303038343231            
21/10/23 10:32:01 0162 1                  44.877118 8.888347 00 00 30340BF8E83A935199A4E406            
21/10/23 10:32:01 0163 1                  44.877118 8.888347 00 00 313931323043303130373139            
21/10/23 10:32:16 0164 1                  44.877118 8.888350 00 00 313931323043303032323432            
21/10/23 10:33:04 0165 1                  44.877103 8.888372 00 00 313931323050303039383738            
21/10/23 10:33:40 0166 1                  44.877403 8.889277 00 00 313931323050303132333734            
21/10/23 10:34:01 0167 1                  44.877587 8.889268 00 00 313931323043303036343534            
21/10/23 10:34:14 0168 1                  44.877620 8.889272 00 00 313931323043303036373337            
21/10/23 10:34:52 0169 1                  44.877652 8.889270 00 00 313931323043303032323336            
21/10/23 10:36:06 0170 1                  44.877817 8.889212 00 00 313931323043303036373331            
21/10/23 10:36:06 0171 1                  44.877817 8.889212 00 00 313931323043383036373331            
21/10/23 10:36:24 0172 1                  44.877805 8.889218 00 00 313931323043303036373336            
21/10/23 10:38:32 0173 1                  44.877662 8.888572 00 00 3231303033304D3032323831            
21/10/23 10:38:55 0174 1                  44.877667 8.888598 00 00 3231303033304D3032393331            
21/10/23 10:39:35 0175 1                  44.877733 8.888402 00 00 3231303033304D3032313337            
21/10/23 10:41:02 0176 1                  44.877810 8.888118 00 00 313931323043303038393236            
21/10/23 10:43:44 0177 1                  44.878000 8.887658 00 00 313931323043303036353233            
21/10/23 10:48:26 0178 1                  44.875552 8.883350 00 00 313931323043303039383134            
21/10/23 10:54:50 0179 1                  44.873445 8.866317 00 00 313931323043303036363731            
21/10/23 10:58:29 0180 1                  44.874602 8.867015 00 00 313931323043303039393933            
21/10/23 11:06:32 0181 1                  44.906295 8.859263 00 00 305A46414E46324233365050            
21/10/23 11:07:09 0182 1                  44.907588 8.865510 00 00 111150000000001968409395            
21/10/23 11:13:44 0183 1                  44.913172 8.871232 00 00 303534B4C84C130012B71F6B            
21/10/23 11:14:29 0184 1                  44.913193 8.871293 00 00 30396061C025FA0000001759            
21/10/23 11:14:31 0185 1                  44.913197 8.871290 00 00 00B07A14D05395D41B7BE4D6            
21/10/23 11:14:31 0186 1                  44.913197 8.871290 00 00 30340BEAB04B93BFDB3BC804            
21/10/23 11:14:31 0187 1                  44.913197 8.871290 00 00 30340BF8E83A935199A4E406            
21/10/23 11:14:32 0188 1                  44.913197 8.871290 00 00 805755728863600000000000            
21/10/23 11:14:32 0189 1                  44.913197 8.871290 00 00 1AE5C41791D2718EDF259A04            
21/10/23 11:14:32 0190 1                  44.913197 8.871290 00 00 30360390E81649C402000CC6            
21/10/23 11:14:34 0191 1                  44.913197 8.871290 00 00 805755728645800000000000            
21/10/23 11:14:35 0192 1                  44.913195 8.871287 00 00 30395DFA81766040000E8B90            
