13/10/23 05:30:50 0000 s 01503ver01 44.792692 8.739612 00 00
13/10/23 05:51:14 0001 1                  44.755195 8.852968 00 00 313931323043303032373831            
13/10/23 05:51:48 0002 1                  44.755183 8.852972 00 00 313831323045303136363935            
13/10/23 05:53:13 0003 1                  44.756168 8.854557 00 00 3035EBC080604A07FE07C031            
13/10/23 05:53:13 0004 1                  44.756168 8.854557 00 00 3035EB8ADC3433C00200257E            
13/10/23 05:53:13 0005 1                  44.756167 8.854558 00 00 303549A8440A628CCE416715            
13/10/23 05:53:14 0006 1                  44.756167 8.854558 00 00 313931323045303330343539            
13/10/23 05:53:14 0007 1                  44.756167 8.854558 00 00 3035EB8ADC555B00120019C8            
13/10/23 05:53:14 0008 1                  44.756167 8.854558 00 00 3035EB8ADC33FD400600118C            
13/10/23 05:53:15 0009 1                  44.756167 8.854558 00 00 3035EBC0806090000803476A            
13/10/23 05:53:21 0010 1                  44.756162 8.854562 00 00 313831323045303137353935            
13/10/23 05:53:22 0011 1                  44.756160 8.854563 00 00 3036037C00254C000098972A            
13/10/23 05:54:03 0012 1                  44.756188 8.854590 00 00 313831323045303136343734            
13/10/23 05:55:04 0013 1                  44.756745 8.855103 00 00 313831323045303136343539            
13/10/23 05:55:16 0014 1                  44.756752 8.855105 00 00 313831323045303136343238            
13/10/23 05:55:56 0015 1                  44.756885 8.855320 00 00 313831323045303136343632            
13/10/23 05:58:36 0016 1                  44.758427 8.854347 00 00 313931313030433030323137            
13/10/23 05:58:57 0017 1                  44.758413 8.854365 00 00 313931313030433030323135            
13/10/23 05:59:14 0018 1                  44.758432 8.854378 00 00 313931313030433030323136            
13/10/23 06:01:04 0019 1                  44.757505 8.855913 00 00 313931323045303330353239            
13/10/23 06:02:14 0020 1                  44.758275 8.857755 00 00 31383033304D303032313837            
13/10/23 06:02:18 0021 1                  44.758272 8.857755 00 00 31383033304D303032313833            
13/10/23 06:02:29 0022 1                  44.758267 8.857740 00 00 31383033304D303032313739            
13/10/23 06:02:38 0023 1                  44.758262 8.857735 00 00 313931323043303130393334            
13/10/23 06:03:33 0024 1                  44.759013 8.858992 00 00 313831323045303136343637            
13/10/23 06:05:43 0025 1                  44.760745 8.859498 00 00 3138313230C5303136393535            
13/10/23 06:06:02 0026 1                  44.760762 8.859487 00 00 313931323045303330353938            
13/10/23 06:07:13 0027 1                  44.760155 8.858933 00 00 303ACA4983A5829AC6894A98            
13/10/23 06:07:14 0028 1                  44.760155 8.858933 00 00 313831323045303137323036            
13/10/23 06:07:26 0029 1                  44.760140 8.858933 00 00 313831323045303135363331            
13/10/23 06:08:42 0030 1                  44.761448 8.860482 00 00 313831323045303137303834            
13/10/23 06:09:24 0031 1                  44.761827 8.860923 00 00 313831323045303137303835            
13/10/23 06:10:14 0032 1                  44.762505 8.861700 00 00 313831323045303137303930            
13/10/23 06:12:08 0033 1                  44.762717 8.861018 00 00 313831323045303136393934            
13/10/23 06:12:47 0034 1                  44.762672 8.861382 00 00 313831323045303136393430            
13/10/23 06:14:08 0035 1                  44.762753 8.861007 00 00 3139313130304A3031303831            
13/10/23 06:22:37 0036 1                  44.763055 8.862087 00 00 313931313030433030303235            
13/10/23 06:22:40 0037 1                  44.763068 8.862102 00 00 303ACA4983BF0219D8B64F55            
13/10/23 06:22:40 0038 1                  44.763068 8.862102 00 00 30396061C000C3C000145140            
13/10/23 06:22:43 0039 1                  44.763072 8.862108 00 00 303ACA4983A41499D8B63F59            
13/10/23 06:23:27 0040 1                  44.763088 8.862197 00 00 313931313030433030303236            
13/10/23 06:24:23 0041 1                  44.763145 8.862297 00 00 30340BD1D8467767AC3D6DB3            
13/10/23 06:24:24 0042 1                  44.763145 8.862297 00 00 30340BD1D8467772B0AF4003            
13/10/23 06:24:25 0043 1                  44.763147 8.862297 00 00 3139313130304A3031303330            
13/10/23 06:25:14 0044 1                  44.763382 8.862648 00 00 313831323045303136383237            
13/10/23 06:25:23 0045 1                  44.763392 8.862650 00 00 313831323045703039343830            
13/10/23 06:25:45 0046 1                  44.763400 8.862665 00 00 31383033304D303032323038            
13/10/23 06:25:59 0047 1                  44.763408 8.862667 00 00 31383033304D303032313331            
13/10/23 06:27:03 0048 1                  44.763987 8.862632 00 00 313931323045303330343433            
13/10/23 06:27:10 0049 1                  44.763990 8.862618 00 00 313931323045303330343431            
13/10/23 06:27:22 0050 1                  44.764003 8.862610 00 00 313931323045303330343538            
13/10/23 06:27:26 0051 1                  44.764003 8.862608 00 00 313931323043303037373831            
13/10/23 06:27:26 0052 1                  44.764003 8.862608 00 00 30340C00002792237AAD5406            
13/10/23 06:27:27 0053 1                  44.764003 8.862608 00 00 08290148EDA09F801916DBB7            
13/10/23 06:27:27 0054 1                  44.764003 8.862607 00 00 30340C05A050A535264DC806            
13/10/23 06:27:27 0055 1                  44.764003 8.862607 00 00 082901488D7F3F8019887015            
13/10/23 06:27:39 0056 1                  44.764018 8.862598 00 00 31383132304A303131303135            
13/10/23 06:27:39 0057 1                  44.764018 8.862598 00 00 3035EB5FA0405E801C100CAD            
13/10/23 06:27:40 0058 1                  44.764018 8.862598 00 00 3035EB7F180DF8C01202C8BA            
13/10/23 06:27:47 0059 1                  44.764030 8.862593 00 00 3036144410503E0BA8C44ED8            
13/10/23 06:28:35 0060 1                  44.764012 8.862608 00 00 313931313030433030303234            
13/10/23 06:31:19 0061 1                  44.764538 8.862962 00 00 303ACA498361FA9AC688DD26            
13/10/23 06:31:29 0062 1                  44.764547 8.862960 00 00 3139313130304A3031303932            
13/10/23 06:31:31 0063 1                  44.764547 8.862962 00 00 30340BF8D4016BF743FDBC04            
13/10/23 06:31:32 0064 1                  44.764545 8.862958 00 00 30340BF4700CD044C341F405            
13/10/23 06:31:33 0065 1                  44.764545 8.862958 00 00 303ACA498380751C65CB3FE0            
13/10/23 06:31:33 0066 1                  44.764545 8.862958 00 00 303ACA4983A7791C5CFCB729            
13/10/23 06:31:55 0067 1                  44.764538 8.862967 00 00 313831323045303136393539            
13/10/23 06:31:56 0068 1                  44.764538 8.862970 00 00 30340BEA9860D8C31769D004            
13/10/23 06:32:43 0069 1                  44.764633 8.863033 00 00 31383033304D303032313231            
13/10/23 06:33:19 0070 1                  44.764817 8.862993 00 00 313931323045303330353631            
13/10/23 06:34:04 0071 1                  44.765060 8.863147 00 00 313831323045303137343533            
13/10/23 06:34:12 0072 1                  44.765072 8.863158 00 00 313831323045303137353837            
13/10/23 06:34:19 0073 1                  44.765080 8.863168 00 00 303ACB034036B85C61BC2EDA            
13/10/23 06:34:19 0074 1                  44.765082 8.863175 00 00 303ACB034089ED99D8B643FB            
13/10/23 06:34:20 0075 1                  44.765082 8.863175 00 00 313831323045303137353832            
13/10/23 06:34:20 0076 1                  44.765082 8.863175 00 00 303ACA49831CC259D8B63585            
13/10/23 06:34:20 0077 1                  44.765082 8.863175 00 00 303ACA49834CDF1C5D6D7D70            
13/10/23 06:35:14 0078 1                  44.765190 8.863120 00 00 313931313030433030303035            
13/10/23 06:35:42 0079 1                  44.765148 8.863073 00 00 313931323045303330353638            
13/10/23 06:35:50 0080 1                  44.765168 8.863083 00 00 313831323045303137313636            
13/10/23 06:36:08 0081 1                  44.765208 8.863130 00 00 313931323043303130333334            
13/10/23 06:36:19 0082 1                  44.765223 8.863143 00 00 303ACB034015C1DC5E9D35C1            
13/10/23 06:36:19 0083 1                  44.765223 8.863143 00 00 303ACA4983085259D8B6936C            
13/10/23 06:36:20 0084 1                  44.765223 8.863143 00 00 31383132304A303137393435            
13/10/23 06:36:58 0085 1                  44.765430 8.863293 00 00 31383033304D303032313033            
13/10/23 06:37:03 0086 1                  44.765438 8.863305 00 00 313932343045303030343539            
13/10/23 06:37:19 0087 1                  44.765465 8.863360 00 00 3039ECAD43CD4A09502F9294            
13/10/23 06:37:20 0088 1                  44.765462 8.863362 00 00 303960624366DC80001E2618            
13/10/23 06:37:20 0089 1                  44.765462 8.863362 00 00 313932343045303030343630            
13/10/23 06:38:24 0090 1                  44.765827 8.863605 00 00 313831323045303137303336            
13/10/23 06:38:26 0091 1                  44.765827 8.863605 00 00 313831323045303137303234            
13/10/23 06:38:54 0092 1                  44.765822 8.863625 00 00 001034380024000000000000            
13/10/23 06:40:08 0093 1                  44.765820 8.863600 00 00 313831323045303137333535            
13/10/23 06:40:19 0094 1                  44.765818 8.863585 00 00 313932343045303030343939            
13/10/23 06:41:17 0095 1                  44.766058 8.863220 00 00 313831323045303136383839            
13/10/23 06:41:30 0096 1                  44.766090 8.863255 00 00 303ACA49833CE05C5F57D2E4            
13/10/23 06:41:30 0097 1                  44.766090 8.863255 00 00 313931323043303131313233            
13/10/23 06:41:31 0098 1                  44.766090 8.863255 00 00 303ACA49835AE9209F3CF6A8            
13/10/23 06:41:31 0099 1                  44.766095 8.863265 00 00 303ACA49825205D9D8B63C38            
13/10/23 06:41:56 0100 1                  44.766115 8.863303 00 00 313932343045303030343534            
13/10/23 06:43:03 0101 1                  44.766175 8.862882 00 00 313831323045303137313835            
13/10/23 06:43:11 0102 1                  44.766178 8.862867 00 00 313831323045303137313837            
13/10/23 07:14:19 0000 s 01503ver01 44.766047 8.863850 00 00
13/10/23 07:14:35 0103 1                  44.766368 8.864128 00 00 303ACA49825205D9D8B63C38            
13/10/23 07:15:08 0104 1                  44.766577 8.864192 00 00 313931323043303131373738            
13/10/23 07:15:28 0105 1                  44.766607 8.864207 00 00 313831323045303137343135            
13/10/23 07:15:28 0106 1                  44.766607 8.864207 00 00 3035EBDF782DC507FE11E419            
13/10/23 07:16:09 0107 1                  44.766878 8.864348 00 00 31383033304D303032313037            
13/10/23 07:16:25 0108 1                  44.766877 8.864388 00 00 313831323045303137323835            
13/10/23 07:16:34 0109 1                  44.766880 8.864415 00 00 317831323045303137313534            
13/10/23 07:16:50 0110 1                  44.766878 8.864418 00 00 313831323045303535393435            
13/10/23 07:16:57 0111 1                  44.766878 8.864415 00 00 313831323045303137343139            
13/10/23 07:16:57 0112 1                  44.766878 8.864415 00 00 303ACB0340452E99D8B688B0            
13/10/23 07:17:05 0113 1                  44.766882 8.864403 00 00 313831323045303137343230            
13/10/23 07:21:08 0114 1                  44.767668 8.865287 00 00 313931313030433030303033            
13/10/23 07:23:31 0115 1                  44.767860 8.864935 00 00 303ACA49837DAE209D5E68AF            
13/10/23 07:23:31 0116 1                  44.767860 8.864935 00 00 303ACA4983BCC6D9D8B62E89            
13/10/23 07:23:35 0117 1                  44.767862 8.864935 00 00 303ACB034095A85AC688E674            
13/10/23 07:23:35 0118 1                  44.767862 8.864935 00 00 313831323045303137303235            
13/10/23 07:25:38 0119 1                  44.767738 8.864588 00 00 303ACA4983636D99D8B643AB            
13/10/23 07:25:59 0120 1                  44.767733 8.864625 00 00 303ACB034095C759D8B68684            
13/10/23 07:26:02 0121 1                  44.767732 8.864622 00 00 303ACA4983992B99D8B63327            
13/10/23 07:26:04 0122 1                  44.767732 8.864622 00 00 303ACB034046145C6931F91B            
13/10/23 07:26:04 0123 1                  44.767732 8.864622 00 00 303961354321CE09502F9048            
13/10/23 07:26:05 0124 1                  44.767732 8.864622 00 00 303ACB0340355E9C627B4B4A            
13/10/23 07:26:11 0125 1                  44.767727 8.864633 00 00 3039612D4048C849502F903A            
13/10/23 07:26:14 0126 1                  44.767725 8.864640 00 00 303ACB0340355E9C65628D3B            
13/10/23 07:26:17 0127 1                  44.767727 8.864640 00 00 303ACB034044C5D9D8B6394F            
13/10/23 07:26:18 0128 1                  44.767725 8.864642 00 00 303ACB0340354F209E79D345            
13/10/23 07:26:18 0129 1                  44.767725 8.864642 00 00 303ACB0340516ADC64C7D958            
13/10/23 07:26:19 0130 1                  44.767725 8.864642 00 00 3034F836F4508B809830026F            
13/10/23 07:26:20 0131 1                  44.767727 8.864643 00 00 30340C0820136182540C2351            
13/10/23 07:26:20 0132 1                  44.767727 8.864643 00 00 303ACA4983996699D8B63735            
13/10/23 07:26:26 0133 1                  44.767730 8.864645 00 00 0829016807A9DF8018EA130A            
13/10/23 07:26:36 0134 1                  44.767740 8.864643 00 00 303ACA4983731FDAC68912D6            
13/10/23 07:26:40 0135 1                  44.767740 8.864643 00 00 3038D1AB8218220000445428            
13/10/23 07:26:42 0136 1                  44.767738 8.864650 00 00 303ACB03400A61DC61995ED5            
13/10/23 07:26:43 0137 1                  44.767738 8.864650 00 00 303515BEDC158C11002DC7C8            
13/10/23 07:26:44 0138 1                  44.767738 8.864652 00 00 303ACB03404E3599D8B63E90            
13/10/23 07:26:45 0139 1                  44.767738 8.864652 00 00 30340BCA0025743B40386804            
13/10/23 07:26:52 0140 1                  44.767737 8.864657 00 00 E2801191A5030062F3C9346D            
13/10/23 07:26:52 0141 1                  44.767737 8.864657 00 00 3034F8222C5C3D02EE0000E2            
13/10/23 07:26:55 0142 1                  44.767735 8.864658 00 00 303515BEDC113411002DC985            
13/10/23 07:26:57 0143 1                  44.767733 8.864658 00 00 303ACB034048A39AC689328F            
13/10/23 07:26:59 0144 1                  44.767733 8.864658 00 00 303515BEDC156C51002DC881            
13/10/23 07:27:12 0145 1                  44.767732 8.864677 00 00 303ACA4982BEFCDC53AD649A            
13/10/23 07:27:14 0146 1                  44.767732 8.864680 00 00 303ACB03405EBF209EFFE2E4            
13/10/23 07:27:24 0147 1                  44.767727 8.864683 00 00 30340BDD280A9C42540BE624            
13/10/23 07:27:25 0148 1                  44.767725 8.864680 00 00 30395DFA832DCD8000402809            
13/10/23 07:27:25 0149 1                  44.767725 8.864680 00 00 303ACA498271349C5208639D            
13/10/23 07:27:30 0150 1                  44.767722 8.864678 00 00 303ACA49831F2E1AC688D276            
13/10/23 07:27:31 0151 1                  44.767720 8.864677 00 00 30343126A404BD00076700FD            
13/10/23 07:27:36 0152 1                  44.767718 8.864677 00 00 30395DFA82BB4CC000093237            
13/10/23 07:27:39 0153 1                  44.767718 8.864677 00 00 30342ABDF430428003C813ED            
13/10/23 07:28:20 0154 1                  44.767707 8.864648 00 00 30395DFA82C053C0000A63E0            
13/10/23 07:28:38 0155 1                  44.767700 8.864648 00 00 30395DFA82C25340000B9005            
13/10/23 07:29:07 0156 1                  44.767712 8.864650 00 00 30340BD1DC152443AD4A1005            
13/10/23 07:33:51 0157 1                  44.768175 8.864938 00 00 313931323043303030333533            
13/10/23 07:33:59 0158 1                  44.768178 8.864838 00 00 313931323043303031353535            
13/10/23 07:34:10 0159 1                  44.768197 8.864778 00 00 313931323043303035343132            
13/10/23 07:35:37 0160 1                  44.768225 8.864057 00 00 313931323045303330353039            
13/10/23 07:35:37 0161 1                  44.768225 8.864057 00 00 30395DFA833FDE0000A477ED            
13/10/23 07:36:16 0162 1                  44.768367 8.863817 00 00 313831323045303137343232            
13/10/23 07:36:22 0163 1                  44.768377 8.863813 00 00 313831323045303137333639            
13/10/23 07:37:06 0164 1                  44.768577 8.863455 00 00 313831323045303137343234            
13/10/23 07:37:13 0165 1                  44.768577 8.863450 00 00 313831323045303137343233            
13/10/23 07:37:54 0166 1                  44.769068 8.863078 00 00 313831323045303137333833            
13/10/23 07:38:50 0167 1                  44.769237 8.861788 00 00 313931323043303038313130            
13/10/23 07:39:04 0168 1                  44.769238 8.861777 00 00 313831323045303137343736            
13/10/23 07:40:14 0169 1                  44.768975 8.861600 00 00 313831323045303137333231            
13/10/23 07:42:57 0170 1                  44.765992 8.862058 00 00 313831323045303137313833            
13/10/23 07:43:42 0171 1                  44.765590 8.861835 00 00 313831323045303137313431            
13/10/23 07:44:48 0172 1                  44.765295 8.861645 00 00 313831323045303137313832            
13/10/23 07:44:57 0173 1                  44.765300 8.861647 00 00 313831323045303136393434            
13/10/23 07:46:05 0174 1                  44.765193 8.861387 00 00 313831323045303133363237            
13/10/23 07:46:13 0175 1                  44.765200 8.861400 00 00 3036143DD4248200000067A8            
13/10/23 07:46:26 0176 1                  44.765212 8.861395 00 00 313932343045303030343131            
13/10/23 07:46:27 0177 1                  44.765212 8.861393 00 00 313932343045303030343133            
13/10/23 07:47:11 0178 1                  44.765232 8.861035 00 00 313931323043303037363938            
13/10/23 07:48:26 0179 1                  44.765292 8.859838 00 00 313831323045303137333734            
13/10/23 07:49:20 0180 1                  44.765078 8.859300 00 00 313931313030433030303037            
13/10/23 07:51:49 0181 1                  44.766232 8.854070 00 00 313931313030433030303038            
13/10/23 07:52:15 0182 1                  44.766280 8.854068 00 00 313931313030433030303039            
13/10/23 07:53:03 0183 1                  44.766275 8.854045 00 00 323031313030433030343038            
13/10/23 07:53:44 0184 1                  44.766290 8.854038 00 00 323031313030433030343039            
13/10/23 07:55:58 0185 1                  44.767810 8.854070 00 00 313931313030433030303238            
13/10/23 07:56:13 0186 1                  44.767805 8.854048 00 00 313931313030433030303237            
13/10/23 07:59:59 0187 1                  44.765027 8.860932 00 00 313931323045303330353937            
13/10/23 08:01:32 0188 1                  44.764842 8.860800 00 00 3138313130304A3030313231            
13/10/23 08:01:55 0189 1                  44.764823 8.860782 00 00 3139313130304A3031313539            
13/10/23 08:03:09 0190 1                  44.764305 8.860698 00 00 313831323045303137303137            
13/10/23 08:03:30 0191 1                  44.764295 8.860717 00 00 3034F822400DF64AB41DBF22            
13/10/23 08:03:30 0192 1                  44.764295 8.860717 00 00 313831323045303136393936            
13/10/23 08:03:30 0193 1                  44.764295 8.860717 00 00 3034F7EDC42C040AB41DBE3D            
13/10/23 08:04:09 0194 1                  44.764123 8.860568 00 00 313831323045303136393734            
13/10/23 08:04:25 0195 1                  44.764138 8.860565 00 00 313831323045303137303037            
13/10/23 08:05:10 0196 1                  44.763928 8.860362 00 00 30355CD8C82CF1C000000086            
13/10/23 08:05:10 0197 1                  44.763928 8.860362 00 00 313831323045303136393631            
13/10/23 08:05:17 0198 1                  44.763933 8.860357 00 00 313831323045303137303036            
13/10/23 08:05:49 0199 1                  44.763805 8.860247 00 00 313931323043303039383137            
13/10/23 08:06:25 0200 1                  44.763577 8.860127 00 00 313831323045303137313935            
13/10/23 08:07:04 0201 1                  44.763158 8.859928 00 00 313831323045303136383336            
13/10/23 08:07:45 0202 1                  44.763045 8.859917 00 00 313831323045303039343534            
13/10/23 08:07:55 0203 1                  44.763042 8.859923 00 00 313831323045303136383132            
13/10/23 08:08:46 0204 1                  44.762707 8.859608 00 00 313831323045303136393839            
13/10/23 08:08:57 0205 1                  44.762688 8.859608 00 00 313931323043303036313330            
13/10/23 08:09:04 0206 1                  44.762673 8.859613 00 00 313931323045303330303037            
13/10/23 08:09:54 0207 1                  44.762450 8.859445 00 00 313831323045303137323137            
13/10/23 08:09:59 0208 1                  44.762450 8.859447 00 00 30395DFA819B8080001E3F37            
13/10/23 08:09:59 0209 1                  44.762450 8.859447 00 00 313831323045303137323135            
13/10/23 08:09:59 0210 1                  44.762450 8.859447 00 00 30396061C3C28602318345DA            
13/10/23 08:10:53 0211 1                  44.762785 8.860202 00 00 313831323045303137303333            
13/10/23 08:11:31 0212 1                  44.762813 8.860415 00 00 313831323045303136383233            
13/10/23 08:12:48 0213 1                  44.761225 8.859740 00 00 313931323045303330353936            
13/10/23 08:12:51 0214 1                  44.761223 8.859742 00 00 313931323045303330353934            
13/10/23 08:15:32 0215 1                  44.763405 8.861323 00 00 3139313130304A3031303935            
13/10/23 08:15:34 0216 1                  44.763407 8.861313 00 00 3035EB8ADC361EC004001B8E            
13/10/23 08:15:34 0217 1                  44.763407 8.861313 00 00 3035EA5944183B07FE002489            
13/10/23 08:15:36 0218 1                  44.763408 8.861305 00 00 3034F8224009E8CAB41DBB05            
13/10/23 08:16:04 0219 1                  44.763425 8.861257 00 00 E20000162503006123702449            
13/10/23 08:17:01 0220 1                  44.763640 8.861363 00 00 313931313030433030303230            
13/10/23 08:17:19 0221 1                  44.763620 8.861307 00 00 313931323043303131353532            
13/10/23 08:17:39 0222 1                  44.763602 8.861168 00 00 313931323045303330343831            
13/10/23 08:17:45 0223 1                  44.763610 8.861142 00 00 313931323045303330333039            
13/10/23 08:18:17 0224 1                  44.763657 8.861093 00 00 313931323043303037383439            
13/10/23 08:18:52 0225 1                  44.763708 8.861162 00 00 313831323045303136373933            
13/10/23 08:21:35 0226 1                  44.767753 8.864498 00 00 3034F836E812F042EE000611            
13/10/23 08:21:42 0227 1                  44.767757 8.864500 00 00 30340BF8D4221AAC69E27C04            
13/10/23 08:21:48 0228 1                  44.767758 8.864510 00 00 3034F8224C123902EE000683            
13/10/23 08:21:48 0229 1                  44.767758 8.864510 00 00 30354A59A0120A8CCE417E13            
13/10/23 08:21:49 0230 1                  44.767758 8.864510 00 00 30340BDF184A79126EB6A804            
13/10/23 08:21:51 0231 1                  44.767762 8.864512 00 00 303ACA4983BE8F59D8B7A0DA            
13/10/23 08:21:53 0232 1                  44.767763 8.864513 00 00 3035EBDF782F92001003E9E5            
13/10/23 08:21:53 0233 1                  44.767763 8.864513 00 00 30340BF8D0534676FA530006            
13/10/23 08:21:54 0234 1                  44.767763 8.864513 00 00 303ACB03404A4F1C654A066F            
13/10/23 08:21:54 0235 1                  44.767763 8.864518 00 00 3035EBDF782F9800080260E0            
13/10/23 08:21:54 0236 1                  44.767763 8.864518 00 00 3035EBC0806078800402AF35            
13/10/23 08:21:55 0237 1                  44.767763 8.864518 00 00 3035EBC080607A8012017656            
13/10/23 08:21:55 0238 1                  44.767763 8.864518 00 00 3036142C281EF5CBA8001C0B            
13/10/23 08:21:55 0239 1                  44.767763 8.864518 00 00 87CE092F8AEA00B8962FE054            
13/10/23 08:21:56 0240 1                  44.767763 8.864527 00 00 300833B201000021851258C8            
13/10/23 08:21:56 0241 1                  44.767763 8.864527 00 00 30396061C3BF1D0000208DCE            
13/10/23 08:22:02 0242 1                  44.767765 8.864542 00 00 30340BF8E45D23379AA4B405            
13/10/23 08:22:13 0243 1                  44.767768 8.864553 00 00 303ACA4982F3C11C562AF5F0            
13/10/23 08:22:22 0244 1                  44.767770 8.864557 00 00 302EFFB657E089C00000207F            
13/10/23 08:22:37 0245 1                  44.767747 8.864550 00 00 30396062C38B0000000BBEC5            
13/10/23 08:22:47 0246 1                  44.767732 8.864545 00 00 303ACA4981FF489AC6898DF4            
13/10/23 08:22:48 0247 1                  44.767730 8.864537 00 00 3035EB5C6451AAC004037154            
13/10/23 08:22:52 0248 1                  44.767730 8.864525 00 00 3034F7ED90380BCAB41E2D68            
13/10/23 08:23:02 0249 1                  44.767732 8.864528 00 00 3035EBB320000380120007E0            
13/10/23 08:23:33 0250 1                  44.767710 8.864583 00 00 303ACA49833FBF59D8B75555            
13/10/23 08:24:39 0251 1                  44.767652 8.864612 00 00 302EFE0FC920E9000000C31A            
13/10/23 08:25:28 0252 1                  44.767653 8.864582 00 00 30396062C387ADC00017D140            
13/10/23 08:27:41 0253 1                  44.764142 8.861198 00 00 303961354018F509502F9139            
13/10/23 08:27:41 0254 1                  44.764142 8.861198 00 00 3035EBBE4850E30000002738            
13/10/23 08:27:42 0255 1                  44.764142 8.861198 00 00 3039611942B6FF09502F9425            
13/10/23 08:30:18 0256 1                  44.764185 8.861310 00 00 303ACA4983808B59D8B64884            
13/10/23 08:30:18 0257 1                  44.764185 8.861310 00 00 3035EBCBD81EEB4047868DD5            
13/10/23 08:30:19 0258 1                  44.764185 8.861310 00 00 303ACA4983A772DAC688F39B            
13/10/23 08:30:19 0259 1                  44.764190 8.861308 00 00 303ACA4983802DD9D8B6A0D1            
13/10/23 08:30:19 0260 1                  44.764190 8.861308 00 00 313831323045303137313437            
13/10/23 08:30:20 0261 1                  44.764190 8.861308 00 00 303ACB03401BB819D8B673E4            
13/10/23 08:30:20 0262 1                  44.764190 8.861308 00 00 3035EBCBD81FB84047868CAF            
13/10/23 08:31:02 0263 1                  44.764240 8.861340 00 00 3231303234304A3034393637            
13/10/23 08:32:32 0264 1                  44.764648 8.861695 00 00 30340BE628167439548DE006            
13/10/23 08:32:32 0265 1                  44.764648 8.861695 00 00 313931323045303330353935            
13/10/23 08:32:33 0266 1                  44.764648 8.861695 00 00 303ACA49836B2919D8B69EDD            
13/10/23 08:32:36 0267 1                  44.764653 8.861695 00 00 31393132304530B330353935            
13/10/23 08:32:51 0268 1                  44.764653 8.861708 00 00 313831323045303135393237            
13/10/23 08:33:18 0269 1                  44.764678 8.861727 00 00 313931313030433030303631            
13/10/23 08:34:33 0270 1                  44.764552 8.861327 00 00 303ACB034051691AC688C64A            
13/10/23 08:34:53 0271 1                  44.764507 8.861295 00 00 3035EBA1BC1FE2C01A01AA3A            
13/10/23 08:34:55 0272 1                  44.764502 8.861292 00 00 313831323045303136393338            
13/10/23 08:35:00 0273 1                  44.764487 8.861278 00 00 303ACB034085CCDC66679F28            
13/10/23 08:35:00 0274 1                  44.764487 8.861278 00 00 313831323045303137323437            
13/10/23 08:35:09 0275 1                  44.764477 8.861267 00 00 313831323045303137323237            
13/10/23 08:36:14 0276 1                  44.765363 8.861927 00 00 313831323045303137313430            
13/10/23 08:42:53 0277 1                  44.782705 8.879577 00 00 303515BCE00BCF9C000001D0            
13/10/23 08:42:53 0278 1                  44.782705 8.879577 00 00 303515BAE85FAD8800000BD0            
13/10/23 08:42:53 0279 1                  44.782707 8.879577 00 00 313931313030433030303133            
13/10/23 08:43:23 0280 1                  44.782717 8.879575 00 00 313931313030433030303134            
13/10/23 08:43:51 0281 1                  44.782708 8.879570 00 00 313931313030433030343733            
13/10/23 08:46:39 0000 s 01503ver01 0 0 00 00
13/10/23 08:47:16 0282 1                  44.778733 8.867627 00 00 303ACB034085CCDC66679F28            
13/10/23 08:47:16 0283 1                  44.778733 8.867627 00 00 3035EBCBD81EEB4047868DD5            
13/10/23 08:47:16 0284 1                  44.778733 8.867627 00 00 3035EBCBD81EEB4047868DD5            
13/10/23 08:47:17 0285 1                  44.778707 8.867430 00 00 303ACB034085CCDC66679F28            
13/10/23 08:56:14 0286 1                  44.762697 8.861200 00 00 303ACB034085CCDC66679F28            
13/10/23 08:56:14 0287 1                  44.762697 8.861200 00 00 3035EBCBD81EEB4047868DD5            
13/10/23 08:59:19 0288 1                  44.767728 8.864517 00 00 3039611942B6FF09502F9425            
13/10/23 08:59:19 0289 1                  44.767728 8.864517 00 00 303515BCE00BCF9C000001D0            
13/10/23 08:59:21 0290 1                  44.767728 8.864518 00 00 303ACB034051691AC688C64A            
13/10/23 09:00:23 0291 1                  44.767747 8.864543 00 00 3036037F882B7F04060006E0            
13/10/23 09:00:30 0292 1                  44.767743 8.864535 00 00 3035EBA1BC1FE2C01A01AA3A            
13/10/23 09:00:30 0293 1                  44.767743 8.864535 00 00 3035EA594418C607FE0006DB            
13/10/23 09:00:45 0294 1                  44.767735 8.864535 00 00 303ACA498364329AC688D179            
13/10/23 09:00:46 0295 1                  44.767735 8.864535 00 00 3035EA594418F547FE000312            
13/10/23 09:00:46 0296 1                  44.767735 8.864535 00 00 30360372D82214000D6947AA            
13/10/23 09:00:47 0297 1                  44.767735 8.864535 00 00 30360372D81B0E000D693FB8            
13/10/23 09:00:47 0298 1                  44.767733 8.864537 00 00 303549A3C034C18CCE416678            
13/10/23 09:00:47 0299 1                  44.767733 8.864537 00 00 30396062437BCC0000378C6F            
13/10/23 09:00:48 0300 1                  44.767733 8.864537 00 00 3035EA594418E0C7FE000029            
13/10/23 09:00:48 0301 1                  44.767733 8.864537 00 00 3035EB5FA04049001C03DA25            
13/10/23 09:00:54 0302 1                  44.767728 8.864542 00 00 3036037F883795840200178A            
13/10/23 09:00:56 0303 1                  44.767727 8.864543 00 00 3036037F884E0A4402000DFA            
13/10/23 09:00:57 0304 1                  44.767725 8.864545 00 00 303ACB034032D1D9D8B66636            
13/10/23 09:01:00 0305 1                  44.767723 8.864548 00 00 30340C000002A42CBB72C006            
13/10/23 09:01:10 0306 1                  44.767720 8.864560 00 00 303ACB03402C9A19D8B6AD75            
13/10/23 09:01:32 0307 1                  44.767727 8.864595 00 00 3036143BB01015CBA7FB20DE            
13/10/23 09:01:51 0308 1                  44.767738 8.864583 00 00 30361420FC381E4BA894A89B            
13/10/23 09:02:03 0309 1                  44.767742 8.864578 00 00 3035EA594419B9C7FE0003AA            
13/10/23 09:02:10 0310 1                  44.767743 8.864567 00 00 202100005546669111111111            
13/10/23 09:02:12 0311 1                  44.767743 8.864560 00 00 30340BEA9852FBD1FB020C03            
13/10/23 09:02:20 0312 1                  44.767738 8.864555 00 00 303ACA49835612D99C82D048            
13/10/23 09:02:20 0313 1                  44.767738 8.864555 00 00 3035EB7F18312480040A256D            
13/10/23 09:02:20 0314 1                  44.767738 8.864555 00 00 303549A62860548CCE4166B0            
13/10/23 09:02:21 0315 1                  44.767738 8.864555 00 00 202100005275134111111111            
13/10/23 09:02:21 0316 1                  44.767738 8.864555 00 00 3035EBB320016D87FE000FD0            
13/10/23 09:02:21 0317 1                  44.767738 8.864555 00 00 3035EB8ADC54DDC012001A61            
13/10/23 09:02:22 0318 1                  44.767737 8.864555 00 00 3035EA594418BD47FE000A92            
13/10/23 09:02:22 0319 1                  44.767737 8.864555 00 00 990C0000000000000012DD6F            
13/10/23 09:02:23 0320 1                  44.767737 8.864555 00 00 303ACA49839A8D1C5E6FD8EA            
13/10/23 09:02:24 0321 1                  44.767737 8.864557 00 00 3035EB8ADC54DEC004000991            
13/10/23 09:02:24 0322 1                  44.767737 8.864557 00 00 3035EBC0903B57174889C91A            
13/10/23 09:02:34 0323 1                  44.767733 8.864565 00 00 3035EB8ADC347B80040027EF            
13/10/23 09:02:34 0324 1                  44.767733 8.864565 00 00 3035EBDF784A5D800809E7D4            
13/10/23 09:02:41 0325 1                  44.767735 8.864567 00 00 3035EB8ADC4E9A8008009A99            
13/10/23 09:04:06 0326 1                  44.767705 8.864603 00 00 0068B3AF7F0000000000BDF8            
13/10/23 09:04:06 0327 1                  44.767705 8.864603 00 00 202100005491167111111111            
13/10/23 09:05:26 0328 1                  44.767697 8.864565 00 00 303515BAE85FAD8800000BD0            
13/10/23 09:20:34 0000 s 01503ver01 44.817457 8.854253 00 00
13/10/23 09:20:50 0329 1                  44.817385 8.854660 00 00 303ACA49839A8D1C5E6FD8EA            
13/10/23 09:26:40 0330 1                  44.767727 8.864507 00 00 3036037F883795840200178A            
13/10/23 09:26:52 0331 1                  44.767710 8.864523 00 00 303ACB03408A8119D8B64019            
13/10/23 09:26:53 0332 1                  44.767710 8.864523 00 00 202100005275134111111111            
13/10/23 09:26:56 0333 1                  44.767707 8.864525 00 00 30395DFA82F16300001C285C            
13/10/23 09:26:58 0334 1                  44.767705 8.864525 00 00 303515BAE85FAD8800000BD0            
13/10/23 09:27:02 0335 1                  44.767705 8.864525 00 00 303515BCE009131C00000AAE            
13/10/23 09:27:02 0336 1                  44.767705 8.864525 00 00 3035EB8ADC11C287FE000DB1            
13/10/23 09:27:02 0337 1                  44.767705 8.864525 00 00 30396062C38DD5C00030BEAF            
13/10/23 09:27:04 0338 1                  44.767705 8.864527 00 00 30395DFA82C939C0001BF115            
13/10/23 09:27:05 0339 1                  44.767705 8.864527 00 00 3035EB8ADC34D2C004000357            
13/10/23 09:27:05 0340 1                  44.767705 8.864527 00 00 3035EBE314178E800207CFC5            
13/10/23 09:27:06 0341 1                  44.767705 8.864527 00 00 30340BE628166DCD4BF44806            
13/10/23 09:27:06 0342 1                  44.767705 8.864527 00 00 3035EBE314178F401210CB23            
13/10/23 09:27:06 0343 1                  44.767705 8.864527 00 00 3035EB8ADC55370004002C0B            
13/10/23 09:27:07 0344 1                  44.767705 8.864527 00 00 3035EBE314178E800207D22E            
13/10/23 09:27:07 0345 1                  44.767705 8.864527 00 00 3035EBE314178F401210A374            
13/10/23 09:27:07 0346 1                  44.767705 8.864527 00 00 3035EB8ADC34E94002003530            
13/10/23 09:27:08 0347 1                  44.767705 8.864527 00 00 3035EBC080607BC004011D9F            
13/10/23 09:27:08 0348 1                  44.767705 8.864527 00 00 3035EB8ADC35DE0008000E67            
13/10/23 09:27:08 0349 1                  44.767705 8.864527 00 00 3036001D4014D66B7ABF54ED            
13/10/23 09:27:09 0350 1                  44.767705 8.864527 00 00 3036001D401B0029405A11AF            
13/10/23 09:27:09 0351 1                  44.767705 8.864527 00 00 3035EB5FA03F19801C024D93            
13/10/23 09:27:09 0352 1                  44.767705 8.864527 00 00 3035EB8ADC34E30012000D13            
13/10/23 09:27:10 0353 1                  44.767705 8.864527 00 00 3035EB8ADC1634800800F6B7            
13/10/23 09:27:10 0354 1                  44.767705 8.864527 00 00 3035EBC080606680120093F6            
13/10/23 09:27:14 0355 1                  44.767705 8.864527 00 00 3035EBC080607BC004011BAE            
13/10/23 09:27:17 0356 1                  44.767705 8.864528 00 00 3035EB8ADC10F54002000F3B            
13/10/23 09:27:17 0357 1                  44.767705 8.864528 00 00 3035EB8ADC10F240020035A6            
13/10/23 09:27:17 0358 1                  44.767705 8.864528 00 00 3035EBC080607B800801C739            
13/10/23 09:27:18 0359 1                  44.767705 8.864530 00 00 3035EB5FA034E6000C03D4E4            
13/10/23 09:27:20 0360 1                  44.767705 8.864532 00 00 3035EBC0802B18800202AB88            
13/10/23 09:27:20 0361 1                  44.767705 8.864532 00 00 210378888700ABFA00000000            
13/10/23 10:04:24 0000 s 01503ver01 44.819933 8.855082 00 00
13/10/23 10:21:59 0362 1                  44.913140 8.871245 00 00 30340C00002792237AAD5406            
13/10/23 10:47:55 0000 s 01503ver01 44.792640 8.739523 00 00
