14/10/23 05:27:24 0000 s 01485ver01 44.882180 8.860050 00 00
14/10/23 05:50:59 0000 s 01485ver01 44.889675 8.860165 00 00
14/10/23 05:53:10 0001 1                  44.895763 8.862363 00 00 25705569A6B84B3201C35CF2            
14/10/23 05:56:28 0002 1                  44.900667 8.873428 00 00 3233303132304A3031333733            
14/10/23 06:00:07 0003 1                  44.902520 8.877387 00 00 111902000000000154685495            
14/10/23 06:00:52 0004 1                  44.902780 8.877330 00 00 313931323053303130383734            
14/10/23 06:00:54 0005 1                  44.902782 8.877330 00 00 313931323053303130383735            
14/10/23 06:01:23 0006 1                  44.902795 8.877252 00 00 3230303033304D3030373535            
14/10/23 06:01:37 0007 1                  44.902805 8.877222 00 00 3231303033304D3033363836            
14/10/23 06:03:27 0008 1                  44.902925 8.877230 00 00 313931323053303036323238            
14/10/23 06:05:18 0009 1                  44.902173 8.878785 00 00 3230303033304D3033333631            
14/10/23 06:05:18 0010 1                  44.902173 8.878785 00 00 30395DFA82FD8380002326BC            
14/10/23 06:06:15 0011 1                  44.902212 8.879938 00 00 3231303033304D3034383033            
14/10/23 06:06:55 0012 1                  44.901937 8.880018 00 00 3230303033304D3030393134            
14/10/23 06:08:00 0013 1                  44.901493 8.880340 00 00 313931323053303133333836            
14/10/23 06:09:19 0014 1                  44.901268 8.880347 00 00 313931323053303036393433            
14/10/23 06:10:32 0015 1                  44.901568 8.881332 00 00 313931323053303036393431            
14/10/23 06:10:36 0016 1                  44.901577 8.881330 00 00 3231303132304A3039323535            
14/10/23 06:11:52 0017 1                  44.901650 8.881707 00 00 313931323053303031333638            
14/10/23 06:13:49 0018 1                  44.902313 8.881312 00 00 313931323053307131363439            
14/10/23 06:13:58 0019 1                  44.902330 8.881340 00 00 313931323053303131363334            
14/10/23 06:15:04 0020 1                  44.902253 8.881178 00 00 313931323053303131363338            
14/10/23 06:16:14 0021 1                  44.902270 8.881068 00 00 313931323053303131363438            
14/10/23 06:16:26 0022 1                  44.902278 8.881067 00 00 313931323053303131363530            
14/10/23 06:17:38 0023 1                  44.902240 8.880907 00 00 313931323053303131343033            
14/10/23 06:17:50 0024 1                  44.902220 8.880888 00 00 313931323053303031373834            
14/10/23 06:19:06 0025 1                  44.902132 8.880640 00 00 313931323053303133343536            
14/10/23 06:21:06 0026 1                  44.903098 8.882195 00 00 313931323053303036383238            
14/10/23 06:21:12 0027 1                  44.903087 8.882180 00 00 313931323053303034353436            
14/10/23 06:21:45 0028 1                  44.903067 8.882150 00 00 3232303132304A3030333331            
14/10/23 06:22:18 0029 1                  44.903093 8.882205 00 00 3232303132304A3030313134            
14/10/23 06:22:34 0030 1                  44.903082 8.882192 00 00 313931323053303033323837            
14/10/23 06:25:04 0031 1                  44.904680 8.884965 00 00 313931323053303132333035            
14/10/23 06:28:44 0032 1                  44.905672 8.887318 00 00 313932343053303030303739            
14/10/23 06:28:51 0033 1                  44.905677 8.887312 00 00 313932343053303030303831            
14/10/23 06:32:12 0034 1                  44.905682 8.892617 00 00 313931323053303038383634            
14/10/23 06:33:24 0035 1                  44.905613 8.893763 00 00 313931323053303032383334            
14/10/23 06:35:09 0036 1                  44.906283 8.898197 00 00 313931323053303131303435            
14/10/23 06:38:08 0037 1                  44.906072 8.896893 00 00 313931323053303039343533            
14/10/23 06:39:37 0038 1                  44.906010 8.896415 00 00 3232303132304A3030333639            
14/10/23 06:41:15 0039 1                  44.905897 8.893447 00 00 313932343053303030353935            
14/10/23 06:41:25 0040 1                  44.905905 8.893442 00 00 313931323053303033353031            
14/10/23 06:42:58 0041 1                  44.906053 8.890653 00 00 313931323053303131333934            
14/10/23 06:45:02 0042 1                  44.904767 8.885302 00 00 3231303132304A3037313037            
14/10/23 06:46:19 0043 1                  44.904208 8.883842 00 00 313931323053303034323337            
14/10/23 06:46:27 0044 1                  44.904203 8.883842 00 00 313931323053303032373736            
14/10/23 06:47:38 0045 1                  44.904983 8.884200 00 00 313931323053303033333038            
14/10/23 06:48:39 0046 1                  44.905232 8.884292 00 00 313931323053303032363430            
14/10/23 06:50:55 0047 1                  44.906508 8.882148 00 00 313931323053303038313637            
14/10/23 06:50:58 0048 1                  44.906507 8.882153 00 00 313931323053303038393737            
14/10/23 06:51:40 0049 1                  44.906520 8.882295 00 00 313931323053303038373335            
14/10/23 06:53:37 0050 1                  44.905805 8.882583 00 00 313931323053303130323930            
14/10/23 06:53:43 0051 1                  44.905793 8.882605 00 00 313931323053303130333032            
14/10/23 06:54:53 0052 1                  44.905852 8.882983 00 00 313931323053303038353730            
14/10/23 06:54:59 0053 1                  44.905852 8.882975 00 00 313931323053303038353236            
14/10/23 06:56:22 0054 1                  44.905830 8.883050 00 00 3231303132304A3035383838            
14/10/23 06:56:25 0055 1                  44.905830 8.883053 00 00 313931323053303131373739            
14/10/23 06:57:06 0056 1                  44.905833 8.883053 00 00 3233303132304A3030323034            
14/10/23 06:57:35 0057 1                  44.905832 8.883060 00 00 313931323053303131303730            
14/10/23 06:58:00 0058 1                  44.905805 8.883062 00 00 313931323053303131343133            
14/10/23 06:59:34 0059 1                  44.905887 8.883778 00 00 313931323053303036353732            
14/10/23 07:00:51 0060 1                  44.906003 8.883917 00 00 313931323053303032303632            
14/10/23 07:00:59 0061 1                  44.906002 8.883923 00 00 313931323053303031333636            
14/10/23 07:02:55 0062 1                  44.905457 8.882308 00 00 313931323053303132303136            
14/10/23 07:03:05 0063 1                  44.905453 8.882317 00 00 313931323053303130393231            
14/10/23 07:05:02 0064 1                  44.905598 8.881860 00 00 313931323053303038353234            
14/10/23 07:05:10 0065 1                  44.905578 8.881820 00 00 313931323053303132373231            
14/10/23 07:06:23 0066 1                  44.905415 8.882038 00 00 313931323053303039313434            
14/10/23 07:08:04 0067 1                  44.904532 8.881568 00 00 3231303132304A3039333439            
14/10/23 07:08:10 0068 1                  44.904530 8.881567 00 00 313931323053303132323637            
14/10/23 07:08:39 0069 1                  44.904520 8.881563 00 00 313931323053303132383135            
14/10/23 07:08:48 0070 1                  44.904518 8.881560 00 00 3232303132304A3030343436            
14/10/23 07:10:11 0071 1                  44.904375 8.882387 00 00 313931323053303033393332            
14/10/23 07:11:39 0072 1                  44.904770 8.882707 00 00 3233303132304A3030313937            
14/10/23 07:11:57 0073 1                  44.904777 8.882705 00 00 313931323053303130343733            
14/10/23 07:12:20 0074 1                  44.904777 8.882712 00 00 313931323053303033343536            
14/10/23 07:12:26 0075 1                  44.904775 8.882708 00 00 313931323053303130373632            
14/10/23 07:13:14 0076 1                  44.904735 8.882757 00 00 3232303132304A3030313931            
14/10/23 07:13:32 0077 1                  44.904730 8.882775 00 00 313931323053303130313836            
14/10/23 07:14:02 0078 1                  44.904738 8.882757 00 00 313931323053303130373633            
14/10/23 07:15:48 0079 1                  44.904377 8.883032 00 00 313931323053303133383339            
14/10/23 07:17:33 0080 1                  44.904085 8.881918 00 00 313931323053303034323638            
14/10/23 07:18:42 0081 1                  44.903860 8.881868 00 00 3233303132304A3030323037            
14/10/23 07:18:49 0082 1                  44.903868 8.881852 00 00 313931323053303133393436            
14/10/23 07:20:03 0083 1                  44.903985 8.881660 00 00 3232303132304A3030313734            
14/10/23 07:21:35 0084 1                  44.904090 8.881672 00 00 313931323053303131353936            
14/10/23 07:22:51 0085 1                  44.904087 8.880997 00 00 313931323053303133373833            
14/10/23 07:23:08 0086 1                  44.904090 8.880997 00 00 313931323053303131323735            
14/10/23 07:24:22 0087 1                  44.904073 8.881205 00 00 3233303132304A3030323036            
14/10/23 07:24:26 0088 1                  44.904053 8.881200 00 00 313931323053303131333734            
14/10/23 07:25:15 0089 1                  44.903910 8.881188 00 00 313931323053303131343839            
14/10/23 07:25:15 0090 1                  44.903910 8.881188 00 00 313931323053323131343839            
14/10/23 07:28:55 0091 1                  44.904070 8.879893 00 00 313931323053303038313831            
14/10/23 07:30:12 0092 1                  44.903988 8.879327 00 00 313931323053303131303132            
14/10/23 07:30:17 0093 1                  44.903993 8.879315 00 00 313931323053303131393238            
14/10/23 07:31:20 0094 1                  44.904005 8.879453 00 00 313931323053303038383432            
14/10/23 07:32:54 0095 1                  44.903545 8.879338 00 00 3231303132304A3034313837            
14/10/23 07:34:30 0096 1                  44.903352 8.879185 00 00 313931323053303033313035            
14/10/23 07:35:34 0097 1                  44.903365 8.879118 00 00 313931323053303130343931            
14/10/23 07:35:40 0098 1                  44.903372 8.879118 00 00 313931323053303130313831            
14/10/23 07:36:44 0099 1                  44.903448 8.878963 00 00 313931323053303130393237            
14/10/23 07:36:54 0100 1                  44.903453 8.878845 00 00 3232303132304A3030333537            
14/10/23 07:38:08 0101 1                  44.903453 8.878697 00 00 313931323053303132303831            
14/10/23 07:39:10 0102 1                  44.903430 8.878547 00 00 313931323053303035303137            
14/10/23 07:40:24 0103 1                  44.903468 8.878510 00 00 313931323053303133353730            
14/10/23 07:41:55 0104 1                  44.903515 8.878775 00 00 313931323053303130313739            
14/10/23 07:44:01 0105 1                  44.903173 8.878818 00 00 313931323053303130393236            
14/10/23 07:51:21 0106 1                  44.895682 8.862148 00 00 313832554358313235303135            
14/10/23 08:35:04 0000 s 01485ver01 44.879315 8.856210 00 00
14/10/23 08:49:52 0107 1                  44.904088 8.885397 00 00 313931323053303031333738            
14/10/23 08:51:50 0108 1                  44.904062 8.885978 00 00 313931323053303031333834            
14/10/23 08:52:44 0109 1                  44.904297 8.885768 00 00 313931323053303031333832            
14/10/23 08:55:11 0110 1                  44.903628 8.885505 00 00 313931323053303038383739            
14/10/23 08:57:54 0111 1                  44.903553 8.887387 00 00 313931323053303133383439            
14/10/23 08:59:34 0112 1                  44.903897 8.887042 00 00 313931323053303031333730            
14/10/23 09:01:12 0113 1                  44.902920 8.887475 00 00 313931323053303131323234            
14/10/23 09:03:06 0114 1                  44.903112 8.886212 00 00 313931323053303032303634            
14/10/23 09:04:04 0115 1                  44.903138 8.886188 00 00 3231303234304A3032353638            
14/10/23 09:05:50 0116 1                  44.902735 8.885375 00 00 3231303132304A3031343632            
14/10/23 09:06:37 0117 1                  44.902672 8.885160 00 00 313931323053303036353631            
14/10/23 09:08:23 0118 1                  44.901947 8.884713 00 00 313931323053303031363734            
14/10/23 09:09:37 0119 1                  44.901825 8.884488 00 00 313931323053303133303331            
14/10/23 09:11:35 0120 1                  44.902513 8.884532 00 00 313931323053303036303537            
14/10/23 09:22:32 0121 1                  44.901035 8.883303 00 00 313931323053303032383337            
14/10/23 09:28:07 0000 s 01485ver01 44.899127 8.882518 00 00
14/10/23 09:32:33 0122 1                  44.903098 8.873315 00 00 25705569A686CF8371C38CF8            
14/10/23 09:42:59 0123 1                  44.920162 8.853497 00 00 30395DFA817D14023D700EC8            
14/10/23 09:43:40 0124 1                  44.920127 8.853480 00 00 30396062438C9B00001C8B3C            
