07/11/23 04:58:47 0000 s 01500ver01 44.882203 8.859907 00 00
07/11/23 04:58:52 0000 s 01500ver01 44.882203 8.859907 00 00
07/11/23 05:11:16 0000 s 01500ver01 44.882448 8.860007 00 00
07/11/23 05:23:16 0000 s 01500ver01 44.882685 8.859920 00 00
07/11/23 05:28:34 0000 s 01500ver01 44.882730 8.859793 00 00
07/11/23 05:28:38 0000 s 01500ver01 44.882730 8.859793 00 00
07/11/23 05:47:14 0001 1                  44.975118 8.810868 00 00 313832343045303032363438            
07/11/23 05:49:13 0002 1                  44.977107 8.810137 00 00 3233303234304A3030303232            
07/11/23 05:50:36 0003 1                  44.977475 8.809963 00 00 3232303234304A3030313636            
07/11/23 05:50:41 0004 1                  44.977477 8.809962 00 00 323032343056303030343931            
07/11/23 05:51:14 0005 1                  44.977503 8.809933 00 00 3231303234304A3031363330            
07/11/23 05:54:04 0006 1                  44.977873 8.809843 00 00 3231303234304A3030343134            
07/11/23 05:54:06 0007 1                  44.977877 8.809840 00 00 313832343045303033333232            
07/11/23 05:55:22 0008 1                  44.978388 8.809563 00 00 3231303234304A3033363139            
07/11/23 05:57:10 0009 1                  44.980222 8.808837 00 00 313932343056303030313533            
07/11/23 05:58:33 0010 1                  44.980595 8.810060 00 00 313832343045303031323132            
07/11/23 06:01:11 0011 1                  44.982038 8.809457 00 00 313832343045303031373533            
07/11/23 06:01:11 0012 1                  44.982038 8.809457 00 00 3231303234304A3031303435            
07/11/23 06:02:27 0013 1                  44.981943 8.809962 00 00 313832343045303032363935            
07/11/23 06:04:09 0014 1                  44.981035 8.811825 00 00 313832343045303032383931            
07/11/23 06:05:17 0015 1                  44.981128 8.812215 00 00 313930313137303436393132            
07/11/23 06:05:26 0016 1                  44.981188 8.812150 00 00 313932343056303030333531            
07/11/23 06:06:59 0017 1                  44.981423 8.810717 00 00 313832353045303033303638            
07/11/23 06:08:10 0018 1                  44.981817 8.808962 00 00 3232303234304A3030303830            
07/11/23 06:11:04 0019 1                  44.983780 8.808002 00 00 313832343045303032373739            
07/11/23 06:12:06 0020 1                  44.983767 8.809313 00 00 3231303234304A3032393930            
07/11/23 06:13:06 0021 1                  44.983543 8.810097 00 00 313832343045303030343039            
07/11/23 06:17:44 0022 1                  44.982867 8.809362 00 00 313832343045303031373030            
07/11/23 06:18:08 0023 1                  44.982873 8.809330 00 00 313832343045303032313038            
07/11/23 06:21:44 0024 1                  44.984575 8.808378 00 00 313832343045303031333537            
07/11/23 06:21:47 0025 1                  44.984577 8.808382 00 00 3233303234304A3030303332            
07/11/23 06:23:10 0026 1                  44.984300 8.807552 00 00 3233303234304A3030303732            
07/11/23 06:23:10 0027 1                  44.984300 8.807552 00 00 3233303234304A3030333133            
07/11/23 06:25:45 0028 1                  44.983790 8.807335 00 00 313832343045303033333133            
07/11/23 06:28:07 0029 1                  44.982555 8.807640 00 00 313832343045303032393535            
07/11/23 06:31:22 0030 1                  44.982850 8.805867 00 00 313832343045303031373837            
07/11/23 06:31:41 0031 1                  44.982865 8.805882 00 00 313832343045303030373036            
07/11/23 06:34:31 0032 1                  44.981477 8.807535 00 00 313832343045303031333632            
07/11/23 06:36:13 0033 1                  44.981795 8.807800 00 00 313832343045303031353633            
07/11/23 06:37:47 0034 1                  44.982057 8.806318 00 00 313832343045303031343632            
07/11/23 06:42:49 0035 1                  44.980040 8.805692 00 00 3232303234304A3030353937            
07/11/23 06:42:55 0036 1                  44.980035 8.805688 00 00 3233303234304A3030313531            
07/11/23 06:43:58 0037 1                  44.979035 8.806142 00 00 3231303234304A3033363739            
07/11/23 06:45:00 0038 1                  44.979325 8.806003 00 00 323030323545303038353731            
07/11/23 06:46:25 0039 1                  44.980643 8.806148 00 00 313832343045303033303132            
07/11/23 06:47:40 0040 1                  44.980653 8.806832 00 00 313832343045303033303633            
07/11/23 06:48:33 0041 1                  44.980622 8.807178 00 00 3231303234304A3030383332            
07/11/23 06:51:31 0042 1                  44.980007 8.807548 00 00 313832343045303032313638            
07/11/23 06:52:00 0043 1                  44.980043 8.807552 00 00 3232303234304A3030323639            
07/11/23 06:57:21 0044 1                  44.979847 8.810227 00 00 313832343045303031323038            
07/11/23 06:58:57 0045 1                  44.979275 8.810152 00 00 313832343045303031323036            
07/11/23 07:00:38 0046 1                  44.978955 8.809863 00 00 313832343045303031393934            
07/11/23 07:02:17 0047 1                  44.978685 8.811448 00 00 313832343045303032303734            
07/11/23 07:03:46 0048 1                  44.977582 8.811322 00 00 313832343045303031313439            
07/11/23 07:04:30 0049 1                  44.977455 8.811333 00 00 3231303234304A3033303034            
07/11/23 07:05:19 0050 1                  44.976987 8.811385 00 00 313832343045303031383231            
07/11/23 07:09:57 0051 1                  44.978515 8.811750 00 00 160794000400500000000000            
07/11/23 07:13:17 0052 1                  44.978560 8.812552 00 00 313832343045303031313239            
07/11/23 07:14:42 0053 1                  44.979140 8.812868 00 00 313832343045303032303835            
07/11/23 07:15:48 0054 1                  44.980003 8.813418 00 00 313832343045303031393439            
07/11/23 07:17:00 0055 1                  44.980668 8.813433 00 00 313832343045303032303739            
07/11/23 07:17:40 0056 1                  44.980752 8.813422 00 00 3231303234304A3034303239            
07/11/23 07:17:40 0057 1                  44.980752 8.813422 00 00 3231303234304A3034303330            
07/11/23 07:18:54 0058 1                  44.980888 8.814098 00 00 313832343045303031363631            
07/11/23 07:18:56 0059 1                  44.980892 8.814095 00 00 313832343045303031363539            
07/11/23 07:19:40 0060 1                  44.980870 8.814535 00 00 31520605426040802BE80000            
07/11/23 07:20:12 0061 1                  44.981357 8.814740 00 00 3232303234304A3030333334            
07/11/23 07:22:35 0062 1                  44.981217 8.816363 00 00 3233303234304A3030333531            
07/11/23 07:23:35 0063 1                  44.981512 8.816513 00 00 313832343045303031343832            
07/11/23 07:24:24 0064 1                  44.981665 8.816600 00 00 313832343045303032343836            
07/11/23 07:28:55 0065 1                  44.980347 8.814742 00 00 3233303234304A3030303331            
07/11/23 07:29:44 0066 1                  44.979958 8.814722 00 00 313832743045303031353336            
07/11/23 07:31:01 0067 1                  44.979868 8.814472 00 00 313832343045303031353331            
07/11/23 07:31:51 0068 1                  44.979882 8.814140 00 00 313832343045303031353239            
07/11/23 07:32:37 0069 1                  44.979895 8.813992 00 00 313832343045303031383439            
07/11/23 07:34:46 0070 1                  44.979763 8.811248 00 00 313932343056303030353233            
07/11/23 07:35:22 0071 1                  44.979758 8.811218 00 00 313832343045303031363639            
07/11/23 07:36:49 0072 1                  44.979482 8.811393 00 00 313832343045303031323434            
07/11/23 07:36:49 0073 1                  44.979482 8.811393 00 00 313832343045303031363730            
07/11/23 07:37:19 0074 1                  44.979500 8.811387 00 00 313832343045303031363638            
07/11/23 07:43:29 0075 1                  44.984137 8.810873 00 00 313832343045303031373432            
07/11/23 07:43:29 0076 1                  44.984137 8.810873 00 00 313832343045303031373430            
07/11/23 07:45:18 0077 1                  44.984475 8.810207 00 00 313832343045303031303733            
07/11/23 07:46:35 0078 1                  44.984697 8.811078 00 00 313832343045303031353235            
07/11/23 07:48:17 0079 1                  44.983583 8.813022 00 00 313832343045303032393939            
07/11/23 07:48:56 0080 1                  44.983512 8.813493 00 00 313832343045303032373834            
07/11/23 07:49:54 0081 1                  44.983463 8.813727 00 00 313832343045303030363535            
07/11/23 07:51:12 0082 1                  44.983462 8.814002 00 00 313832343045303031363232            
07/11/23 07:52:55 0083 1                  44.982872 8.814113 00 00 313832343045303031333235            
07/11/23 07:54:17 0084 1                  44.984325 8.814348 00 00 3233303234304A3030313735            
07/11/23 07:55:06 0085 1                  44.984577 8.814382 00 00 3231303234304A3033393833            
07/11/23 07:57:12 0086 1                  44.984068 8.813313 00 00 3233303234304A3030343631            
07/11/23 07:58:04 0087 1                  44.984092 8.813067 00 00 313832343045303032373436            
07/11/23 07:58:04 0088 1                  44.984092 8.813067 00 00 313832343045303031393135            
07/11/23 08:11:58 0000 s 01500ver01 44.983253 8.812265 00 00
07/11/23 08:12:27 0000 s 01500ver01 44.983258 8.812277 00 00
07/11/23 08:22:02 0089 1                  44.996460 8.837043 00 00 31383234304A303031393036            
07/11/23 08:28:41 0090 1                  45.000183 8.833897 00 00 3231303234304A3031303539            
07/11/23 08:44:05 0091 1                  44.985260 8.816250 00 00 3232303234304A3030313334            
07/11/23 08:46:23 0092 1                  44.984840 8.813512 00 00 313832343045303032343035            
07/11/23 08:50:40 0093 1                  44.986002 8.811680 00 00 313832343045303032323531            
07/11/23 08:54:06 0094 1                  44.986985 8.812650 00 00 313832343045303031353535            
07/11/23 08:54:55 0095 1                  44.986832 8.812343 00 00 3232303234304A3030353938            
07/11/23 08:58:15 0096 1                  44.985540 8.810405 00 00 313832343045303031343834            
07/11/23 09:02:19 0097 1                  44.986922 8.811377 00 00 313832343045303031363436            
07/11/23 09:03:45 0098 1                  44.987500 8.811348 00 00 3232303234304A3030323734            
07/11/23 09:24:46 0000 s 01500ver01 44.985098 8.808665 00 00
07/11/23 09:24:48 0000 s 01500ver01 44.985098 8.808665 00 00
07/11/23 09:35:06 0099 1                  44.969868 8.839077 00 00 3230303234304A3030343635            
07/11/23 09:35:14 0100 1                  44.969870 8.839080 00 00 3230303234304A3030343634            
07/11/23 09:37:34 0101 1                  44.968642 8.837203 00 00 3232303234304A3030353838            
07/11/23 10:23:19 0000 s 01500ver01 44.882340 8.860265 00 00
07/11/23 10:23:23 0000 s 01500ver01 44.882347 8.860272 00 00
07/11/23 10:24:58 0000 s 01500ver01 44.882152 8.859862 00 00
07/11/23 10:25:35 0000 s 01500ver01 44.882067 8.859935 00 00
07/11/23 11:16:31 0000 s 01500ver01 44.881998 8.860007 00 00
07/11/23 11:41:15 0102 1                  44.963700 8.933272 00 00 31383132304A303234363937            
07/11/23 11:42:05 0103 1                  44.963463 8.933595 00 00 31383033304D303034343133            
07/11/23 11:42:13 0104 1                  44.963467 8.933597 00 00 31383033304D303033383639            
07/11/23 11:42:22 0105 1                  44.963468 8.933595 00 00 31383033304D303034343430            
07/11/23 11:42:28 0106 1                  44.963463 8.933595 00 00 31383033304D303034343036            
07/11/23 11:42:40 0107 1                  44.963457 8.933595 00 00 313931323050303032373532            
07/11/23 11:44:51 0108 1                  44.963005 8.934408 00 00 3035EBE3145E52401E0BBADC            
07/11/23 11:45:25 0109 1                  44.963023 8.934393 00 00 3035EBDF7800F3401E11ABC8            
07/11/23 11:45:27 0110 1                  44.963023 8.934393 00 00 3035EBE3145E52401E09C7BD            
07/11/23 11:45:27 0111 1                  44.963023 8.934393 00 00 3035EBE3145E52401E0F430E            
07/11/23 11:45:28 0112 1                  44.963023 8.934393 00 00 3139313130304A3032313430            
07/11/23 11:47:08 0113 1                  44.962815 8.934793 00 00 3231303033304D3032373431            
07/11/23 11:48:18 0114 1                  44.962200 8.935948 00 00 31383132304A303237343535            
07/11/23 11:48:28 0115 1                  44.962210 8.935965 00 00 31383132304A303237303439            
07/11/23 11:49:02 0116 1                  44.962227 8.935995 00 00 31383132304A303236333732            
07/11/23 11:49:03 0117 1                  44.962228 8.935995 00 00 31383132304A303236333733            
07/11/23 11:49:49 0118 1                  44.962230 8.936002 00 00 31383132304A303236303033            
07/11/23 11:51:57 0119 1                  44.961323 8.935602 00 00 31383132304A303138383230            
07/11/23 11:52:01 0120 1                  44.961325 8.935602 00 00 31383132304A303237323830            
07/11/23 11:53:49 0121 1                  44.961932 8.934523 00 00 31383132304A303235353931            
07/11/23 11:53:50 0122 1                  44.961932 8.934523 00 00 31383132304A303237323832            
07/11/23 11:54:47 0123 1                  44.961943 8.934507 00 00 313931313030503030303439            
07/11/23 11:55:37 0124 1                  44.961957 8.934493 00 00 3139313130304A3032303032            
07/11/23 11:57:13 0125 1                  44.962563 8.933235 00 00 313931323050303034333938            
07/11/23 11:58:19 0126 1                  44.963105 8.932275 00 00 313931323050303037343738            
07/11/23 11:58:39 0127 1                  44.963120 8.932255 00 00 31383132304A303234373730            
07/11/23 12:00:03 0128 1                  44.962517 8.931308 00 00 31383132304A303232323032            
07/11/23 12:00:05 0129 1                  44.962517 8.931308 00 00 31383132304A303232363637            
07/11/23 12:00:33 0130 1                  44.962513 8.931328 00 00 31383132304A303232323035            
07/11/23 12:02:47 0131 1                  44.962347 8.931597 00 00 31383132304A303236363733            
07/11/23 12:02:49 0132 1                  44.962345 8.931597 00 00 31383132304A303237343739            
07/11/23 12:03:46 0133 1                  44.962265 8.931795 00 00 31383132304A303236363731            
07/11/23 12:04:03 0134 1                  44.962258 8.931798 00 00 313931323050303036303735            
07/11/23 12:04:07 0135 1                  44.962258 8.931800 00 00 30340BF8E85A6A69C3F36404            
07/11/23 12:05:02 0136 1                  44.962133 8.932035 00 00 31383132304A303236363734            
07/11/23 12:05:31 0137 1                  44.962120 8.932052 00 00 31383132304A303234373735            
07/11/23 12:06:30 0138 1                  44.961820 8.932512 00 00 31383132304A303234343337            
07/11/23 12:07:40 0139 1                  44.961642 8.932750 00 00 31383132304A303236303130            
07/11/23 12:07:41 0140 1                  44.961642 8.932750 00 00 31383132304A303236313638            
07/11/23 12:09:21 0141 1                  44.961398 8.933192 00 00 31383132304A303236303134            
07/11/23 12:09:24 0142 1                  44.961398 8.933192 00 00 31383132304A303236313631            
07/11/23 12:10:39 0143 1                  44.961142 8.933678 00 00 313932343045303030363536            
07/11/23 12:11:58 0144 1                  44.961020 8.934028 00 00 31383132304A303236303037            
07/11/23 12:12:29 0145 1                  44.960998 8.934088 00 00 31383132304A303231353138            
07/11/23 12:15:00 0146 1                  44.959510 8.934618 00 00 31383132304A303235383738            
07/11/23 12:15:12 0147 1                  44.959505 8.934617 00 00 31383132304A303235383735            
07/11/23 12:17:06 0148 1                  44.959745 8.934128 00 00 31383033304D303036333435            
07/11/23 12:17:46 0149 1                  44.959720 8.934130 00 00 313931323050303132383536            
07/11/23 12:17:47 0150 1                  44.959720 8.934130 00 00 313931323050303038383334            
07/11/23 12:18:13 0151 1                  44.959698 8.934142 00 00 31383033304D303036323331            
07/11/23 12:18:21 0152 1                  44.959697 8.934142 00 00 31383033304D303036323336            
07/11/23 12:18:41 0153 1                  44.959703 8.934145 00 00 313931323050303039313535            
07/11/23 12:18:44 0154 1                  44.959703 8.934147 00 00 3231303033304D3032363437            
07/11/23 12:20:30 0155 1                  44.959930 8.933768 00 00 3139313130304A3032313530            
07/11/23 12:21:15 0156 1                  44.959923 8.933762 00 00 3231303033304D3033313138            
07/11/23 12:21:32 0157 1                  44.959915 8.933750 00 00 31383033304D303034333833            
07/11/23 12:22:18 0158 1                  44.959898 8.933742 00 00 31383132304A303236333334            
07/11/23 12:22:29 0159 1                  44.959900 8.933738 00 00 31383132304A303236373934            
07/11/23 12:24:10 0160 1                  44.960138 8.933310 00 00 3139313130304A3032313136            
07/11/23 12:25:12 0161 1                  44.960260 8.933098 00 00 31383132304A303237343938            
07/11/23 12:25:12 0162 1                  44.960260 8.933098 00 00 31383033304D303033383830            
07/11/23 12:25:56 0163 1                  44.960257 8.933048 00 00 313932343045303030363630            
07/11/23 12:26:28 0164 1                  44.960243 8.933065 00 00 31383132304A303234373432            
07/11/23 12:26:39 0165 1                  44.960247 8.933078 00 00 31383132304A303234373434            
07/11/23 12:28:58 0166 1                  44.960852 8.933160 00 00 31383132304A303230363730            
07/11/23 12:29:14 0167 1                  44.960860 8.933165 00 00 313932343045303030363639            
07/11/23 12:29:51 0168 1                  44.960868 8.933182 00 00 3231303033304D3032393639            
07/11/23 12:30:50 0169 1                  44.961428 8.933715 00 00 31383033304D303034333630            
07/11/23 12:31:29 0170 1                  44.961522 8.933875 00 00 31383132304A303237333239            
07/11/23 12:32:19 0171 1                  44.961670 8.933990 00 00 3230303033304D3038343334            
07/11/23 12:32:26 0172 1                  44.961678 8.933977 00 00 31383033304D303033393839            
07/11/23 12:32:27 0173 1                  44.961678 8.933977 00 00 31383033304D303033393831            
07/11/23 12:33:18 0174 1                  44.961810 8.934063 00 00 31383132304A303232303130            
07/11/23 12:33:22 0175 1                  44.961812 8.934060 00 00 31383033304D303034343531            
07/11/23 12:34:40 0176 1                  44.961903 8.934175 00 00 31383132304A303237323833            
07/11/23 12:34:52 0177 1                  44.961895 8.934170 00 00 31383132304A303237323835            
07/11/23 12:36:16 0178 1                  44.962250 8.934692 00 00 31383033304D303033383831            
07/11/23 12:40:33 0179 1                  44.958030 8.932780 00 00 31383132304A303234343832            
07/11/23 12:41:34 0180 1                  44.957883 8.933000 00 00 31383132304A303234353331            
07/11/23 12:43:07 0181 1                  44.957642 8.931677 00 00 31383132304A303236333135            
07/11/23 12:43:50 0182 1                  44.957813 8.931337 00 00 31383132304A303236353333            
07/11/23 12:45:34 0183 1                  44.958553 8.930623 00 00 31383132304A303237303231            
07/11/23 12:45:52 0184 1                  44.958558 8.930618 00 00 31383033304D303033373237            
07/11/23 12:46:41 0185 1                  44.958805 8.930847 00 00 31383132304A303237333933            
07/11/23 12:46:41 0186 1                  44.958805 8.930847 00 00 313931323050303037363032            
07/11/23 12:47:32 0187 1                  44.958792 8.930828 00 00 31383132304A303236333633            
07/11/23 12:48:19 0188 1                  44.958915 8.930955 00 00 313931323050303035343933            
07/11/23 12:49:13 0189 1                  44.959073 8.931163 00 00 31383132304A303237313730            
07/11/23 12:49:15 0190 1                  44.959073 8.931162 00 00 31383132304A303236333139            
07/11/23 12:49:48 0191 1                  44.959088 8.931153 00 00 3231303033304D3032383936            
07/11/23 12:49:53 0192 1                  44.959090 8.931157 00 00 3231303033304D3032373437            
07/11/23 12:50:02 0193 1                  44.959095 8.931182 00 00 31383033304D303034333639            
07/11/23 12:51:00 0194 1                  44.959493 8.931628 00 00 31383033304D303034343130            
07/11/23 12:51:52 0195 1                  44.959833 8.931973 00 00 211836250207022207010000            
07/11/23 12:52:13 0196 1                  44.959885 8.932010 00 00 31383132304A303237343733            
07/11/23 12:52:44 0197 1                  44.959897 8.931985 00 00 31383132304A303234363633            
07/11/23 12:53:42 0198 1                  44.960023 8.932178 00 00 31383132304A303236323939            
07/11/23 12:54:00 0199 1                  44.960027 8.932197 00 00 31383132304A303235393438            
07/11/23 12:55:06 0200 1                  44.960032 8.932225 00 00 3139313130304A3032303331            
07/11/23 12:56:16 0201 1                  44.960295 8.932520 00 00 31383132304A303235393436            
07/11/23 13:00:54 0202 1                  44.960748 8.929855 00 00 31383132304A303237323939            
07/11/23 13:01:34 0203 1                  44.960748 8.929850 00 00 31383132304A303237343737            
07/11/23 13:01:38 0204 1                  44.960750 8.929852 00 00 31383132304A303237343738            
07/11/23 13:02:43 0205 1                  44.960407 8.930447 00 00 31383132304A303236323133            
07/11/23 13:03:28 0206 1                  44.960232 8.930768 00 00 313931323050303032323839            
07/11/23 13:04:06 0207 1                  44.960137 8.930893 00 00 31383132304A303236303834            
07/11/23 13:04:16 0208 1                  44.960125 8.930888 00 00 31383132304A303236323232            
07/11/23 13:04:23 0209 1                  44.960120 8.930888 00 00 31383132304A303236303834            
07/11/23 13:05:10 0210 1                  44.959982 8.931182 00 00 31383132304A303237333838            
07/11/23 13:06:00 0211 1                  44.959773 8.931567 00 00 31383132304A303237333932            
07/11/23 13:06:17 0212 1                  44.959762 8.931575 00 00 31383132304A303237333930            
07/11/23 13:08:03 0213 1                  44.959372 8.932275 00 00 313931323050303036383435            
07/11/23 13:08:13 0214 1                  44.959372 8.932282 00 00 31383132304A303234353135            
07/11/23 13:09:42 0215 1                  44.958973 8.933067 00 00 31383132304A303236323138            
07/11/23 13:11:39 0216 1                  44.958365 8.932283 00 00 31383132304A303231383233            
07/11/23 13:12:21 0217 1                  44.958503 8.931975 00 00 31383132304A303235323135            
07/11/23 13:13:08 0218 1                  44.958687 8.931673 00 00 31383132304A303236323136            
07/11/23 13:13:24 0219 1                  44.958708 8.931673 00 00 31383132304A303139313830            
07/11/23 13:13:57 0220 1                  44.958707 8.931668 00 00 31383132304A303235353935            
07/11/23 13:15:12 0221 1                  44.958835 8.931365 00 00 31383132304A303236303934            
07/11/23 13:15:24 0222 1                  44.958832 8.931365 00 00 313931323050303033303636            
07/11/23 13:17:15 0223 1                  44.958935 8.931170 00 00 31383132304A303236303034            
07/11/23 13:17:22 0224 1                  44.958938 8.931168 00 00 31383132304A303236313633            
07/11/23 13:18:53 0225 1                  44.959073 8.930937 00 00 313932343045303030363638            
07/11/23 13:19:40 0226 1                  44.959175 8.930747 00 00 31383132304A303235393432            
07/11/23 13:20:30 0227 1                  44.959300 8.930570 00 00 31383132304A303235353839            
07/11/23 13:21:14 0228 1                  44.959438 8.930243 00 00 31383132304A303233333136            
07/11/23 13:21:58 0229 1                  44.959698 8.929758 00 00 31383132304A303235383639            
07/11/23 13:22:40 0230 1                  44.959932 8.929362 00 00 31383132304A303236333738            
07/11/23 13:23:32 0231 1                  44.960152 8.928998 00 00 31383132304A303235363936            
07/11/23 13:24:57 0232 1                  44.959382 8.928928 00 00 313532384D3139314D4B3533            
07/11/23 13:26:28 0233 1                  44.958442 8.930015 00 00 31383132304A303234343233            
07/11/23 13:27:13 0234 1                  44.958317 8.930175 00 00 31383132304A303231383531            
07/11/23 13:27:26 0235 1                  44.958308 8.930163 00 00 313931323050303032313737            
07/11/23 13:34:00 0236 1                  44.960615 8.932453 00 00 31383132304A303235353938            
07/11/23 13:35:00 0237 1                  44.960865 8.931977 00 00 313932343045303030363135            
07/11/23 13:36:19 0238 1                  44.961320 8.931213 00 00 31383132304A303237303632            
07/11/23 13:36:30 0239 1                  44.961317 8.931217 00 00 31383132304A303237303637            
07/11/23 13:37:06 0240 1                  44.961323 8.931217 00 00 31383132304A303237303633            
07/11/23 13:37:07 0241 1                  44.961325 8.931217 00 00 31383132304A303139393932            
07/11/23 13:38:11 0242 1                  44.961340 8.931223 00 00 313932343045303030363633            
07/11/23 13:56:03 0000 s 01500ver01 44.962300 8.929165 00 00
07/11/23 13:56:05 0000 s 01500ver01 44.962300 8.929165 00 00
07/11/23 13:59:18 0243 1                  44.960138 8.927212 00 00 31383132304A303237343137            
07/11/23 13:59:56 0244 1                  44.960118 8.927207 00 00 31383132304A303237313732            
07/11/23 14:01:40 0245 1                  44.959788 8.926407 00 00 31383132304A303237343132            
07/11/23 14:02:03 0246 1                  44.959783 8.926403 00 00 30396062C399D3C1D4A8C8A1            
07/11/23 14:02:06 0247 1                  44.959783 8.926402 00 00 30396062C39C19C00038E355            
07/11/23 14:02:06 0248 1                  44.959783 8.926402 00 00 323031313030503030313835            
07/11/23 14:02:26 0249 1                  44.959775 8.926420 00 00 3231313130304A3031323932            
07/11/23 14:06:01 0250 1                  44.965622 8.932958 00 00 31383132304A303237343135            
07/11/23 14:06:03 0251 1                  44.965622 8.932957 00 00 31383132304A303237343135            
07/11/23 14:09:19 0252 1                  44.967502 8.940067 00 00 313931313030503030313430            
07/11/23 14:10:18 0253 1                  44.967233 8.940177 00 00 313932343045303030353939            
07/11/23 14:11:34 0254 1                  44.967022 8.940213 00 00 3139313130304A3032313336            
07/11/23 14:12:49 0255 1                  44.966462 8.939298 00 00 313932343045303030363030            
07/11/23 14:16:21 0256 1                  44.973345 8.957820 00 00 323031313030503030323731            
07/11/23 14:17:24 0257 1                  44.973358 8.957835 00 00 313931313030503030313235            
07/11/23 14:18:18 0258 1                  44.973545 8.958158 00 00 000000000000000002200966            
07/11/23 14:19:52 0259 1                  44.978797 8.962943 00 00 31383132304A303237343235            
07/11/23 14:21:18 0260 1                  44.979175 8.963052 00 00 31383132304A303237343330            
07/11/23 14:22:31 0261 1                  44.979575 8.963113 00 00 313931323050303038333133            
07/11/23 14:24:40 0262 1                  44.978802 8.961790 00 00 313931323050303038383738            
07/11/23 14:26:04 0263 1                  44.978713 8.962272 00 00 31383132304A303234353739            
07/11/23 14:26:04 0264 1                  44.978713 8.962272 00 00 31383139304AB03237343232            
07/11/23 14:27:21 0265 1                  44.977747 8.962618 00 00 31383132304A303237343234            
07/11/23 14:31:13 0266 1                  44.965273 8.943043 00 00 31383132304A303235393530            
07/11/23 14:32:27 0267 1                  44.965405 8.941740 00 00 31383132304A303235393532            
07/11/23 14:33:41 0268 1                  44.965472 8.941158 00 00 31383132304A303237343130            
07/11/23 14:33:51 0269 1                  44.965467 8.941157 00 00 31383132304A303237343038            
07/11/23 14:38:34 0270 1                  44.959608 8.936970 00 00 3231303033304D3032393833            
07/11/23 14:40:03 0271 1                  44.960052 8.937477 00 00 313931323050303132353236            
07/11/23 14:40:04 0272 1                  44.960052 8.937477 00 00 31383132304A303235353533            
07/11/23 14:40:42 0273 1                  44.960050 8.937487 00 00 31383132304A303234383532            
07/11/23 14:41:52 0274 1                  44.960210 8.937628 00 00 31383132304A303232303037            
07/11/23 14:42:59 0275 1                  44.960357 8.937768 00 00 31383132304A303236383937            
07/11/23 14:44:07 0276 1                  44.960547 8.938390 00 00 31383132304A303231383037            
07/11/23 14:44:58 0277 1                  44.960558 8.938375 00 00 31383132304A303236353637            
07/11/23 14:44:58 0278 1                  44.960558 8.938375 00 00 31383132304A303236343433            
07/11/23 14:47:07 0279 1                  44.960398 8.938755 00 00 313931323050303131373637            
07/11/23 14:48:32 0280 1                  44.960332 8.939077 00 00 31383132304A303236353639            
07/11/23 14:48:42 0281 1                  44.960335 8.939093 00 00 31383132304A303236303437            
07/11/23 14:49:21 0282 1                  44.960340 8.939117 00 00 31383132304A303236303531            
07/11/23 14:50:29 0283 1                  44.960267 8.939270 00 00 31383132304A303236303439            
07/11/23 14:51:54 0284 1                  44.959962 8.939858 00 00 31383132304A303236373239            
07/11/23 14:52:44 0285 1                  44.960053 8.939587 00 00 31383132304A303236313831            
07/11/23 14:53:15 0286 1                  44.960050 8.939593 00 00 31383132304A303236373231            
07/11/23 14:54:05 0287 1                  44.960162 8.939128 00 00 31383132304A303237313436            
07/11/23 14:55:03 0288 1                  44.960265 8.938902 00 00 31383132304A303232323231            
07/11/23 14:55:13 0289 1                  44.960273 8.938905 00 00 31383132304A303235393034            
07/11/23 14:56:34 0290 1                  44.960060 8.938582 00 00 31383132304A303232323235            
07/11/23 14:57:29 0291 1                  44.959895 8.938457 00 00 31383132304A303236303433            
07/11/23 14:58:34 0292 1                  44.959697 8.938247 00 00 31383132304A303235353536            
07/11/23 14:58:47 0293 1                  44.959700 8.938243 00 00 31383132304A303235323434            
07/11/23 14:58:47 0294 1                  44.959700 8.938243 00 00 31383132304A303235323434            
07/11/23 15:00:31 0295 1                  44.959427 8.938567 00 00 31383132304A303237303737            
07/11/23 15:00:31 0296 1                  44.959427 8.938567 00 00 31383132304A303235393831            
07/11/23 15:01:14 0297 1                  44.959423 8.938603 00 00 31383132304A303236313736            
07/11/23 15:02:38 0298 1                  44.959497 8.938318 00 00 31383132304A303235363636            
07/11/23 15:04:09 0299 1                  44.959557 8.938107 00 00 31383132304A303231383235            
07/11/23 15:04:12 0300 1                  44.959558 8.938107 00 00 3035EB8ADC355C88000405F4            
07/11/23 15:05:45 0301 1                  44.959327 8.936592 00 00 31383132304A303237313337            
07/11/23 15:05:48 0302 1                  44.959328 8.936590 00 00 3035EB8ADC35710800040010            
07/11/23 15:07:02 0303 1                  44.958998 8.936628 00 00 313931323050303032363037            
07/11/23 15:07:59 0304 1                  44.958898 8.936962 00 00 31383132304A303235363837            
07/11/23 15:09:10 0305 1                  44.958798 8.937330 00 00 31383132304A303235353539            
07/11/23 15:10:24 0306 1                  44.958732 8.937727 00 00 31383132304A303234353736            
07/11/23 15:10:26 0307 1                  44.958732 8.937727 00 00 31383132304A303235363639            
07/11/23 15:11:09 0308 1                  44.958710 8.937722 00 00 31383132304A303237313538            
07/11/23 15:11:20 0309 1                  44.958703 8.937723 00 00 31383132304A303234353734            
07/11/23 15:13:48 0310 1                  44.957827 8.938403 00 00 31383132304A303234363735            
07/11/23 15:14:39 0311 1                  44.957993 8.938485 00 00 31383132304A303236363330            
07/11/23 15:19:00 0312 1                  44.957222 8.938872 00 00 31383132304A303234353732            
07/11/23 15:19:52 0313 1                  44.957682 8.939200 00 00 31383132304A303236353933            
07/11/23 15:20:55 0314 1                  44.957940 8.939305 00 00 3138313A304A303236353936            
07/11/23 15:20:55 0315 1                  44.957940 8.939305 00 00 31383132304A303237333935            
07/11/23 15:22:06 0316 1                  44.958055 8.939405 00 00 31383132304A303232333534            
07/11/23 15:23:21 0317 1                  44.958213 8.939507 00 00 31383132304A303237313039            
07/11/23 15:27:42 0318 1                  44.958522 8.940205 00 00 31383132304A303236373436            
07/11/23 15:27:44 0319 1                  44.958520 8.940205 00 00 31383132304A303237313135            
07/11/23 15:28:12 0320 1                  44.958530 8.940213 00 00 31383132304A303236363335            
07/11/23 15:29:26 0321 1                  44.958593 8.939408 00 00 31383132304A303234363732            
07/11/23 15:29:49 0322 1                  44.958592 8.939412 00 00 31383132304A303236373438            
07/11/23 15:30:34 0323 1                  44.958700 8.938700 00 00 31383132304A303236303338            
07/11/23 15:31:28 0324 1                  44.958800 8.938168 00 00 31383132304A303237313536            
07/11/23 15:32:45 0325 1                  44.959140 8.936248 00 00 31383033304D303033393830            
07/11/23 15:33:07 0326 1                  44.959127 8.936242 00 00 313931323050303035373639            
07/11/23 15:33:07 0327 1                  44.959127 8.936242 00 00 31383132304A303237313139            
07/11/23 15:33:31 0328 1                  44.959112 8.936247 00 00 31383132304A303237333534            
07/11/23 15:52:01 0329 1                  44.942620 8.912842 00 00 31383132304A303236353939            
