16/10/23 05:29:18 0000 s 01487ver01 44.882600 8.860075 00 00
16/10/23 05:35:51 0001 1                  44.880890 8.858243 00 00 31383032334D303036363936            
16/10/23 05:35:51 0002 1                  44.880890 8.858243 00 00 31383032334D303036363937            
16/10/23 05:35:51 0003 1                  44.880890 8.858243 00 00 31383032B34D303036363937            
16/10/23 05:37:04 0004 1                  44.877353 8.857765 00 00 3231303032334D3035373137            
16/10/23 05:37:37 0005 1                  44.877045 8.857742 00 00 3232303032334D3030343734            
16/10/23 05:37:49 0006 1                  44.877072 8.857747 00 00 3232303032334D3031393234            
16/10/23 05:38:33 0007 1                  44.875653 8.858065 00 00 313931323050303033373833            
16/10/23 05:38:56 0008 1                  44.875532 8.858993 00 00 31383032334D303036353439            
16/10/23 05:39:01 0009 1                  44.875542 8.858998 00 00 31383032334D303036363833            
16/10/23 05:39:10 0010 1                  44.875570 8.859020 00 00 33383032334D303036363834            
16/10/23 05:39:43 0011 1                  44.875538 8.859600 00 00 31383032334D303036363838            
16/10/23 05:40:50 0012 1                  44.875632 8.859973 00 00 31383032334D303135313536            
16/10/23 05:41:24 0013 1                  44.875718 8.859488 00 00 3232303032334D3030303932            
16/10/23 05:41:59 0014 1                  44.875785 8.858743 00 00 31383032334D303036353239            
16/10/23 05:42:33 0015 1                  44.875810 8.858110 00 00 3231303032334D3032303436            
16/10/23 05:43:28 0016 1                  44.875238 8.857430 00 00 31383032334D303036373230            
16/10/23 05:43:40 0017 1                  44.875233 8.857425 00 00 31383032334D303036353037            
16/10/23 05:44:40 0018 1                  44.873362 8.856810 00 00 31383032334D303036343435            
16/10/23 05:45:44 0019 1                  44.871712 8.856770 00 00 31383032334D303036373132            
16/10/23 05:47:03 0020 1                  44.871258 8.856433 00 00 31383032334D303133323137            
16/10/23 05:47:19 0021 1                  44.871230 8.856403 00 00 31383032334D303135373033            
16/10/23 05:50:06 0022 1                  44.870838 8.856718 00 00 3231303032334D3030373934            
16/10/23 05:51:33 0023 1                  44.865500 8.856030 00 00 31383032334D303036353834            
16/10/23 05:52:20 0024 1                  44.863850 8.855770 00 00 31383032334D303036353938            
16/10/23 05:54:01 0025 1                  44.856438 8.854585 00 00 313830B2334D303131313836            
16/10/23 05:54:07 0026 1                  44.856433 8.854590 00 00 3232303032334D3030393934            
16/10/23 05:54:52 0027 1                  44.855370 8.854318 00 00 31383032334D303133333731            
16/10/23 05:58:07 0028 1                  44.858552 8.849673 00 00 31383032334D303138343837            
16/10/23 06:04:47 0029 1                  44.857145 8.855035 00 00 31383032334D303138343832            
16/10/23 06:07:40 0030 1                  44.860060 8.856643 00 00 31383032334D303137343137            
16/10/23 06:07:41 0031 1                  44.860060 8.856667 00 00 31383032334D303137333335            
16/10/23 06:08:43 0032 1                  44.860108 8.855698 00 00 31383032334D303133343132            
16/10/23 06:11:04 0033 1                  44.860972 8.855718 00 00 3231303234304A3031313831            
16/10/23 06:13:51 0034 1                  44.863372 8.857500 00 00 3232303032334D3030383934            
16/10/23 06:14:18 0035 1                  44.863278 8.858190 00 00 31383032334D303036353532            
16/10/23 06:14:32 0036 1                  44.863227 8.858203 00 00 3231303032334D3031323239            
16/10/23 06:15:06 0037 1                  44.863180 8.858447 00 00 31383032334D303138363830            
16/10/23 06:16:31 0038 1                  44.865395 8.858128 00 00 31383032334D303135303433            
16/10/23 06:17:05 0039 1                  44.865802 8.857577 00 00 31383032334D303135363630            
16/10/23 06:18:19 0040 1                  44.869857 8.856772 00 00 31383032334D303135313732            
16/10/23 06:18:52 0041 1                  44.870165 8.856845 00 00 31383032334D303036353833            
16/10/23 06:19:29 0042 1                  44.870497 8.856930 00 00 3232303032334D3031333136            
16/10/23 06:19:37 0043 1                  44.870508 8.856950 00 00 31383032334D303036353832            
16/10/23 06:20:32 0044 1                  44.871088 8.857078 00 00 31383032334D303135303533            
16/10/23 06:21:14 0045 1                  44.871195 8.857637 00 00 31383032334D303135313530            
16/10/23 06:21:26 0046 1                  44.871158 8.857613 00 00 31383032334D303135303733            
16/10/23 06:21:42 0047 1                  44.871190 8.857652 00 00 31383032334D303135303534            
16/10/23 06:23:29 0048 1                  44.869975 8.866387 00 00 31383032334D303134383137            
16/10/23 06:25:33 0049 1                  44.871198 8.858578 00 00 31383032334D303135303539            
16/10/23 06:26:15 0050 1                  44.871412 8.857325 00 00 31383032334D303135313932            
16/10/23 06:30:22 0051 1                  44.850855 8.856318 00 00 31383032334D303138373731            
16/10/23 06:39:58 0052 1                  44.848145 8.859447 00 00 31383032334D303138343433            
16/10/23 06:41:26 0053 1                  44.847200 8.861372 00 00 31383032334D303138383930            
16/10/23 06:41:44 0054 1                  44.847217 8.861378 00 00 3232303032334D3030393232            
16/10/23 06:42:26 0055 1                  44.846635 8.861817 00 00 31383032334D303138393536            
16/10/23 06:44:48 0056 1                  44.845920 8.862592 00 00 31383032334D303138393633            
16/10/23 06:45:05 0057 1                  44.845925 8.862585 00 00 31383032334D303133323736            
16/10/23 06:45:38 0058 1                  44.846048 8.862528 00 00 31383032334D303138393537            
16/10/23 06:46:59 0059 1                  44.846443 8.862208 00 00 31383032334D303138383931            
16/10/23 06:50:40 0060 1                  44.849357 8.860905 00 00 31383032334D303138363131            
16/10/23 06:51:16 0061 1                  44.849578 8.860855 00 00 31383032334D303138363034            
16/10/23 06:51:22 0062 1                  44.849580 8.860853 00 00 31383032334D303135343435            
16/10/23 06:51:57 0063 1                  44.849808 8.860827 00 00 31383032334D303133323830            
16/10/23 06:52:30 0064 1                  44.850157 8.860760 00 00 31383032334D303131383035            
16/10/23 06:53:01 0065 1                  44.850408 8.860720 00 00 31383032334D303138343937            
16/10/23 06:53:24 0066 1                  44.850630 8.860585 00 00 31383032334D303137333538            
16/10/23 06:54:22 0067 1                  44.851077 8.860472 00 00 31383032334D303037303533            
16/10/23 06:54:49 0068 1                  44.851292 8.860407 00 00 31383032334D303138343432            
16/10/23 06:55:06 0069 1                  44.851307 8.860382 00 00 31383032334D303136323838            
16/10/23 06:55:38 0070 1                  44.851498 8.860308 00 00 31383032334D303138373733            
16/10/23 06:56:38 0071 1                  44.852112 8.860765 00 00 31383032334D303138353030            
16/10/23 06:58:51 0072 1                  44.848668 8.865813 00 00 3231303032334D3035343333            
16/10/23 06:59:47 0073 1                  44.848708 8.866053 00 00 31383032334D303138383433            
16/10/23 07:00:47 0074 1                  44.847785 8.866473 00 00 31383032334D303037333534            
16/10/23 07:01:41 0075 1                  44.847998 8.866747 00 00 31383032334D303135353534            
16/10/23 07:02:14 0076 1                  44.848183 8.866623 00 00 31383032334D303138383439            
16/10/23 07:03:19 0077 1                  44.848817 8.866745 00 00 313831323045303039303336            
16/10/23 07:05:07 0078 1                  44.848833 8.867187 00 00 31383032334D303138363435            
16/10/23 07:05:13 0079 1                  44.848837 8.867188 00 00 3231303032334D3035313630            
16/10/23 07:05:33 0080 1                  44.848832 8.867207 00 00 31383032334D303138383237            
16/10/23 07:06:24 0081 1                  44.848935 8.867530 00 00 31383032334D303138383434            
16/10/23 07:06:31 0082 1                  44.848937 8.867522 00 00 31383032334D303134303339            
16/10/23 07:06:38 0083 1                  44.848933 8.867515 00 00 31383032334D303138363136            
16/10/23 07:07:25 0084 1                  44.849010 8.868365 00 00 31383032334D303138373939            
16/10/23 07:07:44 0085 1                  44.849005 8.868405 00 00 31383032334D303136333037            
16/10/23 07:08:18 0086 1                  44.849007 8.868533 00 00 31383032334D303137303838            
16/10/23 07:08:53 0087 1                  44.849008 8.868792 00 00 31383032334D303137343835            
16/10/23 07:09:21 0088 1                  44.849185 8.868953 00 00 31383032334D303137343836            
16/10/23 07:09:52 0089 1                  44.849285 8.868922 00 00 31383032334D303137343838            
16/10/23 07:10:17 0090 1                  44.849422 8.868953 00 00 31383032334D303133323632            
16/10/23 07:10:52 0091 1                  44.849477 8.869000 00 00 31383032334D303138393634            
16/10/23 07:11:44 0092 1                  44.849933 8.868918 00 00 31383032334D303032313735            
16/10/23 07:11:50 0093 1                  44.849945 8.868917 00 00 3231303032334D3031363439            
16/10/23 07:15:05 0094 1                  44.851955 8.868005 00 00 31383032334D303038373435            
16/10/23 07:16:13 0095 1                  44.850767 8.868525 00 00 3232303032334D3031313039            
16/10/23 07:17:46 0096 1                  44.848912 8.868915 00 00 31383032334D303133353931            
16/10/23 07:18:42 0097 1                  44.848620 8.868968 00 00 31383032334D303137333531            
16/10/23 07:18:57 0098 1                  44.848598 8.868960 00 00 31383032334D303137323337            
16/10/23 07:19:22 0099 1                  44.848588 8.868983 00 00 31383032334D303133333239            
16/10/23 07:19:22 0100 1                  44.848587 8.868985 00 00 31383032334D303133323130            
16/10/23 07:20:21 0101 1                  44.848500 8.869317 00 00 31383032334D303137343230            
16/10/23 07:20:31 0102 1                  44.848495 8.869348 00 00 31383032334D303136333630            
16/10/23 07:21:49 0103 1                  44.848637 8.869900 00 00 31383032334D303138393535            
16/10/23 07:22:01 0104 1                  44.848583 8.869938 00 00 31383032334D303138383530            
16/10/23 07:23:23 0105 1                  44.848610 8.870097 00 00 3231303032334D3031383733            
16/10/23 07:23:37 0106 1                  44.848592 8.870115 00 00 3232303032334D3030323138            
16/10/23 07:24:19 0107 1                  44.848590 8.870260 00 00 31383032334D303131393730            
16/10/23 07:24:57 0108 1                  44.848798 8.870597 00 00 31783032334D303138383435            
16/10/23 07:24:58 0109 1                  44.848802 8.870593 00 00 31383032334D303138383430            
16/10/23 07:25:34 0110 1                  44.848985 8.870870 00 00 31383032334D303031313736            
16/10/23 07:27:45 0111 1                  44.849617 8.871175 00 00 31383032334D303137353431            
16/10/23 07:28:17 0112 1                  44.849890 8.871197 00 00 31383032334D303138363134            
16/10/23 07:28:25 0113 1                  44.849900 8.871188 00 00 31383032334D303038363030            
16/10/23 07:28:29 0114 1                  44.849903 8.871182 00 00 31383032334D303138373932            
16/10/23 07:29:03 0115 1                  44.849920 8.871160 00 00 31383132304A303039313838            
16/10/23 07:30:33 0116 1                  44.850265 8.871027 00 00 31383032334D303138353035            
16/10/23 07:30:37 0117 1                  44.850267 8.871030 00 00 31383032334D303138373633            
16/10/23 07:31:02 0118 1                  44.850275 8.871043 00 00 31383032334D303038363031            
16/10/23 07:31:48 0119 1                  44.850748 8.870782 00 00 31383032334D303138343930            
16/10/23 07:32:18 0120 1                  44.851078 8.870582 00 00 3232303032334D3030343732            
16/10/23 07:32:54 0121 1                  44.851460 8.870407 00 00 31383032334D303137343831            
16/10/23 07:33:20 0122 1                  44.851570 8.870358 00 00 31383032334D303138353036            
16/10/23 07:33:48 0123 1                  44.851723 8.870273 00 00 31383032334D303138373435            
16/10/23 07:36:04 0124 1                  44.848875 8.873065 00 00 3232303032334D3030323437            
16/10/23 07:36:52 0125 1                  44.848957 8.874478 00 00 31383032334D3031B7333731            
16/10/23 07:58:13 0126 1                  44.848407 8.869002 00 00 31383032334D303137333539            
16/10/23 07:58:13 0127 1                  44.848407 8.869002 00 00 31383032334D303137333539            
16/10/23 07:58:20 0128 1                  44.848398 8.868997 00 00 31383032334D303036363338            
16/10/23 07:58:33 0129 1                  44.848387 8.868997 00 00 31383032334D303137343036            
16/10/23 07:59:14 0130 1                  44.848275 8.868720 00 00 31383032334D303137323032            
16/10/23 07:59:29 0131 1                  44.848273 8.868723 00 00 31383032334D303137343032            
16/10/23 08:00:19 0132 1                  44.848090 8.868418 00 00 323030323545303034303831            
16/10/23 08:00:41 0133 1                  44.848103 8.868418 00 00 31383032334D303137343031            
16/10/23 08:00:55 0134 1                  44.848122 8.868413 00 00 3232303032334D3030333335            
16/10/23 08:01:28 0135 1                  44.847943 8.868103 00 00 31383032334D303038343332            
16/10/23 08:01:55 0136 1                  44.847860 8.867922 00 00 31383032334D303136313130            
16/10/23 08:02:01 0137 1                  44.847865 8.867913 00 00 31383032334D303137343034            
16/10/23 08:02:43 0138 1                  44.847532 8.867635 00 00 31383032334D303137323133            
16/10/23 08:02:56 0139 1                  44.847520 8.867625 00 00 31383032334D303137323035            
16/10/23 08:03:25 0140 1                  44.847503 8.867645 00 00 31383032334D303031313930            
16/10/23 08:04:12 0141 1                  44.847252 8.867388 00 00 31383032334D303137343539            
16/10/23 08:04:55 0142 1                  44.846838 8.866978 00 00 31383032334D303137353338            
16/10/23 08:04:56 0143 1                  44.846838 8.866978 00 00 31383032334D303033363135            
16/10/23 08:05:22 0144 1                  44.846825 8.866972 00 00 313831323045303137353734            
16/10/23 08:06:03 0145 1                  44.846700 8.866792 00 00 31383032334D303137323330            
16/10/23 08:06:28 0146 1                  44.846612 8.866657 00 00 31383032334D303137333333            
16/10/23 08:06:53 0147 1                  44.846490 8.866538 00 00 31383032334D303137323338            
16/10/23 08:07:25 0148 1                  44.846182 8.866317 00 00 31383032334D303137343130            
16/10/23 08:07:33 0149 1                  44.846172 8.866312 00 00 31383032334D303038353831            
16/10/23 08:07:50 0150 1                  44.846158 8.866312 00 00 31383032334D303137353936            
16/10/23 08:08:48 0151 1                  44.845530 8.865818 00 00 31383032334D303137323238            
16/10/23 08:09:22 0152 1                  44.845347 8.865682 00 00 31383032334D303134303230            
16/10/23 08:10:07 0153 1                  44.844558 8.864962 00 00 31383032334D303038343535            
16/10/23 08:12:20 0154 1                  44.843948 8.871027 00 00 31383032334D303138393533            
16/10/23 08:12:43 0155 1                  44.843977 8.870980 00 00 323030323545303037343738            
16/10/23 08:13:57 0156 1                  44.844678 8.871288 00 00 3232303032334D3031393436            
16/10/23 08:15:42 0157 1                  44.845162 8.871640 00 00 31383032334D303138383937            
16/10/23 08:16:19 0158 1                  44.845383 8.871755 00 00 3232303032334D3030343131            
16/10/23 08:17:04 0159 1                  44.845923 8.871707 00 00 3232303032334D3031353537            
16/10/23 08:17:49 0160 1                  44.846357 8.871250 00 00 31383032334D303137333532            
16/10/23 08:17:55 0161 1                  44.846353 8.871255 00 00 31383032334D303137323237            
16/10/23 08:18:13 0162 1                  44.846352 8.871260 00 00 31383032334D303131383036            
16/10/23 08:18:43 0163 1                  44.846593 8.871130 00 00 31383032334D303136333032            
16/10/23 08:19:05 0164 1                  44.846652 8.871115 00 00 323030323545303032343436            
16/10/23 08:20:07 0165 1                  44.846997 8.871007 00 00 31383032334D303138373732            
16/10/23 08:20:28 0166 1                  44.847007 8.870980 00 00 31383032334D303131393638            
16/10/23 08:21:07 0167 1                  44.847210 8.870918 00 00 31383032334D303138383934            
16/10/23 08:21:38 0168 1                  44.847398 8.870860 00 00 31383032334D303035343931            
16/10/23 08:21:49 0169 1                  44.847405 8.870852 00 00 31383032334D303138383739            
16/10/23 08:22:50 0170 1                  44.847582 8.870760 00 00 31383032334D303137323031            
16/10/23 08:24:09 0171 1                  44.848020 8.870620 00 00 31383032334D303138373630            
16/10/23 08:25:00 0172 1                  44.848428 8.870457 00 00 31383032334D303138363035            
16/10/23 08:26:07 0173 1                  44.849175 8.869250 00 00 31383032334D303137343838            
16/10/23 08:27:00 0174 1                  44.850510 8.868470 00 00 31383032334D303038343536            
16/10/23 08:27:54 0175 1                  44.851008 8.867573 00 00 31383032334D303138373835            
16/10/23 08:28:35 0176 1                  44.851370 8.866942 00 00 31383032334D303033353039            
16/10/23 08:29:22 0177 1                  44.851505 8.866678 00 00 3231303032334D3031393539            
16/10/23 08:30:19 0178 1                  44.851650 8.866483 00 00 3232303032334D3030393530            
16/10/23 08:31:07 0179 1                  44.851590 8.865975 00 00 31383033334D303138343935            
16/10/23 08:31:47 0180 1                  44.851257 8.866033 00 00 3231303032334D3030313933            
16/10/23 08:32:13 0181 1                  44.851053 8.866067 00 00 31383032334D303038393736            
16/10/23 08:32:45 0182 1                  44.850852 8.866093 00 00 31383032334D303030393835            
16/10/23 08:35:06 0183 1                  44.850293 8.867010 00 00 31383032334D303138373736            
16/10/23 08:36:02 0184 1                  44.850195 8.867025 00 00 31383032334D303136313633            
16/10/23 08:36:30 0185 1                  44.850203 8.867033 00 00 31383032334D303132333330            
16/10/23 08:36:30 0186 1                  44.850203 8.867033 00 00 31383032334D303132333330            
16/10/23 08:38:33 0187 1                  44.850580 8.869835 00 00 31383032334D303138343736            
16/10/23 08:38:48 0188 1                  44.850578 8.869837 00 00 31383032334D303134313934            
16/10/23 08:39:27 0189 1                  44.850557 8.870055 00 00 31383032334D303131373237            
16/10/23 08:40:01 0190 1                  44.850563 8.870295 00 00 31383032334D303138343739            
16/10/23 08:40:58 0191 1                  44.850225 8.870528 00 00 31383032334D303138343738            
16/10/23 08:41:08 0192 1                  44.850230 8.870520 00 00 31383032334D303136383578            
16/10/23 08:41:10 0193 1                  44.850230 8.870517 00 00 31383032334D303136383538            
16/10/23 08:41:34 0194 1                  44.850055 8.870505 00 00 000000000000000005160342            
16/10/23 08:42:46 0195 1                  44.849598 8.870358 00 00 31383032334D303138353633            
16/10/23 08:42:49 0196 1                  44.849600 8.870365 00 00 31383032334D303138343132            
16/10/23 08:43:02 0197 1                  44.849613 8.870380 00 00 323030323545303037343935            
16/10/23 08:43:21 0198 1                  44.849623 8.870402 00 00 323030323545303032373238            
16/10/23 08:43:39 0199 1                  44.849630 8.870413 00 00 31383032334D303138363537            
16/10/23 08:45:04 0200 1                  44.849437 8.870037 00 00 31383032334D303137333236            
16/10/23 08:46:17 0201 1                  44.848943 8.870092 00 00 31383032334D303137333339            
16/10/23 08:46:40 0202 1                  44.848947 8.870097 00 00 31383032334D303137353436            
16/10/23 08:47:09 0203 1                  44.848950 8.870117 00 00 31383032334D303137333338            
16/10/23 08:47:14 0204 1                  44.848950 8.870122 00 00 31383032334D303137333337            
16/10/23 08:48:04 0205 1                  44.848910 8.869977 00 00 31383032334D303137323034            
16/10/23 08:48:47 0206 1                  44.848855 8.869907 00 00 31383032334D303032313030            
16/10/23 08:49:46 0207 1                  44.848950 8.869993 00 00 31383032334D303137333830            
16/10/23 08:49:52 0208 1                  44.848958 8.869992 00 00 31383032334D303137343839            
16/10/23 08:51:47 0209 1                  44.849172 8.869432 00 00 31383032334D303137323137            
16/10/23 08:51:57 0210 1                  44.849123 8.869410 00 00 31383032334D303137323131            
16/10/23 08:53:10 0211 1                  44.849972 8.869658 00 00 31383032334D303138363139            
16/10/23 08:53:53 0212 1                  44.849947 8.869655 00 00 31383032334D303030393139            
16/10/23 08:53:53 0213 1                  44.849947 8.869655 00 00 31383032334D303030393139            
16/10/23 08:54:21 0214 1                  44.849863 8.869653 00 00 313831323045303039303333            
16/10/23 08:54:44 0215 1                  44.849862 8.869625 00 00 31383032334D303138363532            
16/10/23 08:55:29 0216 1                  44.849745 8.869758 00 00 3231303032334D3030313739            
16/10/23 08:55:39 0217 1                  44.849755 8.869788 00 00 31383032334D303138363038            
16/10/23 08:57:17 0218 1                  44.849577 8.869960 00 00 31383032334D303138363534            
16/10/23 08:58:57 0219 1                  44.847128 8.867133 00 00 31383032334D303137353338            
16/10/23 09:13:34 0220 1                  44.853613 8.854307 00 00 25759769A68311A397C72C38            
16/10/23 09:14:39 0221 1                  44.853268 8.854938 00 00 3231303234304A3034333432            
16/10/23 09:19:57 0222 1                  44.857733 8.865158 00 00 31383032334D303037323439            
16/10/23 09:20:45 0223 1                  44.856697 8.865852 00 00 31383032334D303138353038            
16/10/23 09:23:38 0224 1                  44.858357 8.864803 00 00 3232303032334D3030383832            
16/10/23 09:24:20 0225 1                  44.859630 8.863660 00 00 31383032334D303134313832            
16/10/23 09:25:35 0226 1                  44.862003 8.861968 00 00 3231303032334D3034313138            
16/10/23 09:28:21 0227 1                  44.874702 8.857550 00 00 31383032334D303135303834            
16/10/23 09:29:42 0228 1                  44.879908 8.858322 00 00 3232303032334D3030323436            
16/10/23 09:30:19 0229 1                  44.880255 8.858400 00 00 3232303032334D3030323935            
16/10/23 09:30:51 0230 1                  44.880500 8.858408 00 00 31383032334D303135313233            
16/10/23 09:32:03 0231 1                  44.882113 8.858713 00 00 3232303032334D3031323233            
16/10/23 09:32:52 0232 1                  44.882370 8.858767 00 00 31383032334D303038303638            
16/10/23 09:33:19 0233 1                  44.882385 8.858760 00 00 323031323055303030303631            
16/10/23 10:38:41 0234 1                  44.882500 8.860055 00 00 3233303234304A3030393838            
16/10/23 10:38:46 0235 1                  44.882437 8.860087 00 00 3231303234304A3032373536            
16/10/23 10:38:46 0236 1                  44.882437 8.860087 00 00 3231303234304A3032373536            
16/10/23 10:42:11 0000 s 01487ver01 44.882227 8.860192 00 00
16/10/23 10:43:00 0000 s 01487ver01 44.882242 8.860153 00 00
