07/11/23 05:21:28 0000 s 01484ver01 44.882410 8.860098 00 00
07/11/23 05:25:30 0001 1                  44.886418 8.861848 00 00 323030323545303039333735            
07/11/23 05:26:18 0002 1                  44.886427 8.861867 00 00 3231303234304A3031313732            
07/11/23 05:28:45 0003 1                  44.889592 8.864648 00 00 3231303234304A3031313634            
07/11/23 05:29:38 0004 1                  44.889793 8.864738 00 00 3232303032334D3031373531            
07/11/23 05:29:58 0005 1                  44.889792 8.864760 00 00 323030323545303030383730            
07/11/23 05:30:42 0006 1                  44.889963 8.864792 00 00 323030323545303034383831            
07/11/23 05:31:29 0007 1                  44.890420 8.864152 00 00 3231303032334D3033383939            
07/11/23 05:32:12 0008 1                  44.890565 8.863340 00 00 323030323545303034363732            
07/11/23 05:32:53 0009 1                  44.890608 8.862835 00 00 3231303032334D3031373636            
07/11/23 05:33:37 0010 1                  44.890687 8.862360 00 00 323030323545303031383434            
07/11/23 05:34:00 0011 1                  44.890695 8.862327 00 00 3231303032334D3032343238            
07/11/23 05:35:26 0012 1                  44.890952 8.861507 00 00 323030323545303031303435            
07/11/23 05:35:26 0013 1                  44.890952 8.861507 00 00 323030323545303031323334            
07/11/23 05:35:48 0014 1                  44.891000 8.861477 00 00 323030323545303031313634            
07/11/23 05:36:44 0015 1                  44.890793 8.861262 00 00 323030323545303031303731            
07/11/23 05:36:44 0016 1                  44.890793 8.861262 00 00 323030323545303031303837            
07/11/23 05:38:00 0017 1                  44.890902 8.860913 00 00 323030323545303031353834            
07/11/23 05:39:07 0018 1                  44.890743 8.861287 00 00 3231303234304A3031313532            
07/11/23 05:40:11 0019 1                  44.890708 8.861422 00 00 31383032334D303039333036            
07/11/23 05:40:16 0020 1                  44.890712 8.861420 00 00 3232303032334D3031363936            
07/11/23 05:40:22 0021 1                  44.890712 8.861420 00 00 3231303032334D3033393336            
07/11/23 05:40:39 0022 1                  44.890703 8.861427 00 00 31383032334D303134343331            
07/11/23 05:40:46 0023 1                  44.890685 8.861427 00 00 3231303032334D3030383434            
07/11/23 05:40:51 0024 1                  44.890655 8.861420 00 00 31383032334D303039333839            
07/11/23 05:41:41 0025 1                  44.890535 8.861600 00 00 3232303032334D3031333636            
07/11/23 05:41:45 0026 1                  44.890562 8.861620 00 00 3232303032334D3030303039            
07/11/23 05:41:51 0027 1                  44.890600 8.861652 00 00 31383032334D303032373238            
07/11/23 05:43:10 0028 1                  44.890522 8.862003 00 00 31383032334D303138343838            
07/11/23 05:43:16 0029 1                  44.890520 8.862010 00 00 31383032334D303132393133            
07/11/23 05:43:40 0030 1                  44.890523 8.862012 00 00 3231303132304A3035333232            
07/11/23 05:44:30 0031 1                  44.890403 8.863053 00 00 323030323545303034373830            
07/11/23 05:44:41 0032 1                  44.890403 8.863065 00 00 3231303032334D3033373932            
07/11/23 05:44:48 0033 1                  44.890400 8.863067 00 00 3231303032334D3033383339            
07/11/23 05:44:55 0034 1                  44.890398 8.863070 00 00 3231303032334D3033383331            
07/11/23 05:48:03 0035 1                  44.889990 8.863915 00 00 323030323545303034353735            
07/11/23 05:48:51 0036 1                  44.889673 8.863652 00 00 323030323545303034353734            
07/11/23 05:49:43 0037 1                  44.889410 8.863435 00 00 323030323545303034353133            
07/11/23 05:50:33 0038 1                  44.889220 8.863197 00 00 323030323545303031383634            
07/11/23 05:54:06 0039 1                  44.889682 8.863243 00 00 323030323545303031333835            
07/11/23 05:54:09 0040 1                  44.889680 8.863240 00 00 3231303234304A3031313836            
07/11/23 05:54:11 0041 1                  44.889678 8.863240 00 00 323030323545303031333738            
07/11/23 05:55:40 0042 1                  44.889937 8.863460 00 00 3231303032334D3033363435            
07/11/23 05:55:49 0043 1                  44.889938 8.863470 00 00 31383032334D303136303137            
07/11/23 05:56:29 0044 1                  44.890067 8.863528 00 00 323030323545303034353839            
07/11/23 05:58:07 0045 1                  44.890398 8.864773 00 00 323030323545303033393930            
07/11/23 05:58:28 0046 1                  44.890400 8.864752 00 00 3231303032334D3030373231            
07/11/23 05:59:18 0047 1                  44.890683 8.864837 00 00 323030323545303034363930            
07/11/23 06:00:38 0048 1                  44.890668 8.864840 00 00 3231303234304A3031313736            
07/11/23 06:01:46 0049 1                  44.890710 8.865110 00 00 323030323545303034353033            
07/11/23 06:07:33 0050 1                  44.890702 8.865140 00 00 3231303234304A3031323332            
07/11/23 06:09:31 0051 1                  44.891065 8.864937 00 00 3231303234304A3034343735            
07/11/23 06:11:09 0052 1                  44.891257 8.864960 00 00 3231303032334D3033363730            
07/11/23 06:11:12 0053 1                  44.891260 8.864958 00 00 3231303032334D3030343331            
07/11/23 06:11:56 0054 1                  44.891517 8.864968 00 00 323030323545303038383730            
07/11/23 06:13:02 0055 1                  44.891717 8.864497 00 00 323030323545303031363135            
07/11/23 06:13:53 0056 1                  44.891727 8.864958 00 00 323030323545303031313335            
07/11/23 06:13:57 0057 1                  44.891728 8.864970 00 00 3231303032334D3030373230            
07/11/23 06:14:06 0058 1                  44.891740 8.865003 00 00 3231303032334D3031363132            
07/11/23 06:14:20 0059 1                  44.891717 8.864990 00 00 323030323545303034353938            
07/11/23 06:14:51 0060 1                  44.891675 8.864930 00 00 3231303032334D3033373136            
07/11/23 06:17:28 0061 1                  44.891858 8.865118 00 00 3231303132304A3035323638            
07/11/23 06:18:47 0062 1                  44.892043 8.865228 00 00 3231303132304A3035323835            
07/11/23 06:19:00 0063 1                  44.892038 8.865218 00 00 3231303234304A3031313839            
07/11/23 06:21:02 0064 1                  44.892173 8.865200 00 00 3231303234304A3031313538            
07/11/23 06:21:23 0065 1                  44.892193 8.865183 00 00 3231303234304A3031323432            
07/11/23 06:22:31 0066 1                  44.892517 8.864887 00 00 3231303032334D3033393330            
07/11/23 06:22:37 0067 1                  44.892528 8.864870 00 00 3231303032334D3033363330            
07/11/23 06:22:42 0068 1                  44.892538 8.864852 00 00 3231303032334D3033373737            
07/11/23 06:24:50 0069 1                  44.893412 8.865247 00 00 3231303032334D3034333231            
07/11/23 06:25:28 0070 1                  44.893920 8.865355 00 00 3231303032334D3033373032            
07/11/23 06:26:04 0071 1                  44.894215 8.865343 00 00 3231303032334D3034313936            
07/11/23 06:27:09 0072 1                  44.893847 8.865535 00 00 3232303032334D3030333437            
07/11/23 06:27:38 0073 1                  44.893757 8.865808 00 00 3231303032334D3035363635            
07/11/23 06:29:20 0074 1                  44.893945 8.866547 00 00 3231303032334D3034383337            
07/11/23 06:30:33 0075 1                  44.893367 8.866002 00 00 3232303032334D3030303737            
07/11/23 06:30:38 0076 1                  44.893367 8.866003 00 00 3232303032334D3030363731            
07/11/23 06:31:30 0077 1                  44.893113 8.865633 00 00 3231303132304A3035333438            
07/11/23 06:32:57 0078 1                  44.892822 8.863780 00 00 3233303032334D3030333331            
07/11/23 06:34:13 0079 1                  44.892762 8.862997 00 00 3231303032334D3033363034            
07/11/23 06:34:25 0080 1                  44.892757 8.863017 00 00 323030323545303035313939            
07/11/23 06:35:16 0081 1                  44.892530 8.863235 00 00 323030323545303039333635            
07/11/23 06:35:59 0082 1                  44.892370 8.863163 00 00 323030323545303035313536            
07/11/23 06:36:14 0083 1                  44.892362 8.863162 00 00 323030323545303039323932            
07/11/23 06:37:16 0084 1                  44.892048 8.863082 00 00 3231303032334D3033393136            
07/11/23 06:37:22 0085 1                  44.892040 8.863078 00 00 323030323545303031393433            
07/11/23 06:37:26 0086 1                  44.892033 8.863075 00 00 323030323545303031393432            
07/11/23 06:38:57 0087 1                  44.891960 8.862905 00 00 3231303234304A3031323431            
07/11/23 06:39:00 0088 1                  44.891960 8.862907 00 00 3231303234304A3031323339            
07/11/23 06:40:58 0089 1                  44.891800 8.862977 00 00 3231303032334D3033383733            
07/11/23 06:41:03 0090 1                  44.891788 8.862978 00 00 3231303032334D3034373530            
07/11/23 06:42:01 0091 1                  44.891642 8.862827 00 00 323030323545303039333634            
07/11/23 06:42:43 0092 1                  44.891365 8.862777 00 00 3231303032334D3030373135            
07/11/23 06:42:56 0093 1                  44.891343 8.862770 00 00 323030323545303038393434            
07/11/23 06:43:04 0094 1                  44.891362 8.862783 00 00 323030323545303038393433            
07/11/23 06:44:09 0095 1                  44.890893 8.863177 00 00 3231303234304A3031313530            
07/11/23 06:45:39 0096 1                  44.890685 8.864003 00 00 3231303234304A3031323437            
07/11/23 06:48:17 0097 1                  44.891553 8.865155 00 00 323030323545303031373231            
07/11/23 06:49:01 0098 1                  44.891458 8.865593 00 00 3231303032334D3033373634            
07/11/23 06:49:24 0099 1                  44.891475 8.865620 00 00 3231303234304A3031323534            
07/11/23 06:50:59 0100 1                  44.891403 8.865820 00 00 323031323055303030313338            
07/11/23 06:53:01 0101 1                  44.891117 8.866602 00 00 31383132304A303039313336            
07/11/23 06:54:16 0102 1                  44.891045 8.866582 00 00 3231303132304A3035333830            
07/11/23 06:55:32 0103 1                  44.890852 8.866125 00 00 3231303234304A3031303935            
07/11/23 06:56:44 0104 1                  44.890425 8.865955 00 00 3231303234304A3031313633            
07/11/23 06:59:49 0105 1                  44.890278 8.865898 00 00 3232303032334D3031323738            
07/11/23 06:59:56 0106 1                  44.890283 8.865905 00 00 323030323545303034353338            
07/11/23 07:00:45 0107 1                  44.890312 8.865062 00 00 323030323545303031383932            
07/11/23 07:00:55 0108 1                  44.890308 8.865060 00 00 323030323545303038313730            
07/11/23 07:01:52 0109 1                  44.891437 8.864908 00 00 25705569A6866752B2C71CF3            
07/11/23 07:02:42 0110 1                  44.892368 8.864107 00 00 3232303032334D3030353331            
07/11/23 07:02:58 0111 1                  44.892365 8.864075 00 00 3231303032334D3034323832            
07/11/23 07:03:00 0112 1                  44.892365 8.864073 00 00 323030323545303034383234            
07/11/23 07:03:55 0113 1                  44.892140 8.864033 00 00 323030323545303039333130            
07/11/23 07:04:51 0114 1                  44.891825 8.863913 00 00 323030323545303035323131            
07/11/23 07:06:34 0115 1                  44.891172 8.863625 00 00 3231303234304A3031323032            
07/11/23 07:07:47 0116 1                  44.890667 8.863418 00 00 323030323545303034373035            
07/11/23 07:07:51 0117 1                  44.890668 8.863418 00 00 3231303032334D3030353233            
07/11/23 07:10:15 0118 1                  44.892708 8.866087 00 00 3231303234304A3031323438            
07/11/23 07:11:57 0119 1                  44.892602 8.866232 00 00 3231303032334D3030363330            
07/11/23 07:13:30 0120 1                  44.892255 8.867233 00 00 E280689400004007039540C7            
07/11/23 07:13:47 0121 1                  44.892233 8.867238 00 00 323030323545303038393235            
07/11/23 07:13:55 0122 1                  44.892228 8.867247 00 00 323030323545303038383936            
07/11/23 07:14:31 0123 1                  44.892220 8.867415 00 00 323030323545303038393032            
07/11/23 07:15:11 0124 1                  44.892078 8.867628 00 00 323030323545303038393033            
07/11/23 07:16:09 0125 1                  44.891858 8.867897 00 00 323030323545303038393239            
07/11/23 07:16:32 0126 1                  44.891832 8.867907 00 00 323030323545303038393238            
07/11/23 07:17:21 0127 1                  44.892218 8.867925 00 00 323030323545303038393132            
07/11/23 07:18:10 0128 1                  44.892543 8.867858 00 00 323030323545303038383535            
07/11/23 07:19:31 0129 1                  44.892122 8.869402 00 00 323030323545303038393233            
07/11/23 07:20:20 0130 1                  44.892550 8.869293 00 00 3231303032334D3030383634            
07/11/23 07:21:09 0131 1                  44.892745 8.869213 00 00 3232303032334D3030333839            
07/11/23 07:24:39 0132 1                  44.893550 8.867280 00 00 3231303132304A3035333336            
07/11/23 07:24:39 0133 1                  44.893550 8.867280 00 00 3231303132304A3035333335            
07/11/23 07:27:43 0134 1                  44.890243 8.871448 00 00 323030323545303038313138            
07/11/23 07:28:29 0135 1                  44.889820 8.871523 00 00 323030323545303038373837            
07/11/23 07:29:26 0136 1                  44.888613 8.872938 00 00 323030323545303031373038            
07/11/23 07:30:13 0137 1                  44.888368 8.873167 00 00 3232303032334D3030353239            
07/11/23 07:30:21 0138 1                  44.888370 8.873167 00 00 3231303032334D3033343734            
07/11/23 07:32:43 0139 1                  44.886840 8.875388 00 00 323030323545303032363631            
07/11/23 07:37:59 0140 1                  44.891082 8.871487 00 00 323030323545303038383135            
07/11/23 07:38:07 0141 1                  44.891083 8.871488 00 00 323030323545303038383935            
07/11/23 07:38:34 0142 1                  44.891065 8.871495 00 00 323030323545303038383237            
07/11/23 07:40:18 0143 1                  44.891672 8.871868 00 00 3231303032334D3034383937            
07/11/23 07:42:03 0144 1                  44.891530 8.871183 00 00 323030323545303038383238            
07/11/23 07:42:29 0145 1                  44.891542 8.871183 00 00 3232303032334D3030333934            
07/11/23 07:44:45 0146 1                  44.890263 8.870758 00 00 3231303032334D3034383834            
07/11/23 07:44:52 0147 1                  44.890255 8.870758 00 00 3231303032334D3034333934            
07/11/23 07:47:50 0148 1                  44.890645 8.870848 00 00 3231303132304A3035333437            
07/11/23 07:54:44 0149 1                  44.889548 8.865982 00 00 323030323545303039323131            
07/11/23 07:56:49 0150 1                  44.889973 8.865978 00 00 323030323545303039323039            
07/11/23 07:57:05 0151 1                  44.889970 8.865972 00 00 323030323545303039333335            
07/11/23 07:59:19 0152 1                  44.889772 8.865340 00 00 323030323545303034303030            
07/11/23 07:59:33 0153 1                  44.889750 8.865342 00 00 323030323545303033393938            
07/11/23 08:00:38 0154 1                  44.889850 8.865373 00 00 3231303032334D3033363232            
07/11/23 08:01:23 0155 1                  44.890040 8.865428 00 00 3232303032334D3030393633            
07/11/23 08:01:32 0156 1                  44.890057 8.865435 00 00 3232303032334D3031343637            
07/11/23 08:01:49 0157 1                  44.890075 8.865450 00 00 323030323545303033393939            
07/11/23 08:03:33 0158 1                  44.890252 8.862498 00 00 3231303032334D3034333233            
07/11/23 08:03:38 0159 1                  44.890252 8.862493 00 00 323030323545303039333736            
07/11/23 08:04:23 0160 1                  44.890138 8.862378 00 00 323030323545303039333733            
07/11/23 08:05:07 0161 1                  44.889940 8.862253 00 00 323030323545303031333339            
07/11/23 08:05:59 0162 1                  44.889805 8.862250 00 00 323030323545303039333734            
07/11/23 08:07:05 0163 1                  44.889613 8.862178 00 00 3231303032334D3034313733            
07/11/23 08:10:22 0164 1                  44.888905 8.862592 00 00 3231303234304A3032373839            
07/11/23 08:13:30 0165 1                  44.891303 8.861380 00 00 3231303234304A3031323233            
07/11/23 08:17:56 0166 1                  44.891207 8.861680 00 00 3231303234304A3031323133            
07/11/23 08:24:32 0167 1                  44.891178 8.861888 00 00 3231303032334D3033363031            
07/11/23 08:24:38 0168 1                  44.891177 8.861907 00 00 3231303032334D3034363937            
07/11/23 08:25:01 0169 1                  44.891205 8.861978 00 00 3231303032334D3031333631            
07/11/23 08:25:07 0170 1                  44.891212 8.861997 00 00 3231303032334D3034363934            
07/11/23 08:26:30 0171 1                  44.891243 8.862225 00 00 323030323545303032363539            
07/11/23 08:27:22 0172 1                  44.891243 8.862378 00 00 323031323055303031333135            
07/11/23 08:28:47 0173 1                  44.891098 8.862500 00 00 323031323055303030323833            
07/11/23 08:30:19 0174 1                  44.890882 8.862603 00 00 3232303032334D3030383937            
07/11/23 08:40:09 0175 1                  44.896173 8.865935 00 00 313836435554394330303030            
07/11/23 08:54:20 0176 1                  44.895453 8.862085 00 00 25705569A686D38341C30CB8            
07/11/23 08:58:08 0177 1                  44.885645 8.860835 00 00 3138324E4746555A35303136            
07/11/23 08:58:08 0178 1                  44.885645 8.860835 00 00 313832353949535A35303135            
07/11/23 08:58:08 0179 1                  44.885645 8.860835 00 00 3138324237414B4B30303030            
07/11/23 09:12:09 0180 1                  44.889052 8.865203 00 00 3231303032334D3031363339            
07/11/23 09:13:51 0181 1                  44.889317 8.864840 00 00 3231303132304A3035333231            
07/11/23 09:15:33 0182 1                  44.889192 8.864640 00 00 323030323545303039343132            
07/11/23 09:15:55 0183 1                  44.889197 8.864638 00 00 3231303032334D3034323036            
07/11/23 09:16:54 0184 1                  44.889207 8.864613 00 00 323030323545303039343134            
07/11/23 09:41:21 0185 1                  44.903070 8.865678 00 00 000000000000000013812149            
07/11/23 10:26:25 0186 1                  44.885448 8.860803 00 00 313832353949535A35303135            
07/11/23 10:26:25 0187 1                  44.885448 8.860803 00 00 3138324237414B4B30303030            
07/11/23 10:54:13 0000 s 01484ver01 44.882355 8.860000 00 00
07/11/23 15:35:26 0000 s 01484ver01 44.882343 8.860057 00 00
07/11/23 16:05:40 0000 s 01484ver01 44.878905 8.857433 00 00
