23/10/23 10:47:28 0000 s 01488ver01 44.882312 8.859782 00 00
23/10/23 10:53:35 0000 s 01488ver01 44.882537 8.860242 00 00
23/10/23 10:58:24 0001 1                  44.894870 8.855753 00 00 000000000000000001206165            
23/10/23 11:08:38 0002 1                  44.949450 8.816790 00 00 313931323050303035353030            
23/10/23 11:11:28 0003 1                  44.946947 8.807182 00 00 313831323045303232323338            
23/10/23 11:12:42 0004 1                  44.949280 8.811420 00 00 313831323045303232303433            
23/10/23 11:15:42 0005 1                  44.953163 8.822238 00 00 313831323045303232393239            
23/10/23 11:18:09 0006 1                  44.953098 8.815417 00 00 313831323045303234333830            
23/10/23 11:20:50 0007 1                  44.956298 8.814618 00 00 313831323045303230313738            
23/10/23 11:20:50 0008 1                  44.956297 8.814617 00 00 313831323045303231303530            
23/10/23 11:23:10 0009 1                  44.953767 8.810043 00 00 313931323050303031343231            
23/10/23 11:30:48 0010 1                  44.925192 8.794317 00 00 313831323045303235343934            
23/10/23 11:31:54 0011 1                  44.924762 8.794317 00 00 313831323045303235363239            
23/10/23 11:33:36 0012 1                  44.927503 8.791998 00 00 313831323045303230303536            
23/10/23 11:39:09 0013 1                  44.926592 8.774990 00 00 313831323045303232383430            
23/10/23 11:43:43 0014 1                  44.918707 8.781533 00 00 313831323045303234333030            
23/10/23 11:50:42 0015 1                  44.938412 8.781035 00 00 313931313030503030303139            
23/10/23 11:56:02 0016 1                  44.950170 8.778485 00 00 31383033304D303033393733            
23/10/23 11:56:08 0017 1                  44.950178 8.778482 00 00 31383033304D303033393536            
23/10/23 11:56:27 0018 1                  44.950190 8.778485 00 00 313832343045303034333031            
23/10/23 11:57:35 0019 1                  44.950378 8.778822 00 00 313831323045303234333932            
23/10/23 11:58:07 0020 1                  44.950375 8.778817 00 00 313831323045303233323638            
23/10/23 11:58:07 0021 1                  44.950375 8.778817 00 00 313831323045303233363237            
23/10/23 12:00:39 0022 1                  44.958577 8.778977 00 00 313831323045303231303137            
23/10/23 12:00:39 0023 1                  44.958577 8.778977 00 00 313831323045303231303836            
23/10/23 12:01:42 0024 1                  44.958418 8.778770 00 00 313931323050303036363236            
23/10/23 12:02:35 0025 1                  44.957672 8.778115 00 00 313831323045303230353535            
23/10/23 12:03:23 0026 1                  44.957415 8.777908 00 00 313831323045303231303837            
23/10/23 12:04:21 0027 1                  44.957248 8.777773 00 00 313831323045303230353536            
23/10/23 12:08:40 0028 1                  44.958247 8.765407 00 00 313831323045303231323631            
23/10/23 12:16:04 0029 1                  44.964097 8.773160 00 00 313831323045303232353237            
23/10/23 12:20:37 0030 1                  44.966388 8.778447 00 00 313831323045303232393337            
23/10/23 12:22:10 0031 1                  44.971637 8.773592 00 00 313931323050303037393130            
23/10/23 12:24:49 0032 1                  44.970102 8.768255 00 00 313831323045303139353937            
23/10/23 12:27:27 0033 1                  44.973578 8.772190 00 00 313831323045303230363439            
23/10/23 12:28:28 0034 1                  44.974267 8.776275 00 00 31383132304A303231323035            
23/10/23 12:29:10 0035 1                  44.974248 8.776868 00 00 313831323045303232383739            
23/10/23 12:30:08 0036 1                  44.974352 8.779082 00 00 313831323045303233313731            
23/10/23 12:31:11 0037 1                  44.974053 8.781717 00 00 313831323045303234353431            
23/10/23 12:32:30 0038 1                  44.974315 8.785912 00 00 313831323045303233383135            
23/10/23 12:34:32 0039 1                  44.975210 8.794737 00 00 313831323045303232313536            
23/10/23 12:35:44 0040 1                  44.974302 8.792110 00 00 313831323045303233303133            
23/10/23 12:35:44 0041 1                  44.974302 8.792110 00 00 313831323045303233303131            
23/10/23 12:37:24 0042 1                  44.969283 8.786778 00 00 313831323045303232363036            
23/10/23 12:40:01 0043 1                  44.964725 8.784870 00 00 313831323045303232363835            
23/10/23 12:46:36 0044 1                  44.961448 8.788098 00 00 313931323050303037343831            
23/10/23 12:50:48 0045 1                  44.971513 8.800808 00 00 313831323045303139393238            
23/10/23 12:52:49 0046 1                  44.974373 8.802942 00 00 313831323045303230393438            
23/10/23 12:52:49 0047 1                  44.974373 8.802942 00 00 313831323045303232353331            
23/10/23 12:55:43 0048 1                  44.978143 8.794120 00 00 313831323045303232373235            
23/10/23 12:58:45 0049 1                  44.986065 8.784603 00 00 313831323045303232343832            
23/10/23 12:58:47 0050 1                  44.986065 8.784603 00 00 313831323045303232343738            
23/10/23 13:04:30 0051 1                  44.984707 8.778445 00 00 313831323045303230343734            
23/10/23 13:05:24 0052 1                  44.983498 8.778923 00 00 313831323045303232373139            
23/10/23 13:08:47 0053 1                  44.979338 8.773068 00 00 313831323045303233313739            
23/10/23 13:08:48 0054 1                  44.979338 8.773068 00 00 313831323045303233313736            
23/10/23 13:10:27 0055 1                  44.979050 8.767915 00 00 313831323045303230313235            
23/10/23 13:10:27 0056 1                  44.979050 8.767915 00 00 313931323045303630343530            
23/10/23 13:12:47 0057 1                  44.979462 8.770280 00 00 313831323045303232393433            
23/10/23 13:14:32 0058 1                  44.976352 8.771067 00 00 313831323045303232353132            
23/10/23 13:16:31 0059 1                  44.977623 8.775300 00 00 313831323045303230333635            
23/10/23 13:21:13 0060 1                  44.984892 8.819972 00 00 313931323050303035353337            
23/10/23 13:22:31 0061 1                  44.986488 8.822533 00 00 313831323045303139353138            
23/10/23 13:22:32 0062 1                  44.986488 8.822533 00 00 313931323050303132323138            
23/10/23 13:23:14 0063 1                  44.986487 8.822567 00 00 313831323045303230303430            
23/10/23 13:23:14 0064 1                  44.986487 8.822567 00 00 313831323045303139383339            
23/10/23 13:25:04 0065 1                  44.988560 8.827390 00 00 313931323050303039333138            
23/10/23 13:25:51 0066 1                  44.988432 8.826742 00 00 313831323045303233333635            
23/10/23 13:26:44 0067 1                  44.987588 8.825070 00 00 313831323045303236303330            
23/10/23 13:28:55 0068 1                  44.985190 8.827758 00 00 313831323045303139343437            
23/10/23 13:28:55 0069 1                  44.985190 8.827758 00 00 313831323045303139363539            
23/10/23 13:30:23 0070 1                  44.984482 8.831648 00 00 313831323045303234333535            
23/10/23 13:31:38 0071 1                  44.982082 8.832685 00 00 313931323050303133333033            
23/10/23 13:34:21 0072 1                  44.982487 8.836222 00 00 313831323045303139353838            
23/10/23 13:34:39 0073 1                  44.982515 8.836230 00 00 313831323045303139313633            
23/10/23 13:34:39 0074 1                  44.982515 8.836230 00 00 313831323045303232383636            
23/10/23 13:36:53 0075 1                  44.980705 8.837713 00 00 313931323050303035303334            
23/10/23 13:39:47 0076 1                  44.976575 8.838823 00 00 313931323050303076323835            
23/10/23 13:40:54 0077 1                  44.976558 8.837883 00 00 313831323045303232303630            
23/10/23 13:41:40 0078 1                  44.976505 8.837250 00 00 313831323045303232303631            
23/10/23 13:43:56 0079 1                  44.979412 8.820267 00 00 313831323045303231393333            
23/10/23 13:45:05 0080 1                  44.979803 8.816188 00 00 313831323045303231393131            
23/10/23 13:46:16 0081 1                  44.977812 8.814568 00 00 31383132304A303139393636            
23/10/23 13:48:33 0082 1                  44.975385 8.814452 00 00 313831323045303231393037            
23/10/23 13:49:59 0083 1                  44.976958 8.815482 00 00 313831323045303234313234            
23/10/23 13:51:18 0084 1                  44.974063 8.817327 00 00 313831323045303231393038            
23/10/23 13:51:19 0085 1                  44.974063 8.817327 00 00 313831323045303231393130            
23/10/23 13:55:59 0086 1                  44.954232 8.826623 00 00 313831323045303232B63931            
23/10/23 13:57:38 0087 1                  44.957813 8.825345 00 00 313831323045303232393935            
23/10/23 13:57:39 0088 1                  44.957813 8.825345 00 00 313831323045303232363135            
23/10/23 13:58:12 0089 1                  44.957817 8.825340 00 00 313831323045303232363132            
23/10/23 13:58:18 0090 1                  44.957812 8.825340 00 00 313831323045303232353533            
23/10/23 14:01:15 0091 1                  44.959425 8.828403 00 00 313831323045303232363838            
23/10/23 14:02:42 0092 1                  44.958992 8.828967 00 00 313931323050303038313733            
23/10/23 14:04:16 0093 1                  44.960887 8.827757 00 00 313831323045303232303135            
23/10/23 14:04:18 0094 1                  44.960885 8.827758 00 00 30395DFA819FBAC0000B52D7            
23/10/23 14:05:28 0095 1                  44.963110 8.829678 00 00 313831323045303234393037            
23/10/23 14:06:22 0096 1                  44.963293 8.830168 00 00 313831323045303234333738            
23/10/23 14:07:20 0097 1                  44.964477 8.832388 00 00 313831323045303231323638            
23/10/23 14:08:50 0098 1                  44.964648 8.836448 00 00 313831323045303232303332            
23/10/23 14:09:54 0099 1                  44.965888 8.834843 00 00 313831323045303231323639            
23/10/23 14:10:52 0100 1                  44.966253 8.835337 00 00 313832343045303034333830            
23/10/23 14:10:52 0101 1                  44.966253 8.835337 00 00 313831323045303231393833            
23/10/23 14:11:58 0102 1                  44.966482 8.835598 00 00 313831323045303232303236            
23/10/23 14:12:45 0103 1                  44.966707 8.834805 00 00 313831323045303232373133            
23/10/23 14:14:00 0104 1                  44.967273 8.836373 00 00 313831323045303234333737            
23/10/23 14:14:33 0105 1                  44.967447 8.836480 00 00 313831323045303231393336            
23/10/23 14:15:13 0106 1                  44.967783 8.836617 00 00 313831323045303232393333            
23/10/23 14:16:16 0107 1                  44.968467 8.837103 00 00 313931323050303037323136            
23/10/23 14:16:17 0108 1                  44.968468 8.837102 00 00 313931323050303131343434            
23/10/23 14:17:11 0109 1                  44.968563 8.837258 00 00 313931323050303038333235            
23/10/23 14:18:47 0110 1                  44.969980 8.838032 00 00 313831323045303232393739            
23/10/23 14:19:18 0111 1                  44.969963 8.838170 00 00 313831323045303230303732            
23/10/23 14:20:30 0112 1                  44.969167 8.836943 00 00 313831323045303232383633            
23/10/23 14:20:52 0113 1                  44.969253 8.836940 00 00 313831323045303138393236            
23/10/23 14:20:53 0114 1                  44.969253 8.836940 00 00 313831323045303138383134            
23/10/23 14:22:51 0115 1                  44.970712 8.833528 00 00 313831323045303232393237            
23/10/23 14:23:45 0116 1                  44.969923 8.833145 00 00 313831323045303234333530            
23/10/23 14:27:52 0117 1                  44.960262 8.822933 00 00 313831323045303232393431            
23/10/23 14:27:52 0118 1                  44.960262 8.822933 00 00 313831323045303230363036            
23/10/23 14:30:16 0119 1                  44.957543 8.821282 00 00 313831323045303139353135            
23/10/23 14:30:16 0120 1                  44.957543 8.821282 00 00 313931323050303037333835            
23/10/23 14:33:18 0121 1                  44.945978 8.821993 00 00 30396062436E1D400041C40B            
23/10/23 14:33:28 0122 1                  44.945973 8.821993 00 00 313931323050303032373334            
23/10/23 14:33:31 0123 1                  44.945973 8.821993 00 00 30395DFA82D93D80000FB02A            
23/10/23 14:33:35 0124 1                  44.945970 8.821990 00 00 30396062436E1D400041C32E            
23/10/23 15:10:38 0000 s 01488ver01 44.908455 8.866630 00 00
23/10/23 15:52:51 0000 s 01488ver01 44.882428 8.860213 00 00
23/10/23 15:55:48 0000 s 01488ver01 44.882618 8.859857 00 00
23/10/23 16:07:03 0000 s 01488ver01 44.882712 8.859947 00 00
