14/10/23 05:09:30 0000 s 01509ver01 44.792497 8.739300 00 00
14/10/23 05:29:33 0001 1                  44.729612 8.850840 00 00 313931313030433030323736            
14/10/23 05:33:44 0002 1                  44.723082 8.857835 00 00 31383033304D303032363539            
14/10/23 05:36:01 0003 1                  44.722590 8.857742 00 00 303ACA498358365C5CC10158            
14/10/23 05:36:23 0004 1                  44.722640 8.857785 00 00 31383033304D303032343633            
14/10/23 05:36:27 0005 1                  44.722638 8.857782 00 00 31383033304D303033313230            
14/10/23 05:37:23 0006 1                  44.722468 8.857578 00 00 31383033304D303031393735            
14/10/23 05:37:23 0007 1                  44.722468 8.857578 00 00 303ACA4982C7939C588BE734            
14/10/23 05:38:03 0008 1                  44.722412 8.857510 00 00 31383132304A303136303331            
14/10/23 05:39:48 0009 1                  44.722187 8.858252 00 00 31383033304D303032353535            
14/10/23 05:40:36 0010 1                  44.721760 8.858468 00 00 313830B3304D303031373631            
14/10/23 05:41:42 0011 1                  44.721782 8.858490 00 00 313932343045303030323038            
14/10/23 05:43:05 0012 1                  44.721485 8.858635 00 00 31383033304D303032383232            
14/10/23 05:43:43 0013 1                  44.721455 8.858622 00 00 313931323043303037383836            
14/10/23 05:43:44 0014 1                  44.721455 8.858622 00 00 31383132304A303130363734            
14/10/23 05:45:07 0015 1                  44.721335 8.858680 00 00 31383033304D303035383737            
14/10/23 05:45:28 0016 1                  44.721215 8.858652 00 00 313932343045303030323135            
14/10/23 05:47:10 0017 1                  44.721307 8.858720 00 00 31383033304D303032353231            
14/10/23 05:47:57 0018 1                  44.720945 8.858873 00 00 3231303033304D3031383634            
14/10/23 05:49:05 0019 1                  44.720225 8.858955 00 00 31383033304D303031383337            
14/10/23 05:49:42 0020 1                  44.720257 8.858975 00 00 3230303033304D3031373734            
14/10/23 05:49:47 0021 1                  44.720258 8.858982 00 00 31383033304D303035383631            
14/10/23 05:49:51 0022 1                  44.720257 8.858987 00 00 3231303033304D3032303539            
14/10/23 05:58:29 0023 1                  44.722753 8.858698 00 00 313931313030433030333631            
14/10/23 05:59:32 0024 1                  44.722778 8.858950 00 00 31383033304D303032363434            
14/10/23 05:59:37 0025 1                  44.722778 8.858952 00 00 3231303033304D3031383431            
14/10/23 05:59:37 0026 1                  44.722778 8.858952 00 00 303ACB03401672DC61C735CE            
14/10/23 05:59:38 0027 1                  44.722778 8.858952 00 00 30361444141FB48BA877AAF1            
14/10/23 05:59:59 0028 1                  44.722773 8.858927 00 00 3231303033304D3031393739            
14/10/23 06:00:10 0029 1                  44.722772 8.858922 00 00 31383033304D303032363432            
14/10/23 06:01:56 0030 1                  44.723278 8.858668 00 00 31383132304A303136363537            
14/10/23 06:02:28 0031 1                  44.723243 8.858678 00 00 31383132304A303136363539            
14/10/23 06:03:36 0032 1                  44.723358 8.858358 00 00 31383132304A303131323230            
14/10/23 06:05:31 0033 1                  44.723720 8.858377 00 00 313931313030433030333534            
14/10/23 06:11:33 0034 1                  44.731685 8.848295 00 00 313931323043303034353235            
14/10/23 06:11:33 0035 1                  44.731685 8.848295 00 00 313931323043303032333230            
14/10/23 06:13:02 0036 1                  44.732435 8.846803 00 00 313932343045303030323232            
14/10/23 06:15:47 0037 1                  44.736962 8.845108 00 00 313931313030433030343837            
14/10/23 06:18:30 0038 1                  44.735945 8.847642 00 00 303ACA4982C7939C588BE734            
14/10/23 06:18:30 0039 1                  44.735945 8.847642 00 00 313931313030433030343039            
14/10/23 06:21:00 0040 1                  44.730690 8.854122 00 00 313931313030433030333435            
14/10/23 06:21:51 0041 1                  44.730737 8.854108 00 00 313931313030433030313130            
14/10/23 06:23:26 0042 1                  44.730953 8.854780 00 00 313931313030433030333538            
14/10/23 06:24:10 0043 1                  44.730957 8.854785 00 00 313931313030433030333331            
14/10/23 06:25:07 0044 1                  44.730955 8.854770 00 00 313931313030433030333330            
14/10/23 06:27:49 0045 1                  44.729810 8.854472 00 00 313931313030433030343235            
14/10/23 06:29:09 0046 1                  44.729835 8.854470 00 00 313931313030433030343237            
14/10/23 06:32:24 0047 1                  44.723138 8.859193 00 00 31383132304A303039353030            
14/10/23 06:33:45 0048 1                  44.722797 8.859227 00 00 31383132304A303130323631            
14/10/23 06:33:46 0049 1                  44.722797 8.859225 00 00 3035EB5FA04049401C0CC19B            
14/10/23 06:35:47 0050 1                  44.720218 8.861525 00 00 31383033304D303032363532            
14/10/23 06:37:16 0051 1                  44.720227 8.861885 00 00 31383132304A303039373739            
14/10/23 06:37:17 0052 1                  44.720225 8.861887 00 00 313931323043303037373439            
14/10/23 06:38:25 0053 1                  44.720207 8.861910 00 00 31383132304A303131303933            
14/10/23 06:43:19 0054 1                  44.721092 8.863002 00 00 313931323043303030313931            
14/10/23 06:44:26 0055 1                  44.720700 8.863022 00 00 313931323043303130383631            
14/10/23 06:46:00 0056 1                  44.720175 8.863680 00 00 31383033304D303032343030            
14/10/23 06:47:51 0057 1                  44.720187 8.863630 00 00 313932343045303030323131            
14/10/23 06:47:53 0058 1                  44.720187 8.863630 00 00 313932343045303030343632            
14/10/23 06:49:32 0059 1                  44.720350 8.863995 00 00 31383132304A303136303233            
14/10/23 06:49:42 0060 1                  44.720348 8.863988 00 00 31383132304A303130357239            
14/10/23 06:50:25 0061 1                  44.720365 8.863953 00 00 31383132304A303039343737            
14/10/23 06:50:25 0062 1                  44.720365 8.863953 00 00 31383132304A303136373939            
14/10/23 06:50:56 0063 1                  44.720377 8.863927 00 00 303ACA49829DCA19D8B66F5C            
14/10/23 06:50:57 0064 1                  44.720377 8.863927 00 00 31383033304D303031393332            
14/10/23 06:51:23 0065 1                  44.720397 8.863982 00 00 3034F836E82C7F0AB41DC1BA            
14/10/23 06:51:23 0066 1                  44.720397 8.863982 00 00 31383132304A303130323134            
14/10/23 06:51:23 0067 1                  44.720397 8.863982 00 00 313931323043303132393936            
14/10/23 06:52:50 0068 1                  44.721385 8.864772 00 00 31383132304A303130363533            
14/10/23 06:54:30 0069 1                  44.721580 8.864715 00 00 31383132304A303136303232            
14/10/23 06:54:32 0070 1                  44.721578 8.864715 00 00 31383132304A303137333232            
14/10/23 06:55:04 0071 1                  44.721578 8.864692 00 00 31383132304A303136393530            
14/10/23 06:55:04 0072 1                  44.721578 8.864692 00 00 3233303132304A3030333932            
14/10/23 06:56:38 0073 1                  44.720720 8.864053 00 00 313831323045303130393430            
14/10/23 06:56:38 0074 1                  44.720720 8.864053 00 00 313932343045303030323438            
14/10/23 06:57:09 0075 1                  44.720717 8.864025 00 00 31383132304A303039363835            
14/10/23 07:02:55 0076 1                  44.720013 8.863613 00 00 313931313030433030323933            
14/10/23 07:02:57 0077 1                  44.720012 8.863608 00 00 30395899839F9B40003D481D            
14/10/23 07:02:57 0078 1                  44.720012 8.863608 00 00 30395899839F9B40003D481B            
14/10/23 07:05:00 0079 1                  44.720197 8.864275 00 00 313931313030433030333530            
14/10/23 07:05:49 0080 1                  44.720252 8.864317 00 00 313931313030433030333439            
14/10/23 07:07:36 0081 1                  44.719978 8.864325 00 00 313931313030433030323235            
14/10/23 07:07:45 0082 1                  44.719982 8.864327 00 00 3034F7D57426BDC097D02134            
14/10/23 07:09:09 0083 1                  44.719998 8.864327 00 00 31383132304A303130313638            
14/10/23 07:11:06 0084 1                  44.719335 8.864700 00 00 313931313030433030313031            
14/10/23 07:11:08 0085 1                  44.719337 8.864703 00 00 3034F836E822274AB41E3ADE            
14/10/23 07:12:25 0086 1                  44.719483 8.864288 00 00 3233303132304A3030333834            
14/10/23 07:13:24 0087 1                  44.719385 8.864148 00 00 31383132304A303130343039            
14/10/23 07:14:15 0088 1                  44.719198 8.864190 00 00 31383132304A303039363537            
14/10/23 07:15:34 0089 1                  44.718817 8.864285 00 00 08C8256EF945A18002941C1D            
14/10/23 07:15:34 0090 1                  44.718817 8.864285 00 00 31383132304A303138313639            
14/10/23 07:15:36 0091 1                  44.718815 8.864285 00 00 31383132304A303138313638            
14/10/23 07:16:27 0092 1                  44.718817 8.864295 00 00 313931323043303039393234            
14/10/23 07:16:27 0093 1                  44.718817 8.864295 00 00 30340BE63431EEACFA53FC06            
14/10/23 07:16:28 0094 1                  44.718817 8.864295 00 00 30395DFA82EC24C00022B1FF            
14/10/23 07:16:29 0095 1                  44.718817 8.864297 00 00 313931323043303036383934            
14/10/23 07:16:31 0096 1                  44.718817 8.864297 00 00 30395DFA82D023000012866D            
14/10/23 07:17:09 0097 1                  44.718822 8.864297 00 00 31383132304A303133353738            
14/10/23 07:18:20 0098 1                  44.718192 8.864165 00 00 31383132304A303136363133            
14/10/23 07:19:11 0099 1                  44.718008 8.864143 00 00 31383132304A303039373533            
14/10/23 07:23:49 0100 1                  44.712943 8.868535 00 00 31383132304A303130363733            
14/10/23 07:25:16 0101 1                  44.711613 8.870635 00 00 31383033304D303031363430            
14/10/23 07:33:45 0102 1                  44.711678 8.872452 00 00 313931313030433030313530            
14/10/23 07:34:34 0103 1                  44.711683 8.872508 00 00 313931313030433030323535            
14/10/23 07:37:48 0104 1                  44.715033 8.866772 00 00 31383132304A303039393736            
14/10/23 07:37:48 0105 1                  44.715033 8.866772 00 00 31383132304A303170363737            
14/10/23 07:39:19 0106 1                  44.715963 8.866528 00 00 31383132304A303136323537            
14/10/23 07:39:21 0107 1                  44.715963 8.866527 00 00 30340BFFF05DB3C7F7105C05            
14/10/23 07:40:40 0108 1                  44.717135 8.866228 00 00 31383132304A303136303938            
14/10/23 07:40:43 0109 1                  44.717135 8.866228 00 00 303549A8A01E6914F4B75569            
14/10/23 07:42:18 0110 1                  44.717860 8.865588 00 00 31383132304A303136383139            
14/10/23 07:42:19 0111 1                  44.717858 8.865592 00 00 31383132304A303136383239            
14/10/23 07:42:44 0112 1                  44.717855 8.865605 00 00 31383132304A303136303138            
14/10/23 07:42:54 0113 1                  44.717862 8.865608 00 00 303ACA4981B38D19D8B6CD53            
14/10/23 07:42:54 0114 1                  44.717862 8.865608 00 00 30395DFA80937781EA494C54            
14/10/23 07:42:55 0115 1                  44.717862 8.865608 00 00 303ACA4982BDFD59D8B681E6            
14/10/23 07:43:00 0116 1                  44.717863 8.865605 00 00 303ACA49824ED1199C82DDFF            
14/10/23 07:44:18 0117 1                  44.718920 8.865900 00 00 31383132304A303130343132            
14/10/23 07:44:25 0118 1                  44.718917 8.865897 00 00 303ACA4982A9685C501AAED3            
14/10/23 07:46:20 0119 1                  44.720287 8.866957 00 00 31383132304A303130343233            
14/10/23 07:46:22 0120 1                  44.720287 8.866963 00 00 2480689400FF013899A2C44F            
14/10/23 07:46:24 0121 1                  44.720288 8.866970 00 00 3034F7E6D84D1182EE00030A            
14/10/23 07:47:05 0122 1                  44.720273 8.866952 00 00 313931313030433030333332            
14/10/23 07:47:06 0123 1                  44.720273 8.866948 00 00 873809FF4A7E001AAE950B40            
14/10/23 07:48:31 0124 1                  44.720285 8.866923 00 00 31383132304A303130343232            
14/10/23 07:50:07 0125 1                  44.720528 8.867143 00 00 30396062C38D9840002F5BB7            
14/10/23 07:50:28 0126 1                  44.720520 8.867135 00 00 3034F822B81B7002E90EDF9C            
14/10/23 07:50:29 0127 1                  44.720518 8.867135 00 00 313931313030433030323233            
14/10/23 07:51:24 0128 1                  44.720753 8.867203 00 00 000000000000000014966365            
14/10/23 07:53:18 0129 1                  44.721015 8.866782 00 00 313931313030433030313032            
14/10/23 07:54:16 0130 1                  44.721013 8.866793 00 00 313931313030433030323530            
14/10/23 07:55:24 0131 1                  44.720885 8.866750 00 00 313931313030433030313838            
14/10/23 07:57:05 0132 1                  44.721108 8.866440 00 00 31383132304A303137333632            
14/10/23 07:57:12 0133 1                  44.721112 8.866442 00 00 3035EBA8781EF4400809EBF7            
14/10/23 07:59:23 0134 1                  44.721887 8.865035 00 00 313931323043303033353537            
14/10/23 08:07:12 0135 1                  44.731117 8.853780 00 00 31383132304A303136333232            
14/10/23 08:08:55 0136 1                  44.733493 8.853337 00 00 31383132304A303138303030            
14/10/23 08:11:55 0137 1                  44.734382 8.853023 00 00 313931323043303037373234            
14/10/23 08:15:10 0138 1                  44.738597 8.850262 00 00 31383132304A303136373537            
14/10/23 08:15:11 0139 1                  44.738597 8.850262 00 00 30396062C386A9C0000B080F            
14/10/23 08:16:41 0140 1                  44.739053 8.852873 00 00 31383132304A303137383230            
14/10/23 08:18:34 0141 1                  44.737822 8.853310 00 00 31393132304330303731393000000000    
14/10/23 08:18:36 0142 1                  44.737818 8.853310 00 00 31383132304A303137353730            
14/10/23 08:18:48 0143 1                  44.737817 8.853315 00 00 31393132304330303731393000000000    
14/10/23 08:19:21 0144 1                  44.737810 8.853335 00 00 31383132304A303137353637            
14/10/23 08:20:14 0145 1                  44.737613 8.853353 00 00 3138313A304A303137353636            
14/10/23 08:21:12 0146 1                  44.737155 8.853455 00 00 31383132304A303337353638            
14/10/23 08:22:08 0147 1                  44.736520 8.853305 00 00 31383132304A303136353334            
14/10/23 08:23:43 0148 1                  44.738560 8.853563 00 00 30340BDF10557102072A6404            
14/10/23 08:24:09 0149 1                  44.738587 8.853647 00 00 30340BEA9854A0FC51648003            
14/10/23 08:24:09 0150 1                  44.738587 8.853647 00 00 31383132304A303136373532            
14/10/23 08:24:09 0151 1                  44.738587 8.853647 00 00 3034F80CE44EC7CAB41EB92D            
14/10/23 08:24:11 0152 1                  44.738587 8.853647 00 00 3034326DA8008E3BE6029788            
14/10/23 08:24:13 0153 1                  44.738587 8.853647 00 00 3034F8370057E1CAB41DBA4F            
14/10/23 08:24:20 0154 1                  44.738587 8.853645 00 00 3034326DA8008E28A0805803            
14/10/23 08:24:20 0155 1                  44.738587 8.853645 00 00 303ACA498372E399D8B643E1            
14/10/23 08:24:27 0156 1                  44.738587 8.853643 00 00 31383132304A303135363235            
14/10/23 08:25:12 0157 1                  44.738737 8.853680 00 00 31383132304A303136373536            
14/10/23 08:25:31 0158 1                  44.738722 8.853710 00 00 30396062C386A9C0000B080F            
14/10/23 08:32:54 0159 1                  44.741922 8.846572 00 00 333931313030433030323737            
14/10/23 08:34:02 0160 1                  44.741917 8.846583 00 00 313931313030433030323739            
14/10/23 08:36:05 0161 1                  44.745423 8.847233 00 00 313931323043303036353133            
14/10/23 08:38:25 0162 1                  44.745978 8.849212 00 00 313931323043303031373532            
14/10/23 08:40:49 0163 1                  44.747813 8.849060 00 00 313931313030433030323830            
14/10/23 08:41:53 0164 1                  44.747842 8.849042 00 00 313931313030433030323831            
14/10/23 08:44:19 0165 1                  44.748858 8.848468 00 00 3232313130304A3030323437            
14/10/23 08:50:32 0166 1                  44.755247 8.844213 00 00 313931313030433030323636            
14/10/23 08:50:33 0167 1                  44.755247 8.844213 00 00 30396062C386A9C0000B080F            
14/10/23 08:51:15 0168 1                  44.755220 8.844163 00 00 313931313030433030323635            
14/10/23 08:58:31 0169 1                  44.753262 8.845767 00 00 313931313030433030333636            
14/10/23 08:59:08 0170 1                  44.753242 8.845762 00 00 313931313030433030333532            
14/10/23 09:09:29 0171 1                  44.754607 8.850695 00 00 31383132304A303130333832            
14/10/23 09:09:31 0172 1                  44.754607 8.850697 00 00 30396062C386A9C0000B080F            
14/10/23 09:12:10 0173 1                  44.746398 8.847177 00 00 313931313030433030323731            
14/10/23 09:14:01 0174 1                  44.745630 8.846947 00 00 313931313030433030323434            
14/10/23 09:15:16 0175 1                  44.745613 8.846970 00 00 313931313030433030333932            
14/10/23 09:17:13 0176 1                  44.744120 8.846552 00 00 355AB1C8E0061A90009DD74A            
14/10/23 09:17:13 0177 1                  44.744120 8.846552 00 00 355AB1C8E0061A90009DD74B            
14/10/23 09:17:14 0178 1                  44.744120 8.846552 00 00 355AB1C8E0061A90009DD6B3            
14/10/23 09:17:28 0179 1                  44.744113 8.846537 00 00 3139313130304A3031303431            
14/10/23 09:19:37 0180 1                  44.742483 8.846132 00 00 31383132304A303136393737            
14/10/23 09:21:19 0181 1                  44.744377 8.844878 00 00 31383132304A303136353432            
14/10/23 09:22:51 0182 1                  44.745787 8.844332 00 00 303ACA4983641A5AC6891D8D            
14/10/23 09:22:52 0183 1                  44.745787 8.844332 00 00 313931313030433030323931            
14/10/23 09:23:36 0184 1                  44.745803 8.844380 00 00 31383132304A303136353433            
14/10/23 09:25:42 0185 1                  44.747808 8.846598 00 00 313931313030433030323537            
14/10/23 09:25:48 0186 1                  44.747805 8.846595 00 00 313931313030433030323537            
14/10/23 09:28:50 0187 1                  44.741472 8.843948 00 00 313931323043303032333235            
14/10/23 09:29:07 0188 1                  44.741467 8.843950 00 00 30395DFA8300430000285098            
14/10/23 09:29:07 0189 1                  44.741467 8.843950 00 00 3035EB8ADC16358008003501            
14/10/23 09:29:07 0190 1                  44.741467 8.843950 00 00 313932343045303030323330            
14/10/23 09:29:08 0191 1                  44.741467 8.843950 00 00 3035EB8ADC0E804008003033            
14/10/23 09:29:08 0192 1                  44.741467 8.843950 00 00 3035EB8ADC39490002000266            
14/10/23 09:29:08 0193 1                  44.741467 8.843950 00 00 3035EB88903B74400000003A            
14/10/23 09:29:09 0194 1                  44.741467 8.843950 00 00 30340C000049D13B4D71A004            
14/10/23 09:29:09 0195 1                  44.741467 8.843950 00 00 30347A21A4343A3F8E82F5D0            
14/10/23 09:29:10 0196 1                  44.741465 8.843950 00 00 3035EB8ADC351CC7FE001D28            
14/10/23 09:29:10 0197 1                  44.741465 8.843950 00 00 30340BD1DC2D7C02055B2004            
14/10/23 09:31:50 0198 1                  44.745283 8.841722 00 00 31383132304A303136353431            
14/10/23 09:33:25 0199 1                  44.744455 8.840132 00 00 3035EBCBD81FB80047868DA9            
14/10/23 09:33:25 0200 1                  44.744455 8.840132 00 00 3035EBCBD81FB34047868C92            
14/10/23 09:33:43 0201 1                  44.744452 8.840115 00 00 752A42D80DD0116029E00022            
14/10/23 09:33:43 0202 1                  44.744452 8.840115 00 00 3035EBA56849C94047868C6E            
14/10/23 09:33:43 0203 1                  44.744452 8.840115 00 00 3035EBA568468B4047868C10            
14/10/23 09:33:45 0204 1                  44.744452 8.840113 00 00 752A42CBBC90A1600FF0001E            
14/10/23 09:33:59 0205 1                  44.744455 8.840093 00 00 30340BFFF85851C92B089004            
14/10/23 09:34:15 0206 1                  44.744455 8.840078 00 00 30340BDB94427DB039CB9804            
14/10/23 09:34:15 0207 1                  44.744455 8.840078 00 00 0380689400FF013F51342A06            
14/10/23 09:34:15 0208 1                  44.744455 8.840078 00 00 30361427A051B3800000177D            
14/10/23 09:34:16 0209 1                  44.744453 8.840078 00 00 0480689400FF013A2231D5AF            
14/10/23 09:34:16 0210 1                  44.744453 8.840078 00 00 3230313130304A3030303936            
14/10/23 09:34:16 0211 1                  44.744453 8.840078 00 00 3035EB76A03499ADDB099B7A            
14/10/23 09:34:17 0212 1                  44.744453 8.840078 00 00 3035EB76A03483ADDB085826            
14/10/23 09:34:17 0213 1                  44.744453 8.840078 00 00 0828917FEA48F900000F354B            
14/10/23 09:34:18 0214 1                  44.744453 8.840078 00 00 3035EBCBD81FB78047868C78            
14/10/23 09:37:16 0215 1                  44.744562 8.836132 00 00 313931323043303039323734            
14/10/23 09:41:36 0216 1                  44.736785 8.844735 00 00 31383132304A303137343532            
14/10/23 09:41:38 0217 1                  44.736785 8.844735 00 00 3035EA594418C507FE0000B9            
14/10/23 09:44:37 0218 1                  44.732660 8.845963 00 00 313932343045303030353633            
14/10/23 09:47:56 0219 1                  44.731043 8.849252 00 00 30340C000049D13B4D71A004            
14/10/23 09:47:58 0220 1                  44.731043 8.849252 00 00 313931313030433030323631            
14/10/23 09:49:06 0221 1                  44.731045 8.849268 00 00 313931313030433030323634            
14/10/23 10:02:19 0000 s 01509ver01 44.743750 8.837013 00 00
14/10/23 10:11:18 0000 s 01509ver01 44.743747 8.836960 00 00
14/10/23 10:23:47 0000 s 01509ver01 44.743753 8.836958 00 00
14/10/23 11:09:15 0000 s 01509ver01 44.792928 8.739732 00 00
