16/10/23 05:34:26 0000 s 01485ver01 44.882122 8.860012 00 00
16/10/23 05:42:22 0001 1                  44.896347 8.858495 00 00 3231303234304A3032393338            
16/10/23 05:42:27 0002 1                  44.896303 8.858633 00 00 3231303234304A3032383033            
16/10/23 05:43:17 0003 1                  44.896305 8.858765 00 00 3231303234304A3032383032            
16/10/23 05:44:46 0004 1                  44.896180 8.859087 00 00 3231303032334D3034313337            
16/10/23 05:44:49 0005 1                  44.896192 8.859088 00 00 3231303032334D3034303735            
16/10/23 05:45:00 0006 1                  44.896207 8.859083 00 00 3231303032334D3033383239            
16/10/23 05:45:06 0007 1                  44.896212 8.859073 00 00 3231303032334D3034313338            
16/10/23 05:45:32 0008 1                  44.896265 8.859080 00 00 3232303032334D3030363630            
16/10/23 05:46:39 0009 1                  44.896227 8.859195 00 00 3231303234304A3032383034            
16/10/23 05:48:05 0010 1                  44.896538 8.859683 00 00 3231303234304A3032373530            
16/10/23 05:49:56 0011 1                  44.896140 8.861422 00 00 3231303234304A3034333532            
16/10/23 05:52:37 0012 1                  44.897370 8.861347 00 00 3231303234304A3034323838            
16/10/23 05:52:40 0013 1                  44.897368 8.861342 00 00 3231303234304A3034323930            
16/10/23 05:54:00 0014 1                  44.897123 8.861317 00 00 3231303234304A3034353738            
16/10/23 05:56:38 0015 1                  44.899507 8.862178 00 00 3231303234304A3034343933            
16/10/23 05:58:55 0016 1                  44.897960 8.862157 00 00 3231303234304A3034333436            
16/10/23 05:58:59 0017 1                  44.897943 8.862152 00 00 3231303234304A3034333435            
16/10/23 06:01:31 0018 1                  44.899205 8.861580 00 00 3233303234304A3031303233            
16/10/23 06:04:02 0019 1                  44.898163 8.859057 00 00 3231303132304A3037353837            
16/10/23 06:05:14 0020 1                  44.897917 8.858900 00 00 3231303032334D3030343234            
16/10/23 06:06:07 0021 1                  44.897713 8.858732 00 00 3231303032334D3034353637            
16/10/23 06:06:11 0022 1                  44.897707 8.858735 00 00 3231303032334D3030363034            
16/10/23 06:06:14 0023 1                  44.897703 8.858732 00 00 3231303032334D3034323636            
16/10/23 06:07:08 0024 1                  44.897615 8.858752 00 00 3231303032334D3031313236            
16/10/23 06:07:17 0025 1                  44.897593 8.858748 00 00 3231303032334D3031313238            
16/10/23 06:07:22 0026 1                  44.897575 8.858752 00 00 3231303032334D3031313239            
16/10/23 06:08:15 0027 1                  44.897440 8.858643 00 00 3231303032334D3033313834            
16/10/23 06:09:33 0028 1                  44.897327 8.858333 00 00 3231303032334D3030353535            
16/10/23 06:09:43 0029 1                  44.897307 8.858327 00 00 3231303132304A3037383036            
16/10/23 06:11:08 0030 1                  44.897192 8.858507 00 00 323030323545303030383934            
16/10/23 06:11:17 0031 1                  44.897193 8.858507 00 00 3231303032334D3032333332            
16/10/23 06:11:22 0032 1                  44.897198 8.858515 00 00 3231303032334D3032333237            
16/10/23 06:13:01 0033 1                  44.896965 8.858428 00 00 3231303234304A3032373931            
16/10/23 06:14:54 0034 1                  44.896960 8.857410 00 00 3231303032334D3034313130            
16/10/23 06:18:28 0035 1                  44.896600 8.860123 00 00 3231303234304A3032383039            
16/10/23 06:18:28 0036 1                  44.896600 8.860123 00 00 3231303234304A3032383130            
16/10/23 06:20:16 0037 1                  44.897307 8.860332 00 00 3231303132304A3035323336            
16/10/23 06:20:23 0038 1                  44.897307 8.860332 00 00 3231303234304A3032393630            
16/10/23 06:22:05 0039 1                  44.897467 8.860265 00 00 3231303132304A3035323334            
16/10/23 06:23:53 0040 1                  44.897920 8.860283 00 00 3231303234304A3032383836            
16/10/23 06:23:56 0041 1                  44.897923 8.860285 00 00 3231303234304A3032383835            
16/10/23 06:25:56 0042 1                  44.898095 8.860300 00 00 3231303032334D3034353039            
16/10/23 06:25:56 0043 1                  44.898095 8.860300 00 00 3231303032334D3033323637            
16/10/23 06:26:04 0044 1                  44.898090 8.860307 00 00 3231303032334D3030343138            
16/10/23 06:27:10 0045 1                  44.898215 8.860240 00 00 3231303032334D3032303833            
16/10/23 06:27:14 0046 1                  44.898210 8.860228 00 00 3231303032334D3034333731            
16/10/23 06:27:20 0047 1                  44.898205 8.860223 00 00 3231303032334D3034303638            
16/10/23 06:28:11 0048 1                  44.898468 8.860082 00 00 3231303032334D3035363032            
16/10/23 06:28:29 0049 1                  44.898455 8.860027 00 00 3231303032334D3032383938            
16/10/23 06:28:32 0050 1                  44.898448 8.860017 00 00 3231303032334D3030383433            
16/10/23 06:29:17 0051 1                  44.897642 8.860032 00 00 25705569A686CF1431C70CF3            
16/10/23 06:30:45 0052 1                  44.895915 8.860177 00 00 3231303132304A3037373939            
16/10/23 06:31:58 0053 1                  44.895755 8.860267 00 00 3231303234304A3032383837            
16/10/23 06:34:24 0054 1                  44.895153 8.860242 00 00 3231303032334D3032313530            
16/10/23 06:34:28 0055 1                  44.895152 8.860258 00 00 3231303032334D3032333431            
16/10/23 06:34:33 0056 1                  44.895150 8.860265 00 00 3231303032334D3032313435            
16/10/23 06:34:37 0057 1                  44.895148 8.860268 00 00 3231303032334D3032313437            
16/10/23 06:36:16 0058 1                  44.895007 8.859758 00 00 3231303032334D3030313735            
16/10/23 06:36:21 0059 1                  44.894998 8.859740 00 00 3231303032334D3033313530            
16/10/23 06:38:03 0060 1                  44.895718 8.859258 00 00 3231303234304A3032383436            
16/10/23 06:40:26 0061 1                  44.895440 8.858882 00 00 3231303132304A3037363331            
16/10/23 06:43:23 0062 1                  44.895073 8.858747 00 00 3231303132304A3035333932            
16/10/23 06:47:21 0063 1                  44.895017 8.857577 00 00 3231303234304A3032393834            
16/10/23 06:47:51 0064 1                  44.895027 8.857565 00 00 3231303234304A3032393735            
16/10/23 06:55:59 0065 1                  44.895223 8.858205 00 00 3231303234304A3032383730            
16/10/23 06:57:18 0066 1                  44.895468 8.858152 00 00 300ED89F335001551DF593CE            
16/10/23 06:57:22 0067 1                  44.895483 8.858137 00 00 3231303032334D3030323333            
16/10/23 06:57:26 0068 1                  44.895492 8.858120 00 00 3231303032334D3030353634            
16/10/23 06:57:30 0069 1                  44.895495 8.858103 00 00 3231303032334D3030383238            
16/10/23 06:57:36 0070 1                  44.895497 8.858070 00 00 3231303032334D3032333732            
16/10/23 07:00:05 0071 1                  44.895975 8.858327 00 00 3231303132304A3035323239            
16/10/23 07:01:00 0072 1                  44.896003 8.858403 00 00 3231303234304A3032393535            
16/10/23 07:03:51 0073 1                  44.894797 8.858152 00 00 3231303234304A3034323535            
16/10/23 07:04:38 0074 1                  44.894717 8.858212 00 00 3231303234304A3034343331            
16/10/23 07:06:27 0075 1                  44.894332 8.858318 00 00 3231303234304A3034353035            
16/10/23 07:07:47 0076 1                  44.894115 8.858300 00 00 3231303032334D3032303734            
16/10/23 07:08:38 0077 1                  44.894022 8.858305 00 00 3231303032334D3030313736            
16/10/23 07:10:04 0078 1                  44.893863 8.858118 00 00 3231303132304A3035323630            
16/10/23 07:11:09 0079 1                  44.893822 8.858125 00 00 3231303032334D3030353031            
16/10/23 07:11:14 0080 1                  44.893828 8.858158 00 00 3231303032334D3034363638            
16/10/23 07:11:20 0081 1                  44.893828 8.858183 00 00 3231303032334D3032393531            
16/10/23 07:12:34 0082 1                  44.893582 8.858367 00 00 3231303234304A3032373936            
16/10/23 07:12:54 0083 1                  44.893567 8.858400 00 00 3231303234304A3034353730            
16/10/23 07:14:33 0084 1                  44.893053 8.858305 00 00 3231303132304A3035343031            
16/10/23 07:15:13 0085 1                  44.893028 8.858337 00 00 3231303032334D3032323836            
16/10/23 07:15:16 0086 1                  44.893023 8.858337 00 00 3231303032334D3034353833            
16/10/23 07:16:59 0087 1                  44.892945 8.858390 00 00 3231303132304A3035333833            
16/10/23 07:17:30 0088 1                  44.892937 8.858420 00 00 300ED89F335001551DF593CE            
16/10/23 07:20:06 0089 1                  44.892530 8.858582 00 00 3231303234304A3032383838            
16/10/23 07:20:09 0090 1                  44.892533 8.858582 00 00 3231303234304A3032393438            
16/10/23 07:21:50 0091 1                  44.892272 8.858553 00 00 3231303032334D3034303431            
16/10/23 07:22:34 0092 1                  44.892118 8.858477 00 00 3231303032334D3034363434            
16/10/23 07:22:46 0093 1                  44.892113 8.858468 00 00 3231303032334D3033333034            
16/10/23 07:23:46 0094 1                  44.891785 8.858535 00 00 3231303032334D3034303831            
16/10/23 07:23:50 0095 1                  44.891782 8.858540 00 00 3231303032334D3032323237            
16/10/23 07:23:53 0096 1                  44.891778 8.858540 00 00 3231303032334D3032323332            
16/10/23 07:24:41 0097 1                  44.891592 8.858540 00 00 3231303032334D3034303130            
16/10/23 08:10:08 0000 s 01485ver01 44.882548 8.859765 00 00
16/10/23 08:14:11 0098 1                  44.889325 8.856717 00 00 3231303234304A3032393536            
16/10/23 08:16:01 0099 1                  44.889715 8.856660 00 00 3231303234304A3032393737            
16/10/23 08:19:19 0100 1                  44.891050 8.856950 00 00 3231303234304A3032373434            
16/10/23 08:19:36 0101 1                  44.891050 8.856957 00 00 3232303234304A3030323230            
16/10/23 08:21:17 0102 1                  44.891018 8.856463 00 00 3231303032334D3033343036            
16/10/23 08:21:25 0103 1                  44.891012 8.856483 00 00 3232303032334D3031353234            
16/10/23 08:21:47 0104 1                  44.891007 8.856502 00 00 3231303132304A3037383034            
16/10/23 08:23:29 0105 1                  44.891252 8.856637 00 00 3231343234304A3032373439            
16/10/23 08:25:40 0106 1                  44.892463 8.856677 00 00 3231303234304A3032373833            
16/10/23 08:26:04 0107 1                  44.892450 8.856738 00 00 3231303234304A3034323936            
16/10/23 08:27:47 0108 1                  44.892748 8.856630 00 00 3231303032334D3033333835            
16/10/23 08:27:51 0109 1                  44.892752 8.856627 00 00 3231303032334D3034353137            
16/10/23 08:29:23 0110 1                  44.892923 8.856663 00 00 3231303032334D3034323330            
16/10/23 08:32:24 0111 1                  44.893075 8.857667 00 00 3231303032334D3034373239            
16/10/23 08:32:28 0112 1                  44.893075 8.857663 00 00 3231303032334D3030383235            
16/10/23 08:32:32 0113 1                  44.893072 8.857660 00 00 3231303032334D3035373536            
16/10/23 08:32:38 0114 1                  44.893072 8.857655 00 00 3231303032334D3034373330            
16/10/23 08:34:11 0115 1                  44.893017 8.857245 00 00 3231303032334D3032313639            
16/10/23 08:34:16 0116 1                  44.893015 8.857250 00 00 3231303032334D3032323333            
16/10/23 08:36:19 0117 1                  44.892267 8.856723 00 00 3231303032334D3034363339            
16/10/23 08:36:33 0118 1                  44.892263 8.856722 00 00 3231303234304A3032373935            
16/10/23 08:38:29 0119 1                  44.892213 8.856960 00 00 3231303032334D3034303536            
16/10/23 08:39:52 0120 1                  44.892168 8.857332 00 00 3231303032334D3030353836            
16/10/23 08:41:12 0121 1                  44.892097 8.857722 00 00 3231303032334D3033343538            
16/10/23 08:41:16 0122 1                  44.892097 8.857720 00 00 3231303032334D3033343236            
16/10/23 08:41:20 0123 1                  44.892097 8.857718 00 00 3231303032334D3033343536            
16/10/23 08:41:24 0124 1                  44.892095 8.857715 00 00 3231303032334D3033343630            
16/10/23 08:42:59 0125 1                  44.891888 8.858140 00 00 3231303234304A3032373739            
16/10/23 08:46:39 0126 1                  44.894493 8.861030 00 00 3231303032334D3032333135            
16/10/23 08:46:45 0127 1                  44.894492 8.861020 00 00 3231303032334D3030303130            
16/10/23 08:47:50 0128 1                  44.894087 8.860910 00 00 3231303032334D3032313637            
16/10/23 08:47:55 0129 1                  44.894087 8.860902 00 00 3231303032334D3032303531            
16/10/23 08:48:09 0130 1                  44.894090 8.860897 00 00 3231303032334D3032333439            
16/10/23 08:48:12 0131 1                  44.894088 8.860880 00 00 3231303032334D3031303438            
16/10/23 08:49:34 0132 1                  44.893700 8.860632 00 00 3231303032334D3031313533            
16/10/23 08:51:32 0133 1                  44.893800 8.859403 00 00 3231303032334D3030323635            
16/10/23 08:51:46 0134 1                  44.893807 8.859402 00 00 3231303032334D3032303035            
16/10/23 08:52:37 0135 1                  44.894158 8.859422 00 00 3231303032334D3031333934            
16/10/23 08:53:06 0136 1                  44.894163 8.859405 00 00 3231303032334D3032303038            
16/10/23 08:53:11 0137 1                  44.894165 8.859403 00 00 3231303032334D3032333131            
16/10/23 08:53:15 0138 1                  44.894163 8.859402 00 00 3231303032334D3032333134            
16/10/23 08:53:20 0139 1                  44.894160 8.859402 00 00 3231303032334D3032303037            
16/10/23 08:53:50 0140 1                  44.894143 8.859433 00 00 3231303032334D3032313339            
16/10/23 08:53:55 0141 1                  44.894142 8.859437 00 00 3231303032334D3032313338            
16/10/23 08:53:58 0142 1                  44.894140 8.859440 00 00 3231303032334D3032303032            
16/10/23 08:54:02 0143 1                  44.894138 8.859442 00 00 3231303032334D3031303236            
16/10/23 08:54:44 0144 1                  44.894133 8.859442 00 00 3231303032334D3032303039            
16/10/23 08:54:47 0145 1                  44.894133 8.859442 00 00 3231303032334D3030393831            
16/10/23 08:54:52 0146 1                  44.894133 8.859440 00 00 3231303032334D3035303034            
16/10/23 08:54:56 0147 1                  44.894135 8.859437 00 00 31383032334D303135303537            
16/10/23 08:57:16 0148 1                  44.894375 8.859233 00 00 3231303032334D3032303838            
16/10/23 09:00:25 0149 1                  44.893322 8.857972 00 00 3231303234304A3032383432            
16/10/23 09:00:27 0150 1                  44.893325 8.857968 00 00 3231303234304A3032373836            
16/10/23 09:02:50 0151 1                  44.893388 8.857275 00 00 3231303032334D3033373437            
16/10/23 09:03:20 0152 1                  44.893388 8.857233 00 00 3231303234304A3032393830            
16/10/23 09:08:28 0153 1                  44.893640 8.856678 00 00 3231303132304A3037373233            
16/10/23 09:08:58 0154 1                  44.893633 8.856680 00 00 3231303234304A3032393534            
16/10/23 09:09:14 0155 1                  44.893652 8.856693 00 00 3231303234304A3032383035            
16/10/23 09:09:22 0156 1                  44.893665 8.856702 00 00 3231303234304A3034333530            
16/10/23 09:11:17 0157 1                  44.893817 8.856527 00 00 3231303032334D3030383034            
16/10/23 09:12:32 0158 1                  44.894010 8.856558 00 00 3231303032334D3034323238            
16/10/23 09:14:42 0159 1                  44.894378 8.856512 00 00 3231303234304A3034343338            
16/10/23 09:15:08 0160 1                  44.894367 8.856597 00 00 3231303234304A3034343235            
16/10/23 09:16:23 0161 1                  44.894702 8.856487 00 00 3231303032334D3033353737            
16/10/23 09:19:10 0162 1                  44.893138 8.853372 00 00 3231303234304A3032383138            
16/10/23 09:19:17 0163 1                  44.893125 8.853377 00 00 3231303234304A3032383139            
16/10/23 09:20:02 0164 1                  44.893092 8.853415 00 00 3231303132304A3035333539            
16/10/23 09:21:42 0165 1                  44.893502 8.853563 00 00 3231303032334D3032333330            
16/10/23 09:23:11 0166 1                  44.894067 8.853903 00 00 3231303234304A3032393336            
16/10/23 09:23:28 0167 1                  44.894077 8.853893 00 00 3231303234304A3032393337            
16/10/23 09:24:05 0168 1                  44.894077 8.853890 00 00 3231303234304A3032393335            
16/10/23 09:24:05 0169 1                  44.894077 8.853890 00 00 3231303234304A3034353034            
16/10/23 09:26:47 0170 1                  44.893405 8.854563 00 00 323032343055303030333333            
16/10/23 09:26:54 0171 1                  44.893402 8.854565 00 00 323032343055303030313531            
16/10/23 09:28:18 0172 1                  44.893902 8.855240 00 00 3231303032334D3034353331            
16/10/23 09:29:03 0173 1                  44.894220 8.855267 00 00 3231303032334D3034323331            
16/10/23 09:29:45 0174 1                  44.894580 8.855357 00 00 3231303032334D3034323030            
16/10/23 09:30:40 0175 1                  44.895107 8.856287 00 00 111080000000000790016295            
16/10/23 09:31:52 0176 1                  44.896025 8.856778 00 00 3231303234304A3032383532            
16/10/23 09:31:57 0177 1                  44.896023 8.856780 00 00 3231303234304A3032383531            
16/10/23 09:33:41 0178 1                  44.895728 8.856965 00 00 3231303234304A3032383539            
16/10/23 09:33:53 0179 1                  44.895732 8.856978 00 00 3231303234304A3032383538            
16/10/23 09:35:27 0180 1                  44.895855 8.857033 00 00 3231303234304A3032393333            
16/10/23 09:36:14 0181 1                  44.895850 8.857093 00 00 3231303234304A3032393832            
16/10/23 09:36:21 0182 1                  44.895845 8.857093 00 00 3231303234304A3034343333            
16/10/23 09:59:21 0000 s 01485ver01 44.914717 8.854732 00 00
