07/11/23 05:42:37 0000 s 01486ver01 44.882140 8.860010 00 00
07/11/23 05:48:09 0001 1                  44.883343 8.859110 00 00 3231303234304A3031303839            
07/11/23 05:48:15 0002 1                  44.883350 8.859107 00 00 300ED89F3350005FE2D3C958            
07/11/23 05:50:48 0003 1                  44.883513 8.859000 00 00 3231303234304A3031313632            
07/11/23 05:53:11 0004 1                  44.884160 8.858955 00 00 3231303032334D3035393431            
07/11/23 05:54:07 0005 1                  44.884445 8.858958 00 00 323030323545303031373631            
07/11/23 05:55:13 0006 1                  44.884637 8.859103 00 00 3231303234304A3031323637            
07/11/23 05:55:56 0007 1                  44.884630 8.859088 00 00 3231303234304A3031323631            
07/11/23 05:57:05 0008 1                  44.884923 8.859102 00 00 323030323545303031383737            
07/11/23 05:57:44 0009 1                  44.885088 8.859060 00 00 323030323545303031383933            
07/11/23 05:58:39 0010 1                  44.885235 8.859025 00 00 323030323545303034343032            
07/11/23 05:59:58 0011 1                  44.885623 8.859223 00 00 3231303032334D3034383530            
07/11/23 06:00:17 0012 1                  44.885635 8.859235 00 00 3232303032334D3031303030            
07/11/23 06:00:22 0013 1                  44.885637 8.859238 00 00 3231303032334D3034373332            
07/11/23 06:00:43 0014 1                  44.885638 8.859232 00 00 323030323545303031393730            
07/11/23 06:00:43 0015 1                  44.885638 8.859232 00 00 323030323545303031393636            
07/11/23 06:03:11 0016 1                  44.885930 8.859522 00 00 3231303234304A3031323135            
07/11/23 06:03:11 0017 1                  44.885930 8.859522 00 00 3231303234304A3031313333            
07/11/23 06:05:32 0018 1                  44.887203 8.859277 00 00 323030323545303031323032            
07/11/23 06:05:44 0019 1                  44.887208 8.859262 00 00 323030323545303031333633            
07/11/23 06:07:13 0020 1                  44.888007 8.859388 00 00 31383032334D303032363636            
07/11/23 06:07:35 0021 1                  44.888012 8.859372 00 00 3232303032334D3031323333            
07/11/23 06:09:29 0022 1                  44.888320 8.859880 00 00 3232303032334D3031393233            
07/11/23 06:09:36 0023 1                  44.888330 8.859877 00 00 3231303032334D3034383430            
07/11/23 06:10:15 0024 1                  44.888290 8.859898 00 00 3231303234304A3031323330            
07/11/23 06:13:57 0025 1                  44.889073 8.859657 00 00 3231303234304A3031313336            
07/11/23 06:15:51 0026 1                  44.889540 8.859957 00 00 3231303234304A3031313331            
07/11/23 06:16:07 0027 1                  44.889545 8.859940 00 00 323030323545303038313635            
07/11/23 06:16:09 0028 1                  44.889543 8.859940 00 00 3231303032334D3033373034            
07/11/23 06:16:26 0029 1                  44.889540 8.859938 00 00 323030323545303038313637            
07/11/23 06:17:53 0030 1                  44.889548 8.859905 00 00 3231303234304A3031313235            
07/11/23 06:18:15 0031 1                  44.889535 8.859902 00 00 3231303132304A3035323032            
07/11/23 06:20:39 0032 1                  44.890203 8.860348 00 00 3231303032334D3033383030            
07/11/23 06:20:43 0033 1                  44.890195 8.860342 00 00 31383032334D303032313334            
07/11/23 06:21:52 0034 1                  44.890385 8.860280 00 00 3231303032334D3030323331            
07/11/23 06:21:58 0035 1                  44.890385 8.860277 00 00 3231303032334D3033363036            
07/11/23 06:22:23 0036 1                  44.890448 8.860263 00 00 31383032334D303032333239            
07/11/23 06:22:28 0037 1                  44.890470 8.860263 00 00 3232303032334D3031333739            
07/11/23 06:22:58 0038 1                  44.890485 8.860287 00 00 3231303032334D3033393836            
07/11/23 06:23:02 0039 1                  44.890478 8.860292 00 00 3231303032334D3033393830            
07/11/23 06:24:38 0040 1                  44.891072 8.860792 00 00 323030323545303034363935            
07/11/23 06:24:39 0041 1                  44.891072 8.860795 00 00 323030323545303034373039            
07/11/23 06:25:01 0042 1                  44.891118 8.860845 00 00 323030323545303034363931            
07/11/23 06:25:01 0043 1                  44.891118 8.860845 00 00 323030323545303035323334            
07/11/23 06:26:02 0044 1                  44.891407 8.861022 00 00 323030323545303034383833            
07/11/23 06:28:10 0045 1                  44.891798 8.861358 00 00 3231303032334D3034363730            
07/11/23 06:28:51 0046 1                  44.891798 8.861347 00 00 3231303032334D3033383234            
07/11/23 06:30:53 0047 1                  44.892228 8.861637 00 00 3231303032334D3034333133            
07/11/23 06:31:35 0048 1                  44.892582 8.861862 00 00 3231303032334D3034383938            
07/11/23 06:34:24 0049 1                  44.890990 8.860522 00 00 3231303234304A3031303834            
07/11/23 06:34:45 0050 1                  44.890990 8.860505 00 00 3231303234304A3031303835            
07/11/23 06:36:48 0051 1                  44.889872 8.859805 00 00 31383132304A303039323335            
07/11/23 06:38:39 0052 1                  44.889903 8.859575 00 00 3231303234304A3031323436            
07/11/23 06:40:49 0053 1                  44.889995 8.859222 00 00 323032343055303030303330            
07/11/23 06:41:06 0054 1                  44.889983 8.859202 00 00 3231303032334D3034393931            
07/11/23 06:41:30 0055 1                  44.889977 8.859192 00 00 3231303234304A3031313930            
07/11/23 07:13:11 0000 s 01486ver01 44.889630 8.859212 00 00
07/11/23 07:17:47 0056 1                  44.888408 8.860892 00 00 3231303132304A3035333536            
07/11/23 07:17:53 0057 1                  44.888405 8.860887 00 00 3231303132304A3035333435            
07/11/23 07:18:24 0058 1                  44.888430 8.860893 00 00 300ED89F3350005FE2D3C958            
07/11/23 07:20:58 0059 1                  44.887290 8.859165 00 00 323030323545303031323938            
07/11/23 07:21:00 0060 1                  44.887280 8.859170 00 00 3231303032334D3034383339            
07/11/23 07:21:24 0061 1                  44.887177 8.859208 00 00 3232303032334D3030383830            
07/11/23 07:21:30 0062 1                  44.887162 8.859210 00 00 3231303032334D3034393837            
07/11/23 07:21:43 0063 1                  44.887133 8.859212 00 00 323030323545303031383734            
07/11/23 07:36:11 0000 s 01486ver01 44.882668 8.860417 00 00
07/11/23 07:38:03 0064 1                  44.884712 8.858992 00 00 323030323545303031383834            
07/11/23 07:39:08 0065 1                  44.885628 8.859255 00 00 323030323545303039343233            
07/11/23 07:39:31 0066 1                  44.885622 8.859280 00 00 300ED89F3350005FE2D3C958            
07/11/23 07:45:50 0067 1                  44.886023 8.861595 00 00 3231303234304A3031323435            
07/11/23 07:47:44 0068 1                  44.885990 8.861337 00 00 3231303234304A3034333037            
07/11/23 07:49:14 0069 1                  44.885463 8.861678 00 00 323030323545303031343030            
07/11/23 07:49:17 0070 1                  44.885463 8.861680 00 00 323030323545303034303037            
07/11/23 07:49:50 0071 1                  44.885467 8.861685 00 00 323030323545303034303034            
07/11/23 07:49:50 0072 1                  44.885467 8.861685 00 00 323030323545303033393738            
07/11/23 07:51:30 0073 1                  44.885243 8.862050 00 00 323030323545303033393831            
07/11/23 07:51:37 0074 1                  44.885242 8.862047 00 00 323030323545303034303035            
07/11/23 07:52:34 0075 1                  44.885138 8.862138 00 00 323030323545303033393830            
07/11/23 07:52:35 0076 1                  44.885138 8.862138 00 00 323030323545303033393435            
07/11/23 07:53:18 0077 1                  44.885142 8.862128 00 00 323030323545303033393739            
07/11/23 07:54:30 0078 1                  44.884967 8.862450 00 00 3231303032334D3032363132            
07/11/23 07:55:58 0079 1                  44.884508 8.863333 00 00 323030323545303030383336            
07/11/23 07:55:58 0080 1                  44.884508 8.863333 00 00 3232303032334D3030373133            
07/11/23 07:56:16 0081 1                  44.884510 8.863323 00 00 323030323545303030383339            
07/11/23 07:57:50 0082 1                  44.885203 8.863830 00 00 3231303234304A3031323230            
07/11/23 07:58:57 0083 1                  44.885215 8.863847 00 00 E20050325918023725501432            
07/11/23 08:00:20 0084 1                  44.884848 8.863670 00 00 3231303234304A3031323234            
07/11/23 08:03:04 0085 1                  44.882927 8.864877 00 00 323031323055303030313139            
07/11/23 08:04:46 0086 1                  44.882592 8.864975 00 00 323030323545303038383836            
07/11/23 08:06:32 0087 1                  44.882365 8.866043 00 00 323030323545303030383535            
07/11/23 08:06:40 0088 1                  44.882368 8.866043 00 00 323030323545303030393036            
07/11/23 08:08:32 0089 1                  44.881800 8.865112 00 00 323030323545303034353636            
07/11/23 08:09:24 0090 1                  44.881420 8.865272 00 00 323030323545303034353337            
07/11/23 08:09:30 0091 1                  44.881413 8.865273 00 00 323030323545303033393931            
07/11/23 08:10:12 0092 1                  44.881167 8.865377 00 00 3232303032334D3030393739            
07/11/23 08:11:29 0093 1                  44.879220 8.867560 00 00 3231303032334D3035353237            
07/11/23 08:12:32 0094 1                  44.879432 8.868830 00 00 323030323545303030383430            
07/11/23 08:12:37 0095 1                  44.879435 8.868833 00 00 323030323545303030383438            
07/11/23 08:13:36 0096 1                  44.879915 8.869088 00 00 3231303032334D3035393530            
07/11/23 08:14:22 0097 1                  44.880153 8.869163 00 00 323030323545303033393130            
07/11/23 08:16:02 0098 1                  44.880618 8.869448 00 00 3232303032334D3031333439            
07/11/23 08:16:43 0099 1                  44.880805 8.869477 00 00 323030323545303031383438            
07/11/23 08:17:30 0100 1                  44.881168 8.869557 00 00 323030323545303031383439            
07/11/23 08:19:09 0101 1                  44.881655 8.868628 00 00 3231303032334D3034313335            
07/11/23 08:21:03 0102 1                  44.882227 8.867445 00 00 3231303032334D3033373534            
07/11/23 08:21:09 0103 1                  44.882225 8.867447 00 00 3231303032334D3033373535            
07/11/23 08:22:03 0104 1                  44.881382 8.867492 00 00 323030323545303031313032            
07/11/23 08:22:55 0105 1                  44.881157 8.867437 00 00 323030323545303033393039            
07/11/23 08:23:54 0106 1                  44.880947 8.867462 00 00 3231303032334D3033383539            
07/11/23 08:24:12 0107 1                  44.880950 8.867442 00 00 323030323545303033393235            
07/11/23 08:25:02 0108 1                  44.880943 8.867412 00 00 300ED89F3350005FE2D3C958            
07/11/23 08:26:18 0109 1                  44.880593 8.867365 00 00 323030323545303033393234            
07/11/23 08:27:50 0110 1                  44.880420 8.867342 00 00 323030323545303033393330            
07/11/23 08:27:55 0111 1                  44.880418 8.867337 00 00 323030323545303033393332            
07/11/23 08:29:06 0112 1                  44.880560 8.865955 00 00 323030323545303031333931            
07/11/23 08:32:16 0113 1                  44.883670 8.870648 00 00 323030323545303035313533            
07/11/23 08:32:20 0114 1                  44.883673 8.870652 00 00 3231303032334D3030393936            
07/11/23 08:34:00 0115 1                  44.885537 8.871723 00 00 3231303032334D3034383935            
07/11/23 08:34:51 0116 1                  44.885878 8.871760 00 00 3232303032334D3031393032            
07/11/23 08:34:59 0117 1                  44.885878 8.871760 00 00 323030323545303033393432            
07/11/23 08:36:01 0118 1                  44.886040 8.872002 00 00 323030323545303038313232            
07/11/23 08:37:00 0119 1                  44.886103 8.872438 00 00 3232303032334D3031373038            
07/11/23 08:38:21 0120 1                  44.886148 8.872913 00 00 323030323545303031343730            
07/11/23 08:38:26 0121 1                  44.886150 8.872913 00 00 323030323545303033393637            
07/11/23 08:41:04 0122 1                  44.886117 8.874017 00 00 323030323545303031343636            
07/11/23 08:41:05 0123 1                  44.886117 8.874017 00 00 323030323545303035323733            
07/11/23 08:41:21 0124 1                  44.886117 8.874015 00 00 323030323545303035323735            
07/11/23 08:46:34 0125 1                  44.877698 8.872598 00 00 3231303032334D3033383935            
07/11/23 08:46:38 0126 1                  44.877693 8.872600 00 00 3231303032334D3033363033            
07/11/23 08:46:38 0127 1                  44.877693 8.872600 00 00 3231303032334D3033363033            
07/11/23 08:52:58 0128 1                  44.885880 8.870895 00 00 3231303032334D3033333930            
07/11/23 08:54:37 0129 1                  44.885848 8.870357 00 00 323030323545303035313230            
07/11/23 08:55:44 0130 1                  44.885822 8.870332 00 00 3232303032334D3030353734            
07/11/23 08:56:30 0131 1                  44.885825 8.870058 00 00 323030323545303039343032            
07/11/23 08:57:25 0132 1                  44.885855 8.869793 00 00 3232303032334D3030313332            
07/11/23 08:57:43 0133 1                  44.885852 8.869768 00 00 323030323545303035313231            
07/11/23 08:58:44 0134 1                  44.885940 8.869188 00 00 323030323545303035313233            
07/11/23 08:59:03 0135 1                  44.885928 8.869183 00 00 3232303032334D3031353135            
07/11/23 09:02:15 0136 1                  44.885103 8.868857 00 00 3231303032334D3032373330            
07/11/23 09:03:51 0137 1                  44.885418 8.868210 00 00 3231303032334D3034313838            
07/11/23 09:03:58 0138 1                  44.885418 8.868212 00 00 323030323545303036393239            
07/11/23 09:04:17 0139 1                  44.885417 8.868212 00 00 323030323545303034353438            
07/11/23 09:05:38 0140 1                  44.886098 8.868222 00 00 323030323545303031363636            
07/11/23 09:06:11 0141 1                  44.886190 8.867938 00 00 323030323545303039343031            
07/11/23 09:07:32 0142 1                  44.886982 8.867505 00 00 323030323545303034353239            
07/11/23 09:08:48 0143 1                  44.887845 8.867475 00 00 323030323545303039323630            
07/11/23 09:08:48 0144 1                  44.887845 8.867475 00 00 323030323545303039323630            
07/11/23 09:08:51 0145 1                  44.887845 8.867475 00 00 3232303032334D3030313830            
07/11/23 09:08:57 0146 1                  44.887845 8.867473 00 00 323030323545303039323632            
07/11/23 09:09:50 0147 1                  44.888833 8.866767 00 00 323030323545303034353638            
07/11/23 09:10:57 0148 1                  44.889018 8.866765 00 00 323030323545303031343635            
07/11/23 09:11:59 0149 1                  44.889370 8.866783 00 00 3231303132304A3035323836            
07/11/23 09:14:13 0150 1                  44.888265 8.870747 00 00 323030323545303039313836            
07/11/23 09:14:55 0151 1                  44.888068 8.871288 00 00 323030323545303039313835            
07/11/23 09:15:03 0152 1                  44.888065 8.871298 00 00 323030323545303039313834            
07/11/23 09:15:53 0153 1                  44.888357 8.871063 00 00 323030323545303039313837            
07/11/23 09:16:47 0154 1                  44.888670 8.870552 00 00 323030323545303039353835            
07/11/23 09:17:03 0155 1                  44.888665 8.870550 00 00 323030323545303034373238            
07/11/23 09:17:58 0156 1                  44.888758 8.869953 00 00 323030323545303039353833            
07/11/23 09:18:39 0157 1                  44.888892 8.869352 00 00 3231303032334D3034333131            
07/11/23 09:19:17 0158 1                  44.888932 8.868770 00 00 323030323545303039323538            
07/11/23 09:19:55 0159 1                  44.889035 8.868432 00 00 323030323545303039353832            
07/11/23 09:20:40 0160 1                  44.889182 8.867895 00 00 323030323545303031353731            
07/11/23 09:20:41 0161 1                  44.889182 8.867895 00 00 323030323545303039343639            
07/11/23 09:20:56 0162 1                  44.889183 8.867895 00 00 323030323545303039343934            
07/11/23 09:21:51 0163 1                  44.889343 8.867435 00 00 323030323545303038343635            
07/11/23 09:25:43 0164 1                  44.883753 8.863433 00 00 323030323545303032373435            
07/11/23 09:25:46 0165 1                  44.883753 8.863428 00 00 3231303032334D3034323035            
07/11/23 09:25:56 0166 1                  44.883755 8.863410 00 00 323030323545303031393634            
07/11/23 09:26:00 0167 1                  44.883758 8.863402 00 00 323030323545303031393633            
07/11/23 09:26:09 0168 1                  44.883762 8.863385 00 00 323030323545303031393236            
07/11/23 09:28:01 0169 1                  44.883397 8.863623 00 00 3231303234304A3031313738            
07/11/23 09:31:24 0170 1                  44.885980 8.860818 00 00 323030323545303030373937            
07/11/23 09:31:28 0171 1                  44.885985 8.860828 00 00 323030323545303031343830            
07/11/23 09:31:48 0172 1                  44.886003 8.860890 00 00 3232303032334D3030333931            
07/11/23 09:31:51 0173 1                  44.886008 8.860910 00 00 323030323545303031303934            
07/11/23 09:33:13 0174 1                  44.886002 8.860872 00 00 3231303132304A3035323930            
07/11/23 09:33:40 0175 1                  44.885973 8.860858 00 00 3231303132304A3035323839            
07/11/23 09:35:15 0176 1                  44.885680 8.860843 00 00 3231303234304A3031323338            
07/11/23 09:36:42 0177 1                  44.885352 8.860803 00 00 3138324237414B4B30303030            
07/11/23 09:37:22 0178 1                  44.884477 8.861153 00 00 3231303032334D3030333933            
07/11/23 09:38:09 0179 1                  44.884148 8.861152 00 00 323030323545303031343032            
07/11/23 09:38:50 0180 1                  44.884057 8.861053 00 00 323030323545303031333836            
07/11/23 09:39:28 0181 1                  44.884018 8.860893 00 00 323030323545303031303538            
07/11/23 09:40:08 0182 1                  44.883973 8.860657 00 00 3231303032334D3033383434            
07/11/23 09:40:24 0183 1                  44.883975 8.860658 00 00 323030323545303031323932            
07/11/23 09:40:35 0184 1                  44.883980 8.860662 00 00 3231303032334D3033393333            
07/11/23 09:41:10 0185 1                  44.884005 8.860412 00 00 323030323545303034303134            
07/11/23 09:41:19 0186 1                  44.883987 8.860413 00 00 3232303032334D3030333937            
07/11/23 09:41:37 0187 1                  44.883957 8.860415 00 00 3231303032334D3033363138            
07/11/23 09:42:31 0188 1                  44.884047 8.860258 00 00 3231303032334D3033373431            
07/11/23 09:43:17 0189 1                  44.884315 8.860242 00 00 3233303032334D3030303133            
07/11/23 09:44:38 0190 1                  44.884112 8.860072 00 00 3231303234304A3034323539            
07/11/23 09:48:02 0191 1                  44.883803 8.862013 00 00 3231303234304A3031323533            
07/11/23 09:49:33 0192 1                  44.883613 8.861650 00 00 3231303032334D3033383337            
07/11/23 09:49:47 0193 1                  44.883595 8.861640 00 00 3231303032334D3033383336            
07/11/23 09:50:32 0194 1                  44.883338 8.861627 00 00 3231303032334D3034303631            
07/11/23 09:51:12 0195 1                  44.883133 8.861682 00 00 3231303032334D3030343535            
07/11/23 09:51:39 0196 1                  44.883128 8.861668 00 00 3231303032334D3033383332            
07/11/23 09:53:26 0197 1                  44.882722 8.862308 00 00 3231303234304A3031323531            
07/11/23 09:53:45 0198 1                  44.882717 8.862298 00 00 3231303032334D3033383439            
07/11/23 09:53:49 0199 1                  44.882715 8.862300 00 00 3231303032334D3033383438            
07/11/23 09:56:08 0200 1                  44.880787 8.861978 00 00 3231303234304A3031323439            
07/11/23 09:56:13 0201 1                  44.880780 8.861978 00 00 3231303234304A3031323530            
07/11/23 10:02:06 0202 1                  44.885222 8.860928 00 00 3231303234304A3031303936            
07/11/23 10:02:18 0203 1                  44.885225 8.860925 00 00 7231303234304A3031303937            
07/11/23 10:04:33 0204 1                  44.886355 8.860948 00 00 3231303132304A3035333037            
07/11/23 10:04:46 0205 1                  44.886375 8.860937 00 00 323030323545303031383938            
07/11/23 10:07:38 0206 1                  44.887500 8.859730 00 00 3231303234304A3031323537            
07/11/23 10:09:38 0207 1                  44.887358 8.859883 00 00 3231303234304A3031323738            
07/11/23 10:11:51 0208 1                  44.887352 8.860802 00 00 323030323545303034363039            
07/11/23 10:12:10 0209 1                  44.887372 8.860817 00 00 3231303032334D3034323538            
07/11/23 10:14:17 0210 1                  44.885380 8.858863 00 00 323031323055303030323137            
07/11/23 10:16:03 0211 1                  44.884983 8.858822 00 00 3231303234304A3031313334            
07/11/23 10:16:20 0212 1                  44.884965 8.858832 00 00 3231303032334D3035393036            
07/11/23 10:16:24 0213 1                  44.884963 8.858837 00 00 3231303032334D3033373037            
07/11/23 10:38:33 0000 s 01486ver01 44.908788 8.853912 00 00
07/11/23 11:06:59 0000 s 01486ver01 44.882528 8.860035 00 00
