07/11/23 05:01:18 0000 s 01499ver01 44.882128 8.859828 00 00
07/11/23 05:17:31 0001 1                  44.894505 8.836858 00 00 313932343053303030343238            
07/11/23 05:18:04 0002 1                  44.894503 8.836855 00 00 313932343053303030363936            
07/11/23 05:20:45 0003 1                  44.894743 8.836395 00 00 313931313030533030323336            
07/11/23 05:23:31 0004 1                  44.894953 8.835158 00 00 3232303234304A3030393037            
07/11/23 05:24:32 0005 1                  44.894990 8.835125 00 00 302023001795000085C54AB5            
07/11/23 05:24:35 0006 1                  44.894992 8.835123 00 00 3231313130304A3030383535            
07/11/23 05:31:59 0007 1                  44.888740 8.824298 00 00 313931323053303031373037            
07/11/23 05:33:54 0008 1                  44.888330 8.822278 00 00 313931323053303031373038            
07/11/23 05:33:54 0009 1                  44.888330 8.822278 00 00 313931323053303031373039            
07/11/23 05:38:19 0010 1                  44.887685 8.824195 00 00 313932343053303030373033            
07/11/23 05:41:10 0011 1                  44.887520 8.818797 00 00 323031313030533030303937            
07/11/23 05:46:10 0012 1                  44.891937 8.813697 00 00 313931323053303034393535            
07/11/23 05:51:03 0013 1                  44.894032 8.818600 00 00 3139B1323053303036393532            
07/11/23 05:51:03 0014 1                  44.894032 8.818600 00 00 313931323053303036393531            
07/11/23 05:53:26 0015 1                  44.894223 8.824860 00 00 313931323053303030323534            
07/11/23 05:54:56 0016 1                  44.894322 8.825838 00 00 313931323053303031353334            
07/11/23 05:57:55 0017 1                  44.894485 8.829185 00 00 313932343053303030343334            
07/11/23 06:01:04 0018 1                  44.894468 8.827872 00 00 313931323053303035313638            
07/11/23 06:02:40 0019 1                  44.894395 8.822873 00 00 313931323053303035393037            
07/11/23 06:06:01 0020 1                  44.893107 8.812928 00 00 313931323045303030353636            
07/11/23 06:07:10 0021 1                  44.893367 8.812992 00 00 313931323053303036333835            
07/11/23 06:07:13 0022 1                  44.893370 8.812997 00 00 879707AC4A4F000A593E8DC7            
07/11/23 06:10:20 0023 1                  44.892325 8.806288 00 00 313932343053303030333432            
07/11/23 06:10:20 0024 1                  44.892325 8.806288 00 00 3231303132304A3039323938            
07/11/23 06:10:59 0025 1                  44.892327 8.806307 00 00 313932343053303030333932            
07/11/23 06:17:54 0026 1                  44.888032 8.803167 00 00 313931323053303036393039            
07/11/23 06:19:15 0027 1                  44.888077 8.803705 00 00 313931323053303036393037            
07/11/23 06:20:27 0028 1                  44.888142 8.804522 00 00 313931323053303036393035            
07/11/23 06:32:18 0029 1                  44.871540 8.796468 00 00 313931323053303034373130            
07/11/23 06:34:30 0030 1                  44.871990 8.796642 00 00 313931323053303035303931            
07/11/23 06:35:46 0031 1                  44.872138 8.796540 00 00 313931323053303030363337            
07/11/23 06:35:46 0032 1                  44.872138 8.796540 00 00 313931323053703030363337            
07/11/23 06:37:06 0033 1                  44.872115 8.796390 00 00 313931323053303034373131            
07/11/23 06:39:25 0034 1                  44.872737 8.792190 00 00 313931323053303031313031            
07/11/23 06:41:04 0035 1                  44.872062 8.789392 00 00 313931323053303036303039            
07/11/23 06:50:03 0036 1                  44.890043 8.786150 00 00 313931323053303036313237            
07/11/23 06:50:05 0037 1                  44.890043 8.786153 00 00 30395DFA82EC31000026E478            
07/11/23 06:53:28 0038 1                  44.894448 8.787052 00 00 313931323053303031333238            
07/11/23 07:00:01 0039 1                  44.893515 8.803540 00 00 313931323053303032323033            
07/11/23 07:02:52 0040 1                  44.894623 8.803400 00 00 313931313030533030323939            
07/11/23 07:11:17 0041 1                  44.905093 8.801403 00 00 111150000000001849248895            
07/11/23 07:15:29 0042 1                  44.905275 8.799653 00 00 313931323053303036353234            
07/11/23 07:15:29 0043 1                  44.905275 8.799653 00 00 303ACA4983935F1C5D036E1E            
07/11/23 07:18:40 0044 1                  44.905182 8.810760 00 00 3231303132304A3034313039            
07/11/23 07:20:52 0045 1                  44.904832 8.813442 00 00 313931323053303130343134            
07/11/23 07:22:26 0046 1                  44.904653 8.813998 00 00 313931323053303031393031            
07/11/23 07:23:36 0047 1                  44.904632 8.814280 00 00 313931323053303031383938            
07/11/23 07:30:31 0048 1                  44.903763 8.837582 00 00 09CA624048874180108794B0            
07/11/23 07:30:32 0049 1                  44.903763 8.837582 00 00 313931313030533030333334            
07/11/23 07:33:31 0050 1                  44.902112 8.837345 00 00 3231303132304A3032343630            
07/11/23 07:54:04 0051 1                  44.889803 8.837382 00 00 313931323053303038363336            
07/11/23 07:54:12 0052 1                  44.889800 8.837385 00 00 3035EBB3200144000800217C            
07/11/23 07:59:28 0053 1                  44.907722 8.839213 00 00 313931323053303036343938            
07/11/23 08:18:51 0054 1                  44.910015 8.838153 00 00 323031313030533030303131            
07/11/23 08:18:51 0055 1                  44.910015 8.838153 00 00 30395DFA81A362400008C73E            
07/11/23 08:23:41 0056 1                  44.912043 8.835475 00 00 313831323045303036303033            
07/11/23 08:28:00 0057 1                  44.913453 8.831847 00 00 313931323053303133393934            
07/11/23 08:30:22 0058 1                  44.913123 8.831648 00 00 313931323053303034383838            
07/11/23 08:35:07 0059 1                  44.913163 8.822130 00 00 313931323053303034333436            
07/11/23 08:37:43 0060 1                  44.913463 8.823533 00 00 313931323053303035323036            
07/11/23 08:43:47 0061 1                  44.919438 8.821532 00 00 313931323053303035393130            
07/11/23 08:43:47 0062 1                  44.919438 8.821532 00 00 313931323053303035333433            
07/11/23 08:45:41 0063 1                  44.919878 8.821023 00 00 313931313030533030303839            
07/11/23 08:46:27 0064 1                  44.919877 8.821007 00 00 3231313130304A3030393431            
07/11/23 08:46:29 0065 1                  44.919878 8.821005 00 00 303960624371730000127607            
07/11/23 08:48:36 0066 1                  44.922985 8.818403 00 00 313932343053303030373131            
07/11/23 08:48:36 0067 1                  44.922985 8.818403 00 00 333932343053303030373133            
07/11/23 08:48:37 0068 1                  44.922985 8.818403 00 00 313932343053303030373133            
07/11/23 08:51:13 0069 1                  44.919493 8.820715 00 00 313931323053303035333432            
07/11/23 08:51:15 0070 1                  44.919493 8.820717 00 00 30395DFA81A32F800017F1DA            
07/11/23 08:55:45 0071 1                  44.928685 8.840552 00 00 313931323053303036363232            
07/11/23 09:11:16 0072 1                  44.946435 8.828568 00 00 313931323053303035333435            
07/11/23 09:11:17 0073 1                  44.946435 8.828568 00 00 3231303132304A3036363335            
07/11/23 09:11:19 0074 1                  44.946440 8.828567 00 00 3035EBC0806044C0040233DD            
07/11/23 09:11:20 0075 1                  44.946443 8.828567 00 00 3035EBC0806067C008021B37            
07/11/23 09:11:20 0076 1                  44.946443 8.828567 00 00 3035EB5C64516B8004017117            
07/11/23 09:11:21 0077 1                  44.946443 8.828567 00 00 3035EA594419928002006EF8            
07/11/23 09:11:21 0078 1                  44.946443 8.828567 00 00 3035EB5FA04542001200800C            
07/11/23 09:14:23 0079 1                  44.939628 8.824267 00 00 313931313030533030333634            
07/11/23 09:14:23 0080 1                  44.939628 8.824267 00 00 30340BF8E83CFA22FEA28404            
07/11/23 09:14:24 0081 1                  44.939628 8.824267 00 00 30340BFFFC219E76E43AF005            
07/11/23 09:15:28 0082 1                  44.939635 8.824255 00 00 3230313130304A3030373439            
07/11/23 09:15:29 0083 1                  44.939637 8.824255 00 00 3BE3000001956C6400000AF6            
07/11/23 09:16:10 0084 1                  44.939598 8.824210 00 00 313931313030533030333930            
07/11/23 09:16:12 0085 1                  44.939598 8.824212 00 00 000000000000000C0013303E            
07/11/23 09:19:50 0086 1                  44.933658 8.825112 00 00 313931323053303035383938            
07/11/23 09:19:52 0087 1                  44.933658 8.825110 00 00 313931323053303035383938            
07/11/23 09:22:49 0088 1                  44.932757 8.816162 00 00 313931323053303039303536            
07/11/23 09:23:56 0089 1                  44.932713 8.815713 00 00 313931323053303035323037            
07/11/23 09:25:17 0090 1                  44.932480 8.814103 00 00 313931323053303035343633            
07/11/23 09:25:17 0091 1                  44.932480 8.814103 00 00 3231303132304A3031373239            
07/11/23 09:28:24 0092 1                  44.930643 8.811490 00 00 313931323053303036393535            
07/11/23 09:28:24 0093 1                  44.930643 8.811490 00 00 313931323053303036393536            
07/11/23 09:33:32 0094 1                  44.928730 8.828498 00 00 313931323053303035303533            
07/11/23 09:35:30 0095 1                  44.922908 8.830675 00 00 313931323053303035303535            
07/11/23 09:37:06 0096 1                  44.920555 8.831587 00 00 313931323053303034333337            
07/11/23 09:40:22 0097 1                  44.906772 8.836235 00 00 3232313130304A3030313032            
07/11/23 09:41:38 0098 1                  44.906712 8.836022 00 00 3232313130304A3030313338            
07/11/23 10:09:20 0099 1                  44.923333 8.884805 00 00 313931323053303131343330            
07/11/23 10:58:04 0000 s 01499ver01 44.882397 8.860323 00 00
07/11/23 11:00:39 0000 s 01499ver01 44.882243 8.860220 00 00
