21/10/23 05:24:54 0000 s 01885ver01 44.881890 8.860212 00 00
21/10/23 05:36:23 0001 1                  44.838985 8.856273 00 00 31383032334D303039333830            
21/10/23 05:37:51 0002 1                  44.839370 8.861165 00 00 31383032334D303037313535            
21/10/23 05:38:22 0003 1                  44.839392 8.861200 00 00 31383032334D303032313835            
21/10/23 05:43:05 0004 1                  44.841867 8.863410 00 00 31383032334D303135323336            
21/10/23 05:45:14 0005 1                  44.842080 8.867372 00 00 31383032334D303036383439            
21/10/23 05:45:18 0006 1                  44.842080 8.867372 00 00 31383032334D303037303839            
21/10/23 05:45:24 0007 1                  44.842078 8.867370 00 00 31383032334D303036383437            
21/10/23 05:47:08 0008 1                  44.841385 8.869375 00 00 31383032334D303036393431            
21/10/23 05:47:15 0009 1                  44.841387 8.869378 00 00 31383032334D303036333232            
21/10/23 05:48:43 0010 1                  44.841573 8.868757 00 00 31383032334D303036393434            
21/10/23 05:48:59 0011 1                  44.841578 8.868758 00 00 3231303032334D3031393034            
21/10/23 05:49:44 0012 1                  44.841458 8.869083 00 00 31383032334D303036393435            
21/10/23 05:51:51 0013 1                  44.842178 8.869035 00 00 323030323545303036333435            
21/10/23 05:52:38 0014 1                  44.842002 8.869558 00 00 31383032334D303036333134            
21/10/23 05:54:15 0015 1                  44.841168 8.871308 00 00 3231303032334D3034363131            
21/10/23 05:56:04 0016 1                  44.840142 8.870762 00 00 31383032334D303036393437            
21/10/23 05:57:31 0017 1                  44.840235 8.870475 00 00 323030323545303032393839            
21/10/23 05:58:54 0018 1                  44.838560 8.870227 00 00 31383032334D303037313032            
21/10/23 06:00:35 0019 1                  44.837875 8.869275 00 00 31383032334D303036393830            
21/10/23 06:03:09 0020 1                  44.837317 8.869940 00 00 31383032334D303037303836            
21/10/23 06:05:04 0021 1                  44.837273 8.871598 00 00 31383032334D303131343037            
21/10/23 06:05:09 0022 1                  44.837275 8.871602 00 00 31383032334D303131353632            
21/10/23 06:05:22 0023 1                  44.837277 8.871605 00 00 3232303032334D3030303235            
21/10/23 06:05:47 0024 1                  44.837283 8.871605 00 00 31383032334D303037303437            
21/10/23 06:07:00 0025 1                  44.837297 8.872417 00 00 31383032334D303032313038            
21/10/23 06:08:20 0026 1                  44.837557 8.872527 00 00 31383032334D303135383532            
21/10/23 06:08:26 0027 1                  44.837570 8.872527 00 00 31383032334D303032313034            
21/10/23 06:09:40 0028 1                  44.837137 8.871802 00 00 31383032334D303037313837            
21/10/23 06:11:27 0029 1                  44.837130 8.871977 00 00 31383032334D303032303131            
21/10/23 06:11:33 0030 1                  44.837128 8.871980 00 00 31383032334D303032303132            
21/10/23 06:12:17 0031 1                  44.837108 8.872022 00 00 31383032334D303032303133            
21/10/23 06:13:09 0032 1                  44.836773 8.872125 00 00 31383032334D303032313832            
21/10/23 06:13:59 0033 1                  44.836723 8.872238 00 00 3232303032334D3030343332            
21/10/23 06:14:57 0034 1                  44.836420 8.872202 00 00 31383032334D303037303433            
21/10/23 06:16:00 0035 1                  44.836062 8.872233 00 00 31383032334D303037303432            
21/10/23 06:16:07 0036 1                  44.836060 8.872235 00 00 31383032334D303135363938            
21/10/23 06:18:26 0037 1                  44.833335 8.872335 00 00 31383032334D303036383031            
21/10/23 06:20:28 0038 1                  44.836173 8.872223 00 00 31383032334D303032313831            
21/10/23 06:22:45 0039 1                  44.836722 8.871213 00 00 31383032334D303037313831            
21/10/23 06:23:45 0040 1                  44.836933 8.870833 00 00 31383032334D303076333139            
21/10/23 06:23:45 0041 1                  44.836933 8.870833 00 00 31383032334D303036333139            
21/10/23 06:24:27 0042 1                  44.837072 8.870707 00 00 31383032334D303037303838            
21/10/23 06:26:21 0043 1                  44.837860 8.871600 00 00 31383032334D303032333333            
21/10/23 06:26:36 0044 1                  44.837853 8.871620 00 00 31383032334D303037303438            
21/10/23 06:27:18 0045 1                  44.837848 8.871603 00 00 31383032334D303032333331            
21/10/23 06:27:22 0046 1                  44.837848 8.871600 00 00 31383032334D303032303231            
21/10/23 06:27:26 0047 1                  44.837850 8.871600 00 00 31383032334D303032333332            
21/10/23 06:29:01 0048 1                  44.837857 8.871613 00 00 3232303032334D3030333834            
21/10/23 06:30:54 0049 1                  44.837860 8.871807 00 00 3232303032334D3030323235            
21/10/23 06:31:49 0050 1                  44.837848 8.872215 00 00 323030323545303038363231            
21/10/23 06:35:21 0051 1                  44.837892 8.874295 00 00 31383032334D303036383939            
21/10/23 06:36:34 0052 1                  44.837938 8.874943 00 00 31383032334D303037313530            
21/10/23 06:36:47 0053 1                  44.837933 8.874950 00 00 3232303032334D3030333930            
21/10/23 06:38:43 0054 1                  44.837327 8.874510 00 00 31383032334D303037313531            
21/10/23 06:40:14 0055 1                  44.836515 8.877295 00 00 323030323545303032333431            
21/10/23 06:52:07 0056 1                  44.812397 8.903615 00 00 31383132304A303235363834            
21/10/23 06:54:54 0057 1                  44.813020 8.904183 00 00 31383032334D303136333839            
21/10/23 06:56:41 0000 s 01885ver01 0 0 00 00
21/10/23 06:58:42 0058 1                  44.806973 8.903440 00 00 31383032334D303136333138            
21/10/23 07:02:12 0000 s 01885ver01 0 0 00 00
21/10/23 07:04:26 0059 1                  44.800168 8.913713 00 00 31383032334D303136303730            
21/10/23 07:04:58 0060 1                  44.800147 8.913683 00 00 31383032334D303037343232            
21/10/23 07:12:30 0061 1                  44.807915 8.899853 00 00 31383132304A303039313735            
21/10/23 07:12:37 0062 1                  44.807927 8.899855 00 00 31383132304A303039313738            
21/10/23 07:14:59 0063 1                  44.808075 8.898625 00 00 31383032334D303136333335            
21/10/23 07:16:28 0064 1                  44.806255 8.897168 00 00 31383032334D303133323239            
21/10/23 07:18:38 0065 1                  44.806648 8.898083 00 00 31383032334D303136323531            
21/10/23 07:19:32 0066 1                  44.806655 8.898058 00 00 31383032334D303136303535            
21/10/23 07:19:33 0067 1                  44.806655 8.898058 00 00 31383032334D303136333134            
21/10/23 07:21:19 0068 1                  44.806637 8.898453 00 00 31383032334D303136333038            
21/10/23 07:23:36 0069 1                  44.806178 8.899372 00 00 31383032334D303032353332            
21/10/23 07:25:39 0070 1                  44.806500 8.900142 00 00 31383032334D303038363830            
21/10/23 07:26:32 0071 1                  44.806537 8.900543 00 00 323030323545303033373832            
21/10/23 07:31:03 0072 1                  44.809287 8.903503 00 00 31383032334D303038353736            
21/10/23 07:31:40 0073 1                  44.809218 8.903817 00 00 31383032334D303133343832            
21/10/23 07:34:19 0074 1                  44.806975 8.900203 00 00 31383032334D303038353036            
21/10/23 07:34:23 0075 1                  44.806982 8.900190 00 00 31383032334D303136323734            
21/10/23 07:35:26 0076 1                  44.806922 8.899752 00 00 31383032334D303131393333            
21/10/23 07:37:35 0077 1                  44.807173 8.899742 00 00 31383032334D303136333632            
21/10/23 07:39:36 0078 1                  44.806605 8.899713 00 00 31383032334D303138383135            
21/10/23 07:39:53 0079 1                  44.806602 8.899723 00 00 31383032334D303133343038            
21/10/23 07:40:28 0080 1                  44.806587 8.899670 00 00 31383032334D303037343136            
21/10/23 07:40:35 0081 1                  44.806585 8.899668 00 00 31383032334D303134323633            
21/10/23 07:41:56 0082 1                  44.807092 8.899332 00 00 31383032334D303136313630            
21/10/23 07:42:52 0083 1                  44.807235 8.899308 00 00 31383032334D303136313535            
21/10/23 07:44:51 0084 1                  44.806505 8.894980 00 00 31383032334D303133343237            
21/10/23 07:48:21 0085 1                  44.811160 8.884507 00 00 31383032334D303133323436            
21/10/23 07:54:03 0086 1                  44.810842 8.883398 00 00 3232303032334D3030353336            
21/10/23 07:54:36 0087 1                  44.810795 8.883577 00 00 31383032334D303038343831            
21/10/23 07:56:46 0088 1                  44.810448 8.885262 00 00 31383032334D303136313537            
21/10/23 08:21:52 0089 1                  44.755452 8.909372 00 00 3231303032334D3035303336            
21/10/23 08:23:28 0090 1                  44.754282 8.909063 00 00 31383032334D303038373436            
21/10/23 08:23:28 0091 1                  44.754282 8.909063 00 00 313830B2334D303038373436            
21/10/23 08:24:50 0092 1                  44.754312 8.907990 00 00 31383032334D303038373338            
21/10/23 08:25:06 0093 1                  44.754363 8.908060 00 00 31383032334D303134313833            
21/10/23 08:30:31 0094 1                  44.753475 8.906287 00 00 313831323045303039313933            
21/10/23 08:32:24 0095 1                  44.753105 8.906220 00 00 31383032334D303136333233            
21/10/23 08:33:13 0096 1                  44.752668 8.905623 00 00 31383032334D303038363632            
21/10/23 08:34:12 0097 1                  44.752718 8.904158 00 00 31383032334D303038363137            
21/10/23 08:35:33 0098 1                  44.753893 8.899828 00 00 31383032334D303136313530            
21/10/23 08:40:06 0099 1                  44.752850 8.896895 00 00 31383032334D303038373037            
21/10/23 08:41:45 0100 1                  44.752000 8.896393 00 00 31383032334D303134323437            
21/10/23 08:42:49 0101 1                  44.751598 8.896495 00 00 31383032334D303138363531            
21/10/23 08:43:50 0102 1                  44.751727 8.896612 00 00 31383032334D303038343233            
21/10/23 08:45:01 0103 1                  44.752715 8.896025 00 00 31383032334D303038343337            
21/10/23 08:46:07 0104 1                  44.752770 8.895850 00 00 31383032334D303136323936            
21/10/23 08:47:20 0105 1                  44.752482 8.895558 00 00 31383032334D303133323932            
21/10/23 08:48:47 0106 1                  44.750743 8.894010 00 00 31383032334D303136333232            
21/10/23 08:49:56 0107 1                  44.750400 8.892558 00 00 31383032334D303139313634            
21/10/23 08:51:49 0108 1                  44.752918 8.895363 00 00 31383032334D303133333732            
21/10/23 08:59:20 0109 1                  44.765435 8.876192 00 00 31383032334D303136313636            
21/10/23 08:59:23 0110 1                  44.765435 8.876195 00 00 31383032334D303136313733            
21/10/23 09:00:42 0111 1                  44.766157 8.876027 00 00 31383032334D303038353032            
21/10/23 09:00:47 0112 1                  44.766150 8.876017 00 00 31383032334D303038343538            
21/10/23 09:02:02 0113 1                  44.765538 8.873772 00 00 31383032334D303132353836            
21/10/23 09:04:45 0114 1                  44.764455 8.871330 00 00 323030323545303035343830            
21/10/23 09:06:12 0115 1                  44.765147 8.870585 00 00 31383032334D303134323137            
21/10/23 09:06:17 0116 1                  44.765147 8.870587 00 00 31383032334D303036373739            
21/10/23 09:12:08 0117 1                  44.764567 8.866070 00 00 31383032334D303038363133            
21/10/23 09:12:14 0118 1                  44.764575 8.866075 00 00 31383032334D303038363134            
21/10/23 09:13:29 0119 1                  44.764513 8.865682 00 00 323030323545303033323634            
21/10/23 09:13:36 0120 1                  44.764510 8.865682 00 00 31383032334D303038353434            
21/10/23 09:24:40 0000 s 01885ver01 44.766128 8.863393 00 00
21/10/23 09:30:29 0121 1                  44.765360 8.864290 00 00 31383032334D303038353937            
21/10/23 10:21:26 0000 s 01885ver01 44.911822 8.854985 00 00
21/10/23 10:30:27 0000 s 01885ver01 44.920682 8.853377 00 00
21/10/23 10:33:14 0000 s 01885ver01 44.920745 8.853370 00 00
21/10/23 10:33:18 0000 s 01885ver01 44.920733 8.853378 00 00
21/10/23 10:41:35 0000 s 01885ver01 44.920715 8.853383 00 00
21/10/23 10:51:24 0000 s 01885ver01 44.920655 8.853352 00 00
21/10/23 10:57:26 0122 1                  44.920668 8.853325 00 00 300ED89F33500086844F7D90            
