16/10/23 05:25:34 0000 s 01885ver01 44.882337 8.860240 00 00
16/10/23 05:44:00 0001 1                  44.940905 8.823957 00 00 31383032334D303035333537            
16/10/23 05:48:25 0002 1                  44.964045 8.815228 00 00 3231303032334D3031343234            
16/10/23 05:49:26 0003 1                  44.966715 8.814172 00 00 31383032334D303134387633            
16/10/23 05:51:10 0004 1                  44.970248 8.812803 00 00 31383032334D303132303232            
16/10/23 05:53:13 0005 1                  44.974140 8.811257 00 00 31383032334D303032353931            
16/10/23 05:54:39 0006 1                  44.974858 8.811745 00 00 323032343055303030303539            
16/10/23 05:57:10 0007 1                  44.974875 8.810925 00 00 31383032334D303132323839            
16/10/23 05:57:45 0008 1                  44.975065 8.810905 00 00 3232303032334D3031343439            
16/10/23 05:58:23 0009 1                  44.975230 8.810820 00 00 31383032334D303132303335            
16/10/23 05:59:55 0010 1                  44.975968 8.810530 00 00 31383032334D303132303230            
16/10/23 06:00:45 0011 1                  44.976552 8.810313 00 00 31383032334D303132303231            
16/10/23 06:00:50 0012 1                  44.976550 8.810312 00 00 31383032334D303132323933            
16/10/23 06:01:43 0013 1                  44.977237 8.810070 00 00 31383032334D303035323739            
16/10/23 06:02:25 0014 1                  44.977507 8.810055 00 00 313831323045303039323338            
16/10/23 06:03:13 0015 1                  44.977713 8.809963 00 00 31383032334D303132303632            
16/10/23 06:03:14 0016 1                  44.977713 8.809963 00 00 31383032334D303032353935            
16/10/23 06:03:57 0017 1                  44.977900 8.809837 00 00 31383032334D303138373334            
16/10/23 06:04:33 0018 1                  44.978195 8.809693 00 00 31383032334D303132333832            
16/10/23 06:05:02 0019 1                  44.978527 8.809572 00 00 555338334D86772100200320            
16/10/23 06:05:02 0020 1                  44.978527 8.809572 00 00 555338334D84923100200319            
16/10/23 06:07:22 0021 1                  44.978982 8.808978 00 00 3231303032334D3034343735            
16/10/23 06:07:40 0022 1                  44.978975 8.808968 00 00 31383032334D303031363430            
16/10/23 06:08:26 0023 1                  44.978965 8.809213 00 00 31383032334D303132323137            
16/10/23 06:08:35 0024 1                  44.978973 8.809220 00 00 31383032334D303032353939            
16/10/23 06:09:09 0025 1                  44.978712 8.809410 00 00 E28011700000021167D543A3            
16/10/23 06:09:10 0026 1                  44.978657 8.809423 00 00 E28011700000020AF2D395D6            
16/10/23 06:09:10 0027 1                  44.978657 8.809423 00 00 555338334D86772100200319            
16/10/23 06:10:04 0028 1                  44.976103 8.810332 00 00 31383032334D303132303230            
16/10/23 06:11:37 0029 1                  44.974148 8.807952 00 00 3231303234304A3034333031            
16/10/23 06:14:03 0030 1                  44.974493 8.804617 00 00 3231303032334D3032373036            
16/10/23 06:16:28 0031 1                  44.972418 8.811787 00 00 31383032334D303032373337            
16/10/23 06:16:30 0032 1                  44.972422 8.811788 00 00 31383032334D303032373338            
16/10/23 06:17:46 0033 1                  44.969900 8.812747 00 00 31383032334D303030313138            
16/10/23 06:19:32 0034 1                  44.965167 8.814463 00 00 31383032334D303030313033            
16/10/23 06:22:59 0035 1                  44.954135 8.815175 00 00 3232303032334D3031343734            
16/10/23 06:26:35 0036 1                  44.953137 8.815377 00 00 31383032334D303035353139            
16/10/23 06:31:41 0037 1                  44.944412 8.797163 00 00 31383032334D303132323339            
16/10/23 06:32:49 0038 1                  44.943683 8.796797 00 00 31383032334D303132333930            
16/10/23 06:43:51 0039 1                  44.969613 8.799202 00 00 31383032334D303037323032            
16/10/23 06:46:21 0040 1                  44.974307 8.802980 00 00 31383032334D303034333231            
16/10/23 06:49:19 0041 1                  44.978188 8.793433 00 00 31383072B34D303030303732            
16/10/23 06:49:19 0042 1                  44.978188 8.793433 00 00 31383032B34D303030303732            
16/10/23 06:50:22 0043 1                  44.978978 8.790223 00 00 31383032334D303130393734            
16/10/23 06:50:27 0044 1                  44.978983 8.790220 00 00 31383032334D303036333231            
16/10/23 06:53:23 0045 1                  44.980825 8.777537 00 00 31383032334D303035353836            
16/10/23 06:59:20 0046 1                  44.979420 8.770307 00 00 31383032334D303132323030            
16/10/23 07:06:19 0047 1                  44.974383 8.779063 00 00 3233303032334D3030323936            
16/10/23 07:10:38 0048 1                  44.970093 8.768253 00 00 31383032334D303132303832            
16/10/23 07:19:10 0049 1                  44.964078 8.773183 00 00 31383032334D303132323831            
16/10/23 07:25:10 0050 1                  44.958595 8.779095 00 00 31383032334D303030373837            
16/10/23 07:30:38 0051 1                  44.958248 8.765338 00 00 31383032334D303132323732            
16/10/23 07:30:38 0052 1                  44.958250 8.765337 00 00 300ED89F3350016A1DD2778A            
16/10/23 07:36:21 0053 1                  44.950392 8.778755 00 00 313831323045303039303636            
16/10/23 07:38:02 0054 1                  44.950238 8.778432 00 00 313831323045303039313235            
16/10/23 07:49:47 0055 1                  44.927507 8.791942 00 00 31383032334D303032373133            
16/10/23 08:01:00 0056 1                  44.968320 8.785933 00 00 31383032334D303036323636            
16/10/23 08:03:27 0057 1                  44.974265 8.792118 00 00 31383032334D303132333433            
16/10/23 08:05:09 0058 1                  44.975170 8.794763 00 00 31383032334D303132303036            
16/10/23 08:08:38 0059 1                  44.976433 8.813665 00 00 31383032334D303032333338            
16/10/23 08:10:55 0060 1                  44.984862 8.819983 00 00 31383032334D303035333636            
16/10/23 08:12:17 0061 1                  44.988352 8.822315 00 00 31383032334D303030363635            
16/10/23 08:13:27 0062 1                  44.990495 8.823327 00 00 31383032334D303132363436            
16/10/23 08:16:23 0063 1                  44.996367 8.837482 00 00 300ED89F3350016A1DD2778A            
16/10/23 08:16:23 0064 1                  44.996367 8.837482 00 00 31383032334D303032373332            
16/10/23 08:17:39 0065 1                  44.996383 8.840538 00 00 31383032334D303031393134            
16/10/23 08:20:56 0066 1                  45.005233 8.842165 00 00 31383032334D303035323439            
16/10/23 08:24:57 0067 1                  45.000485 8.835283 00 00 31383032334D303134313735            
16/10/23 08:25:32 0068 1                  45.000610 8.835718 00 00 31383032334D303030313031            
16/10/23 08:26:05 0069 1                  45.000755 8.836167 00 00 31383032334D303130363735            
16/10/23 08:27:30 0070 1                  45.001162 8.837362 00 00 31383032334D303034323132            
16/10/23 08:28:59 0071 1                  45.000183 8.833860 00 00 31383032334D303035353738            
16/10/23 08:29:05 0072 1                  45.000187 8.833858 00 00 300ED89F3350016A1DD2778A            
16/10/23 08:29:29 0073 1                  45.000037 8.833052 00 00 31383032334D303035323433            
16/10/23 08:30:15 0074 1                  44.999937 8.832403 00 00 323030323545303034323030            
16/10/23 08:32:32 0075 1                  45.003330 8.830230 00 00 31383032334D303034323134            
16/10/23 08:32:32 0076 1                  45.003330 8.830230 00 00 31383032334D303034323134            
16/10/23 08:32:41 0077 1                  45.003330 8.830188 00 00 31383032334D303039393439            
16/10/23 08:35:33 0078 1                  44.995028 8.826548 00 00 31383032334D303034323131            
16/10/23 08:36:58 0079 1                  44.991793 8.823353 00 00 31383032334D303030303435            
16/10/23 08:38:10 0080 1                  44.991195 8.822547 00 00 31383032334D303032363137            
16/10/23 08:39:01 0081 1                  44.990235 8.821163 00 00 31383032334D303030333630            
16/10/23 08:40:04 0082 1                  44.987387 8.820458 00 00 31383032334D303030303431            
16/10/23 08:40:45 0083 1                  44.986580 8.820343 00 00 31383032334D303032353136            
16/10/23 08:41:47 0084 1                  44.985370 8.816845 00 00 31383032334D303031393231            
16/10/23 08:42:25 0085 1                  44.985215 8.816182 00 00 31383032334D303031383534            
16/10/23 08:43:10 0086 1                  44.985173 8.815978 00 00 31383032334D303031383430            
16/10/23 08:44:02 0087 1                  44.985118 8.814583 00 00 31383032334D303031383335            
16/10/23 08:44:35 0088 1                  44.984975 8.814055 00 00 31383032334D303032353833            
16/10/23 08:45:01 0089 1                  44.984777 8.813312 00 00 313831323045303230353238            
16/10/23 08:45:09 0090 1                  44.984775 8.813217 00 00 31383032334D303032363939            
16/10/23 08:46:15 0091 1                  44.984693 8.813583 00 00 31383032334D303032343135            
16/10/23 08:46:37 0092 1                  44.984693 8.813590 00 00 3231303234304A3034323232            
16/10/23 08:47:41 0093 1                  44.984760 8.813850 00 00 31383032334D303032343830            
16/10/23 08:50:16 0094 1                  44.986435 8.822590 00 00 3232303032334D3031313336            
16/10/23 08:50:22 0095 1                  44.986433 8.822595 00 00 31383032334D303030303832            
16/10/23 08:50:50 0096 1                  44.986438 8.822612 00 00 31383032334D303031383435            
16/10/23 08:52:53 0097 1                  44.988402 8.826773 00 00 31383032334D303132313338            
16/10/23 08:56:04 0098 1                  44.984800 8.830382 00 00 31383032334D303132333131            
16/10/23 08:56:24 0099 1                  44.984753 8.830690 00 00 555338334D86782100210406            
16/10/23 08:58:14 0100 1                  44.980702 8.837643 00 00 31383032334D303031383438            
16/10/23 09:00:30 0101 1                  44.982065 8.832727 00 00 300ED89F3350016A1DD2778A            
16/10/23 09:00:30 0102 1                  44.982065 8.832727 00 00 31383032334D303035333637            
16/10/23 09:03:04 0103 1                  44.976398 8.837248 00 00 31383032334D303035333833            
16/10/23 09:03:33 0104 1                  44.976445 8.837595 00 00 31383032334D303132343437            
16/10/23 09:04:26 0105 1                  44.976508 8.839052 00 00 31383032334D303038333830            
16/10/23 09:08:51 0106 1                  44.979358 8.820262 00 00 31383032334D303035343237            
16/10/23 09:09:53 0107 1                  44.979775 8.816162 00 00 31383032334D303035343235            
16/10/23 09:16:25 0108 1                  44.957793 8.825310 00 00 31383032334D303035343331            
16/10/23 09:16:32 0109 1                  44.957792 8.825318 00 00 3231303032334D3034313336            
16/10/23 09:19:11 0110 1                  44.959413 8.828367 00 00 31383032334D303132333735            
16/10/23 09:21:34 0111 1                  44.961087 8.827517 00 00 323032343055303030303234            
16/10/23 09:21:49 0112 1                  44.961083 8.827497 00 00 300ED89F3350016A1DD2778A            
16/10/23 09:23:11 0113 1                  44.961082 8.827475 00 00 323032343055303030303232            
16/10/23 09:24:57 0114 1                  44.965040 8.833385 00 00 31383032334D303039363839            
16/10/23 09:25:50 0115 1                  44.966208 8.835347 00 00 31383032334D303039393333            
16/10/23 09:26:26 0116 1                  44.966407 8.835567 00 00 31383032334D303039393239            
16/10/23 09:26:35 0117 1                  44.966413 8.835567 00 00 313831323045303232303236            
16/10/23 09:27:27 0118 1                  44.968467 8.837085 00 00 323030323545303030323136            
16/10/23 09:28:14 0119 1                  44.968848 8.838240 00 00 31383032334D303035353832            
16/10/23 09:29:33 0120 1                  44.969947 8.838207 00 00 31383032334D303034303734            
16/10/23 09:30:33 0121 1                  44.968965 8.837933 00 00 31383032334D303037343433            
16/10/23 09:31:11 0122 1                  44.969148 8.836933 00 00 31383032334D303139313237            
16/10/23 09:31:25 0123 1                  44.969147 8.836915 00 00 31383032334D303031373433            
16/10/23 09:32:17 0124 1                  44.969607 8.835860 00 00 31383032334D303035353035            
16/10/23 09:32:43 0125 1                  44.969647 8.835668 00 00 3232303032334D3030313031            
16/10/23 09:34:15 0126 1                  44.970448 8.833338 00 00 3232303032334D3030383834            
16/10/23 10:26:33 0000 s 01885ver01 44.905713 8.868738 00 00
16/10/23 10:41:28 0127 1                  44.920682 8.853105 00 00 300ED89F3350016A1DD2778A            
16/10/23 11:00:19 0128 1                  44.882525 8.860223 00 00 300ED89F3350016A1DD2778A            
16/10/23 11:05:38 0000 s 01885ver01 44.882325 8.860355 00 00
