07/11/23 04:49:46 0000 s 01494ver01 44.882073 8.860088 00 00
07/11/23 05:21:39 0001 1                  44.977428 8.882492 00 00 313931323050303130333430            
07/11/23 05:22:39 0002 1                  44.977688 8.882388 00 00 313931323050303130333434            
07/11/23 05:23:25 0003 1                  44.977895 8.882342 00 00 3230303033304D3038373837            
07/11/23 05:24:24 0004 1                  44.978492 8.881807 00 00 313931323050303130313437            
07/11/23 05:24:26 0005 1                  44.978497 8.881808 00 00 313931323050303132333832            
07/11/23 05:25:17 0006 1                  44.979043 8.881577 00 00 31383033304D303035393332            
07/11/23 05:26:09 0007 1                  44.979658 8.881338 00 00 3231303033304D3032393334            
07/11/23 05:26:47 0008 1                  44.979712 8.881468 00 00 31383033304D303034333735            
07/11/23 05:26:52 0009 1                  44.979713 8.881475 00 00 31383033304D303033393138            
07/11/23 05:26:58 0010 1                  44.979710 8.881487 00 00 31383033304D303035393231            
07/11/23 05:27:04 0011 1                  44.979710 8.881490 00 00 31383033304D303035393139            
07/11/23 05:27:55 0012 1                  44.979708 8.881830 00 00 313931323050303032363432            
07/11/23 05:29:18 0013 1                  44.979017 8.882950 00 00 313931323050303130323536            
07/11/23 05:29:20 0014 1                  44.979013 8.882957 00 00 313931323050303130323537            
07/11/23 05:30:07 0015 1                  44.979183 8.883032 00 00 31383033304D303036323435            
07/11/23 05:30:24 0016 1                  44.979202 8.882995 00 00 313931323050303039303133            
07/11/23 05:30:25 0017 1                  44.979202 8.882995 00 00 313931323050303130353139            
07/11/23 05:31:16 0018 1                  44.979338 8.883057 00 00 313931323050303133323335            
07/11/23 05:32:09 0019 1                  44.979300 8.882838 00 00 313931323050303130383537            
07/11/23 05:32:12 0020 1                  44.979298 8.882832 00 00 313931323050303130333334            
07/11/23 05:33:06 0021 1                  44.979345 8.882352 00 00 313931323050303038323632            
07/11/23 05:34:00 0022 1                  44.979505 8.882300 00 00 313931323050303130333336            
07/11/23 05:34:57 0023 1                  44.979857 8.882210 00 00 313931323050303030313231            
07/11/23 05:36:13 0024 1                  44.979915 8.882122 00 00 3230313130304A3030363033            
07/11/23 05:37:02 0025 1                  44.979943 8.882123 00 00 3230313130304A3031313635            
07/11/23 05:38:18 0026 1                  44.979995 8.882113 00 00 3230313130304A3030323935            
07/11/23 05:40:02 0027 1                  44.980500 8.882067 00 00 313931323050303132323639            
07/11/23 05:41:02 0028 1                  44.980498 8.881715 00 00 313931323050303132373437            
07/11/23 05:42:36 0029 1                  44.981670 8.881117 00 00 3230313130304A3030363534            
07/11/23 05:43:25 0030 1                  44.981678 8.880933 00 00 3230303234304A3030303537            
07/11/23 05:43:34 0031 1                  44.981668 8.880913 00 00 313932343050303030303839            
07/11/23 05:44:28 0032 1                  44.981805 8.880685 00 00 31383033304D303036333539            
07/11/23 05:44:48 0033 1                  44.981845 8.880650 00 00 313932343050303030313836            
07/11/23 05:45:56 0034 1                  44.981912 8.879730 00 00 3230303033304D3038373836            
07/11/23 05:46:01 0035 1                  44.981912 8.879728 00 00 31383033304D303036323835            
07/11/23 05:46:11 0036 1                  44.981912 8.879737 00 00 31383033304D303036333235            
07/11/23 05:46:56 0037 1                  44.981893 8.879743 00 00 313931323050303130323533            
07/11/23 05:46:57 0038 1                  44.981893 8.879743 00 00 313931323050303131343639            
07/11/23 05:47:58 0039 1                  44.981903 8.879542 00 00 313931323050303133373434            
07/11/23 05:48:07 0040 1                  44.981917 8.879532 00 00 313931323050303130363838            
07/11/23 05:49:14 0041 1                  44.982018 8.879277 00 00 313931323050303133313437            
07/11/23 05:50:07 0042 1                  44.982032 8.878967 00 00 313931323050303130323534            
07/11/23 05:51:19 0043 1                  44.982220 8.878475 00 00 313932343050303030313433            
07/11/23 05:51:20 0044 1                  44.982220 8.878475 00 00 313931323050303130313138            
07/11/23 05:51:22 0045 1                  44.982218 8.878475 00 00 313931323050303130313138            
07/11/23 05:52:11 0046 1                  44.982225 8.878477 00 00 313932343050303030303331            
07/11/23 05:52:12 0047 1                  44.982227 8.878480 00 00 313932343050303030313434            
07/11/23 05:53:35 0048 1                  44.982383 8.878232 00 00 313931323050303039393835            
07/11/23 05:53:37 0049 1                  44.982383 8.878243 00 00 313931323050303039303231            
07/11/23 05:54:35 0050 1                  44.982465 8.878113 00 00 31383033304D303033373434            
07/11/23 05:54:55 0051 1                  44.982457 8.878113 00 00 313931323050303033373537            
07/11/23 05:54:55 0052 1                  44.982457 8.878113 00 00 313932343050303030313036            
07/11/23 05:56:11 0053 1                  44.982785 8.877690 00 00 3230313130304A3030323230            
07/11/23 05:56:54 0054 1                  44.982738 8.877673 00 00 313931323050303133303438            
07/11/23 05:58:45 0055 1                  44.981845 8.876115 00 00 313931323050303130343235            
07/11/23 06:00:13 0056 1                  44.981678 8.876998 00 00 3230313130304A3030363630            
07/11/23 06:00:44 0057 1                  44.981718 8.877010 00 00 3230313130304A3030363539            
07/11/23 06:02:02 0058 1                  44.981525 8.877185 00 00 313931323050303039323536            
07/11/23 06:02:04 0059 1                  44.981525 8.877183 00 00 313931323050303039393832            
07/11/23 06:03:02 0060 1                  44.981527 8.877465 00 00 313931323050303037363637            
07/11/23 06:04:11 0061 1                  44.981462 8.877793 00 00 313931323050303132373338            
07/11/23 06:04:12 0062 1                  44.981462 8.877795 00 00 313931323050303132353230            
07/11/23 06:04:52 0063 1                  44.981490 8.877818 00 00 313931323050303130303932            
07/11/23 06:06:14 0064 1                  44.981075 8.879462 00 00 313931323050303035333236            
07/11/23 06:07:14 0065 1                  44.981003 8.879897 00 00 313931323050303036323239            
07/11/23 06:07:49 0066 1                  44.980997 8.879910 00 00 313931323050303130363731            
07/11/23 06:07:49 0067 1                  44.980997 8.879910 00 00 313931323050303130363732            
07/11/23 06:08:47 0068 1                  44.980927 8.880157 00 00 313931323050303036323331            
07/11/23 06:08:52 0069 1                  44.980927 8.880153 00 00 991300BB0EA2B21A00003438            
07/11/23 06:09:05 0070 1                  44.980923 8.880165 00 00 991300BB0EA336BF00003232            
07/11/23 06:10:39 0071 1                  44.980082 8.880763 00 00 3230313130304A3030363132            
07/11/23 06:11:13 0072 1                  44.980082 8.880770 00 00 313931323050303132333432            
07/11/23 06:11:57 0073 1                  44.980083 8.880728 00 00 313931323050303132353638            
07/11/23 06:11:57 0074 1                  44.980083 8.880728 00 00 313931323050303034323933            
07/11/23 06:13:21 0075 1                  44.979957 8.880922 00 00 313931323050303039333833            
07/11/23 06:13:24 0076 1                  44.979962 8.880937 00 00 313931323050303132333232            
07/11/23 06:14:43 0077 1                  44.979585 8.880953 00 00 313931323050303130343038            
07/11/23 06:14:46 0078 1                  44.979583 8.880953 00 00 313931323050303133303437            
07/11/23 06:15:58 0079 1                  44.979572 8.880833 00 00 313931323050303132313436            
07/11/23 06:17:01 0080 1                  44.979608 8.880507 00 00 313931323050303130323138            
07/11/23 06:17:57 0081 1                  44.979720 8.880250 00 00 313931323050303038383834            
07/11/23 06:18:30 0082 1                  44.979693 8.880248 00 00 313931323050303035363535            
07/11/23 06:18:31 0083 1                  44.979693 8.880248 00 00 313931323050303035393437            
07/11/23 06:19:31 0084 1                  44.979760 8.880020 00 00 313931323050303132343136            
07/11/23 06:20:02 0085 1                  44.979743 8.879983 00 00 30396062437B22C059D81C95            
07/11/23 06:20:05 0086 1                  44.979742 8.879982 00 00 313931323050303039373133            
07/11/23 06:20:27 0087 1                  44.979717 8.879957 00 00 313931323050303032363436            
07/11/23 06:20:28 0088 1                  44.979717 8.879952 00 00 313931323050303132333131            
07/11/23 06:22:24 0089 1                  44.979897 8.879510 00 00 313931323050303130303636            
07/11/23 06:22:24 0090 1                  44.979897 8.879510 00 00 313931323050303032363338            
07/11/23 06:23:20 0091 1                  44.979585 8.879553 00 00 313931323050303130383131            
07/11/23 06:25:08 0092 1                  44.979218 8.878705 00 00 313931323050303133393430            
07/11/23 06:26:35 0093 1                  44.979278 8.879208 00 00 3230313130304A3030363637            
07/11/23 06:27:21 0094 1                  44.979263 8.879272 00 00 3230313130304A3030363636            
07/11/23 06:29:33 0095 1                  44.978432 8.880300 00 00 313931323050303130383039            
07/11/23 06:30:36 0096 1                  44.978615 8.880053 00 00 313931323050303037353039            
07/11/23 06:30:37 0097 1                  44.978615 8.880053 00 00 313931323050303030323633            
07/11/23 06:31:48 0098 1                  44.978797 8.879847 00 00 313931323050303130303037            
07/11/23 06:31:48 0099 1                  44.978797 8.879847 00 00 313931323050303130303035            
07/11/23 06:33:15 0100 1                  44.979328 8.880055 00 00 313931323050303130343537            
07/11/23 06:33:17 0101 1                  44.979330 8.880058 00 00 313931323050303130343137            
07/11/23 06:34:34 0102 1                  44.979412 8.880445 00 00 313931323050303130343631            
07/11/23 06:36:17 0103 1                  44.980403 8.878738 00 00 313931323050303130323035            
07/11/23 06:37:02 0104 1                  44.980373 8.878627 00 00 313931323050303130323033            
07/11/23 06:37:02 0105 1                  44.980373 8.878627 00 00 313931323050303038343936            
07/11/23 06:37:58 0106 1                  44.980382 8.878607 00 00 313931323050303133393838            
07/11/23 06:38:00 0107 1                  44.980382 8.878607 00 00 313931323050303131353632            
07/11/23 06:39:23 0108 1                  44.980520 8.878265 00 00 313931323050303133333835            
07/11/23 06:39:24 0109 1                  44.980520 8.878265 00 00 313931323050303133333836            
07/11/23 06:40:43 0110 1                  44.980962 8.877432 00 00 313931323050303130383630            
07/11/23 06:41:53 0111 1                  44.981035 8.877142 00 00 313931323050303133323635            
07/11/23 06:41:54 0112 1                  44.981035 8.877142 00 00 313931323050303133323637            
07/11/23 06:42:33 0113 1                  44.981013 8.877195 00 00 313931323050303130383631            
07/11/23 06:43:48 0114 1                  44.981758 8.877275 00 00 E28068900000000317F1DE4B            
07/11/23 06:44:02 0115 1                  44.981808 8.877262 00 00 313932343050303030303433            
07/11/23 06:44:03 0116 1                  44.981812 8.877260 00 00 313932343050303030313534            
07/11/23 06:44:32 0117 1                  44.981825 8.877290 00 00 313931323050303131333634            
07/11/23 06:45:31 0118 1                  44.982010 8.877365 00 00 313931323050303130363733            
07/11/23 06:46:34 0119 1                  44.982090 8.877313 00 00 3230313130304A3030363839            
07/11/23 06:47:07 0120 1                  44.982095 8.877335 00 00 313931323050303033333433            
07/11/23 06:47:53 0121 1                  44.982247 8.877422 00 00 25705569A6B85B8301C38C77            
07/11/23 06:48:32 0122 1                  44.982315 8.877570 00 00 313931323050303039303230            
07/11/23 06:48:33 0123 1                  44.982315 8.877570 00 00 313931323050303030343131            
07/11/23 06:50:24 0124 1                  44.981942 8.878600 00 00 313931323050303130363138            
07/11/23 06:50:25 0125 1                  44.981943 8.878605 00 00 313932343050303030303430            
07/11/23 06:51:05 0126 1                  44.981945 8.878598 00 00 3230313130304A3030363834            
07/11/23 06:51:49 0127 1                  44.981950 8.878575 00 00 313932343050303030323039            
07/11/23 06:53:04 0128 1                  44.981690 8.878380 00 00 313931323050303133363839            
07/11/23 06:53:07 0129 1                  44.981698 8.878387 00 00 313931323050303130363137            
07/11/23 06:54:54 0130 1                  44.981648 8.878360 00 00 313931323050303130363136            
07/11/23 06:54:56 0131 1                  44.981648 8.878358 00 00 313931323050303130323231            
07/11/23 06:55:18 0132 1                  44.981648 8.878343 00 00 313932343050303030323034            
07/11/23 06:55:29 0133 1                  44.981648 8.878333 00 00 313932343050303030313432            
07/11/23 06:56:06 0134 1                  44.981637 8.878345 00 00 3230313130304A3030363037            
07/11/23 06:57:25 0135 1                  44.981168 8.878197 00 00 313931323050303130363234            
07/11/23 06:58:29 0136 1                  44.980973 8.878013 00 00 313931323050303037313139            
07/11/23 06:58:53 0137 1                  44.980947 8.878012 00 00 3230313130304A3030363738            
07/11/23 06:59:40 0138 1                  44.980958 8.878010 00 00 313931323050303132333137            
07/11/23 07:02:39 0139 1                  44.983900 8.878485 00 00 313931323050303133313935            
07/11/23 07:04:04 0140 1                  44.983950 8.879045 00 00 313931323050303133363537            
07/11/23 07:04:46 0141 1                  44.983955 8.879045 00 00 313931323050303133313931            
07/11/23 07:05:50 0142 1                  44.983963 8.879298 00 00 313931323050303130353130            
07/11/23 07:07:10 0143 1                  44.983860 8.879885 00 00 313931323050303130343837            
07/11/23 07:07:12 0144 1                  44.983860 8.879885 00 00 313931323050303133313933            
07/11/23 07:10:19 0145 1                  44.983813 8.883193 00 00 313931323050303133353738            
07/11/23 07:10:19 0146 1                  44.983813 8.883193 00 00 313931323050303130323731            
07/11/23 07:11:45 0147 1                  44.983802 8.882800 00 00 313931323050303133323535            
07/11/23 07:13:23 0148 1                  44.983818 8.882633 00 00 313931323050303130313134            
07/11/23 07:14:52 0149 1                  44.983898 8.882050 00 00 313931323050303133323539            
07/11/23 07:14:54 0150 1                  44.983898 8.882048 00 00 313931323050303133323538            
07/11/23 07:15:30 0151 1                  44.983893 8.882015 00 00 313931323050303133323438            
07/11/23 07:16:40 0152 1                  44.983948 8.881638 00 00 313931323050303133313030            
07/11/23 07:17:40 0153 1                  44.983957 8.881437 00 00 313931323050303131353635            
07/11/23 07:18:45 0154 1                  44.984055 8.881075 00 00 313931323050303132393134            
07/11/23 07:19:52 0155 1                  44.984082 8.880832 00 00 313931323050303133363632            
07/11/23 07:20:41 0156 1                  44.984103 8.880718 00 00 313931323050303131353732            
07/11/23 07:21:14 0157 1                  44.984138 8.880745 00 00 313931323050303133303939            
07/11/23 07:24:52 0158 1                  44.980982 8.884982 00 00 313931323050303133373330            
07/11/23 07:26:02 0159 1                  44.981048 8.884512 00 00 313931323050303038313537            
07/11/23 07:26:53 0160 1                  44.981038 8.884518 00 00 313931323050303030363031            
07/11/23 07:26:53 0161 1                  44.981038 8.884518 00 00 313932343050303030333730            
07/11/23 07:28:13 0162 1                  44.981372 8.884463 00 00 313931323050303035333131            
07/11/23 07:29:34 0163 1                  44.981492 8.884050 00 00 313931323050303035383932            
07/11/23 07:29:34 0164 1                  44.981492 8.884050 00 00 313931323050303030323134            
07/11/23 07:30:45 0165 1                  44.981527 8.883872 00 00 313931323050303030323237            
07/11/23 07:31:50 0166 1                  44.981575 8.883558 00 00 313931323050303037303735            
07/11/23 07:35:31 0167 1                  44.979877 8.883212 00 00 313931323050303130393231            
07/11/23 07:35:31 0168 1                  44.979877 8.883212 00 00 313931323050303130393230            
07/11/23 07:37:08 0169 1                  44.980135 8.882997 00 00 313931323050303130333236            
07/11/23 07:37:09 0170 1                  44.980135 8.882997 00 00 313931323050303130323538            
07/11/23 07:37:37 0171 1                  44.980142 8.883010 00 00 313931323050303130333337            
07/11/23 07:38:55 0172 1                  44.980530 8.882950 00 00 313931323050303130383534            
07/11/23 07:40:25 0173 1                  44.980918 8.883140 00 00 313931323050303133383936            
07/11/23 07:40:25 0174 1                  44.980918 8.883140 00 00 313931323050303133383935            
07/11/23 07:41:03 0175 1                  44.980907 8.883145 00 00 313931323050303133383937            
07/11/23 07:41:04 0176 1                  44.980907 8.883145 00 00 313931323050303132333233            
07/11/23 07:41:47 0177 1                  44.980927 8.883135 00 00 313931323050303131343835            
07/11/23 07:43:19 0178 1                  44.981345 8.883313 00 00 31383033304D303036323936            
07/11/23 07:44:37 0179 1                  44.981927 8.883298 00 00 313931323050303031393833            
07/11/23 07:46:07 0180 1                  44.982038 8.883450 00 00 313931323050303036383930            
07/11/23 07:46:07 0181 1                  44.982038 8.883450 00 00 313931323050303036383930            
07/11/23 07:46:08 0182 1                  44.982038 8.883450 00 00 313931323050303035333033            
07/11/23 07:47:00 0183 1                  44.982030 8.883487 00 00 313931323050303035333034            
07/11/23 07:48:22 0184 1                  44.982045 8.884180 00 00 313931323050303030323834            
07/11/23 07:48:22 0185 1                  44.982045 8.884180 00 00 3034F837245E34CAB41DDBCD            
07/11/23 07:48:22 0186 1                  44.982045 8.884180 00 00 313931323050303031373730            
07/11/23 07:48:50 0187 1                  44.982035 8.884193 00 00 313931323050303035333932            
07/11/23 07:50:12 0188 1                  44.981977 8.884552 00 00 313931323050303132353033            
07/11/23 07:51:07 0189 1                  44.982027 8.884560 00 00 313931323050303030353830            
07/11/23 07:51:07 0190 1                  44.982027 8.884560 00 00 313932343050303030303435            
07/11/23 07:52:33 0191 1                  44.981987 8.885108 00 00 313931323050303031393835            
07/11/23 08:19:07 0000 s 01494ver01 44.982297 8.875670 00 00
07/11/23 08:23:57 0192 1                  44.982082 8.884630 00 00 313931323050303031393831            
07/11/23 08:25:22 0193 1                  44.982293 8.884663 00 00 313931323050303030343637            
07/11/23 08:26:41 0194 1                  44.982385 8.884525 00 00 313931323050303030343635            
07/11/23 08:26:41 0195 1                  44.982385 8.884525 00 00 313931323050303030343636            
07/11/23 08:28:01 0196 1                  44.982458 8.884328 00 00 313931323050303030343633            
07/11/23 08:28:03 0197 1                  44.982457 8.884333 00 00 313931323050303030313239            
07/11/23 08:28:36 0198 1                  44.982480 8.884267 00 00 313931323050303035323939            
07/11/23 08:29:58 0199 1                  44.982492 8.884118 00 00 313931323050303037303732            
07/11/23 08:30:02 0200 1                  44.982493 8.884117 00 00 313931323050303030343632            
07/11/23 08:30:52 0201 1                  44.982522 8.884087 00 00 313931323050303132303832            
07/11/23 08:30:53 0202 1                  44.982515 8.884090 00 00 313931323050303037303733            
07/11/23 08:33:31 0203 1                  44.982738 8.883000 00 00 313931323050303132373533            
07/11/23 08:34:00 0204 1                  44.982745 8.883033 00 00 3230313130304A3031323830            
07/11/23 08:34:37 0205 1                  44.982773 8.883022 00 00 3230313130304A3031323831            
07/11/23 08:36:03 0206 1                  44.983157 8.883228 00 00 3230313130304A3031323637            
07/11/23 08:38:41 0207 1                  44.982352 8.882795 00 00 313931323050303035333031            
07/11/23 08:38:43 0208 1                  44.982352 8.882793 00 00 313931323050303031333432            
07/11/23 08:39:25 0209 1                  44.982367 8.882780 00 00 313931323050303031383235            
07/11/23 08:39:36 0210 1                  44.982367 8.882785 00 00 313931323050303132393136            
07/11/23 08:41:07 0211 1                  44.982137 8.882827 00 00 313931323050303132373037            
07/11/23 08:41:08 0212 1                  44.982137 8.882827 00 00 313931323050303132373033            
07/11/23 08:42:27 0213 1                  44.981742 8.882827 00 00 313931323050303131393734            
07/11/23 08:43:38 0214 1                  44.981803 8.882595 00 00 313931323050303035333036            
07/11/23 08:43:40 0215 1                  44.981807 8.882593 00 00 313931323050303030363930            
07/11/23 08:45:06 0216 1                  44.981332 8.881825 00 00 313931323050303036353534            
07/11/23 08:45:08 0217 1                  44.981325 8.881822 00 00 313931323050303035333933            
07/11/23 08:45:54 0218 1                  44.981217 8.881772 00 00 313932343050303030303837            
07/11/23 08:45:56 0219 1                  44.981213 8.881778 00 00 313931323050303037313134            
07/11/23 08:46:45 0220 1                  44.981212 8.881835 00 00 3230313130304A3030363134            
07/11/23 08:48:12 0221 1                  44.981172 8.881798 00 00 313931323050303035383930            
07/11/23 08:48:13 0222 1                  44.981172 8.881798 00 00 313932343050303030343730            
07/11/23 08:49:06 0223 1                  44.981165 8.881815 00 00 31383033304D303036323537            
07/11/23 08:53:43 0224 1                  44.982180 8.881412 00 00 313931323050303031303539            
07/11/23 08:53:43 0225 1                  44.982180 8.881412 00 00 313931323050303031373737            
07/11/23 08:56:01 0226 1                  44.982063 8.881828 00 00 313931327050303130393731            
07/11/23 08:56:01 0227 1                  44.982063 8.881828 00 00 313932343045303030373834            
07/11/23 08:57:33 0228 1                  44.982103 8.882040 00 00 313931323050303031373738            
07/11/23 08:57:34 0229 1                  44.982103 8.882040 00 00 313931323050303031333434            
07/11/23 08:58:35 0230 1                  44.982057 8.882272 00 00 313931323050303036393035            
07/11/23 08:58:37 0231 1                  44.982055 8.882273 00 00 313931323050303031373735            
07/11/23 08:59:25 0232 1                  44.982013 8.882477 00 00 313931323050303031393834            
07/11/23 08:59:41 0233 1                  44.982028 8.882498 00 00 313931323050303030353734            
07/11/23 09:07:58 0234 1                  44.978685 8.884793 00 00 313931323050303133373435            
07/11/23 09:07:58 0235 1                  44.978685 8.884793 00 00 313931323050303133383237            
07/11/23 09:09:07 0236 1                  44.978615 8.884402 00 00 313931323050303133373436            
07/11/23 09:10:16 0237 1                  44.978597 8.884145 00 00 313931323050303133303434            
07/11/23 09:10:16 0238 1                  44.978597 8.884145 00 00 313931323050303133303435            
07/11/23 09:10:44 0239 1                  44.978585 8.884113 00 00 313931323050303033303230            
07/11/23 09:12:04 0240 1                  44.978485 8.883352 00 00 313931323050303133393233            
07/11/23 09:12:04 0241 1                  44.978485 8.883352 00 00 313931323050303133313330            
07/11/23 09:12:52 0242 1                  44.978448 8.883323 00 00 313931323050303130373535            
07/11/23 09:14:09 0243 1                  44.978392 8.882913 00 00 313931323050303039353231            
07/11/23 09:14:26 0244 1                  44.978380 8.882915 00 00 313931323050303033333431            
07/11/23 09:15:42 0245 1                  44.978323 8.882675 00 00 313931323050303130333237            
07/11/23 09:16:49 0246 1                  44.978405 8.882608 00 00 3230313130304A3030363337            
07/11/23 09:17:26 0247 1                  44.978417 8.882612 00 00 313931323050303130333331            
07/11/23 09:18:34 0248 1                  44.978502 8.882397 00 00 313931323050303130313530            
07/11/23 09:22:12 0249 1                  44.975405 8.881478 00 00 313931323050303131363835            
07/11/23 09:22:13 0250 1                  44.975405 8.881478 00 00 313931323050303030323537            
07/11/23 09:23:05 0251 1                  44.975413 8.881500 00 00 313931323050303038393130            
07/11/23 09:23:05 0252 1                  44.975413 8.881500 00 00 313931323050303038393036            
07/11/23 09:23:46 0253 1                  44.975385 8.881502 00 00 313931323050303131363839            
07/11/23 09:23:50 0254 1                  44.975385 8.881500 00 00 313931323050303038393131            
07/11/23 09:24:34 0255 1                  44.975383 8.881463 00 00 313931323050303038303136            
07/11/23 09:24:49 0256 1                  44.975402 8.881470 00 00 313931323050303038303135            
07/11/23 09:26:34 0257 1                  44.975440 8.881553 00 00 313931323050303038393132            
07/11/23 10:04:36 0000 s 01494ver01 44.882403 8.860310 00 00
07/11/23 10:50:12 0258 1                  44.999242 8.797383 00 00 31383132304A303233393639            
07/11/23 10:51:45 0259 1                  45.000345 8.795788 00 00 31383132304A303230323939            
07/11/23 10:52:47 0260 1                  45.000368 8.795452 00 00 31383132304A303232303133            
07/11/23 10:54:03 0261 1                  45.000160 8.795173 00 00 31383132304A303232393533            
07/11/23 10:55:04 0262 1                  45.000100 8.794967 00 00 31383132304A303230323633            
07/11/23 10:56:53 0263 1                  45.000367 8.793383 00 00 31383132304A303232393733            
07/11/23 10:56:55 0264 1                  45.000367 8.793380 00 00 31383132304A303232393632            
07/11/23 10:58:08 0265 1                  45.000425 8.793093 00 00 31383132304A303232393731            
07/11/23 10:59:08 0266 1                  45.000477 8.792710 00 00 31383132304A303232393637            
07/11/23 11:00:25 0267 1                  45.000560 8.792285 00 00 313931323050303036383031            
07/11/23 11:00:26 0268 1                  45.000560 8.792285 00 00 31383132304A303233333438            
07/11/23 11:01:47 0269 1                  45.000790 8.791117 00 00 313931323050303132323634            
07/11/23 11:02:49 0270 1                  45.000872 8.790555 00 00 31383132304A303232323935            
07/11/23 11:03:50 0271 1                  45.000915 8.790043 00 00 31383132304A303233333432            
07/11/23 11:03:52 0272 1                  45.000915 8.790043 00 00 31383132304A303233333432            
07/11/23 11:05:27 0273 1                  45.000888 8.789388 00 00 31383132304A303232323933            
07/11/23 11:05:32 0274 1                  45.000890 8.789387 00 00 30396061C0170600000DF888            
07/11/23 11:06:48 0275 1                  45.000827 8.788125 00 00 31383132304A303232393638            
07/11/23 11:09:00 0276 1                  44.996347 8.779880 00 00 31383132304A303233323235            
07/11/23 11:10:35 0277 1                  44.995963 8.777912 00 00 313931323050303035343234            
07/11/23 11:10:47 0278 1                  44.995947 8.777907 00 00 31383132304A303233363337            
07/11/23 11:12:05 0279 1                  44.995978 8.777545 00 00 31383132304A303230333134            
07/11/23 11:13:16 0280 1                  44.995820 8.775837 00 00 31383132304A303233393039            
07/11/23 11:14:41 0281 1                  44.995952 8.774183 00 00 31383132304A303232383939            
07/11/23 11:15:53 0282 1                  44.995828 8.773550 00 00 31383132304A303232383936            
07/11/23 11:17:04 0283 1                  44.995690 8.772815 00 00 31383132304A303232383531            
07/11/23 11:18:15 0284 1                  44.995605 8.772173 00 00 31383132304A303232383532            
07/11/23 11:19:18 0285 1                  44.995578 8.771928 00 00 31383132304A303233383939            
07/11/23 11:20:26 0286 1                  44.995472 8.771692 00 00 313931323050303132383436            
07/11/23 11:22:03 0287 1                  44.995333 8.770962 00 00 31383132304A303232393432            
07/11/23 11:22:03 0288 1                  44.995333 8.770962 00 00 31383132304A303233353238            
07/11/23 11:24:17 0289 1                  44.991502 8.770572 00 00 31383132304A303233353931            
07/11/23 11:26:51 0290 1                  44.988842 8.766808 00 00 31383132304A303233363230            
07/11/23 11:27:07 0291 1                  44.988838 8.766795 00 00 31383132304A303233363131            
07/11/23 11:28:44 0292 1                  44.988182 8.765773 00 00 31383132304A303233363430            
07/11/23 11:28:45 0293 1                  44.988182 8.765773 00 00 31383132304A303233353833            
07/11/23 11:30:03 0294 1                  44.987632 8.765133 00 00 313931323050303031363333            
07/11/23 11:31:22 0295 1                  44.987032 8.764093 00 00 31383132304A303234333630            
07/11/23 11:33:11 0296 1                  44.986893 8.762670 00 00 31383132304A303234303832            
07/11/23 11:34:16 0297 1                  44.986898 8.762570 00 00 3233313130304A3030313536            
07/11/23 11:36:09 0298 1                  44.986280 8.763500 00 00 31383132304A303233353832            
07/11/23 11:36:10 0299 1                  44.986280 8.763505 00 00 31383132304A303233353734            
07/11/23 11:37:38 0300 1                  44.985678 8.763452 00 00 31383132304A303234303235            
07/11/23 11:39:18 0301 1                  44.983483 8.762235 00 00 31383132304A303233363030            
07/11/23 11:40:28 0302 1                  44.983067 8.761962 00 00 31383132304A303233363038            
07/11/23 11:41:59 0303 1                  44.982393 8.761628 00 00 31383033304D303033383936            
07/11/23 11:42:30 0304 1                  44.982393 8.761623 00 00 31383132304A303233363039            
07/11/23 11:42:31 0305 1                  44.982393 8.761618 00 00 31383132304A303233353736            
07/11/23 11:44:38 0306 1                  44.982365 8.759598 00 00 31383132304A303233313234            
07/11/23 11:47:41 0307 1                  44.984037 8.755223 00 00 3139313130304A3032303238            
07/11/23 11:58:12 0000 s 01494ver01 44.984052 8.755158 00 00
07/11/23 12:01:28 0308 1                  44.983523 8.756615 00 00 31383132304A303233393133            
07/11/23 12:01:28 0309 1                  44.983523 8.756615 00 00 31383132304A303231383733            
07/11/23 12:03:06 0310 1                  44.983510 8.756968 00 00 31383132304A303233353930            
07/11/23 12:04:01 0311 1                  44.983200 8.757512 00 00 31383132304A303233313835            
07/11/23 12:05:06 0312 1                  44.982900 8.757992 00 00 31383132304A303232383934            
07/11/23 12:05:11 0313 1                  44.982897 8.757993 00 00 31383132304A303232383934            
07/11/23 12:06:10 0314 1                  44.982520 8.758737 00 00 31383132304A303233313231            
07/11/23 12:07:31 0315 1                  44.982082 8.759742 00 00 31383132304A303233313334            
07/11/23 12:08:15 0316 1                  44.982082 8.759767 00 00 31383132304A303232373639            
07/11/23 12:08:18 0317 1                  44.982083 8.759767 00 00 31383132304A303233393231            
07/11/23 12:11:25 0318 1                  44.980858 8.761223 00 00 31383132304A303233333935            
07/11/23 12:12:45 0319 1                  44.980402 8.761288 00 00 31383132304A303233333931            
07/11/23 12:12:46 0320 1                  44.980402 8.761288 00 00 31383132304A303233313733            
07/11/23 12:13:25 0321 1                  44.980375 8.761288 00 00 313831323045303232353738            
07/11/23 12:14:27 0322 1                  44.979983 8.761217 00 00 31383132304A303232333931            
07/11/23 12:15:29 0323 1                  44.979577 8.761072 00 00 31383132304A303232333939            
07/11/23 12:16:34 0324 1                  44.979138 8.761035 00 00 31383132304A303233303535            
07/11/23 12:17:38 0325 1                  44.978862 8.760547 00 00 31383132304A303232333935            
07/11/23 12:18:46 0326 1                  44.978493 8.758862 00 00 31383132304A303231333039            
07/11/23 12:19:50 0327 1                  44.978303 8.758080 00 00 31383132304A303231303035            
07/11/23 12:24:09 0328 1                  44.979313 8.753002 00 00 313831313030D33030313037            
07/11/23 12:26:52 0329 1                  44.977303 8.754407 00 00 31383132304A303233313337            
07/11/23 12:26:53 0330 1                  44.977303 8.754407 00 00 31383132304A303233313637            
07/11/23 12:29:06 0331 1                  44.977445 8.755195 00 00 31383132304A303233303036            
07/11/23 12:29:06 0332 1                  44.977445 8.755195 00 00 31383132304A303233313138            
07/11/23 12:31:18 0333 1                  44.977665 8.756057 00 00 31383132304A303232333838            
07/11/23 12:32:41 0334 1                  44.978093 8.757775 00 00 313831323045303235303238            
07/11/23 12:33:48 0335 1                  44.978350 8.759080 00 00 31383132304A303233343335            
07/11/23 12:34:59 0336 1                  44.978703 8.760827 00 00 31383132304A303233343336            
07/11/23 12:36:57 0337 1                  44.978013 8.761092 00 00 31383132304A303231323539            
07/11/23 12:39:34 0338 1                  44.978683 8.761088 00 00 31383132304A303233303037            
07/11/23 12:43:58 0339 1                  44.979632 8.740258 00 00 31383132304A303233373739            
07/11/23 12:50:37 0340 1                  44.960898 8.735808 00 00 313831313030533030313737            
07/11/23 12:51:59 0341 1                  44.960337 8.736398 00 00 31383132304A303233353436            
07/11/23 12:53:07 0342 1                  44.960188 8.736352 00 00 31383132304A303233353437            
07/11/23 12:54:30 0343 1                  44.959757 8.736033 00 00 31383132304A303232323333            
07/11/23 12:54:30 0344 1                  44.959757 8.736033 00 00 31383132304A303231393633            
07/11/23 12:55:10 0345 1                  44.959783 8.736038 00 00 31383132304A303230323538            
07/11/23 12:55:10 0346 1                  44.959783 8.736038 00 00 31383132304A303230323632            
07/11/23 12:56:35 0347 1                  44.959218 8.735283 00 00 313931323050303035343937            
07/11/23 12:57:46 0348 1                  44.958538 8.736220 00 00 31383132304A303233383031            
07/11/23 12:59:09 0349 1                  44.958362 8.736313 00 00 31383132304A303231323637            
07/11/23 12:59:41 0350 1                  44.958350 8.736272 00 00 31383132304A303233313732            
07/11/23 12:59:42 0351 1                  44.958350 8.736272 00 00 313931323050303036323933            
07/11/23 13:01:53 0352 1                  44.956410 8.736562 00 00 31383132304A303230393936            
07/11/23 13:01:53 0353 1                  44.956408 8.736560 00 00 31383132304A303231303637            
07/11/23 13:02:35 0354 1                  44.956395 8.736558 00 00 31383132304A303230393934            
07/11/23 13:03:59 0355 1                  44.955378 8.736670 00 00 31383132304A303233373937            
07/11/23 13:05:06 0356 1                  44.955162 8.736717 00 00 31383132304A303233393335            
07/11/23 13:06:36 0357 1                  44.954122 8.736978 00 00 31383132304A303233393436            
07/11/23 13:06:50 0358 1                  44.954113 8.736980 00 00 31383132304A303234343136            
07/11/23 13:10:32 0359 1                  44.953770 8.737957 00 00 313831313030533030313930            
07/11/23 13:12:51 0360 1                  44.954225 8.737682 00 00 31383132304A303232383332            
07/11/23 13:13:55 0361 1                  44.954840 8.737945 00 00 31383132304A303230393033            
07/11/23 13:15:00 0362 1                  44.955132 8.738077 00 00 31383132304A303233303838            
07/11/23 13:16:01 0363 1                  44.955308 8.738165 00 00 31383132304A303233333630            
07/11/23 13:16:02 0364 1                  44.955310 8.738165 00 00 31383132304A303234363931            
07/11/23 13:17:09 0365 1                  44.955683 8.738345 00 00 31383132304A303232383338            
07/11/23 13:18:07 0366 1                  44.955913 8.738395 00 00 31383132304A303230393031            
07/11/23 13:19:14 0367 1                  44.956160 8.738462 00 00 31383132304A303233303835            
07/11/23 13:20:17 0368 1                  44.956772 8.738735 00 00 31383132304A303233303834            
07/11/23 13:21:12 0369 1                  44.957048 8.738882 00 00 31383132304A303231383138            
07/11/23 13:23:29 0370 1                  44.957552 8.739083 00 00 31383132304A303235313536            
07/11/23 13:23:29 0371 1                  44.957553 8.739083 00 00 31383132304A303231363236            
07/11/23 13:24:47 0372 1                  44.958088 8.739357 00 00 31383132304A303234343231            
07/11/23 13:26:00 0373 1                  44.958403 8.739467 00 00 31383132304A303233303631            
07/11/23 13:26:01 0374 1                  44.958403 8.739467 00 00 31383132304A303233303632            
07/11/23 13:26:03 0375 1                  44.958405 8.739467 00 00 30361444102ED00BA85522A1            
07/11/23 13:27:17 0376 1                  44.959023 8.739772 00 00 31383132304A303233343030            
07/11/23 13:28:18 0377 1                  44.959578 8.739990 00 00 31383132304A303231393032            
07/11/23 13:29:44 0378 1                  44.959857 8.740127 00 00 31383132304A303233343636            
07/11/23 13:29:44 0379 1                  44.959857 8.740127 00 00 31383132304A303231363231            
07/11/23 13:31:44 0380 1                  44.959597 8.740660 00 00 31383132304A303233353432            
07/11/23 13:31:44 0381 1                  44.959597 8.740660 00 00 31383132304A303233323030            
07/11/23 13:33:00 0382 1                  44.959335 8.740550 00 00 31383132304A303233333939            
07/11/23 13:33:00 0383 1                  44.959335 8.740552 00 00 31383132304A303231353237            
07/11/23 13:34:21 0384 1                  44.959055 8.740410 00 00 31383132304A303233333934            
07/11/23 13:35:35 0385 1                  44.958823 8.740318 00 00 31383132304A303233393337            
07/11/23 13:36:43 0386 1                  44.958460 8.740143 00 00 31383132304A303233313938            
07/11/23 13:38:58 0387 1                  44.957928 8.739567 00 00 31383132304A303231333230            
07/11/23 13:38:59 0388 1                  44.957927 8.739567 00 00 31383132304A303233343031            
07/11/23 13:39:56 0389 1                  44.957923 8.739575 00 00 31383132304A303233323033            
07/11/23 13:41:43 0390 1                  44.958458 8.738462 00 00 31383132304A303234343235            
07/11/23 13:41:46 0391 1                  44.958458 8.738462 00 00 30326279A402404000249106            
07/11/23 13:42:59 0392 1                  44.958393 8.738133 00 00 31383132304A303231323535            
07/11/23 13:45:05 0393 1                  44.959092 8.739027 00 00 31383132304A323233343239            
07/11/23 14:05:25 0000 s 01494ver01 44.959818 8.737060 00 00
07/11/23 14:06:25 0394 1                  44.959772 8.736968 00 00 3230313130304A3030323931            
07/11/23 14:08:23 0395 1                  44.958993 8.738323 00 00 31383132304A303231363238            
07/11/23 14:08:25 0396 1                  44.958992 8.738322 00 00 313931323050303033303135            
07/11/23 14:09:55 0397 1                  44.958723 8.737952 00 00 31383132304A303233313634            
07/11/23 14:09:57 0398 1                  44.958725 8.737952 00 00 31383132304A303232383637            
07/11/23 14:11:16 0399 1                  44.958972 8.737420 00 00 31383132304A303232393136            
07/11/23 14:11:18 0400 1                  44.958972 8.737418 00 00 3035EB8ADC352387FE0034CE            
07/11/23 14:11:18 0401 1                  44.958972 8.737418 00 00 31383132304A303231323332            
07/11/23 14:12:48 0402 1                  44.958397 8.737328 00 00 31383132304A303230323736            
07/11/23 14:12:48 0403 1                  44.958397 8.737328 00 00 31383132304A303233393330            
07/11/23 14:13:16 0404 1                  44.958397 8.737292 00 00 31383132304A303233313739            
07/11/23 14:14:25 0405 1                  44.958150 8.737272 00 00 31383132304A303231303732            
07/11/23 14:16:18 0406 1                  44.957465 8.737310 00 00 31383132304A303232383432            
07/11/23 14:17:33 0407 1                  44.956945 8.737395 00 00 31383132304A303232323138            
07/11/23 14:26:10 0408 1                  44.955772 8.719855 00 00 313831313030533030313432            
07/11/23 14:35:27 0409 1                  44.935160 8.732055 00 00 313931323050303033373430            
07/11/23 14:42:59 0410 1                  44.935405 8.763480 00 00 31383132304A303233393433            
07/11/23 15:29:49 0000 s 01494ver01 44.882765 8.859898 00 00
07/11/23 15:29:59 0000 s 01494ver01 44.882833 8.859873 00 00
07/11/23 15:33:24 0000 s 01494ver01 44.882448 8.860300 00 00
07/11/23 16:01:39 0000 s 01494ver01 44.882452 8.860258 00 00
07/11/23 16:38:07 0000 s 01494ver01 44.882715 8.860022 00 00
