14/10/23 04:56:51 0000 s 01883ver01 44.882518 8.860095 00 00
14/10/23 05:19:06 0001 1                  44.797442 8.863537 00 00 31383032334D303134323634            
14/10/23 05:22:11 0002 1                  44.779567 8.865493 00 00 31383032334D303134323031            
14/10/23 05:23:58 0003 1                  44.777825 8.865842 00 00 3232303032334D3030393833            
14/10/23 05:24:28 0004 1                  44.777865 8.865865 00 00 31383032334D303133343533            
14/10/23 05:24:36 0005 1                  44.777858 8.865868 00 00 31383032334D303137323831            
14/10/23 05:27:14 0006 1                  44.774282 8.865588 00 00 31383032334D303136323934            
14/10/23 05:28:32 0007 1                  44.773675 8.865652 00 00 31383032334D303136323530            
14/10/23 05:32:52 0008 1                  44.772695 8.865718 00 00 31383032334D303136303836            
14/10/23 05:33:52 0009 1                  44.772102 8.865772 00 00 31383032334D303131373231            
14/10/23 05:34:34 0010 1                  44.771693 8.865787 00 00 31383032334D303136333435            
14/10/23 05:35:50 0011 1                  44.770693 8.865980 00 00 31383032334D303136313435            
14/10/23 05:35:55 0012 1                  44.770702 8.865978 00 00 31383032334D303131373638            
14/10/23 05:36:00 0013 1                  44.770712 8.865975 00 00 31383032334D303134303037            
14/10/23 05:36:05 0014 1                  44.770717 8.865972 00 00 31383032334D303131383433            
14/10/23 05:36:10 0015 1                  44.770722 8.865967 00 00 31383032334D303038353432            
14/10/23 05:36:15 0016 1                  44.770728 8.865963 00 00 31383032334D303038353231            
14/10/23 05:36:22 0017 1                  44.770727 8.865960 00 00 31383032334D303134303035            
14/10/23 05:37:04 0018 1                  44.770395 8.865817 00 00 31383032334D303133343035            
14/10/23 05:39:05 0019 1                  44.769817 8.866532 00 00 31383032334D303136303839            
14/10/23 05:39:49 0020 1                  44.769857 8.865877 00 00 31383032334D303033383732            
14/10/23 05:41:36 0021 1                  44.768210 8.864838 00 00 31383032334D303139323233            
14/10/23 05:41:53 0022 1                  44.768210 8.864813 00 00 31383032334D303130303236            
14/10/23 05:43:18 0023 1                  44.767015 8.864288 00 00 31383032334D303137323839            
14/10/23 05:43:23 0024 1                  44.767012 8.864285 00 00 31383032334D303137333030            
14/10/23 05:43:32 0025 1                  44.766998 8.864287 00 00 31383032334D303131373931            
14/10/23 05:47:31 0026 1                  44.766372 8.864255 00 00 31383032334D303038363231            
14/10/23 05:50:07 0027 1                  44.766010 8.863117 00 00 31383032334D303136343037            
14/10/23 05:52:50 0028 1                  44.765432 8.863225 00 00 31383032334D303038373536            
14/10/23 05:52:54 0029 1                  44.765428 8.863227 00 00 31383032334D303038373737            
14/10/23 05:53:38 0030 1                  44.765328 8.863118 00 00 31383032334D303037363638            
14/10/23 05:53:41 0031 1                  44.765327 8.863113 00 00 3231303032334D3031373133            
14/10/23 05:53:50 0032 1                  44.765313 8.863103 00 00 31383032334D303134313136            
14/10/23 05:53:54 0033 1                  44.765305 8.863098 00 00 31383132334D303038353137            
14/10/23 05:54:54 0034 1                  44.765250 8.863433 00 00 31383032334D303136333234            
14/10/23 05:55:01 0035 1                  44.765218 8.863448 00 00 31383032334D303038363432            
14/10/23 05:55:06 0036 1                  44.765197 8.863453 00 00 31383032334D303038363431            
14/10/23 05:55:56 0037 1                  44.765110 8.863962 00 00 31383032334D303038343633            
14/10/23 05:58:31 0038 1                  44.764978 8.864860 00 00 31383032334D303038343231            
14/10/23 05:59:18 0039 1                  44.765162 8.864860 00 00 31383032334D303038343038            
14/10/23 05:59:42 0040 1                  44.765217 8.864845 00 00 31383032334D303038343130            
14/10/23 06:00:27 0041 1                  44.765447 8.864913 00 00 31383032334D303038353438            
14/10/23 06:03:25 0042 1                  44.765747 8.864493 00 00 31383032334D303038373837            
14/10/23 06:07:22 0043 1                  44.764692 8.862912 00 00 31383032334D303030303839            
14/10/23 06:08:13 0044 1                  44.764582 8.862937 00 00 31383032334D303131393734            
14/10/23 06:08:20 0045 1                  44.764585 8.862932 00 00 3231303032334D3031333933            
14/10/23 06:10:11 0046 1                  44.764687 8.863385 00 00 31383032334D303131383331            
14/10/23 06:11:05 0047 1                  44.764357 8.863055 00 00 31383032334D3031B1393934            
14/10/23 06:11:49 0048 1                  44.764215 8.862872 00 00 31383032334D303131393239            
14/10/23 06:12:39 0049 1                  44.763978 8.862658 00 00 31383032334D303134313535            
14/10/23 06:12:45 0050 1                  44.763970 8.862663 00 00 3232303032334D3031333232            
14/10/23 06:12:51 0051 1                  44.763955 8.862660 00 00 3231303032334D3031353633            
14/10/23 06:13:48 0052 1                  44.763898 8.862543 00 00 313831323045303039313934            
14/10/23 06:14:52 0053 1                  44.763963 8.862593 00 00 313831323045303039313738            
14/10/23 06:17:37 0054 1                  44.763890 8.862195 00 00 313832343045303030333434            
14/10/23 06:19:14 0055 1                  44.763487 8.862532 00 00 31383032334D303134303333            
14/10/23 06:24:01 0056 1                  44.762437 8.861445 00 00 31383032334D303038343434            
14/10/23 06:25:19 0057 1                  44.761863 8.860768 00 00 31383032334D303136333235            
14/10/23 06:25:32 0058 1                  44.761855 8.860768 00 00 31383032334D303131373835            
14/10/23 06:25:36 0059 1                  44.761855 8.860770 00 00 31383032334D303038363937            
14/10/23 06:25:59 0060 1                  44.761850 8.860745 00 00 31383032334D303038373234            
14/10/23 06:27:38 0061 1                  44.761172 8.859828 00 00 31383032334D303134333832            
14/10/23 06:28:24 0062 1                  44.760733 8.859447 00 00 31383032334D303038353339            
14/10/23 06:28:28 0063 1                  44.760743 8.859440 00 00 31383032334D303131393933            
14/10/23 06:29:59 0064 1                  44.760178 8.858918 00 00 31383032334D303038353830            
14/10/23 06:31:10 0065 1                  44.760167 8.859280 00 00 31383032334D303134383731            
14/10/23 06:32:15 0066 1                  44.759257 8.858927 00 00 31383032334D303136313735            
14/10/23 06:34:00 0067 1                  44.758128 8.856678 00 00 31383032334D303136313638            
14/10/23 06:40:58 0068 1                  44.758270 8.857703 00 00 31383032334D303134333530            
14/10/23 06:41:08 0069 1                  44.758248 8.857703 00 00 31383032334D303134313432            
14/10/23 06:41:17 0070 1                  44.758242 8.857703 00 00 31383032334D303134333437            
14/10/23 06:42:32 0071 1                  44.757433 8.858395 00 00 31383032334D303131383431            
14/10/23 06:44:24 0072 1                  44.756703 8.860535 00 00 31383032334D303134323032            
14/10/23 06:47:46 0073 1                  44.760738 8.860017 00 00 31383032334D303131393939            
14/10/23 06:47:56 0074 1                  44.760738 8.860027 00 00 31383032334D303038343630            
14/10/23 06:56:00 0075 1                  44.765023 8.862573 00 00 31383032334D303131373531            
14/10/23 07:00:25 0076 1                  44.765275 8.861687 00 00 31383032334D303038343837            
14/10/23 07:01:03 0077 1                  44.765225 8.861433 00 00 31383032334D303134333536            
14/10/23 07:01:12 0078 1                  44.765233 8.861433 00 00 31383032334D303134303934            
14/10/23 07:01:18 0079 1                  44.765238 8.861433 00 00 31383032334D303134303434            
14/10/23 07:01:56 0080 1                  44.765233 8.861035 00 00 3231303032334D3031333232            
14/10/23 07:02:38 0081 1                  44.765133 8.860635 00 00 31383032334D303038343838            
14/10/23 07:03:22 0082 1                  44.765262 8.859862 00 00 31383032334D303038363239            
14/10/23 07:05:11 0083 1                  44.764525 8.861263 00 00 31383032334D303038373538            
14/10/23 07:06:43 0084 1                  44.764522 8.861575 00 00 31383032334D303134323536            
14/10/23 07:07:25 0085 1                  44.764703 8.861712 00 00 31383032334D303134323230            
14/10/23 07:11:47 0086 1                  44.763747 8.861915 00 00 313832343045303030333439            
14/10/23 07:14:18 0087 1                  44.764115 8.860985 00 00 31383032334D303134303031            
14/10/23 07:14:25 0088 1                  44.764108 8.860957 00 00 31383032334D303038343833            
14/10/23 07:16:09 0089 1                  44.763775 8.861100 00 00 3232303032334D3030323833            
14/10/23 07:16:31 0090 1                  44.763748 8.861082 00 00 3231303132304A3037343338            
14/10/23 07:19:04 0091 1                  44.762777 8.861000 00 00 3231303132304A3037353032            
14/10/23 07:22:22 0092 1                  44.762788 8.860955 00 00 31383032334D303038373731            
14/10/23 07:23:46 0093 1                  44.762890 8.860418 00 00 31383032334D303038353932            
14/10/23 07:23:46 0094 1                  44.762890 8.860418 00 00 31383032334D303038353338            
14/10/23 07:25:11 0095 1                  44.762647 8.859687 00 00 31383032334D303134303736            
14/10/23 07:25:21 0096 1                  44.762638 8.859687 00 00 31383036334D303131373430            
14/10/23 07:25:29 0097 1                  44.762635 8.859685 00 00 31383032334D303131373434            
14/10/23 07:26:21 0098 1                  44.762368 8.859447 00 00 31383032334D303036363635            
14/10/23 07:27:24 0099 1                  44.761807 8.859695 00 00 31383032334D303131373632            
14/10/23 07:28:35 0100 1                  44.761858 8.859732 00 00 31383032334D30313139B034            
14/10/23 07:28:42 0101 1                  44.761858 8.859750 00 00 31383032334D3031B4333636            
14/10/23 07:30:16 0102 1                  44.762965 8.860090 00 00 31383032334D303134303131            
14/10/23 07:35:30 0103 1                  44.764793 8.860945 00 00 31383032334D303134303532            
14/10/23 07:36:02 0104 1                  44.764797 8.860968 00 00 31383033334D303038343832            
14/10/23 07:36:02 0105 1                  44.764797 8.860968 00 00 31383032334D303038343832            
14/10/23 07:37:55 0106 1                  44.765748 8.862007 00 00 31383032334D303038353835            
14/10/23 07:39:17 0107 1                  44.768245 8.863995 00 00 31383032334D303134323035            
14/10/23 07:40:48 0108 1                  44.768472 8.863645 00 00 31383032334D303038373230            
14/10/23 07:41:49 0109 1                  44.769522 8.862160 00 00 31383032334D303136333033            
14/10/23 07:42:36 0110 1                  44.769048 8.861750 00 00 3232303032334D3031323939            
14/10/23 07:47:53 0111 1                  44.771647 8.862732 00 00 31383032334D303038363237            
14/10/23 07:52:41 0112 1                  44.766815 8.863673 00 00 31383032334D303136313237            
14/10/23 07:56:40 0113 1                  44.766668 8.863405 00 00 31383032334D303134333531            
14/10/23 07:56:45 0114 1                  44.766668 8.863405 00 00 31383032334D303038373533            
14/10/23 07:58:47 0115 1                  44.766465 8.864612 00 00 3231303032334D3030373030            
14/10/23 07:59:55 0116 1                  44.766712 8.864788 00 00 31383032334D303134323433            
14/10/23 07:59:55 0117 1                  44.766712 8.864788 00 00 31383032334D303134323434            
14/10/23 08:00:15 0118 1                  44.766707 8.864802 00 00 3232303032334D3031363231            
14/10/23 08:05:51 0000 s 01883ver01 0 0 00 00
14/10/23 08:07:20 0119 1                  44.764453 8.864265 00 00 31383032334D303038343330            
14/10/23 08:07:30 0120 1                  44.764458 8.864243 00 00 31383032334D303038343239            
14/10/23 08:07:43 0121 1                  44.764462 8.864230 00 00 31383032334D303038373236            
14/10/23 08:11:23 0000 s 01883ver01 0 0 00 00
14/10/23 08:11:57 0122 1                  44.764483 8.863297 00 00 31383032334D303134333433            
14/10/23 08:16:58 0123 1                  44.764725 8.865405 00 00 31383032334D303038343539            
14/10/23 08:17:17 0124 1                  44.764747 8.865403 00 00 31383032334D303134333630            
14/10/23 08:17:29 0125 1                  44.764740 8.865395 00 00 31383032334D303039333835            
14/10/23 08:18:21 0126 1                  44.764858 8.865943 00 00 31383032334D303038363036            
14/10/23 08:19:50 0127 1                  44.764520 8.867568 00 00 31383032334D303038353132            
14/10/23 08:26:50 0128 1                  44.770088 8.869758 00 00 31383032334D303133323633            
14/10/23 08:28:19 0129 1                  44.769890 8.870050 00 00 31383032334D303134323037            
14/10/23 08:30:22 0130 1                  44.770470 8.873067 00 00 31383032334D303136333331            
14/10/23 08:31:51 0131 1                  44.769188 8.874180 00 00 31383032334D303134313230            
14/10/23 08:32:49 0132 1                  44.768952 8.875305 00 00 31383032334D303134303234            
14/10/23 08:35:27 0133 1                  44.771560 8.884983 00 00 31383032334D303131373837            
14/10/23 08:37:00 0134 1                  44.771707 8.886023 00 00 31383032334D303131373436            
14/10/23 08:40:30 0135 1                  44.772025 8.886942 00 00 31383032334D303134313239            
14/10/23 08:42:01 0136 1                  44.773357 8.887088 00 00 31383032334D303134333138            
14/10/23 08:42:57 0137 1                  44.773670 8.887343 00 00 31383032334D303131393735            
14/10/23 08:44:45 0138 1                  44.774503 8.887750 00 00 31383032334D303131383239            
14/10/23 08:45:59 0139 1                  44.775693 8.885972 00 00 3233303032334D3030333539            
14/10/23 08:46:04 0140 1                  44.775710 8.885980 00 00 31383032334D303038353234            
14/10/23 08:57:22 0141 1                  44.774340 8.883758 00 00 31383032334D303131383134            
14/10/23 08:57:27 0142 1                  44.774337 8.883758 00 00 31383032334D303131383135            
14/10/23 08:58:15 0143 1                  44.774212 8.883358 00 00 31383032334D303131373836            
14/10/23 09:00:49 0144 1                  44.771578 8.880393 00 00 3232303032334D3030303836            
14/10/23 09:00:55 0145 1                  44.771583 8.880393 00 00 3232303032334D3030303835            
14/10/23 09:01:03 0146 1                  44.771603 8.880392 00 00 31383032334D303134333737            
14/10/23 09:09:50 0147 1                  44.759070 8.859307 00 00 31383032334D303131393233            
14/10/23 09:11:42 0148 1                  44.758917 8.859853 00 00 31383032334D303131393336            
14/10/23 09:13:19 0149 1                  44.758710 8.861175 00 00 31383032334D303038353931            
14/10/23 09:14:06 0150 1                  44.758752 8.861005 00 00 31383032334D303135343538            
14/10/23 09:24:00 0151 1                  44.778053 8.866128 00 00 31383032334D303133353738            
14/10/23 09:33:43 0152 1                  44.797183 8.864030 00 00 3231303234304A3034353334            
14/10/23 10:26:16 0000 s 01883ver01 44.882258 8.860255 00 00
