13/10/23 11:05:03 0000 s 01512ver01 44.792563 8.739583 00 00
13/10/23 11:33:25 0000 s 01512ver01 44.840252 8.585673 00 00
13/10/23 11:33:30 0000 s 01512ver01 44.840252 8.585675 00 00
13/10/23 11:33:42 0000 s 01512ver01 44.840250 8.585678 00 00
13/10/23 11:43:17 0001 1                  44.840477 8.586823 00 00 313832343045303031393339            
13/10/23 11:45:10 0002 1                  44.841092 8.586957 00 00 313832343045303032373433            
13/10/23 11:47:21 0003 1                  44.840948 8.588472 00 00 313832343045303032333734            
13/10/23 11:48:52 0004 1                  44.841118 8.589150 00 00 3232303234304A3030343236            
13/10/23 11:50:55 0005 1                  44.842628 8.588732 00 00 323032343056303030333731            
13/10/23 11:52:24 0006 1                  44.842607 8.588217 00 00 323032343056303030353630            
13/10/23 11:53:49 0007 1                  44.842608 8.587810 00 00 313832343045303032313935            
13/10/23 11:55:30 0008 1                  44.842552 8.587272 00 00 3231303234304A3031353231            
13/10/23 11:57:21 0009 1                  44.842423 8.586402 00 00 313932343056303030323536            
13/10/23 11:57:27 0010 1                  44.842418 8.586400 00 00 313932343056303030333437            
13/10/23 12:01:58 0011 1                  44.841585 8.585660 00 00 313832343045303032343130            
13/10/23 12:02:00 0012 1                  44.841583 8.585658 00 00 313932343056303030323632            
13/10/23 12:03:25 0013 1                  44.841445 8.586222 00 00 B13932343056303030323535            
13/10/23 12:04:56 0014 1                  44.841312 8.586952 00 00 3231303234304A3030353435            
13/10/23 12:10:43 0015 1                  44.840837 8.584935 00 00 3232303234304A3030353234            
13/10/23 12:10:45 0016 1                  44.840837 8.584935 00 00 313832343045303032363937            
13/10/23 12:13:57 0017 1                  44.841045 8.584760 00 00 313832343045303031303736            
13/10/23 12:15:40 0018 1                  44.841523 8.584292 00 00 3231303234304A3034303237            
13/10/23 12:17:29 0019 1                  44.842412 8.582728 00 00 313832343045303032303435            
13/10/23 12:19:02 0020 1                  44.842985 8.582288 00 00 313832343045303030353733            
13/10/23 12:21:14 0021 1                  44.843637 8.582813 00 00 3231303234304A3030363030            
13/10/23 12:23:11 0022 1                  44.843663 8.584582 00 00 313832343045303031383039            
13/10/23 12:25:26 0023 1                  44.843052 8.585398 00 00 313832343045303032393230            
13/10/23 12:26:51 0024 1                  44.843030 8.585763 00 00 313832343045303031383035            
13/10/23 12:28:36 0025 1                  44.843047 8.585997 00 00 3233303234304A3030323436            
13/10/23 12:30:35 0026 1                  44.843272 8.588322 00 00 31383234304A303030363934            
13/10/23 12:32:39 0027 1                  44.843180 8.588962 00 00 313832343045303032393933            
13/10/23 12:34:50 0028 1                  44.843155 8.585090 00 00 313832343045303032373638            
13/10/23 12:36:23 0029 1                  44.843037 8.584113 00 00 313832343045303032313834            
13/10/23 12:37:54 0030 1                  44.842973 8.583342 00 00 313832343045303032373730            
13/10/23 12:40:58 0031 1                  44.843073 8.581597 00 00 323032343056303031323232            
13/10/23 12:43:27 0032 1                  44.845180 8.579012 00 00 313832343045303032313931            
13/10/23 12:46:29 0033 1                  44.846308 8.578122 00 00 313832343045303032343030            
13/10/23 12:53:07 0034 1                  44.847758 8.577655 00 00 3232303234304A3030363536            
13/10/23 12:54:50 0035 1                  44.847758 8.577652 00 00 313832343045303033313731            
13/10/23 12:56:43 0036 1                  44.848528 8.578048 00 00 313832343045303032353536            
13/10/23 12:58:32 0037 1                  44.848663 8.577082 00 00 313832343045303033333737            
13/10/23 13:00:03 0038 1                  44.848507 8.576790 00 00 353832343045303032353537            
13/10/23 13:02:06 0039 1                  44.847593 8.575675 00 00 313832343045303031363930            
13/10/23 13:04:58 0040 1                  44.849260 8.579860 00 00 3232303234304A3030373639            
13/10/23 13:06:35 0041 1                  44.849787 8.581248 00 00 3231303234304A3034303236            
13/10/23 13:08:12 0042 1                  44.849883 8.581890 00 00 31383234304A303032303338            
13/10/23 13:15:06 0043 1                  44.853310 8.583048 00 00 3231303234304A3030333333            
13/10/23 13:24:56 0044 1                  44.848107 8.578890 00 00 313832343045303032393232            
13/10/23 13:27:18 0045 1                  44.845885 8.581188 00 00 3232303234304A3030303737            
13/10/23 13:29:01 0046 1                  44.845812 8.581332 00 00 313832343045303032313130            
13/10/23 13:31:04 0047 1                  44.845587 8.581653 00 00 313832343045303032313037            
13/10/23 13:48:41 0048 1                  44.844947 8.571518 00 00 313932343056303030303636            
13/10/23 13:48:43 0049 1                  44.844945 8.571518 00 00 313832343045303031393632            
13/10/23 13:49:37 0050 1                  44.844970 8.571520 00 00 313832343045303033333839            
13/10/23 13:49:37 0051 1                  44.844970 8.571520 00 00 3230303234304A3030323636            
13/10/23 13:52:35 0052 1                  44.844318 8.571672 00 00 313832343045303031373534            
13/10/23 13:53:13 0053 1                  44.844325 8.571667 00 00 313832343045303030373831            
13/10/23 13:59:49 0000 s 01512ver01 44.841768 8.574265 00 00
13/10/23 14:10:36 0054 1                  44.840495 8.575925 00 00 313832343045303030393439            
13/10/23 14:10:36 0055 1                  44.840495 8.575925 00 00 313832343045303031303732            
13/10/23 14:15:59 0056 1                  44.840425 8.577868 00 00 E2000016661001582060419F            
13/10/23 14:15:59 0057 1                  44.840425 8.577868 00 00 313832343045303031363838            
13/10/23 14:17:34 0058 1                  44.840368 8.577868 00 00 313832343045303030343734            
13/10/23 14:17:36 0059 1                  44.840365 8.577867 00 00 313832343045303031363837            
13/10/23 14:18:35 0060 1                  44.840402 8.577882 00 00 313832343045303031363932            
13/10/23 14:20:18 0061 1                  44.840003 8.579442 00 00 313832343045303030373337            
13/10/23 14:22:24 0062 1                  44.839608 8.582460 00 00 313832343045303031303635            
13/10/23 14:28:54 0063 1                  44.845667 8.580672 00 00 313832343045303031373436            
13/10/23 14:28:54 0064 1                  44.845667 8.580672 00 00 313832343045303032333234            
13/10/23 14:32:06 0065 1                  44.846160 8.581050 00 00 3231303234304A3030333934            
13/10/23 14:35:20 0066 1                  44.846538 8.581080 00 00 313832343045303031393933            
13/10/23 14:37:55 0067 1                  44.847248 8.580295 00 00 313832343045303031373833            
13/10/23 14:51:50 0068 1                  44.835895 8.576277 00 00 313832343045303031353634            
13/10/23 14:54:50 0069 1                  44.836757 8.575083 00 00 31383234661002020540DE40            
13/10/23 14:54:50 0070 1                  44.836757 8.575083 00 00 313832343045303031343537            
13/10/23 14:58:02 0071 1                  44.838632 8.574970 00 00 313832343045303030393630            
13/10/23 14:58:02 0072 1                  44.838632 8.574970 00 00 3232303234304A3030303430            
13/10/23 14:58:47 0073 1                  44.838615 8.574978 00 00 313832343045303031393838            
13/10/23 15:00:36 0074 1                  44.840153 8.574865 00 00 3232303234304A3030303536            
13/10/23 15:03:03 0075 1                  44.841395 8.577863 00 00 3233303234304A3030333730            
13/10/23 15:03:05 0076 1                  44.841395 8.577865 00 00 3233303234304A3030333731            
13/10/23 15:05:37 0077 1                  44.842703 8.576640 00 00 313832343045303030393032            
13/10/23 15:07:14 0078 1                  44.842540 8.576075 00 00 313832343045303031373830            
13/10/23 15:13:12 0079 1                  44.842563 8.581317 00 00 313832343045303031393030            
13/10/23 15:16:16 0080 1                  44.842968 8.579025 00 00 31383234304A303030363731            
13/10/23 15:16:16 0081 1                  44.842968 8.579025 00 00 313832343045303033313236            
13/10/23 15:18:05 0082 1                  44.842737 8.578275 00 00 3232303234304A3030363339            
13/10/23 16:38:56 0000 s 01512ver01 44.792907 8.739800 00 00
